Vid 1

Blue under
successful propel
18.003449,16.334534,8.689880,2.277349,0.328118,-4.533173,-11.233256
18.019431,50.308228,2.891541,-0.415828,-0.358654,-4.200265,-11.695495
18.035230,59.402466,-5.065918,-3.536250,-0.535287,-3.761378,-10.690784
18.050940,58.853149,-2.662659,-0.759150,0.883163,-4.434379,-10.703358
18.066580,66.970825,2.914429,2.124761,0.183219,-4.535568,-10.399191
18.082457,80.062866,0.953674,2.628301,-0.120948,-4.514612,-9.745350
18.098004,86.654663,-5.203247,1.857732,0.067061,-4.497248,-9.696851
18.113564,87.638855,-1.052856,2.559636,0.431104,-4.651128,-9.251377
18.129135,96.427917,-0.061035,5.916570,-0.379611,-5.557643,-9.589075
18.144718,107.780457,-1.914978,5.878423,-0.328118,-4.828958,-9.466929
18.160321,114.494324,-3.440857,6.961797,-0.286205,-4.476292,-9.444776
18.176089,115.470886,0.320435,9.532903,0.065863,-5.526507,-8.496347
18.191937,124.656677,1.976013,11.486028,0.031734,-5.545668,-8.176014
18.207723,131.881714,0.808716,11.333440,-0.497565,-5.849236,-7.532951
18.223814,136.177063,-0.251770,11.760686,-0.331710,-6.482719,-7.309616
18.239950,141.441345,2.052307,12.630437,-0.853824,-5.860613,-8.038898
18.255746,150.321960,3.273010,13.553594,-0.566422,-6.239625,-7.501217
18.271523,159.942627,1.251221,13.774846,-0.074844,-6.296506,-6.543808
18.288334,168.823242,1.281738,11.890386,0.016166,-6.472540,-5.088834
18.304259,178.970337,-1.014709,11.997197,-0.290995,-4.864285,-4.808616
18.319971,168.457031,1.632690,11.379216,-0.258662,-4.442761,-4.337396
18.335725,146.972656,2.609253,11.287663,0.073048,-3.527864,-3.526682
18.351420,127.273560,3.715515,8.708928,-0.138312,-4.178112,-3.292569
18.367035,107.376099,1.480103,9.090398,-0.772394,-4.573889,-3.232095
18.382689,91.644287,-4.203796,6.290410,-0.396376,-4.606820,-4.851128
18.398255,82.054138,4.440308,2.658818,-0.329315,-7.465276,-6.239641
18.413932,77.377319,4.310608,2.078984,-0.230521,-10.481803,-5.240917
18.429595,99.243164,7.873535,-0.484492,-1.178948,-10.408156,-2.960859
18.445269,126.243591,-3.158569,2.048467,-0.131726,-10.107581,-2.738122
18.460842,152.671814,-4.135132,-1.453425,-1.078358,-9.733359,-4.599651
18.476716,168.624878,-4.806519,-4.428889,-0.193398,-6.681506,-3.026123
18.492541,165.939331,-8.392334,-4.726436,-1.200504,-8.228688,-1.342424
18.508358,164.260864,-6.492615,-6.832149,-0.626298,-7.478448,-1.981894
18.524184,170.349121,-11.398315,-6.572749,-0.177231,-7.258107,-0.885574
18.541202,190.681458,-8.956909,-9.838130,0.892744,-10.135723,-0.638887
18.557026,215.812683,-13.961792,-6.877925,-1.307082,-3.175796,-0.749058
18.572955,240.951538,-57.662964,-37.677792,-12.679234,-19.617605,8.338843
18.588803,146.263123,-2.510071,16.735052,-1.323248,7.662865,10.517713
18.604612,192.611694,-47.744751,-0.469233,3.861969,-1.301693,-2.520774
18.620411,158.882141,3.349304,-35.175350,-2.708168,-18.222506,7.134748
18.636289,151.870728,-15.876770,17.467474,-3.534450,-19.617605,18.682335
18.652112,156.692505,-34.385681,4.558537,2.190844,-9.157357,2.474638
18.667755,141.502380,-6.843567,0.461553,-1.156794,-9.270522,4.255934
18.683403,138.267517,5.027771,5.756352,-2.020798,-9.848919,5.618700
18.699101,137.649536,-4.966736,6.206487,-0.004191,-7.895182,6.251584
18.714658,138.763428,-14.572144,3.726933,-2.347119,-8.734636,8.495717
18.730216,140.235901,-0.991821,1.323674,1.226849,-5.334906,4.011043
18.745788,129.806519,3.044128,0.751470,-0.527503,-7.028185,8.387342
18.761410,128.082275,2.685547,1.300786,0.420925,-5.624703,6.248590
18.777000,122.657776,1.289368,-1.338984,0.229922,-6.336623,7.484420
18.792921,121.170044,7.530212,-7.267024,3.531456,1.268163,7.795773
18.808829,101.501465,13.496399,7.442449,1.220861,-5.477410,9.345350
18.824691,86.357117,-7.667542,-4.100825,-1.687890,-5.303771,8.001145
18.840546,80.276489,13.931274,1.666997,-1.074166,-5.995333,10.884749
18.856351,83.404541,-2.243042,-4.695918,-1.411864,-4.455934,9.226797
18.872270,83.946228,7.331848,-1.361873,-0.255070,-5.121749,7.376644
18.888146,80.528259,3.936768,-4.421260,-1.295107,-5.413343,9.994999
18.903998,81.634521,4.150391,-1.735713,-0.166454,-4.423601,8.657980
18.920232,73.844910,3.738403,-1.987483,0.192799,-4.061953,9.449533
18.936440,71.716309,3.875732,-0.141169,-0.198787,-1.315464,7.241326
18.952072,54.306030,9.658813,2.735112,0.347278,0.158670,16.407066
18.968044,-18.302917,-13.305664,-1.529719,0.507145,0.771196,6.832376
18.983778,-81.970215,4.837036,1.880620,-1.849554,-2.202220,7.495198
18.999360,-89.286804,-0.694275,-3.040339,-0.979563,-6.049819,9.422589

39.000786,12.336731,-0.823975,1.270269,-0.117955,-4.498446,-8.848415
39.017476,10.559082,-0.579834,1.445745,-0.095202,-4.549340,-8.872366
39.033296,8.499146,-0.015259,0.781987,-0.207169,-4.594845,-8.875958
39.049205,7.202148,-0.350952,0.621770,-0.332908,-4.631968,-8.841829
39.064872,6.370544,0.198364,0.492070,-0.144300,-4.742737,-8.892124
39.080458,5.317688,-0.007629,-0.576045,-0.074844,-4.641548,-8.866378
39.096006,3.822327,0.198364,-1.247432,-0.134720,-4.667295,-8.813687
39.111609,2.166748,-0.053406,-0.926997,-0.113763,-4.635561,-8.793929
39.127205,-0.030518,-0.152588,-0.804927,-0.031135,-4.679868,-8.789139
39.142925,-2.174377,-0.282288,-0.934626,-0.056283,-4.660109,-8.799317
39.158670,-3.967285,-0.106812,-0.537898,-0.174238,-4.655918,-8.852008
39.174530,-5.111694,-0.175476,-0.034358,-0.143102,-4.643344,-8.854403
39.190369,-6.263733,-0.160217,0.041936,-0.082029,-4.611610,-8.874162
39.206176,-7.339478,-0.152588,-0.003840,-0.019759,-4.594845,-8.878353
39.222901,-8.560181,-0.328064,0.278447,-0.142504,-4.502038,-8.863384
39.239266,-10.299683,-0.503540,0.865911,-0.102986,-4.490063,-8.853805
39.255480,-11.795044,-0.595093,0.675176,-0.102986,-4.457730,-8.917273
39.271347,-13.198853,-0.205994,0.286077,-0.172441,-4.444558,-8.785546
39.287022,-14.579773,-0.259399,0.545476,-0.244891,-4.397256,-8.945414
39.302630,-17.532349,-0.045776,1.041387,-0.136516,-4.339776,-8.972358
39.318510,-16.754150,0.053406,0.644658,-0.048499,-4.264931,-8.993314
39.334308,-18.554688,0.167847,-0.072505,-0.165855,-4.245771,-8.999901
39.350152,-19.851685,-0.053406,-0.293757,-0.238903,-4.129014,-9.035227
39.365809,-21.034241,-0.022888,-0.484492,-0.191003,-4.082311,-9.073547
39.381559,-21.942139,0.083923,-0.873591,-0.059875,-4.054169,-9.126238
39.397728,-22.712708,0.480652,-1.400020,-0.032333,-3.914061,-9.131626
39.414029,-23.704529,0.656128,-1.461055,-0.228724,-3.818260,-9.094503
39.430090,-24.192810,0.289917,-0.675227,-0.137115,-3.780538,-9.178928
39.445799,-25.367737,0.579834,-0.537898,-0.016166,-3.638035,-9.181323
39.461407,-26.275635,0.495911,-0.766780,-0.059277,-3.604504,-9.217249
39.477304,-27.511597,0.144958,-0.850703,0.126936,-3.509901,-9.237007
39.493088,-27.862549,0.335693,-0.911738,0.215552,-3.463797,-9.356159
39.509002,-28.488159,-0.183105,-0.690486,-0.121547,-3.330873,-9.337000
39.524944,-28.610229,-0.457764,1.392339,-0.276625,-3.251239,-9.397473
39.540663,-29.090881,-0.854492,2.323125,-0.156275,-3.138673,-9.354962
39.556437,-29.457092,-0.473022,1.499150,-0.186213,-3.074606,-9.398671
39.572304,-30.311584,0.091553,1.316045,-0.195194,-2.901566,-9.483096
39.588365,-31.883240,0.633240,1.201604,-0.034728,-2.824925,-9.443578
39.604271,-32.302856,0.358582,0.202153,0.074844,-2.695595,-9.594464
39.620032,-33.004761,0.465393,-1.186396,0.052690,-2.603985,-9.630988
39.635679,-33.370972,0.785828,-1.773860,-0.076641,-2.383643,-9.649549
39.651477,-33.439636,0.373840,-1.865413,0.005988,-2.477648,-9.590872
39.667871,-40.161133,2.525330,-3.223445,-0.411345,-1.256188,-10.687192
39.683626,-26.100159,5.088806,0.164006,0.243094,-3.123704,-11.081173
39.699488,-9.468079,2.326965,-2.155330,-0.440684,-2.480043,-10.956632
39.715149,-8.659363,0.839233,-4.138972,-0.215552,-2.026785,-10.457869
39.730785,-7.705688,0.770569,-0.202205,-0.207768,-2.039359,-10.459066
39.746567,-1.434326,1.380920,-1.506831,0.371827,-2.547702,-10.150108
39.762579,4.898071,-0.534058,-6.061580,0.277223,-2.169289,-10.149509
39.778220,11.764526,0.083923,-0.217463,-0.034728,-2.076482,-10.451283
39.793839,13.565063,-0.579834,2.040837,0.290995,-1.942361,-10.366260
39.809493,17.616272,-2.677917,1.941655,0.032333,-2.099833,-10.110591
39.825291,25.306702,-1.647949,5.153630,-0.111967,-1.701661,-10.181843
39.841075,28.808594,-2.571106,5.870793,0.600551,-2.035168,-10.270458
39.856983,31.524658,-0.183105,4.901860,-1.053210,-1.871109,-10.224953
39.872961,32.379150,-3.417969,8.213017,-0.192799,-2.341132,-9.851929
39.888817,38.047791,-1.319885,5.863164,-0.314346,-2.201023,-9.832170
39.904710,42.694092,-3.166199,4.962895,-0.012574,-2.725532,-9.942940
39.921200,45.982361,-1.258850,3.963445,-0.288001,-2.264491,-9.604643
39.936839,48.355103,-1.037598,3.650640,0.047900,-2.281855,-9.152583
39.952456,50.086975,-1.502991,4.428838,-0.158071,-2.398013,-9.616618
39.968121,54.725647,-0.099182,4.222844,0.096400,-3.139871,-10.239922
39.984095,60.432434,-1.350403,4.787419,-0.365240,-2.773433,-9.809417
39.999848,62.149048,-2.281189,7.122014,-0.004191,-2.816543,-9.080732
40.015472,63.674927,-2.136230,5.252812,0.507744,-2.453099,-9.196292
40.031696,65.406799,0.175476,4.123662,-0.422721,-3.302133,-9.604643
40.048030,69.030762,-0.579834,4.894231,-0.448467,-3.696713,-9.231619
40.063959,74.333191,-1.724243,4.772161,0.000000,-3.741020,-8.904099
40.079818,80.482483,-1.876831,5.573247,-0.394579,-3.968547,-9.149590
40.095405,83.152771,-0.709534,7.122014,-0.214354,-3.682941,-8.764590
40.111158,84.877014,-1.205444,6.809209,-0.076042,-4.063749,-8.772972
40.126752,89.775085,-0.473022,6.267522,-0.313748,-4.248765,-8.302351
40.142636,98.213196,-1.762390,8.922551,-0.698747,-4.476890,-7.183278
40.158539,96.794128,-0.389099,11.058782,-0.223336,-3.335664,-7.182680
40.174357,82.992554,-2.220154,11.287663,0.128134,-2.847678,-6.334843
40.190248,68.794250,0.137329,11.157964,0.101190,-3.428470,-6.466568
40.206349,57.373047,-0.106812,12.348149,0.401166,-2.611769,-7.050953
40.222338,42.533875,0.778198,11.829350,0.122745,-3.807482,-6.740798
40.238274,27.610779,0.961304,10.845159,-0.224533,-3.985911,-6.871926
40.254211,15.701294,1.167297,6.908391,-0.276625,-4.750521,-7.520377
40.270156,13.931274,-3.463745,5.619023,-0.766406,-6.101911,-8.516107
40.286260,25.627136,-1.312256,4.970525,-0.337698,-7.364086,-8.650826
40.301969,45.471191,-2.746582,1.544927,-0.129930,-6.983877,-8.590951
40.317629,65.917969,-3.158569,-2.903010,-0.577200,-6.932983,-8.630468
40.333325,80.680847,-4.188538,-5.405452,-0.420326,-6.088140,-7.541334
40.349043,84.907532,-4.142761,-5.657222,-0.706531,-5.780978,-6.659368
40.364634,78.109741,-5.088806,-4.940059,-0.685574,-5.537285,-6.268980
40.380167,69.953918,-4.898071,-4.390742,-0.504152,-4.560117,-5.740279
40.395725,59.906006,-5.958557,-5.291011,-0.541873,-5.146298,-6.309695
40.411271,64.689636,-5.912781,-6.885554,-0.598156,-6.854546,-7.728744
40.426881,76.828003,-4.890442,-7.389094,-0.468226,-7.789801,-7.102446
40.442613,97.702026,-3.295898,-7.083919,-0.643063,-8.215516,-7.047361
40.458338,113.601685,-6.134033,-6.359126,-0.244891,-7.040759,-5.704952
40.474149,124.084473,-8.117676,-7.587459,-0.175435,-6.773115,-5.892962
40.489948,123.924255,-7.415771,-10.448482,0.179626,-6.665339,-4.933756
40.505778,117.843628,-9.071350,-8.548762,0.129930,-6.423442,-5.468444
40.521654,113.014221,-5.943298,-8.373286,-0.062271,-6.054609,-4.677489
40.537597,121.871948,-8.270264,-7.617976,0.551453,-8.586145,-5.142722
40.553272,140.792847,-8.193970,-3.833797,-0.109572,-8.332273,-5.445692
40.568995,151.992798,-6.668091,-2.376582,0.882565,-7.998766,-2.923137
40.584694,163.490295,-5.050659,-2.758052,0.229323,-6.737789,-2.662080
40.600371,172.653198,-7.583618,-1.041438,-0.350870,-8.078401,-3.623680
40.616471,185.676575,-8.689880,-0.858333,0.404758,-4.246370,0.559820
40.632050,159.759521,-8.186340,1.987432,0.652643,-9.135203,3.776930
40.647613,141.494751,-14.923096,-15.964534,-1.711840,-0.051493,-11.481141
40.663317,31.738281,-16.166687,-4.108455,2.680626,-19.617605,-6.666553
40.679165,49.011230,26.481628,-32.787350,-5.213359,-19.617605,-9.798040
40.695039,-55.244446,-27.992249,3.849004,-3.813470,-3.847000,19.310429
40.710654,123.069763,-0.602722,3.124211,-0.550855,10.092612,-1.608271
40.726727,104.499817,29.411316,-20.442987,2.839296,-11.482922,6.241405
40.742506,21.217346,-11.993408,9.960149,1.620829,-13.792917,7.114988
40.758497,67.245483,-9.025574,9.265874,-0.982557,-3.209925,3.291939
40.774323,127.815247,2.761841,0.362371,-0.389789,-11.282937,2.699770
40.790646,147.445679,-6.988525,10.372136,0.370629,-18.550623,1.911210
40.806599,189.941406,-9.109497,-1.621272,-0.394579,-11.006911,0.771180
40.822517,230.949402,1.251221,6.237004,0.328716,-7.942483,0.555629
40.838413,217.102051,-1.930237,6.458257,0.039518,-12.330159,-0.892161
40.854572,161.392212,3.654480,2.605412,-1.323248,-8.440647,-0.408367
40.870954,133.934021,4.615784,4.367803,-0.505349,-7.498806,2.471644
40.886554,109.542847,6.904602,1.583074,-0.914897,-9.313632,2.894365
40.902533,82.527161,10.635376,2.002690,0.447270,-7.015611,4.283476
40.918311,78.819275,13.572693,-2.819087,-0.546064,-8.891510,6.301280
40.933943,64.521790,18.562317,-6.855037,-0.859812,-7.216793,6.652151
40.949582,74.234009,25.337219,-0.080134,-1.109493,-7.254514,7.308386
40.965580,92.933655,33.706665,8.014653,-1.118474,-7.533534,7.416761
40.981204,110.961914,37.475586,7.884953,-0.483195,-6.342610,6.894048
40.996787,131.103516,33.996582,3.597234,-0.956810,-7.161108,7.405385

Yellow under
successful propel
31.001534,0.640869,-0.495911,0.446294,-0.253872,6.675518,7.070681
31.017161,2.380371,-0.305176,0.919316,-0.234712,6.715036,7.149716
31.033168,4.722595,-0.129700,1.056646,-0.125739,6.691685,7.148519
31.048979,6.790161,-0.366211,0.652288,-0.097597,6.612649,7.013200
31.064798,8.186340,-0.251770,0.141118,-0.054487,6.622828,6.940751
31.080648,8.949280,-0.549316,-0.385310,-0.141905,6.649173,6.925782
31.096665,10.063171,-0.228882,-0.476863,-0.173639,6.793473,6.938954
31.112876,11.741638,-0.434875,-0.080134,-0.310155,6.878496,6.959911
31.128576,13.374329,-0.411987,0.606511,-0.209564,6.842571,6.917998
31.144282,14.915466,-0.801086,1.300786,-0.184417,6.792874,6.819802
31.159965,15.434265,-0.175476,1.476262,-0.101788,6.790479,6.769507
31.175621,16.311646,-0.373840,1.148198,-0.066462,6.841972,6.750347
31.191225,17.562866,-0.205994,0.316594,-0.053888,6.909631,6.747353
31.206833,18.898010,-0.785828,0.019048,-0.300575,7.032975,6.729390
31.222795,20.507812,-0.740051,0.049565,-0.164059,8.611892,8.080181
31.238779,16.914368,-0.228882,-0.522639,-0.324525,11.099718,10.957198
31.254510,70.335388,0.671387,-2.109553,0.452060,11.841576,11.250588
31.270163,114.799500,3.936768,-5.558040,-0.162263,9.322614,7.810741
31.285804,111.724854,-1.686096,-7.411983,0.374821,9.023835,7.936480
31.301710,123.359680,-3.356934,-5.237605,-0.381407,9.089698,7.350299
31.317509,142.883301,0.747681,-6.336238,-1.335223,8.588540,6.931170
31.333380,155.609131,-1.358032,-3.574397,0.828677,7.459288,7.210190
31.349334,167.060852,-3.120422,-1.743342,-0.379012,6.328240,5.395963
31.365399,174.064636,-2.593994,-2.651240,-1.032253,7.988588,6.340798
31.381296,186.370850,-0.473022,-3.482844,-0.038919,7.736512,5.514517
31.397238,203.056335,-1.838684,0.652288,-0.120948,7.695198,4.667278
31.413077,217.926025,-1.121521,2.635930,-0.524509,5.281617,3.156021
31.429466,205.154419,0.373840,5.336736,-0.826282,5.060676,2.065688
31.445224,197.944641,5.096436,3.627751,-0.223934,0.266446,1.483699
31.460903,154.296875,3.387451,7.678960,-0.227527,-2.420766,0.298763
31.476593,106.735229,5.401611,11.035893,-0.191602,1.805246,-0.432317
31.492999,89.729309,9.803772,6.420110,0.003593,4.069138,1.690868
31.509106,96.466064,6.843567,5.001042,0.586780,11.182346,1.550759
31.525041,121.696472,5.607605,8.129094,0.934058,6.962322,3.485336
31.540762,151.329041,-3.845215,11.554692,-7.498208,17.778231,13.383353
31.556360,127.731323,2.220154,-4.467036,-0.459245,19.617605,-3.735049
31.572391,103.805542,7.392883,8.380864,3.021916,-9.153765,-0.464650
31.588179,120.193481,5.744934,4.131291,-3.156636,-5.067862,-0.536500
31.603822,111.038208,3.074646,-3.360774,-16.183746,19.617605,-13.985134
31.619474,96.656799,76.774597,-29.216791,1.644780,3.371589,11.292501
31.635181,115.821838,-11.238098,-19.069696,3.682343,-0.744851,-6.982695
31.651137,89.080811,-36.407471,-15.392329,-5.787565,10.205777,-9.418430
31.666906,112.609863,47.042847,-1.186396,-3.374583,9.521999,-4.293088
31.682809,98.304749,29.121399,5.161260,2.625540,5.497169,-4.748741
31.698645,122.024536,-9.124756,-13.629939,-1.583108,7.472461,-3.086597
31.714435,116.020203,16.685486,-6.862666,-1.219065,9.557325,-8.562211
31.730304,103.851318,15.296936,-3.368403,2.036365,5.774991,-5.909727
31.746208,99.266052,-0.175476,-0.110652,-0.276026,9.010063,-9.309457
31.761935,88.706970,6.423950,-2.498652,0.449066,5.271438,-5.382224
31.777624,83.526611,-5.508423,1.552556,-0.090412,7.198830,-7.228784
31.793364,85.212708,-0.144958,1.758550,-0.476010,6.002518,-6.085162
31.809147,86.631775,-8.087158,2.498601,0.425116,6.541996,-6.821630
31.824732,89.485168,-5.889893,3.032659,0.179626,6.094127,-6.712058
31.840308,86.311340,-4.669189,0.965093,0.452659,5.721702,-6.814445
31.855917,86.204529,4.966736,8.014653,-1.500480,10.202185,-14.371330
31.871470,71.006775,-15.235901,0.247930,-1.393901,2.321971,-5.335521
31.887135,58.273315,-2.288818,1.796697,-0.138911,7.547904,-10.956632
31.902862,63.850403,-2.281189,1.659368,-0.788560,4.364923,-7.416792
31.918644,56.793213,-8.903503,2.712224,-0.501158,4.990622,-8.209544
31.934615,54.145813,-3.196716,5.268071,-0.024549,5.298981,-9.404060
31.950488,52.780151,-4.692078,4.268620,-0.008383,4.535568,-8.140088
31.966311,51.574707,-2.204895,2.277349,0.611928,4.664300,-9.045406
31.982176,47.119141,-0.518799,0.202153,0.290995,4.177513,-8.878353
31.998042,40.817261,1.548767,-3.253963,0.143102,3.881728,-8.552630

unsuccessful propel
21.007760,-8.926392,-0.343323,-0.057246,-0.153880,-1.983675,9.636345
21.023684,-8.697510,-0.404358,0.019048,-0.205972,-2.026186,9.645327
21.039762,-8.331299,-0.480652,0.125859,-0.131726,-2.126777,9.607006
21.055844,-7.972717,-0.396729,-0.171687,-0.210163,-2.180067,9.648919
21.072271,-7.057190,-0.320435,-0.377681,-0.277822,-2.196233,9.651314
21.088069,-6.256104,0.434875,-0.804927,-0.218546,-2.238744,9.684844
21.103716,-5.409241,0.625610,-1.079585,-0.213157,-2.183659,9.724961
21.119321,-4.432678,0.511169,-1.155879,-0.286205,-2.212998,9.701610
21.135391,-3.395081,0.671387,-1.071956,-0.334105,-2.240541,9.668678
21.151201,-2.349854,0.762939,-1.094844,-0.331111,-2.277065,9.598623
21.166868,-1.701355,0.511169,-0.804927,-0.302371,-2.239942,9.550723
21.182463,-1.434326,0.076294,-0.370051,-0.325723,-2.293830,9.559705
21.198133,-0.907898,-0.381470,-0.202205,-0.353265,-2.284250,9.554914
21.213715,-0.656128,-0.167847,0.087712,-0.377814,-2.263294,9.593834
21.229271,-0.137329,-0.335693,0.232671,-0.327519,-2.274670,9.648320
21.245064,0.938416,-0.602722,0.591252,-0.302371,-2.226171,9.683048
21.260907,1.785278,-0.709534,0.728582,-0.305365,-2.217788,9.632752
21.276713,2.670288,-0.839233,0.774358,-0.307161,-2.213597,9.636345
21.292464,3.486633,-0.900269,0.705693,-0.236508,-2.241738,9.603414
21.308255,4.158020,-0.602722,0.614141,-0.195194,-2.216591,9.587846
21.324314,4.531860,-0.335693,0.179265,-0.196392,-2.202220,9.590241
21.340183,4.699707,-0.228882,0.087712,-0.241298,-2.181863,9.608803
21.355832,5.073547,0.312805,-0.141169,-0.222737,-2.138752,9.636345
21.371612,5.378723,0.129700,-0.362422,-0.256267,-2.102827,9.683647
21.387272,5.844116,0.106812,-0.202205,-0.291594,-2.078278,9.729153
21.402899,6.385803,0.053406,-0.072505,-0.344883,-2.057322,9.735140
21.418580,6.683350,-0.061035,0.049565,-0.377814,-2.019600,9.717177
21.434221,6.828308,-0.160217,0.164006,-0.335303,-2.013014,9.654308
21.449899,6.790161,-0.564575,0.286077,-0.344883,-1.978286,9.624969
21.465443,6.332397,-0.709534,0.400518,-0.350870,-1.968706,9.592636
21.481044,3.944397,-0.770569,0.682805,-0.336500,-1.929188,9.760886
21.496569,5.409241,-0.747681,0.675176,-0.314945,-1.902244,9.645327
21.512201,5.264282,-0.846863,0.698064,-0.265248,-1.904041,9.728554
21.528046,5.516052,-0.823975,0.804875,-0.223336,-1.871708,9.782441
21.543881,7.736206,-0.961304,0.621770,-0.240699,-1.862128,9.792022
21.560627,6.462097,-0.633240,0.446294,-0.271236,-1.855541,9.729153
21.578003,6.469727,-0.129700,0.225042,-0.254471,-1.974095,9.706400
21.593624,6.446838,0.038147,-0.232722,-0.249681,-1.832789,9.674067
21.609249,6.256104,0.274658,-0.316646,-0.261057,-1.761537,9.668678
21.625445,5.828857,0.335693,-0.438716,-0.244292,-1.760339,9.705801
21.641176,5.691528,0.160217,-0.476863,-0.290396,-1.751957,9.718973
21.656842,5.752563,0.076294,-0.354792,-0.181423,-1.755549,9.746516
21.672449,5.531311,0.137329,-0.247981,-0.354463,-1.714235,9.709394
21.688096,5.592346,-0.022888,-0.118281,-0.334704,-1.675316,9.732146
21.703849,5.661011,-0.045776,0.034307,-0.327519,-1.665736,9.700412
21.720024,5.493164,-0.228882,0.118230,-0.307161,-1.654958,9.718973
21.735756,5.500793,-0.442505,0.202153,-0.324525,-1.660946,9.712986
21.751546,5.424500,-0.633240,2.315495,-0.294587,-1.649570,9.716578
21.767144,5.187988,-0.595093,0.492070,-0.274230,-1.619033,9.724362
21.782778,5.149841,-0.679016,0.606511,-0.288600,-1.554966,9.756695
21.798329,5.065918,-0.534058,0.507329,-0.288600,-1.559158,9.754300
21.814279,4.867554,-0.404358,0.339482,-0.271236,-1.215472,9.768071
21.830196,2.807617,-0.488281,-0.370051,-0.368833,-1.880689,10.741647
21.846139,10.948181,-0.579834,0.057195,-0.335303,-1.156196,11.365549
21.862127,21.575928,-0.991821,1.117681,-0.572410,-1.323847,10.570403
21.877806,24.116516,-1.449585,1.827214,-0.465831,-1.016686,9.953087
21.893456,20.240784,-1.800537,0.514959,-0.365240,-1.348396,10.102177
21.909159,21.659851,1.068115,-0.812556,-0.278421,-1.126258,10.884151
21.925191,31.028748,2.243042,-0.232722,0.148491,-1.052611,10.467417
21.941197,31.166077,-1.113892,-1.094844,0.092208,-0.901725,10.145885
21.957203,32.104492,-1.220703,-1.857783,-0.530497,-0.834664,10.094393
21.973061,33.142090,2.799988,-1.544978,-0.434696,-0.361648,10.224921
21.989002,34.240723,3.692627,-2.704646,0.026345,-0.389191,10.285396
22.004639,36.926270,1.266479,-3.887202,0.120350,-0.418530,10.342278
22.020257,38.040161,3.654480,-3.574397,-0.372426,-0.238304,10.153669
22.035965,38.429260,3.257751,-4.116084,-0.432900,-0.359852,10.378801
22.051834,41.305542,2.540588,-4.940059,-0.214953,0.218546,10.247674
22.067406,43.586731,2.113342,-5.046870,-0.173040,0.022154,10.335690
22.083700,46.371460,2.922058,-4.917171,-0.608335,0.227527,10.339283
22.099836,49.858093,2.929688,-5.016353,-0.416135,0.247885,10.019548
22.115560,49.606323,2.540588,-5.657222,-0.305365,0.258662,9.817768
22.131226,49.194336,2.944946,-5.466487,-0.427511,0.471220,9.994401
22.146800,49.644470,2.319336,-6.351497,-0.225132,0.444875,10.156663
22.162647,52.909851,2.609253,-7.167842,-0.440085,0.714913,10.345271
22.178292,54.794312,2.540588,-7.450130,-0.259860,0.745450,10.261445
22.193915,56.518555,2.029419,-8.045222,-0.201182,0.822689,10.227915
22.209573,59.074402,1.319885,-7.755305,-0.265248,1.156196,10.142293
22.225384,60.386658,2.975464,-7.205989,-0.215552,1.053809,9.884829
22.241226,61.576843,3.021240,-6.832149,-0.221539,1.406475,9.921951
22.256936,61.470032,2.342224,-7.656123,-0.214953,1.931583,10.044696
22.272700,64.857483,3.166199,-7.961299,-0.088616,1.544189,9.801601
22.288532,65.864563,2.548218,-8.327510,-0.082628,2.274071,9.835731
22.304181,66.940308,1.510620,-9.410884,-0.435894,2.132166,9.957278
22.319800,71.060181,2.494812,-9.464290,-0.549058,1.683699,9.638142
22.335569,71.281433,3.898621,-9.769465,-0.471220,2.205813,9.542939
22.351187,74.386597,3.547668,-11.158015,-0.424517,2.760859,9.726158
22.366780,77.781677,1.525879,-12.355830,-0.439486,2.596201,9.871655
22.382373,81.687927,0.419617,-12.889888,-0.399968,2.584226,9.618382
22.397907,87.493896,1.564026,-11.684443,-0.644859,3.090773,9.317209
22.413588,90.080261,6.225586,-11.302974,-0.739462,3.241060,9.116626
22.429280,93.177795,6.858826,-10.509517,-0.319735,3.190166,8.381954
22.445134,90.492249,6.149292,-9.990718,-0.301772,2.526147,7.725718
22.460950,82.824707,7.049561,-6.992366,-0.542472,2.335144,6.630596
22.476760,68.656921,8.949280,-5.680110,-0.576601,2.069297,6.613232
22.492668,60.073853,9.033203,-5.405452,-0.293989,2.121987,6.396482
22.508576,49.987793,11.528015,-4.306819,-0.622106,2.165696,6.817407
22.524507,33.187866,11.711121,0.637029,-0.429906,2.652484,6.192307
22.540404,26.573181,14.137268,2.361272,-1.095123,3.580554,7.229351
22.556343,21.141052,14.099121,5.229924,-1.242416,4.977449,8.670553
22.572217,32.379150,13.679504,6.198857,-0.729283,5.725294,11.106887
22.588137,42.480469,7.865906,7.137273,-1.172961,6.582711,10.033319
22.603891,62.362671,12.474060,11.341069,-1.399889,6.080356,8.948975
22.619638,76.881409,22.994995,16.757940,-2.152524,4.945715,7.620337
22.635293,82.336426,27.992249,20.336126,-1.129252,4.172723,7.019786
22.650840,79.048157,32.463074,22.396063,-0.861608,4.345763,7.134748
22.666384,71.685791,33.241272,25.272345,-0.784369,4.307443,6.916202
22.681933,68.382263,34.706116,29.003119,-0.181423,5.103188,7.394607
22.697582,71.632385,33.096313,37.113163,-0.829275,6.113287,7.980788
22.713204,81.596375,36.911011,43.125126,-1.601071,7.101831,7.408977
22.728960,95.405579,43.617249,47.756168,-1.425635,7.068900,8.083175
22.744749,104.827881,45.066833,51.380131,-0.913700,6.042634,7.099421
22.760637,110.054016,44.387817,53.417179,-1.229843,5.370831,6.212665
22.777314,113.319397,48.049927,53.531620,-0.999322,0.907712,4.034993
22.793897,83.541870,55.130005,49.694035,0.293989,-5.100194,-2.977025
22.809922,49.194336,63.484192,60.977909,1.613644,-5.679789,-2.254328
22.825645,-53.215027,70.869446,58.513615,0.537083,3.256628,0.026928
22.841406,-67.962646,57.723999,61.695072,0.815504,1.040636,3.758368
22.857102,-100.631714,44.319153,56.415531,-0.572410,6.534811,6.153987
22.873066,-102.943420,32.051086,52.249882,0.462838,11.792478,9.066929
22.888787,-70.793152,5.172729,54.820988,-3.584745,19.617605,11.849942
22.904497,-22.720337,7.553101,51.975224,-1.986070,19.617605,17.238735
22.920232,95.504761,-14.663696,81.127144,-10.522518,19.617605,5.469011
22.935914,170.333862,49.263000,67.363716,1.460962,14.895824,12.740291
22.951476,219.139099,36.628723,60.207340,0.073048,11.744577,13.294139
22.967039,185.081482,14.190674,33.977482,-4.108656,0.331111,11.427221
22.982551,184.288025,18.051147,5.351995,-1.035846,8.083191,4.431968
22.998182,132.339478,29.403687,-15.682246,-0.564027,10.700349,-0.068873