1 0.10138286875 0 0.10069924374999999 0.0005746484375000001 0.0940324 0.013226968750000002 0.08816227343750001 0.053096054687500005 0.08971044218749999 0.10641847812500001 0.1018195796875 0.2043380796875 0.1014563140625 0.272061309375 0.137686484375 0.3948290015625 0.14896300468749998 0.44165931093750005 0.154569253125 0.48728032499999996 0.1565160484375 0.5350581 0.15475811875 0.5838815312500001 0.149233184375 0.6390625 0.1875 0.6390625 0.1875 0.3956094609375 0.1630861859375 0.3131086140625 0.15100356875 0.2618229515625 0.1465656140625 0.2295461828125 0.1457418359375 0.1940015375 0.150861053125 0.08972073281250001 0.1456987078125 0.0396661875 0.1370668484375 0.011757495312500001 0.1313695203125 0.0022203203125000003 0.1290027625 0 0.10138286875 0
1 0.018056009375 0 0.0187395234375 0.031275834375 0.031098003125000002 0.13506773593750002 0.032533634374999995 0.17617884374999998 0.0286892875 0.24474018437499998 0.0555045546875 0.333762646875 0.070061 0.3933066375 0.0788760421875 0.44922249531249997 0.081630903125 0.528111384375 0.074890175 0.6209206390625 0.07170942031250001 0.6390625 0.128125 0.6390625 0.128125 0.36998155312500003 0.10313351562499999 0.286350284375 0.0869778640625 0.2167407890625 0.0822662140625 0.1532764359375 0.08920932031249999 0.0305326890625 0.08646723281249999 0 0.018056009375 0
1 0 0.6390625 0.0420775046875 0.6390625 0.043451343749999996 0.6334531265625001 0.053974946875 0.5441523953125 0.0546875 0.5119792328125 0.0546875 0.459008259375 0.0461493375 0.38465165 0.01561040625 0.2602442125 0 0.179454346875 0 0.6390625
1 0.158658053125 0.440625 0.1595666671875 0.440625 0.1629909703125 0.435919815625 0.1815581515625 0.3665507640625 0.173878759375 0.30696545 0.1728447078125 0.25934044843750004 0.1761890828125 0.220429734375 0.1859375 0.167994690625 0.1859375 0.0764069890625 0.1852727125 0.0726956078125 0.180698328125 0.0623255703125 0.16699344375 0.0536445234375 0.1646563546875 0.0536445234375 0.153978721875 0.061041843750000005 0.14660040937500002 0.0729376765625 0.142864121875 0.108536884375 0.13905141875 0.129044753125 0.13905141875 0.3416698453125 0.158658053125 0.440625
1 0.196056928125 0.3609375 0.1988842171875 0.3609375 0.2229115765625 0.3143500890625 0.2245502921875 0.2587617796875 0.2320403796875 0.19791270625 0.2328125 0.178963509375 0.2328125 0.158410296875 0.2296662890625 0.133206221875 0.221930540625 0.11554180781250001 0.2128271875 0.108383821875 0.2052819125 0.109101871875 0.1971298546875 0.11702576875 0.1940688828125 0.161404703125 0.1893967609375 0.19432076250000002 0.1893967609375 0.3333417515625 0.19418032968750001 0.3584971875 0.196056928125 0.3609375
1 0.27015669375 0.1832058453125 0.2634670484375 0.16438968125 0.254238371875 0.1546875 0.24247309375 0.1546875 0.23776446562500003 0.161354521875 0.23856616874999997 0.1957989671875 0.233738546875 0.256982803125 0.23469541718750003 0.29809391406249997 0.2380136203125 0.3109375 0.238501115625 0.3109375 0.2670036203125 0.2760454390625 0.2703125 0.269868909375 0.2703125 0.18431356875 0.27015669375 0.1832058453125
1 0.2891287078125 0.1957371296875 0.2811977125 0.1898505046875 0.272038209375 0.192259015625 0.27181377812499996 0.2345321703125 0.2699719625 0.2508510953125 0.2699719625 0.265625 0.27479378906249996 0.265625 0.2953125 0.2545314046875 0.2953125 0.20992865625 0.2891287078125 0.1957371296875
0 0.4389363125 0.6390625 0.44718749999999996 0.6217097093749999 0.46281249999999996 0.5694146046874999 0.46781249999999996 0.5401468421875 0.4715625 0.498751571875 0.4690625 0.4322743453125 0.4609375 0.385112240625 0.44656250000000003 0.3395348453125 0.42750000000000005 0.30264598593750003 0.40625 0.2753673234375 0.377342365625 0.25293279062499996 0.2874272671875 0.25293279062499996 0.271875 0.26332743125 0.244375 0.29318903281250003 0.2234375 0.3286644703125 0.21031249999999999 0.35743680312500004 0.1965625 0.40514538125 0.1940625 0.434223709375 0.1896875 0.45233300468750004 0.1878125 0.47469730625000006 0.1896875 0.5434441140625 0.19593750000000001 0.5818594046875 0.2009375 0.5970360828125 0.20968749999999997 0.614150828125 0.21789472187499997 0.6390625 0.4389363125 0.6390625
2 0.51875 0.545566040625 0.5588796953124999 0.5471995640625 0.6165790109375 0.54543090625 0.6409072296875 0.5484375 0.64663680625 0.5484375 0.6795998437499999 0.5465309390625 0.7332936640625001 0.5484375 0.940625 0.5484375 0.940625 0.4452505390625 0.9376101406250001 0.4409277078125 0.8787937046875001 0.4408263328125 0.8654784078125001 0.44614551562500004 0.8394744718750001 0.4466168828125 0.8335640265625 0.4548411203125 0.8270499265625 0.44825054687500004 0.8165200734375 0.44529094531249996 0.540070759375 0.44324130625 0.51875 0.439342171875 0.51875 0.545566040625
1 0.5504854921875 0.327300775 0.5378387124999999 0.39687956875 0.53630156875 0.4272986453125 0.537222809375 0.4296875 0.590625 0.4296875 0.590625 0.3782490625 0.578739828125 0.3324784453125 0.575887453125 0.2805720015625 0.57772606875 0.214123703125 0.5729773890625001 0.1972386703125 0.5683078015625 0.1900622109375 0.5546691312500001 0.1865747453125 0.5458617234375 0.1948933671875 0.5417562359375 0.2113143703125 0.5504854921875 0.327300775
1 0.6294658328125 0.178512371875 0.62443441875 0.1925182328125 0.624245878125 0.2249256390625 0.6300002859375 0.31054786874999996 0.6263113578125 0.3177003359375 0.6134827578125 0.37330773125 0.6102350640624999 0.39966893125 0.6102350640624999 0.42501456875 0.610555378125 0.42868118437499997 0.6113235140625 0.4296875 0.6671875 0.4296875 0.6671875 0.3882278234375 0.6635904953125 0.358285553125 0.6584791265625001 0.3412546828125 0.6554834109375001 0.318813940625 0.6523961203125 0.3121139375 0.6560328734375 0.224369496875 0.6551635859375 0.19466702656249998 0.648742053125 0.1789339953125 0.6378368734375 0.1726136140625 0.6294658328125 0.178512371875
1 0.7969289015625 0.40158372187499997 0.8010222484374999 0.4227739078125 0.807933771875 0.4296875 0.8181746375 0.4296875 0.8244568921875001 0.42924753125 0.8308701890625001 0.42759336406250004 0.8370611546875001 0.41155551093750004 0.8390625 0.409344634375 0.8390625 0.3112657375 0.8370083171875 0.29502286093749996 0.8307668890625 0.2729916390625 0.831876159375 0.26644649062500003 0.8272705484374999 0.22299163906250002 0.8283236421875 0.19323467656249999 0.8259927484375 0.15990134375 0.823748975 0.153957103125 0.8176329546875 0.1515625 0.8158623546874999 0.1515625 0.7980986484375 0.1531451453125 0.7941262218749999 0.1560927 0.7927241625000001 0.162185496875 0.7968736875 0.20658749843750002 0.8051927359375 0.2433910875 0.80680855625 0.2739678671875 0.8028980203125 0.285269978125 0.7954568609375 0.3357156484375 0.7945332609375 0.3673244625 0.7969289015625 0.40158372187499997
1 0.6546540671875001 0.35788761406249997 0.657287221875 0.4125 0.659226940625 0.4125 0.66951353125 0.3980099640625 0.6703125 0.36434401250000004 0.6703125 0.3237451 0.6691555124999999 0.313968959375 0.6630940390625 0.2966309984375 0.660613653125 0.2800916484375 0.6610611671875001 0.25883172499999996 0.6587807375 0.254293034375 0.66787675 0.2059448234375 0.6703125 0.1799730734375 0.6703125 0.157301078125 0.6654158812500001 0.15569101875 0.642890553125 0.158324953125 0.6403201890625 0.1616475390625 0.6399355140624999 0.1671486453125 0.6399355140624999 0.1691408984375 0.6499936921875 0.17562653749999999 0.6546559609375 0.194398859375 0.6538847109375 0.220288409375 0.6452590687499999 0.306490459375 0.6546540671875001 0.35788761406249997
0 0.41216178125 0.834780890625 0.4235520234375 0.846082915625 0.43264695 0.8484375 0.44974328750000003 0.8484375 0.45018998125 0.8483984171875001 0.46364882500000004 0.8338290640625001 0.4703125 0.818156675 0.4703125 0.74566 0.46829993593749997 0.737219809375 0.45353577500000003 0.713367784375 0.4334800078125 0.7065408359375 0.42053463124999996 0.708165409375 0.40796654062500004 0.719049240625 0.40096152187499995 0.7323433453125 0.39425051875 0.7720127015625 0.39702033281250004 0.8016696062499999 0.4051420265625 0.822167253125 0.41216178125 0.834780890625
1 0.402291684375 0.6390625 0.4004155265625 0.6485584046875 0.39773971406249997 0.6761451093749999 0.403458415625 0.720807921875 0.40507505000000005 0.725 0.41125489843749996 0.725 0.42160849375 0.7120546984375 0.434375 0.708502290625 0.434375 0.6390625 0.402291684375 0.6390625
1 0.23107772187500003 0.6390625 0.23022031250000002 0.64236903125 0.22911385156250003 0.6685790046875 0.22911385156250003 0.6719429703124999 0.233462128125 0.712068415625 0.239561296875 0.7384313859375 0.240075034375 0.7390625 0.2640855078125 0.7390625 0.2677778734375 0.7246573374999999 0.2703125 0.7075195890625 0.2703125 0.6390625 0.23107772187500003 0.6390625
1 0.19310448281249998 0.6390625 0.1951205828125 0.6733085734375 0.2070150015625 0.7238949406249999 0.2113136109375 0.728125 0.2264700953125 0.728125 0.2265625 0.7280808140625 0.2265625 0.6390625 0.19310448281249998 0.6390625
1 0.5716439421875 0.842484909375 0.5773014640625 0.8705083484374999 0.5892574859375 0.900248225 0.5963965921875001 0.903125 0.6025873125000001 0.903125 0.60625 0.8983665125 0.60625 0.794572384375 0.596465634375 0.7716957125 0.5950643390625 0.70923665625 0.588744203125 0.695735134375 0.5755114531250001 0.6964279828125 0.5715298359375 0.7052305703125 0.571282096875 0.7204674046874999 0.5779148734375 0.75408734375 0.5788848953125 0.781865121875 0.572823665625 0.8092744078124999 0.5716439421875 0.842484909375
1 0.6744420296875 1 0.6765625 0.9667468015624999 0.6765625 0.9440043828124999 0.67158883125 0.9197886859375 0.6638813765625 0.9011868265625 0.666693784375 0.8207951625 0.6558855703125 0.7978081171875 0.6553144078125 0.7616423734375 0.6510700546875 0.7523141296875 0.6488462390625 0.7987053312500001 0.6401878468750001 0.809215509375 0.6369901234374999 0.8214969906249999 0.642046778125 0.892712734375 0.6284746359375 0.9417840171874999 0.6275237 0.9708960531249999 0.6312764234375 0.9975580921875 0.6320878515625 1 0.6744420296875 1
1 0.8015625 1 0.8015625 0.7799601734375 0.7990366124999999 0.776057759375 0.7943763328125 0.71495268125 0.794293015625 0.71495268125 0.7920096484375 0.7652013156249999 0.7795981984375 0.7893854265625 0.7834787359375 0.85608393125 0.7738966390625001 0.8871169875 0.768119384375 0.9277449328125 0.7720127781249999 0.9610145984375 0.7831537671875 1 0.8015625 1
1 0.892205721875 0.95732900625 0.9065467265624999 0.9194197781250001 0.9087847859375 0.8985591609375 0.90671525625 0.8501390234375 0.9112970640625001 0.8291965640625 0.9234375 0.8004685265625 0.9234375 0.7642283265625001 0.9226480375000001 0.7616035578125 0.91209901875 0.7564299453125 0.904092278125 0.7594805421874999 0.8975044984375 0.770101825 0.885714340625 0.8384029156249999 0.865236159375 0.8691903390625001 0.865236159375 0.97803704375 0.8716589203125 0.9796875 0.8738452625 0.9796875 0.892205721875 0.95732900625
1 0.775 0.7828125 0.7777056640625 0.7828125 0.7865394703125 0.7759532499999999 0.7890625 0.7580268390625 0.7890625 0.7479565546875 0.788260028125 0.7433348328125 0.775 0.7766269390625 0.775 0.7828125
1 0.8077021171875 0.8000677875000001 0.8018023015625 0.8487607125000001 0.8030556703125 0.8515625 0.8055577171875001 0.8515625 0.815444553125 0.8305415249999999 0.8171875 0.8165460625 0.8171875 0.7898018453125 0.810773278125 0.7305687984375 0.8171875 0.690068496875 0.8171875 0.67881879375 0.8143805359374999 0.6673152640625 0.80490855625 0.6632576875 0.799975903125 0.6695667765625 0.8003126281250001 0.700821321875 0.7964764390625 0.670302128125 0.7946364578124999 0.675185965625 0.7960965718749999 0.7043435406249999 0.798504975 0.7070940484375 0.7985911375000001 0.7779455625 0.8077021171875 0.8000677875000001
1 0.697430025 0.6390625 0.6949742203125 0.6776778640625001 0.6850172078125001 0.6939625312500001 0.6835674078125 0.7578832546875 0.6749145640625 0.7792537765625001 0.6749145640625 0.866988103125 0.6792118234375 0.878125 0.6915488421875 0.878125 0.6994125765625 0.8642346453125 0.7046875 0.846819546875 0.7046875 0.772879409375 0.70143915625 0.7613932 0.7046875 0.7276623921875001 0.7046875 0.690575853125 0.698928971875 0.6764481453125 0.700092996875 0.6431148109375 0.69849019375 0.6390625 0.697430025 0.6390625
1 0.718505859375 0.6390625 0.718505859375 0.6675065765625 0.709912109375 0.6931577718749999 0.706787109375 0.732283459375 0.708349609375 0.7613317265624999 0.71747290625 0.76875 0.72519471875 0.76875 0.732568359375 0.75810765 0.7375 0.7349388140625 0.7375 0.6849908953125 0.733349609375 0.67054845 0.7348514671874999 0.6390625 0.718505859375 0.6390625
1 0.6250344671875 0.6390625 0.62734375 0.6739583328125 0.61953125 0.7100694437499999 0.61875 0.737847221875 0.62734375 0.780902778125 0.633203125 0.7885416671875001 0.6390625 0.787847221875 0.646875 0.768402778125 0.6484375 0.7045138890625 0.64140625 0.6767361109375 0.6430363578125 0.6390625 0.6250344671875 0.6390625
1 0.655414496875 0.6390625 0.6546875 0.6739583328125 0.662109375 0.7038194437499999 0.6734375 0.7045138890625 0.68125 0.6767361109375 0.6828125 0.64618055625 0.6812395359375 0.6390625 0.655414496875 0.6390625