1 0.36379900625 0 0.3643640875 0.003369140625 0.3434163046875 0.162744140625 0.33956511875 0.306494140625 0.34778668437500004 0.376806640625 0.3762571171875 0.436181640625 0.3795275640625 0.461181640625 0.390994259375 0.4703125 0.464199825 0.4703125 0.4794912015625 0.454931640625 0.49308100312500003 0.373681640625 0.4972073625 0.3185365640625 0.4972073625 0.250454740625 0.4871844875 0.165869140625 0.4331777203125 0.014306640625 0.4328998390625 0 0.36379900625 0
1 0.1358436703125 0 0.139160290625 0.02256129375 0.1353261828125 0.0632226546875 0.1171875 0.140471540625 0.1171875 0.299554009375 0.1356850984375 0.40064993125 0.13852218125 0.4046875 0.199507996875 0.4046875 0.22334873593750001 0.3902567765625 0.2459522125 0.25877041875 0.24125680468750002 0.1697806421875 0.1937659703125 0.026612446875 0.1942304921875 0 0.1358436703125 0
1 0 0 0 0.500110984375 0.0055582359375 0.50078125 0.023495153125 0.5015625 0.0504396546875 0.4921875 0.06802374375 0.46328125 0.0891294234375 0.40546875 0.09753878437499999 0.27578125 0.0856701359375 0.18359375 0.0354685015625 0.03515625 0.036901009375 0 0 0
1 0.305300540625 0 0.311250253125 0.033472846875000004 0.294183121875 0.1442129265625 0.2974593109375 0.20046292656250003 0.3358987265625 0.322080321875 0.3467516671875 0.3328125 0.353773140625 0.3328125 0.353773140625 0.210184784375 0.3513277640625 0.18321524218750002 0.353773140625 0.159175625 0.353773140625 0 0.305300540625 0
1 0.44409726093749996 0 0.440807996875 0.0552464203125 0.47162028125 0.13965565468750002 0.48528142812499997 0.2233029078125 0.480162378125 0.378125 0.5055457828125001 0.378125 0.509006603125 0.377498103125 0.52572198125 0.3634527171875 0.550106340625 0.25462137500000004 0.5531599125 0.1904861 0.54534871875 0.123735246875 0.5037840140625 0 0.44409726093749996 0
1 0.8668980484375 0.5390625 0.8672252968749999 0.5372612875 0.8662034843749999 0.4511501765625 0.8697361921875 0.43170573125 0.86434470625 0.40022425000000006 0.8657456 0.37244647343750004 0.8698260765624999 0.3576316578125 0.8696321484375 0.324298325 0.8680157796875001 0.315039065625 0.8624904671875001 0.30531684375 0.855182640625 0.302539065625 0.8494696328125 0.30531684375 0.8430427140625 0.3196686953125 0.8422111359375 0.35577980625 0.84380595625 0.36133536093749996 0.844590746875 0.40670573125000004 0.8328162828125001 0.44189091718749995 0.8328125 0.44192020000000004 0.8328125 0.4847996140625 0.8373115484374999 0.4983723984375 0.8416128875 0.5215205468749999 0.8422209609375001 0.5390625 0.8668980484375 0.5390625
1 0.9346608921874999 0.5390625 0.934375 0.5273726859375001 0.9255208328125001 0.4745949078125 0.9255208328125001 0.4597800921875 0.9286458328125 0.42366898124999997 0.9322916671874999 0.41163194374999995 0.934375 0.3931134265625 0.9348958328125001 0.37459490781250004 0.9317708328125001 0.3625578703125 0.92265625 0.35190972187499997 0.9127604171874999 0.35376157343750003 0.9072916671875 0.363483796875 0.9041666671874999 0.376446759375 0.9020833328125001 0.47552083281249996 0.89375 0.5320023140625 0.893891834375 0.5390625 0.9346608921874999 0.5390625
1 0.9817708328125001 0.439409721875 0.98203125 0.4278356484375 0.98828125 0.4278356484375 0.9973958328125001 0.4190393515625 0.98984375 0.41672453750000005 0.9815104171875 0.42413194374999996 0.9776041671875 0.432928240625 0.9755208328125 0.4495949078125 0.9817708328125001 0.439409721875
1 0.9678385421875 0.5390625 0.9739583328125001 0.5227430562500001 0.975 0.4931134265625 0.97265625 0.48987268593750005 0.9635416671874999 0.5171875 0.9635416671874999 0.5390625 0.9678385421875 0.5390625
1 0.89271814375 0.5390625 0.9010416671874999 0.47552083281249996 0.9020833328125001 0.4468171296875 0.8950520828125 0.4278356484375 0.8815104171874999 0.42228009218749996 0.8721354171875 0.4287615734375 0.8666666671875 0.44496527812500003 0.8671875 0.5347800921875 0.866247459375 0.5390625 0.89271814375 0.5390625
1 0.8408139609375 0.5390625 0.8401041671874999 0.5218171296875 0.8364583328125 0.501446759375 0.8276041671875 0.47366898125 0.8270833328125 0.4375578703125 0.8302083328125001 0.4051504625 0.8302083328125001 0.3681134265625 0.82421875 0.35376157343750003 0.81796875 0.3500578703125 0.8111979171874999 0.350983796875 0.8041666671875 0.35978009218749996 0.8010416671874999 0.3690393515625 0.8036458328125 0.401446759375 0.8026041671874999 0.4653356484375 0.7890625 0.5227430562500001 0.787066915625 0.5390625 0.8408139609375 0.5390625
1 0.7861328125 0.5390625 0.7875 0.5171875 0.7932291671875 0.4921875 0.7932291671875 0.47366898125 0.790625 0.4532986109375 0.784375 0.43385416718750003 0.7674479171875 0.42598379687500004 0.7580729171875 0.43339120312499996 0.7520833328125 0.44403935156249996 0.7473958328125 0.46163194374999994 0.7473958328125 0.4745949078125 0.7494791671875001 0.4810763890625 0.7479166671875 0.48848379687500004 0.7526041671875 0.489409721875 0.7572916671875001 0.5282986109375 0.7574808765625 0.5390625 0.7861328125 0.5390625
1 0.7802083328125 0.31996527812500003 0.77421875 0.307465278125 0.7700520828124999 0.3046875 0.76015625 0.307465278125 0.7536458328125 0.326446759375 0.753125 0.3671875 0.75625 0.3968171296875 0.7552083328125 0.43478009218749997 0.7674479171875 0.426909721875 0.7838541671875 0.43200231406249995 0.778125 0.3995949078125 0.7796875 0.357928240625 0.7877604171875 0.376909721875 0.7880208328125 0.3681134265625 0.784375 0.3653356484375 0.7848958328125 0.3542245375 0.7817708328124999 0.34866898125 0.7802083328125 0.31996527812500003
1 1 0.4194821859375 0.99921875 0.4185763890625 0.98984375 0.41672453750000005 0.98515625 0.41950231406249994 0.9765625 0.43478009218749997 0.971875 0.4940393515625 0.9729166671874999 0.5097800921875 0.9697916671875 0.5153356484375 0.9713541671874999 0.5273726859375001 0.9682291671875 0.5301504625 0.9673936624999999 0.5390625 0.995171440625 0.5390625 0.9973958328125001 0.5153356484375 1 0.5044424000000001 1 0.4194821859375
1 0.9366319437499999 0.5390625 0.9447916671875 0.5227430562500001 0.9520833328125 0.48200231406249994 0.9520833328125 0.4597800921875 0.94375 0.40422453750000004 0.9526041671875 0.3468171296875 0.953125 0.3273726859375 0.9484375 0.31070601875000003 0.94296875 0.3046875 0.9356770828125001 0.3056134265625 0.9255208328125001 0.332928240625 0.9260416671874999 0.3532986109375 0.9322916671874999 0.3625578703125 0.9354166671874999 0.38292824062499997 0.9265625 0.44589120312499997 0.9260416671874999 0.4745949078125 0.9364025296874999 0.5390625 0.9366319437499999 0.5390625
1 0.7296875 0.5390625 0.7521063906250001 0.5390625 0.7510416671875 0.5208912031249999 0.734375 0.4671875 0.7328125 0.4542245375 0.7354166671875 0.4162615734375 0.7354166671875 0.3718171296875 0.7296875 0.36253729375 0.7296875 0.5390625
1 0.7296875 0.357928240625 0.7322916671875 0.3625578703125 0.7354166671875 0.37459490781250004 0.7333333328125 0.43848379687500005 0.734375 0.46163194374999994 0.7401041671875 0.4801504625 0.7442708328125 0.48200231406249994 0.7458333328125 0.4597800921875 0.7557291671875 0.42274305625 0.75625 0.407928240625 0.74375 0.3570023140625 0.74375 0.276446759375 0.7388020828124999 0.26672453749999997 0.73203125 0.2630208328125 0.7296875 0.263715278125 0.7296875 0.357928240625
1 0.8713541671874999 0.33848379687499996 0.8697916671874999 0.3625578703125 0.8661458328125 0.37552083281250004 0.865625 0.40422453750000004 0.8700520828125 0.4296875 0.8799479171875 0.42228009218749996 0.8877604171875 0.42228009218749996 0.896875 0.4301504625 0.8994791671875 0.4292245375 0.8994791671875 0.4088541671875 0.8885416671874999 0.35515046250000004 0.8932291671874999 0.3070023140625 0.8932291671874999 0.27829861093749997 0.8903645828125001 0.2695023140625 0.8815104171874999 0.26116898125 0.8729166671874999 0.2718171296875 0.8703125 0.2810763890625 0.8713541671874999 0.33848379687499996
1 0.7942708328125 0.294965278125 0.79375 0.313483796875 0.7979166671875 0.3301504625 0.7979166671875 0.36070601875 0.7880208328125 0.40329861093749997 0.7859375 0.43200231406249995 0.7927083328125 0.46070601875 0.7953125 0.48663194374999996 0.8015625 0.47274305625 0.8036458328125 0.4532986109375 0.8020833328125001 0.364409721875 0.80859375 0.35283564843750004 0.8177083328125001 0.34866898125 0.8208333328125 0.2847800921875 0.8182291671874999 0.27366898125 0.8106770828125001 0.2657986109375 0.8044270828125001 0.2657986109375 0.8005208328125001 0.27089120312500004 0.796875 0.27829861093749997 0.7942708328125 0.294965278125
1 0.8315104171875 0.23709490781250003 0.8265625 0.24959490781250002 0.828125 0.320891203125 0.8203125 0.34866898125 0.828125 0.35885416718749996 0.8307291671874999 0.3690393515625 0.8286458328125 0.43200231406249995 0.8307291671874999 0.439409721875 0.8348958328125 0.43570601875000003 0.84375 0.401446759375 0.8427083328125 0.31996527812500003 0.8458333328125001 0.3060763890625 0.8453125 0.2921875 0.8489583328125001 0.25422453749999996 0.8463541671874999 0.2421875 0.8393229171875 0.23431712968750001 0.8315104171875 0.23709490781250003
1 0.8734375 0.2625578703125 0.8744791671875 0.2301504625 0.8708333328125001 0.21903935156249998 0.8658854171874999 0.2130208328125 0.8596354171874999 0.2148726859375 0.8557291671874999 0.2301504625 0.8541666671874999 0.251446759375 0.8572916671874999 0.29126157343750003 0.8692708328125001 0.29033564843750004 0.8734375 0.2625578703125
1 0.9625 0.245891203125 0.959375 0.25792824062499997 0.9578125 0.320891203125 0.9520833328125 0.3570023140625 0.9536458328125 0.376446759375 0.9583333328125001 0.39774305625 0.959375 0.44589120312499997 0.9630208328125001 0.44774305625000005 0.9744791671874999 0.42274305625 0.9802083328125001 0.3903356484375 0.9796875 0.3625578703125 0.9734375 0.32274305625 0.9796875 0.2718171296875 0.9796875 0.24959490781250002 0.97734375 0.2445023140625 0.9690104171874999 0.2398726859375 0.9625 0.245891203125
1 0.9044270828125001 0.23709490781250003 0.8984375 0.24774305624999998 0.8989583328125 0.301446759375 0.8953125 0.3282986109375 0.8890625 0.34774305625 0.8901041671875 0.3690393515625 0.8989583328125 0.40422453750000004 0.9010416671874999 0.43200231406249995 0.903125 0.42552083281249997 0.9052083328125 0.3690393515625 0.9096354171875 0.357465278125 0.91875 0.34866898125 0.9130208328125 0.31996527812500003 0.9140625 0.29959490781250003 0.91875 0.2718171296875 0.9192708328125001 0.251446759375 0.91640625 0.24265046250000002 0.9106770828125 0.23709490781250003 0.9044270828125001 0.23709490781250003
1 0.2443235046875 1 0.24408153437500002 0.9990884375 0.2266628390625 0.967148384375 0.2234080375 0.9509243078124999 0.2292065859375 0.8578587671874999 0.2240700046875 0.8444516140625 0.2025061984375 0.83453885 0.1875 0.8492602984375001 0.1875 0.9144744156249999 0.1911895125 0.9305906796875 0.1935540046875 0.985066125 0.1876325375 1 0.2443235046875 1
1 0.6346732078125 1 0.6254769359375 0.976908103125 0.6247138125 0.94412121875 0.63666781875 0.8899257593750001 0.63666781875 0.8563707468749999 0.62028829375 0.8320358671874999 0.6093792031249999 0.8316549140625 0.5934607234375 0.8502091671875001 0.595877278125 0.954034303125 0.578585771875 0.9916507453125 0.576376940625 1 0.6346732078125 1
1 0.4406129265625 1 0.4361363640625 0.9820611343750001 0.42886363593750004 0.9765966531250001 0.4325 0.8509135921875 0.42704545468750005 0.837252390625 0.4161363640625 0.8317879093749999 0.3979545453125 0.837252390625 0.3888636359375 0.8563780734374999 0.3888636359375 0.894629440625 0.3961363640625 0.9383452875 0.39249999999999996 0.9438097671874999 0.39249999999999996 0.971132171875 0.3828948859375 1 0.4406129265625 1
1 0.34190681875 1 0.34522727343750004 0.9875256140625 0.3525 0.9765966531250001 0.35613636406250004 0.9110228828124999 0.3488636359375 0.8782359968750001 0.33431818125 0.8454491125000001 0.33431818125 0.74708845625 0.3252272734375 0.7279627734374999 0.3070454546875 0.7279627734374999 0.2979545453125 0.74708845625 0.2979545453125 0.785339821875 0.3052272734375 0.8071977453125001 0.3052272734375 0.8509135921875 0.29068181875 0.883700478125 0.2870454546875 0.9164873640625 0.29068181875 0.9219518437499999 0.29431818125000003 0.9765966531250001 0.31431818125 0.984793375 0.323409090625 0.9984545765625 0.32366619218750003 1 0.34190681875 1
1 0.5117019625 1 0.5270454546875001 0.9492742484375001 0.5270454546875001 0.889164959375 0.5125 0.8454491125000001 0.5125 0.8126622265625001 0.5197727265625 0.796268784375 0.523409090625 0.74708845625 0.51068181875 0.7224982921875001 0.49613636406249995 0.7224982921875001 0.48340909062500004 0.741623975 0.48340909062500004 0.801733265625 0.4870454546875 0.8181267078125 0.48340909062500004 0.8235911890625001 0.48340909062500004 0.8509135921875 0.4725 0.8673070359375 0.461590909375 0.9110228828124999 0.461590909375 0.9602032109374999 0.4704185609375 1 0.5117019625 1
1 0.40522727343750004 0.6405310796875 0.401590909375 0.645995559375 0.39431818125 0.645995559375 0.3888636359375 0.6541922812500001 0.39249999999999996 0.7525529375 0.37431818125 0.8071977453125001 0.37431818125 0.8454491125000001 0.381590909375 0.872771515625 0.39249999999999996 0.872771515625 0.39249999999999996 0.8509135921875 0.40522727343750004 0.8317879093749999 0.4197727265625 0.837252390625 0.42704545468750005 0.848181353125 0.4361363640625 0.8399846312499999 0.4325 0.790804303125 0.4179545453125 0.7525529375 0.4179545453125 0.6869791671875001 0.421590909375 0.6815146859375 0.421590909375 0.6596567625 0.4161363640625 0.645995559375 0.4088636359375 0.645995559375 0.40522727343750004 0.6405310796875