1 0.042278971875 0 0.0421623171875 0.0076550046875 0.0228108328125 0.067186559375 0.0228108328125 0.21926906875 0.0256209796875 0.221875 0.0569554 0.221875 0.058830485937499996 0.220399321875 0.07290215625 0.1700175453125 0.0765625 0.1343024328125 0.0765625 0.07870298125 0.0666796671875 0.0183086015625 0.0685853328125 0 0.042278971875 0
1 0.1144174609375 0 0.1158238671875 0.036472684374999995 0.0980913265625 0.0962933890625 0.09475033125 0.1289956734375 0.0995026265625 0.1859375 0.11001324374999999 0.1859375 0.12326475781249999 0.17142085625 0.1546875 0.16410022500000002 0.1546875 0.0842303796875 0.142408978125 0.03559974375 0.141017253125 0.0006894234375 0.14106130625 0 0.1144174609375 0
1 0.1413621765625 0 0.1413621765625 0.0871045859375 0.14654058125 0.11875 0.1488980953125 0.11875 0.17101685 0.051245993749999996 0.17035931875000002 0.0317977578125 0.16573520625 0.013599409375 0.16703696875000001 0 0.1413621765625 0
1 0.184327890625 0 0.18689228125 0.0379208625 0.1838454796875 0.0627142 0.16873875 0.1231002125 0.166234759375 0.1634375890625 0.16926315625 0.171729921875 0.1964980328125 0.20095136406249997 0.21693422812500002 0.25625 0.2176407125 0.25625 0.221875 0.2475905859375 0.221875 0.09076085625 0.21234462187499997 0.0497098390625 0.213394925 0 0.184327890625 0
1 0.21439314999999998 0 0.214454796875 0.010596065625 0.21000844999999999 0.051719060937500005 0.2236815734375 0.1200052890625 0.2261835828125 0.1473712546875 0.22487730625000002 0.19130344531250001 0.21731349843749997 0.23350325624999999 0.21795952812500002 0.234375 0.2410021015625 0.234375 0.2422984234375 0.23266075156250002 0.2515625 0.1902048203125 0.2515625 0.086421084375 0.239552765625 0.029183614062500002 0.2411065796875 0 0.21439314999999998 0
1 0.2829077828125 0 0.28447037656249996 0.030928704687500003 0.2824657796875 0.050386028125 0.2641780890625 0.12185681875000001 0.2634973875 0.17239313437499998 0.27733138749999997 0.2486725546875 0.2817526171875 0.2557469078125 0.2923754203125 0.259375 0.2953590171875 0.259375 0.30954351875 0.2586625296875 0.31703947656250003 0.240436909375 0.3203125 0.2245013078125 0.3203125 0.0950974890625 0.3105907796875 0.050058764062500004 0.31177495781250003 0 0.2829077828125 0
1 0.3121494953125 0 0.3104865984375 0.0459269046875 0.327397765625 0.13214155 0.32688027656249996 0.17750561874999998 0.319339075 0.22441056406249998 0.3198123984375 0.225 0.33686032187500003 0.225 0.3404102171875 0.21978794375000002 0.349551596875 0.17930511875 0.353125 0.13371935937499999 0.353125 0.0964228078125 0.3521264671875 0.08463640781250001 0.3361472734375 0.0243012140625 0.3373669140625 0 0.3121494953125 0
1 0.38082131406249997 0 0.3814721296875 0.006480003125 0.38030151874999996 0.040176942187499995 0.36382243124999997 0.1012577625 0.3589113671875 0.1492488609375 0.36077531875 0.1751374109375 0.3748554171875 0.243635721875 0.3779978484375 0.246875 0.40692190781250004 0.246875 0.413031159375 0.23412292343750002 0.4203125 0.198054059375 0.4203125 0.10332510624999999 0.406924309375 0.0450492046875 0.40576624375000003 0.012674874999999999 0.406604390625 0 0.38082131406249997 0
1 0.4790838703125 0 0.480690515625 0.024936590624999998 0.47981416875000005 0.0416484234375 0.47014341249999997 0.0718436859375 0.46313308906249995 0.11000228906250001 0.4641991703125 0.1552753015625 0.47908477656250004 0.2339521015625 0.48251430937500006 0.2375 0.515625 0.2375 0.515625 0.078915140625 0.5055426375 0.042457590625 0.5044851296874999 0 0.4790838703125 0
0 0.1051588609375 0.353069821875 0.12470057500000001 0.3708594625 0.14009279375 0.375 0.1598888375 0.375 0.17017141875 0.370781140625 0.19213628437500002 0.3422103984375 0.1984375 0.322227721875 0.1984375 0.219882665625 0.1971200046875 0.21437883593749998 0.1789772125 0.1828172828125 0.159592159375 0.1679711796875 0.12399918437499999 0.1679711796875 0.10824246875000001 0.17860613593750002 0.0872171953125 0.210994540625 0.0796262828125 0.23635779375000002 0.0790243015625 0.279308959375 0.089729290625 0.33037057812500004 0.1051588609375 0.353069821875
0 0.61875 0.6 0.7595996296875 0.6 0.767747865625 0.5685797453125 0.771875 0.52663011875 0.771875 0.5048068375 0.770723184375 0.483285896875 0.7629835296875 0.445122496875 0.7429496671875 0.404232359375 0.738650684375 0.46949060468750003 0.7326649125 0.4781858921875 0.72337370625 0.475214021875 0.7170248046875 0.44738195000000003 0.7154657999999999 0.4057297859375 0.704783765625 0.379405940625 0.6925447625000001 0.379405940625 0.6894397734375 0.40785427187499995 0.6831920359375 0.421047309375 0.6680897 0.4237722265625 0.6620634609375 0.41605747031250007 0.6632943203125 0.379405940625 0.65641375 0.379405940625 0.6426749234375 0.4154019578125 0.6324902703124999 0.41921756875 0.6219158671875 0.4126201390625 0.61875 0.42626466250000006 0.61875 0.6