1 0.0923884109375 0 0.090519440625 0.0036320546874999996 0.085437534375 0.0210973328125 0.08113756875 0.067375440625 0.0823152828125 0.136130403125 0.080662084375 0.20757220312500002 0.07667269374999999 0.24364693750000002 0.06792022187499999 0.28048390625 0.0671875 0.2826597703125 0.0671875 0.5390625 0.13480848125 0.5390625 0.1369533140625 0.5289644078125 0.1394392953125 0.5049085234375 0.14530038750000002 0.40111387968749995 0.1407461890625 0.354526578125 0.130328146875 0.29659172031250003 0.1248834453125 0.24811618906250002 0.1311568078125 0.1712643375 0.14622524374999998 0.0826482671875 0.15091136875 0.025240860937499998 0.148777190625 0.0065950265625 0.146589003125 0 0.0923884109375 0
1 0.27022888749999996 0.5390625 0.2756835953125 0.48610901562500003 0.2751627609375 0.444405928125 0.2689127609375 0.3874874015625 0.25120443125 0.3121750421875 0.25120443125 0.260323190625 0.25745443125 0.1968713453125 0.25745443125 0.1561306046875 0.25432943125 0.1429491171875 0.24886068125 0.13284448437500002 0.24011097499999998 0.1260106359375 0.23136972031249997 0.1260106359375 0.22750651406250003 0.1267216265625 0.21969401562500002 0.13450865625 0.211100265625 0.160296609375 0.211100265625 0.2038151296875 0.216829428125 0.25884538125 0.216829428125 0.30884538125 0.19807942812499998 0.39642314375 0.194954428125 0.41657499218750005 0.19375 0.4383310765625 0.19375 0.5039328984375 0.19599609375 0.5240552390625 0.1989691796875 0.5390625 0.27022888749999996 0.5390625
1 0 0.5390625 0.0395262828125 0.5390625 0.0405250921875 0.5145499625000001 0.04417829375 0.5016597359375 0.045936803124999995 0.4840913875 0.047717414062500005 0.4275977859375 0.0297358265625 0.31874318281249997 0.0312146078125 0.2696569875 0.0397356890625 0.20127181562500002 0.0404599 0.1707041375 0.034670009375 0.14647246875 0.02855574375 0.1365987171875 0.0209318875 0.13178725 0.012598553125 0.1315932890625 0.0045219515624999995 0.13789293125 0 0.1473683875 0 0.5390625
1 0.067303078125 0.5390625 0.06248393906250001 0.5074121500000001 0.059375 0.536335875 0.059375 0.5390625 0.067303078125 0.5390625
1 0.0764944921875 0.34153476875 0.0787933 0.304655596875 0.0773870203125 0.277685346875 0.0735319453125 0.2685930515625 0.068003225 0.263683375 0.0670765828125 0.263683375 0.05791771875 0.26555720781250003 0.0546875 0.2734349359375 0.0546875 0.33431204999999997 0.056063481250000005 0.36036595 0.0546875 0.3814307125 0.0546875 0.3997965078125 0.06055525625 0.428125 0.062040764062499996 0.428125 0.0764944921875 0.34153476875
1 0.2122342078125 0.5390625 0.20662745937500002 0.5128173453125 0.202176040625 0.4378568109375 0.2050680890625 0.4032423546875 0.2129258421875 0.36360359999999997 0.2138289140625 0.3400373859375 0.2138289140625 0.2862191203125 0.21233698906249998 0.2725471296875 0.20697660468749998 0.2650516921875 0.2005325015625 0.2618215828125 0.1923932703125 0.26615675156249996 0.1875 0.2780392 0.1875 0.2850765 0.19423731718749998 0.3761749703125 0.18944308906250001 0.40442634375 0.1975306625 0.50885864375 0.19745636093750002 0.5390625 0.2122342078125 0.5390625
1 0.329249753125 0.5390625 0.329249753125 0.40080004062499996 0.31554624531250003 0.34253949375000003 0.31463339375 0.30738464374999996 0.3176231046875 0.2659909921875 0.31734427187500003 0.2336442546875 0.31106435625 0.213418328125 0.2996069859375 0.205551453125 0.298987271875 0.205551453125 0.287664584375 0.212979175 0.28125 0.23150427968749998 0.28125 0.23685833125000003 0.289021471875 0.3419183296875 0.28125 0.3932294 0.28125 0.4046529890625 0.287782009375 0.4517698296875 0.287734975 0.5390625 0.329249753125 0.5390625
1 0.359663059375 0.5390625 0.360170671875 0.5361528796874999 0.360170671875 0.4129849046875 0.347818178125 0.368621053125 0.3466485921875 0.33991734687499997 0.3492683875 0.301930146875 0.3487328203125 0.2760011875 0.3420829859375 0.2598323296875 0.336240634375 0.2570878859375 0.3289866984375 0.25805623125 0.32303852499999997 0.265500003125 0.3203125 0.2779141140625 0.3203125 0.29812196874999997 0.3247735921875 0.34004461406250003 0.32598090625 0.3696742421875 0.3242445 0.3909856890625 0.335022821875 0.4381564 0.3367813328125 0.4557429328125 0.33709789687499997 0.48908232656250006 0.3314308828125 0.5390625 0.359663059375 0.5390625
1 0.778125 0 0.778125 0.058505890625 0.7853533781250001 0.0609375 0.8065006734375 0.0609375 0.8107043140625001 0.01859126875 0.8080986140625 0 0.778125 0
1 0.679778328125 0 0.6862318468749999 0.01894855 0.6870931328125 0.074576840625 0.693151253125 0.1178142328125 0.7082786375 0.1591774078125 0.7305355484375 0.190625 0.7465131781250001 0.190625 0.7500589375000001 0.189344184375 0.7589128796875 0.17356289062500002 0.76010133125 0.1443962234375 0.7567154671875 0.11234267656250001 0.74268611875 0.0536274828125 0.709607284375 0 0.679778328125 0
1 0.495434365625 1 0.5022245562500001 0.9872926765625 0.52249774375 0.9768195296875 0.52249774375 0.9115550859375 0.5141575078125 0.8853005984375001 0.5104457203125 0.8436157484375 0.5120938921875 0.78815110625 0.5097797875000001 0.7520399953125001 0.5035034046875 0.7352824171875 0.4948490171875 0.7229542703125 0.49441207499999995 0.7229542703125 0.4927241265625 0.725382915625 0.47455429687499995 0.72599065 0.471875 0.735401053125 0.471875 0.7901386109375 0.48116038281250006 0.8412547921875 0.4838173125 0.8745972156249999 0.4835470125 0.8866160703125001 0.475147771875 0.9179157265625 0.471875 0.9490920265625 0.471875 1 0.495434365625 1
1 0.42709085 1 0.42984260625 0.9814955640624999 0.42890148593750005 0.9323729999999999 0.4116564625 0.8448874296875001 0.4126909171875 0.8004429843749999 0.41815426093749997 0.7672187546875 0.41780223124999993 0.7375648796875 0.4086517140625 0.7165072796875 0.4043886875 0.7138451 0.40351324843749997 0.7138451 0.39192039375 0.7188971359374999 0.3856829703125 0.729405875 0.3822131515625 0.7441479531249999 0.3820874515625 0.77193785625 0.3863295890625 0.835960090625 0.383057334375 0.8646031843750001 0.375 0.89456648125 0.375 1 0.42709085 1
1 0.3659048796875 1 0.3659048796875 0.878828496875 0.350427234375 0.8161951875 0.352284228125 0.8097258281249999 0.35324633437499997 0.7328951874999999 0.3488065734375 0.7175946843750001 0.3385874015625 0.7082778484375 0.3333790671875 0.7082475515625 0.3263137390625 0.714686609375 0.320922334375 0.7317813953125001 0.3209188453125 0.7465931796875 0.3290730671875 0.8160709562499999 0.3281895828125 0.8355063093750001 0.3203125 0.872077134375 0.3203125 0.9763627046875001 0.325840515625 1 0.3659048796875 1
1 0.308649225 0.8883420953125001 0.3077099109375 0.8706705703125 0.2945507125 0.803903703125 0.29816053125 0.7208071671875 0.29225983125 0.7050755265624999 0.2879141328125 0.7016417500000001 0.28160836875 0.7016417500000001 0.277687271875 0.702118615625 0.268972315625 0.7223007546875 0.272643390625 0.80780166875 0.2609375 0.8585506875 0.2609375 0.9413911671874999 0.2695311640625 0.9844956578125 0.2751086875 0.9921875 0.29163445781249997 0.9921875 0.297672325 0.9838490640625001 0.3051902390625 0.9455127031250001 0.308649225 0.8883420953125001
1 0.55 0.701348790625 0.5459374 0.69945478125 0.5378466984375 0.704715871875 0.5328125 0.7221002546874999 0.5328125 0.7229146328125 0.5410591421875 0.8109119921874999 0.5328125 0.85642761875 0.5328125 0.9257074718750001 0.533304984375 0.932347953125 0.5365399875 0.9441876593749999 0.540899471875 0.9515625 0.544466996875 0.9515625 0.5466299234374999 0.9471415000000001 0.549945753125 0.910635725 0.55 0.91031300625 0.55 0.701348790625
1 0.9865566781249999 0.803237928125 0.9840997640625 0.7744614890625 0.9783023390625001 0.7548715749999999 0.9801808953125001 0.6965503625 0.9749384328125 0.6867008546875 0.9692092656250001 0.6865675062500001 0.9639919593750002 0.6980264171874999 0.9642398390625001 0.754544265625 0.9625 0.7610889921874999 0.9625 0.84899591875 0.963289825 0.8513338312500001 0.9665295328125 0.853125 0.9755241281250001 0.853125 0.9792722218750001 0.8475369015625001 0.9844985015625 0.82449785625 0.9865566781249999 0.803237928125
1 0.9632977015625 0.871513703125 0.9632977015625 0.794360078125 0.9552396734374999 0.7672256875000001 0.954082628125 0.7042687859375001 0.947168034375 0.6926568328125 0.9404295359375 0.6935433671875 0.9358534609374999 0.7041627296875 0.9406563421874999 0.76714084375 0.9356708578124999 0.7884038078125 0.934375 0.8006530703125 0.934375 0.829142590625 0.935365896875 0.8393176125 0.9422590906250001 0.8726842796875001 0.9455079312500001 0.8796875 0.9618566859375001 0.8796875 0.9622770953125 0.879280903125 0.9632977015625 0.871513703125
1 0.930809696875 0.8537094765625 0.928383296875 0.822956590625 0.9187137125 0.783317840625 0.9211741265625001 0.718660890625 0.9176037109375 0.7054216625 0.914501809375 0.701973365625 0.90617780625 0.701973365625 0.9013986218750001 0.714383390625 0.902535559375 0.7876499359375 0.8953125 0.823273003125 0.8953125 0.8829908390625001 0.9018029437500001 0.9135758640624999 0.9063038531250001 0.91875 0.9183248796875001 0.91875 0.9226578234374999 0.9114508156250001 0.9280277625 0.8840677031249999 0.930809696875 0.8537094765625
1 0.8607039437499999 0.9452899703125001 0.8681709109375 0.96875 0.8877249875000001 0.96875 0.8879894499999998 0.9684745375 0.8879894499999998 0.840853928125 0.8792856 0.8109487078125 0.877030790625 0.7878794921875001 0.8780691859375 0.7478278828125 0.8766263625 0.730274753125 0.873252259375 0.7207695953125001 0.8656209109375 0.714840646875 0.8565855921875001 0.7220325234375 0.8546875 0.7296184734375 0.8546875 0.7578250671875 0.85916393125 0.7762189218750001 0.8610564328125001 0.8123300312499999 0.8576306031250001 0.83675930625 0.8546875 0.8458207703125 0.8546875 0.91801869375 0.8607039437499999 0.9452899703125001
1 0.8150238609375 0.91875 0.8315432578124999 0.91875 0.833435059375 0.907770796875 0.833435059375 0.8214568374999999 0.8245085171875001 0.7855538890625 0.8221997062499999 0.71613978125 0.815529584375 0.703902059375 0.8084011109375 0.703902059375 0.803125 0.716579296875 0.803125 0.71841475625 0.8084381421875 0.786465353125 0.803125 0.8098233171875 0.803125 0.877497840625 0.80667784375 0.89628651875 0.81271620625 0.9169602390625 0.8150238609375 0.91875
1 0.7847415874999999 0.7705352390625 0.7833308953125 0.71034399375 0.780107890625 0.7015643625 0.77474864375 0.6978909609375 0.769094934375 0.69977614375 0.7651394578125 0.7113759734375 0.76967515 0.7715490390624999 0.7654854890625 0.796579340625 0.7640625 0.8197213984375 0.7640625 0.8309246703125 0.7683151328125 0.866023784375 0.7734941046875 0.884375 0.791623221875 0.884375 0.791945575 0.8817873703125001 0.791945575 0.796793540625 0.7847415874999999 0.7705352390625
1 0.7486979171875 0.6926504625 0.7440104171875 0.6945023140625001 0.7395833328125 0.7051504625 0.7411458328125 0.76163194375 0.7333333328125 0.7995949078125 0.7348958328124999 0.8338541671874999 0.7385416671875 0.8505208328125 0.7447916671875 0.86070601875 0.7533854171875 0.8602430562500001 0.7567708328125 0.8523726859374999 0.7619791671874999 0.795891203125 0.7609375 0.7810763890625 0.7546875 0.7551504625 0.75625 0.7032986109375 0.75234375 0.6945023140625001 0.7486979171875 0.6926504625
1 0.89765625 0.6880208328124999 0.8919270828125001 0.6907986109375 0.8890625 0.69774305625 0.8911458328125 0.7532986109375 0.8828125 0.795891203125 0.8833333328125 0.813483796875 0.8875 0.8403356484375 0.8921875 0.8505208328125 0.903125 0.7792245375 0.903125 0.7588541671875 0.8994791671875 0.7255208328125 0.9015625 0.7116319437499999 0.9046875 0.7051504625 0.9046875 0.69774305625 0.9013020828125 0.6898726859375 0.89765625 0.6880208328124999
1 0.82578125 0.6917245375000001 0.82109375 0.6898726859375 0.8145833328125001 0.6968171296875 0.8140625 0.7042245375 0.8203125 0.7134837968750001 0.821875 0.720891203125 0.8208333328125 0.7875578703125 0.8333333328125001 0.8431134265625 0.8380208328125001 0.8162615734375 0.8380208328125001 0.8005208328125001 0.8291666671875 0.7542245375000001 0.8296875 0.6995949078125 0.82578125 0.6917245375000001