1 0.324138859375 0 0.332944378125 0.09530065625 0.33296225 0.14158483125000002 0.32767482187499997 0.1794144453125 0.3074196171875 0.2733618671875 0.303125 0.3065473515625 0.303125 0.41348969062499996 0.30907515937499996 0.46038678125 0.31307267968749997 0.4796875 0.4121451234375 0.4796875 0.414712040625 0.465742984375 0.414712040625 0.28993429531250003 0.40715026249999997 0.2525412453125 0.3913781015625 0.194782284375 0.3808250453125 0.138070475 0.380548596875 0.069564078125 0.38560021875 0 0.324138859375 0
1 0.2405485765625 0.4796875 0.2489101078125 0.4503250453125 0.25833085625 0.4019646703125 0.2639318484375 0.3260811890625 0.2498912796875 0.2196287890625 0.2536638671875 0.17057593437500002 0.2652256140625 0.10367582500000001 0.267621071875 0.0703637140625 0.2633152640625 0.0483961609375 0.25721560625 0.0380345109375 0.2503289796875 0.0337019953125 0.2409539796875 0.0340839984375 0.23309525625 0.040862592187500005 0.22267882499999997 0.0620460921875 0.21924170156249997 0.095400646875 0.2198444875 0.17748972031250002 0.2172060078125 0.21357960937499998 0.2109375 0.23533996406250002 0.2109375 0.4796875 0.2405485765625 0.4796875
1 0.4796875 0.4796875 0.4796875 0.034518971875 0.46913584531249997 0.027437028125000002 0.4582953484375 0.03046938125 0.45077385625 0.038984553125 0.44310162656249996 0.0655734640625 0.44465366093750003 0.110017909375 0.452290534375 0.16451418906249998 0.4540042390625 0.21358826406250003 0.43920596874999995 0.2973337625 0.4390625 0.2986954703125 0.4390625 0.418703290625 0.44070473593750004 0.42981390625 0.4524017859375 0.4796875 0.4796875 0.4796875
1 0.42419599999999996 0.1621120421875 0.4190550046875 0.1680776984375 0.4171875 0.1734817078125 0.4171875 0.29743906875000004 0.42942769687500004 0.25956119375000003 0.4402209015625 0.1970229203125 0.44151405156249995 0.17484626406249998 0.4379561703125 0.1645854328125 0.4316388328125 0.15962225000000002 0.42419599999999996 0.1621120421875
1 0.2890625 0.4222699296875 0.2890625 0.4484375 0.29443221406250003 0.4484375 0.2924362328125 0.4067491859375 0.2890625 0.4222699296875
1 0.31006038125 0.2117718578125 0.30828240625 0.17468935624999998 0.2990951 0.1619241484375 0.291803434375 0.16171198281250002 0.2871428671875 0.166205221875 0.2859375 0.1686721375 0.2859375 0.230015221875 0.2873538015625 0.2472161625 0.28607141875000003 0.29531885 0.2934755625 0.3296875 0.2945452953125 0.3296875 0.308149428125 0.241340871875 0.31006038125 0.2117718578125
1 0.1703125 0.26807541874999996 0.1703125 0.471875 0.1890176828125 0.471875 0.1932119984375 0.46877007343750005 0.19470689531250002 0.46234926249999997 0.1898699015625 0.4118639 0.189728978125 0.38396478125 0.1943317328125 0.33309952656249997 0.20538158437499998 0.28725825625 0.20583195937499998 0.2733390328125 0.2022394453125 0.242449790625 0.213269296875 0.1445443234375 0.2107241640625 0.1285912375 0.20684743125 0.12046301875000001 0.199607890625 0.1140625 0.196661678125 0.1140625 0.1867291703125 0.116502171875 0.17915042812499998 0.1314007625 0.1766224375 0.1600741296875 0.17839346250000002 0.1945760703125 0.17685096250000001 0.2465492625 0.1703125 0.26807541874999996
1 0.15783086875000002 0.33969706718750003 0.16293247187499998 0.3122168953125 0.1699233078125 0.2886104890625 0.16755209375 0.25401110781249997 0.1745947265625 0.18949390156249998 0.17097479375 0.16874089375 0.16383517812499998 0.1602540515625 0.151710434375 0.1620539796875 0.1454895359375 0.17595941875 0.1465117078125 0.26624190312499996 0.140625 0.28950925625 0.140625 0.44970067187499996 0.14154258749999998 0.4508838 0.1472129921875 0.4515625 0.1551263203125 0.4515625 0.161576884375 0.4478697484375 0.15527195625 0.378543440625 0.15783086875000002 0.33969706718750003
0 0.4796875 0.4796875 0.592722240625 0.4796875 0.597138890625 0.45882285625 0.5973301890625 0.4500129828125 0.5973301890625 0.41657650312500005 0.5910916453125 0.368706478125 0.575015746875 0.329592803125 0.546455453125 0.299491496875 0.518197803125 0.299491496875 0.492428478125 0.32017259375 0.4796875 0.34595808125 0.4796875 0.4796875
1 0.4796875 0.35127316406250003 0.5060734515624999 0.311669990625 0.5060734515624999 0.2882162015625 0.5033137546875001 0.26999963125000004 0.5049255109375 0.1473686796875 0.4913859515625 0.1240770140625 0.4796875 0.1303898546875 0.4796875 0.35127316406250003
1 0 1 0.1273236984375 1 0.1273236984375 0.9939682968749999 0.1191203265625 0.9114158312499999 0.0816987140625 0.7974982203125001 0.0808499953125 0.7245595328125 0.0888271078125 0.60350230625 0.0578711125 0.5757340156249999 0.0416490359375 0.5757340156249999 0.0179437015625 0.578421325 0 0.6074867171875 0 0.63660973125 0.0110891328125 0.7402974953125 0.011038009375000001 0.80476173125 0 0.84780563125 0 1
1 0.24643915624999999 1 0.260241859375 0.9175082875000001 0.254186159375 0.830897159375 0.24368827343750002 0.7938219484375 0.2512098875 0.7309881296875 0.2737083265625 0.6680443359374999 0.27752706875 0.6330108531249999 0.2707735578125 0.5929123093750001 0.21352164999999998 0.5952451453125 0.19811235625 0.6192269734375 0.1940063203125 0.703901471875 0.1874730734375 0.77857683125 0.1625 0.8392402999999999 0.1625 1 0.24643915624999999 1
1 0.33909914375 1 0.37293375 0.9233982078124999 0.35830145468749997 0.7415063984375 0.374955459375 0.63480191875 0.374955459375 0.63003330625 0.361435659375 0.5928689687500001 0.3232677203125 0.594201821875 0.30668307499999997 0.628655775 0.305139075 0.7589973921875 0.2796875 0.8274125781249999 0.2796875 0.829054628125 0.28984467187499996 1 0.33909914375 1
1 0.6164482328125 0.9464697578125 0.6304860546875 0.8616564406249999 0.6304860546875 0.7712276984375 0.6017536234375 0.6680780625 0.60450214375 0.5463000421875 0.593301015625 0.52338921875 0.5867253734375 0.51956241875 0.5808382890624999 0.51956241875 0.568301015625 0.5228073375 0.5566400234375 0.54987226875 0.5673968046875 0.668840475 0.5453125 0.7870942859375 0.5453125 0.8355542203125002 0.545420234375 0.8385953390625 0.5532209796875 0.8825150531249999 0.568440659375 0.9375419843749999 0.5757181921875001 0.9484375 0.6127549015625 0.9484375 0.6164482328125 0.9464697578125
1 0.6607565203125001 0.556829946875 0.6579568640625 0.5413747265625 0.6470029515625 0.5301440875 0.626801184375 0.5356380390625001 0.6171875 0.556058090625 0.6171875 0.9296875 0.6299962015625 0.9296875 0.6347450734375 0.9253252796875 0.6550698515625 0.8591060546874999 0.66265404375 0.8198737734374999 0.663545315625 0.7622310546875 0.6469688390625 0.67883228125 0.6607565203125001 0.556829946875