1 0.0372254328125 0 0.036960604687499996 0.047829542187500004 0.030856840625 0.0837221265625 0.0074737890625 0.16345776875 0.0074737890625 0.45 0.1039198640625 0.45 0.1257334421875 0.362187740625 0.1296875 0.331090875 0.1296875 0.1964993578125 0.12920358125 0.192524771875 0.0992107578125 0.07522100781249999 0.09567775625 0.040058653124999996 0.0970103546875 0 0.0372254328125 0
1 0.1888587421875 0 0.1882490796875 0.009569893749999999 0.17043592968750002 0.0937555671875 0.1687675625 0.1326013265625 0.17263760781249998 0.17817413437500002 0.1807806984375 0.2204653625 0.2004664671875 0.2850995703125 0.2013387734375 0.2859375 0.2047964125 0.2859375 0.20024463906249998 0.2384587828125 0.19852451875 0.177364921875 0.2072989234375 0.1186140453125 0.2125 0.0973811140625 0.2125 0 0.1888587421875 0
1 0.21329067968749998 0 0.2125811078125 0.0320944171875 0.2102344171875 0.0530889796875 0.189071053125 0.12200119843749999 0.179929934375 0.163757228125 0.1774364203125 0.1842667296875 0.1774364203125 0.26318891718750004 0.1820418109375 0.3105792921875 0.20738578125 0.41527235312500005 0.2152100671875 0.4265625 0.2702709703125 0.4265625 0.2763515921875 0.4144408984375 0.2991785359375 0.3144952671875 0.3015625 0.29240444375 0.3015625 0.18680571875000002 0.2985815578125 0.16219534687499998 0.26807441718749997 0.0527858953125 0.263807678125 0.0214416875 0.26417509843750003 0 0.21329067968749998 0
1 0.3584745875 0 0.3577719046875 0.0171934859375 0.3410496578125 0.0980280078125 0.3368643359375 0.1341672546875 0.3408625328125 0.2020098859375 0.3522379484375 0.2580280078125 0.377924615625 0.3373880484375 0.3857578140625 0.34375 0.4203125 0.34375 0.4203125 0.040456765625 0.4088432078125 0.0116074171875 0.40666261875 0 0.3584745875 0
1 0.42608706406249997 0 0.42496896250000005 0.005310110937499999 0.41781897343749996 0.0262289609375 0.41781897343749996 0.287649790625 0.432408015625 0.2890625 0.44876183437500006 0.2890625 0.4607546328125 0.2806861828125 0.4815488125 0.210970846875 0.49280668437499997 0.151100240625 0.49375 0.13638002031250002 0.49375 0.1046341203125 0.490591621875 0.0698597359375 0.47625699531250004 0 0.42608706406249997 0
1 0.027025537500000002 0.1796875 0.0453125 0.094813546875 0.0453125 0.0401994828125 0.026290175 0.1326803515625 0.0245635734375 0.1703934328125 0.02628676875 0.1796875 0.027025537500000002 0.1796875
1 0.7258764453125 0.33125 0.7421875 0.33125 0.7421875 0.26018693437499996 0.741726646875 0.258317140625 0.739999475 0.20193578906249998 0.736730425 0.19480777656249998 0.7287561375 0.191529346875 0.72401543125 0.20367889374999998 0.7287058156249999 0.25748273125 0.722421784375 0.2921338890625 0.7233215656249999 0.3254004734375 0.7258764453125 0.33125
2 0.51875 0.40625 0.964850096875 0.40625 0.965625 0.39832645 0.965625 0.38321121874999997 0.9650572203125 0.37885304375 0.9575687531250001 0.3745116109375 0.8068048937500001 0.36500248125 0.7461914265624999 0.35632449374999997 0.51875 0.3370084375 0.51875 0.40625
1 0.1527335078125 0.95625 0.1640625 0.95625 0.1640625 0.7889533109375 0.1570569296875 0.7649047734375 0.15589231406249998 0.6634555453125 0.132353634375 0.646216578125 0.12038239375 0.6646756421875001 0.1298446390625 0.7456825546875001 0.11488427500000001 0.8146373656250001 0.11359653437499999 0.8739813312500001 0.1321738671875 0.9485810109374999 0.1527335078125 0.95625
1 0.3010430328125 0.7655513484375 0.3109375 0.6930634 0.3109375 0.66452465625 0.2910886921875 0.64635546875 0.278072075 0.6717966578125 0.2748525578125 0.7634134390625 0.265024215625 0.7986476578125 0.265024215625 0.95021690625 0.26812007968749996 0.9515625 0.2862736078125 0.9515625 0.3109375 0.8702422953125 0.3109375 0.833964396875 0.3010430328125 0.7655513484375
1 0.2184966921875 0.93125 0.2203125 0.9273846109375 0.2203125 0.770377725 0.214575815625 0.753251628125 0.213819928125 0.6582374359375001 0.19242566562500002 0.6335351578124999 0.1917896625 0.6335351578124999 0.17790128125 0.656808784375 0.187976615625 0.7477595046875 0.175601565625 0.8224144390625 0.18846657656250002 0.9202440296875001 0.19461572031250002 0.93125 0.2184966921875 0.93125
1 0.2085108875 0.9015625 0.22877540624999998 0.9015625 0.2441325390625 0.8522770281250001 0.23778418124999998 0.7338808718750001 0.2453125 0.658933646875 0.2453125 0.6424885046875 0.239197175 0.6271339546875 0.2259785484375 0.6248629421875 0.224967809375 0.6248629421875 0.2136251921875 0.6413090421875001 0.21479177656249998 0.718141190625 0.2085108875 0.7431258671875 0.2085108875 0.7844947046875 0.21325055937499998 0.8021712984375 0.2085108875 0.8700254296875001 0.2085108875 0.9015625
1 0.2796875 0.7248647921875 0.2796875 0.624377034375 0.274241184375 0.618050390625 0.2736748171875 0.618050390625 0.2528483390625 0.63799395625 0.25434176875 0.7079476046875 0.24830650625 0.7287591328125 0.24830650625 0.8796875 0.2534702140625 0.8796875 0.255764796875 0.8304219390625001 0.2782443140625 0.7558505703125 0.2796875 0.7248647921875
1 0.3640625 0.9234375 0.3640625 0.7684273671875 0.36063153125 0.758397246875 0.3598768265625 0.6531895000000001 0.33862735312500003 0.6336557640625 0.324162540625 0.652773925 0.326388340625 0.7860518515624999 0.3436162453125 0.8423584296875 0.3383218375 0.9229493640624999 0.341976003125 0.9234375 0.3640625 0.9234375
1 0.387526178125 0.9015625 0.403125 0.8073238578125 0.403125 0.799201228125 0.3876467703125 0.731561646875 0.3929190109375 0.6440919078125 0.3751537296875 0.6273665828125 0.3595448515625 0.649362528125 0.36381683593749997 0.7338226156250001 0.3566630296875 0.7642913531250001 0.3566630296875 0.76566038125 0.36815005625 0.8077563874999999 0.3605014015625 0.9015625 0.387526178125 0.9015625
1 0.46647429687499997 0.945774340625 0.4903750359375 0.946875 0.490625 0.946875 0.490625 0.7813753953125 0.485158815625 0.7676277625 0.47681667031249997 0.6483295171875 0.4559774328125 0.6422362546875 0.45331547343749995 0.6422362546875 0.4444647640625 0.66528089375 0.4558513140625 0.7596011218750001 0.4412201265625 0.82442546875 0.44539119843749997 0.8840745921875002 0.46647429687499997 0.945774340625
1 0.48805133593749994 0.921875 0.5042004640625 0.8739701828124999 0.509375 0.8231638953125 0.509375 0.8047784953124999 0.4997158296875 0.7579729093750001 0.509067203125 0.6492425421875 0.48961609062499994 0.6366085828125 0.47811482187500004 0.648702265625 0.4772262546875 0.65927163125 0.4772262546875 0.8043344843749999 0.48138277343749997 0.8208814468749999 0.4772262546875 0.8523472171875 0.4772262546875 0.921875 0.48805133593749994 0.921875
1 0.784375 1 0.784375 0.8438208078125001 0.7797520812500001 0.82649854375 0.7774870609375 0.78760965625 0.780743996875 0.7366212843750001 0.7791793359375 0.6963935718750001 0.7658161109374999 0.674089790625 0.751134146875 0.6759163359375 0.7450193296875 0.6845185640625 0.742002909375 0.69954601875 0.7510863484375 0.78868523125 0.75073725 0.8094184343749999 0.735655146875 0.8845557046875001 0.7333944546875 0.9259219828125002 0.7383544843750001 0.98435544375 0.742082028125 1 0.784375 1
1 0.858633496875 1 0.867086590625 0.9831200953125 0.8811834046874999 0.9479018046875 0.88854416875 0.9177288859375 0.8932309609375 0.8551651140625001 0.8916505953125 0.8102742578125 0.896546096875 0.7812989109374999 0.9154169 0.7184941609375001 0.9171875 0.7076641140625 0.9171875 0.6861028656249999 0.90947890625 0.673947 0.8960761421875001 0.67425175 0.886840165625 0.6853876890625 0.86533111875 0.805328203125 0.8461672765625 0.8422811875 0.8461672765625 1 0.858633496875 1