1 0.15632195625 0 0.1524482234375 0.1164594078125 0.1390625 0.1533923875 0.1390625 0.328125 0.16587523125 0.328125 0.16824288437499998 0.327781725 0.1927929953125 0.23080411562499997 0.1817522546875 0.1169709109375 0.1963525390625 0.003585278125 0.1941784265625 0 0.15632195625 0
1 0.226758725 0 0.22908384843750002 0.111552875 0.2140625 0.1607684140625 0.2140625 0.3415576125 0.2149882171875 0.35 0.234231890625 0.35 0.256242990625 0.3444115359375 0.277861809375 0.26354357031250003 0.28050485 0.19867870781250002 0.258387878125 0.111893859375 0.2695483796875 0 0.226758725 0
1 0.318426825 0 0.32293631875 0.1152758984375 0.296875 0.20249212499999997 0.296875 0.3089643734375 0.3125482796875 0.371875 0.3436140515625 0.371875 0.358794828125 0.3674532765625 0.3796875 0.285133978125 0.3796875 0.2562726421875 0.359472003125 0.11897523125000001 0.3682443375 0 0.318426825 0
1 0.3796875 0 0.370313303125 0 0.36875 0.010541340625 0.36875 0.20404831875 0.371312215625 0.2200762765625 0.36875 0.23445767499999998 0.36875 0.3062882609375 0.3724942625 0.3014558671875 0.3796875 0.25148148593749997 0.3796875 0.1528850734375 0.3746123625 0.128035128125 0.3796875 0.079297078125 0.3796875 0
1 0.9519475203125001 0 0.9537827109375 0.0243725296875 0.9474141984374999 0.044196096875 0.9215970859375 0.09288923906249999 0.9147023578125001 0.1135931640625 0.9125 0.1264292359375 0.9125 0.1608418234375 0.917852596875 0.19909731875 0.9198103374999999 0.31043626406249997 0.929346096875 0.32840888437500004 0.9450564671875 0.3375 0.9673598015625 0.3375 0.9728437624999999 0.330824840625 0.99793164375 0.2283368609375 1 0.2154336765625 1 0.1125608421875 0.9965970859375 0.0994508890625 0.984978840625 0.0363658109375 0.99411340625 0 0.9519475203125001 0
1 0.7157580890624999 0.4390625 0.7157580890624999 0.294760671875 0.7136430375 0.2869323453125 0.697067459375 0.250293784375 0.6826203062499999 0.22759867812499998 0.6772536921875 0.21076831875000002 0.6767632203125 0.19873128281250002 0.6822742734375 0.14252262031250001 0.6810366 0.1249118390625 0.6752926984375 0.0988222234375 0.657592178125 0.079249634375 0.650526590625 0.0769373078125 0.6421430359375 0.0769373078125 0.6294897265625 0.08520283749999999 0.62239406875 0.10252261250000001 0.6203125 0.1131017859375 0.6203125 0.148337053125 0.622649909375 0.15985726875 0.6346134453125 0.1981839890625 0.6345453593749999 0.20927691093749998 0.6372627109375 0.2121456296875 0.6375268078125 0.21862711093749998 0.6319632890625 0.248020296875 0.6203125 0.286818471875 0.6203125 0.38410562187499997 0.6218540328125 0.3956046203125 0.6325685249999999 0.4390625 0.7157580890624999 0.4390625
1 0.8452008828124999 0 0.8426466234374999 0.026300771875 0.8467614921875001 0.0674785546875 0.8466870656250001 0.088847690625 0.835189884375 0.1187112625 0.81875 0.15055455625 0.81875 0.39146908125 0.8281127203124999 0.3984375 0.8577028984374999 0.3984375 0.8647218484374999 0.3930668578125 0.8995433984375001 0.267255771875 0.9038103875000001 0.225734784375 0.901704428125 0.2060718203125 0.9037036593749999 0.197847746875 0.9004460328124999 0.1901853984375 0.9006530859375002 0.1762600875 0.8960626375 0.17408045625 0.8974084078125 0.1583761359375 0.8933323171875 0.1613437234375 0.8918248171875 0.155197734375 0.8915110375000002 0.141236003125 0.8827571953125 0.0988045125 0.8995145078124999 0.028418723437499998 0.9013455359375001 0.0034551437499999995 0.9006610531250001 0 0.8452008828124999 0
1 0.8202425046874999 0.4390625 0.8202425046874999 0.21959878124999999 0.8157765640625 0.21256917187500002 0.8124173890625 0.19971232187500002 0.7928570109375 0.1596719171875 0.792245334375 0.14020625312499999 0.7971286515625 0.10752295468749999 0.796946965625 0.06854917656250001 0.794988503125 0.05285088125 0.7861690875 0.0313993453125 0.7756261078125 0.0206914578125 0.7692143203125 0.018168348437500002 0.7603601515625 0.018529128125 0.7513626546875 0.025392610937499997 0.7434969484374999 0.0382427796875 0.739205409375 0.054195743750000004 0.7382361296875001 0.06444459531249999 0.7406984078125 0.09775670625 0.7539917703125 0.1556868171875 0.7517835640625 0.1715548921875 0.7323722859374999 0.23267385937500001 0.728125 0.2814525546875 0.728125 0.28399646875 0.7356109140625 0.3420604515625 0.7562697703125 0.436815375 0.7574515406250001 0.4390625 0.8202425046874999 0.4390625
1 0.696875 0 0.696875 0.13117439375 0.69890923125 0.1365648703125 0.7050064468749999 0.1421875 0.7137379078125 0.1421875 0.7146894046875 0.138601040625 0.7095133828125 0.0965948171875 0.7100557578125001 0.068753371875 0.7183107718749999 0.0356534828125 0.72747120625 0.021630578125 0.7369568359375 0.013658024999999999 0.7551158390625 0.015326732812499999 0.7653814125 0.031534365625 0.76953323125 0.0284527921875 0.77200784375 0.0164794203125 0.7728527062499999 0 0.696875 0
1 0.814028234375 0 0.8057291671875 0.0200231484375 0.7958333328125 0.062615740625 0.79375 0.10335648125 0.7984375 0.16817129687500001 0.8020833328125001 0.19131944375 0.8130208328125 0.21354166718749998 0.8265625 0.156134259375 0.8390625 0.1302083328125 0.8520833328125 0.09502314843750001 0.8526041671875 0.07835648125 0.8484375 0.0579861109375 0.8458333328125001 0.0237268515625 0.8476368937500001 0 0.814028234375 0
1 0.668021646875 0 0.665625 0.068171296875 0.66875 0.0820601859375 0.6916666671874999 0.124652778125 0.6963541671875 0.1116898140625 0.6963541671875 0.059837962499999994 0.6869791671875 0.012615740625 0.6831353078125 0 0.668021646875 0
1 0.60314453125 0 0.6041666671874999 0.018171296875 0.5994791671874999 0.055208332812500004 0.5989583328125001 0.08668981406250001 0.6015625 0.11817129687500001 0.6057291671874999 0.1385416671875 0.6104166671875 0.1357638890625 0.6244791671875 0.09224537031249999 0.6276041671874999 0.074652778125 0.6244791671875 0.0422453703125 0.6213541671874999 0.04039351875 0.61875 0.026504629687499996 0.6182530390625001 0 0.6103841140625 0 0.61015625 0.000115740625 0.6101056140625 0 0.60314453125 0
1 0.6194806140625 0 0.61875 0.0116898140625 0.6208333328125001 0.0237268515625 0.6192708328125001 0.0320601859375 0.6145833328125001 0.037615740625 0.6197916671874999 0.041319443750000004 0.6192708328125001 0.0579861109375 0.6260416671875 0.071875 0.6276041671874999 0.08668981406250001 0.6216145828125 0.08993055625 0.6197916671874999 0.096875 0.61328125 0.1019675921875 0.6083333328125 0.1144675921875 0.6109375 0.11817129687500001 0.6114583328125001 0.1348379625 0.6078125 0.1422453703125 0.6088541671875 0.1487268515625 0.6057291671874999 0.15798611093749998 0.603125 0.18020833281249998 0.6041666671874999 0.23946759218749997 0.6130208328125001 0.28113425937500003 0.615625 0.2792824078125 0.6213541671874999 0.25243055625 0.6291666671874999 0.2329861109375 0.6291666671874999 0.21446759218749997 0.6328125 0.2116898140625 0.6291666671874999 0.2079861109375 0.6260416671875 0.1848379625 0.6197916671874999 0.1644675921875 0.6171875 0.10335648125 0.6216145828125 0.10289351875 0.62578125 0.093634259375 0.6341145828125001 0.0945601859375 0.6333333328125 0.0857638890625 0.6372395828125 0.0797453703125 0.6565104171874999 0.0797453703125 0.66328125 0.0853009265625 0.6640625 0.09224537031249999 0.6684895828125 0.0945601859375 0.6755208328125001 0.1089120375 0.6786458328125 0.146875 0.6723958328125 0.200578703125 0.6734375 0.21631944375 0.6802083328125 0.2329861109375 0.69609375 0.2575231484375 0.7005208328125001 0.2542824078125 0.7052083328125001 0.23391203749999998 0.70625 0.2070601859375 0.7046875 0.1829861109375 0.6963541671875 0.1422453703125 0.6880208328125 0.119097221875 0.6744791671874999 0.09502314843750001 0.6729166671875 0.08668981406250001 0.6671875 0.08668981406250001 0.6651041671875 0.0589120375 0.6677083328125001 0.0385416671875 0.6680524562500001 0 0.6194806140625 0
2 0.3796875 0.8001691718749999 0 0.8001691718749999 0 0.8864975031250001 0.3796875 0.9222838015625001 0.3796875 0.8001691718749999
1 0.20557553281250002 0.8015625 0.212808459375 0.8015625 0.2147556390625 0.7973958328125 0.211543334375 0.753957865625 0.19877651406250002 0.683366184375 0.2108690234375 0.55735970625 0.208399121875 0.5446411859375 0.20003157656249998 0.5328125 0.1830417546875 0.5328125 0.176440659375 0.541012453125 0.1726605625 0.5532939328125 0.1698702640625 0.6813448624999999 0.159375 0.716686465625 0.159375 0.7978658624999999 0.20557553281250002 0.8015625
1 0 0.796875 0.0230030359375 0.796875 0.0230030359375 0.696385534375 0.0078219796875 0.643993425 0.0053142796875 0.60093786875 0.0068192453125 0.532659478125 0 0.5323012359375 0 0.796875
1 0.7213096875 0.86955586875 0.7320765015624999 0.8102820234375001 0.7317388218750001 0.7787549765625 0.7216184343750001 0.7269177093750001 0.719669771875 0.7035872937500001 0.7231503078125 0.6427495859375 0.72062155625 0.6295587874999999 0.7165673203124999 0.6234641671875 0.7049768875 0.6234641671875 0.6992404546875 0.63232016875 0.701891409375 0.7140750546875 0.691264653125 0.749274825 0.690625 0.7539809906249999 0.690625 0.8296494484375 0.6943017703125001 0.8542234234375 0.6991608031250001 0.8699340875000001 0.7056469796875 0.8746703421875001 0.7140076515625 0.875 0.7153403171875 0.875 0.7213096875 0.86955586875
1 0.77721573125 0.7218637546875 0.768980834375 0.6908824140625001 0.76762260625 0.6575490796875 0.7694418375 0.65114035 0.76890626875 0.6252326140625 0.7640075796875 0.613503940625 0.7608071234375 0.6115429625 0.7535909109375 0.6131401828125 0.74926551875 0.6282451765625 0.7533935625 0.691262703125 0.7484375 0.7163274203125 0.7484375 0.776046853125 0.7542825265624999 0.8151912750000001 0.7614190750000001 0.8265625 0.7749386671874999 0.8265625 0.7765348140625 0.8252144250000001 0.77721573125 0.8200726843750001 0.77721573125 0.7218637546875
1 0.7982149421875 0.6028027859375 0.795270040625 0.601054496875 0.7932268890625 0.601054496875 0.7888399421875001 0.602147221875 0.7838548125 0.6124858 0.7822146156249999 0.6737061734375 0.778125 0.6873034656250001 0.778125 0.7859375 0.7932146734375001 0.7859375 0.7993826203125 0.7650506359375 0.80248499375 0.7457518703125 0.8026694203125 0.7123092765625 0.7974643593749999 0.67198458125 0.8021325046874999 0.61283458125 0.7982149421875 0.6028027859375
1 0.8367518453125001 0.7609375 0.8367518453125001 0.6746589046875 0.83334306875 0.6624622515625 0.8317237562500001 0.6077689546875 0.827772084375 0.5981846765625 0.8240183921875002 0.59648138125 0.818397084375 0.598566678125 0.8171875 0.602544796875 0.8171875 0.6335179328125 0.819963190625 0.665791809375 0.8171875 0.67586806875 0.8171875 0.721165234375 0.8221232374999999 0.7566598843750001 0.8251575500000001 0.7609375 0.8367518453125001 0.7609375
1 0.645871165625 0.828125 0.6490240375 0.8280105765625001 0.6549378078125001 0.8211615906249999 0.666936784375 0.772242065625 0.6681498875 0.7370386984375 0.6601198515625001 0.6914774140625 0.667174221875 0.622078425 0.6611835765625 0.6109375 0.6586756312500001 0.6109375 0.653995165625 0.6121152859375 0.6479033875 0.6217420515625001 0.6448970125000001 0.693065621875 0.640625 0.70901189375 0.640625 0.828125 0.645871165625 0.828125
1 0.6326094015624999 0.6169781750000001 0.630457978125 0.605836759375 0.6257175687500001 0.6006865953125 0.61991294375 0.60247178125 0.6145688765624999 0.612136428125 0.6129695421875001 0.6769633625 0.6125 0.678416809375 0.6125 0.7859375 0.6229718859375 0.7859375 0.6247765890625001 0.7836327203125 0.631524428125 0.7586993843750001 0.6346264328125001 0.7337236265625 0.6346411671875 0.7077855796875 0.6277792484375 0.6715774999999999 0.6326094015624999 0.6169781750000001
1 0.6014795421875 0.6650916109375 0.600224121875 0.64757179375 0.6025462390625 0.6039805 0.6003075390625 0.59807114375 0.5946430203124999 0.5946342796875 0.59042786875 0.597606121875 0.5868727546875 0.607486021875 0.586912371875 0.6648449140625 0.5828125 0.6771241953125 0.5828125 0.7520452890625 0.58429136875 0.7546875 0.598263678125 0.7546875 0.6015712921875 0.7492780953125 0.607050734375 0.7036894015625 0.6072608374999999 0.6916523640625 0.6014795421875 0.6650916109375
1 0.671318228125 0.7375 0.67256714375 0.7341973734374999 0.676615025 0.708356334375 0.676836284375 0.6916472265625 0.6716899578125 0.6561437031249999 0.6770412312499999 0.6062073703124999 0.6743223578124999 0.597273128125 0.667418521875 0.5951985390625 0.6671224296875 0.5951985390625 0.6640625 0.59988271875 0.6640625 0.61649911875 0.6664734703125 0.621566109375 0.6668135109375 0.6308678171875 0.6640625 0.646844240625 0.6640625 0.72302991875 0.6666252 0.7375 0.671318228125 0.7375
1 0.7403645828125001 0.5976273140625 0.7364583328125001 0.6082754625 0.7385416671874999 0.6592013890625 0.73125 0.6879050921875 0.7296875 0.7064236109375 0.7338541671875 0.7462384265625 0.7356770828125001 0.75225694375 0.7385416671874999 0.7527199078125 0.7411458328125 0.7286458328125001 0.7473958328125001 0.7054976859375 0.75 0.686053240625 0.746875 0.6369791671875 0.7479166671874999 0.6249421296875 0.753125 0.6082754625 0.7471354171875 0.5957754625 0.7403645828125001 0.5976273140625