1 0 0 0 0.25440036250000003 0.0006330734375 0.2568241171875 0.02498379375 0.33278519375000004 0.031014117187500002 0.34762284062500004 0.036308451562499997 0.353125 0.0921875 0.353125 0.0921875 0 0 0
1 0.1363999640625 0 0.1349307171875 0.021406459375 0.137259503125 0.071406459375 0.146932659375 0.1360061875 0.1776906328125 0.2399434015625 0.187551890625 0.2529368515625 0.1889169296875 0.253125 0.23903203125 0.253125 0.23939042812500003 0.2530335 0.240625 0.250237221875 0.240625 0 0.1363999640625 0
1 0.24837247968749998 0 0.24837247968749998 0.17391206875 0.24935337343750003 0.175 0.30084748281249996 0.175 0.301907371875 0.17389276874999998 0.32535264375 0.09884746250000001 0.3325353609375 0.0681903328125 0.3328125 0.0638656375 0.3328125 0 0.24837247968749998 0
1 0.4984669015625 0 0.5241095312499999 0.130003646875 0.533642565625 0.1958171171875 0.538396028125 0.247678059375 0.539033671875 0.28097502812499997 0.5317406296875 0.3381733390625 0.5125869890625 0.45 0.65625 0.45 0.65625 0.356678125 0.6462401375 0.33277508125 0.62973425625 0.2834828203125 0.6286005171875 0.26959393125000003 0.6239638609375 0.25102086562500003 0.61613624375 0.18061412968749999 0.612407959375 0.11582658906250001 0.6135077265625 0 0.4984669015625 0
1 0.74152223125 0 0.7596959203125 0.122578990625 0.7644586906249999 0.1865468109375 0.7649100234375 0.22990746562500003 0.76092504375 0.26832275625 0.73103048125 0.42277018593750004 0.72826305 0.45 0.8296875 0.45 0.8296875 0.322507703125 0.8172105140625 0.2642912609375 0.8118020375 0.2159457796875 0.809572490625 0.168763021875 0.8107745015625 0.1448862796875 0.8204347171874999 0.10597919375 0.8296875 0.08688941875 0.8296875 0 0.74152223125 0
1 1 0 0.9375876250000001 0 0.942330734375 0.083094071875 0.9386411656250001 0.17386818906249998 0.93584299375 0.17959062812499998 0.9246249531250001 0.2329691828125 0.9016868468750001 0.312021046875 0.9016868468750001 0.45 0.9915563796875 0.45 0.9978491328124999 0.42782919843749995 1 0.422296884375 1 0
1 0.9211381109375001 0.45 0.920959303125 0.4496055390625 0.9166632609375001 0.44673078437499997 0.91246011875 0.4235098984375 0.9101246828124999 0.395707875 0.9110038203125 0.35873145 0.9203987703125 0.292355725 0.9256237296875 0.23698200625000002 0.9239120015625 0.1555490171875 0.9207073984375 0.1314264546875 0.91324988125 0.10535505468749999 0.8957472484375 0.0702630984375 0.8718818171875 0.049359334375 0.8503982734375001 0.0460845328125 0.835509734375 0.050362610937499996 0.827564534375 0.05850198125 0.8079552953124999 0.10105445312500001 0.798265115625 0.13875071875 0.79604243125 0.1692214203125 0.8001028953125001 0.2340604765625 0.8088110578125001 0.28698372499999997 0.820557971875 0.338127859375 0.824051153125 0.413127859375 0.8206574249999999 0.44079653125 0.815942653125 0.45 0.9211381109375001 0.45
1 0.115625 1 0.115625 0.9270731671875 0.11111944843749999 0.9097424015625 0.110487525 0.84597634375 0.11335376875 0.8405845624999999 0.0948326734375 0.8361501671875 0.0940762875 0.8617422515625 0.0986194484375 0.9090873046875 0.086955409375 0.9431134875 0.0870101234375 0.9777538218749999 0.0911441578125 1 0.115625 1
1 0.01150543125 0.8392891609375 0.0053384875 0.8803046359375 0.0115097578125 0.919489521875 0.015227807812499999 0.928125 0.0265625 0.928125 0.0265625 0.8516692531250001 0.021930965625 0.8380050265625 0.01150543125 0.8392891609375
1 0.050104190625 0.971875 0.0595082546875 0.971875 0.06387859375 0.9647787578125001 0.0640625 0.9638311734375 0.0640625 0.8842093906249999 0.061410271875 0.8716777 0.06014924687499999 0.8355665890624999 0.0455748671875 0.8329361656250001 0.042180496875 0.83661315 0.0455965015625 0.844764471875 0.0462755171875 0.8642089171875 0.03840405 0.9078105031250001 0.039422573437500004 0.9369771703125 0.045958346875 0.9672142078124999 0.050104190625 0.971875
1 0.07893136875 0.8419304453125 0.07293015 0.8806374968749999 0.0789711203125 0.9265617484374999 0.08358185781250001 0.9328125 0.08873168125 0.9328125 0.090625 0.9261392109374998 0.090625 0.8415778203125001 0.08853527343749999 0.8386855203125 0.07893136875 0.8419304453125
1 0.1359375 0.8537812703124998 0.1359375 0.8401921296874999 0.12543265312500002 0.837435396875 0.119291409375 0.8781000406249999 0.11171627656250001 0.9016907796875 0.11171627656250001 0.971875 0.1253072859375 0.971875 0.1333241953125 0.9533515640625 0.1359375 0.9291004109374998 0.1359375 0.9015980671874999 0.133709925 0.8737747921875 0.1359375 0.8537812703124998
1 0.13739419375 0.9359181109375001 0.1374576515625 0.9359375 0.14677873125000002 0.9359375 0.1546875 0.9142201875 0.1546875 0.8419024203125 0.148292228125 0.8394905484375 0.13739419375 0.8680692015624999 0.13739419375 0.9359181109375001
1 0.1673804015625 0.9057406453125001 0.1684015015625 0.90625 0.1765625 0.90625 0.1765625 0.839507096875 0.1634543296875 0.8383727140625 0.1598249859375 0.8488643828125 0.1673804015625 0.9057406453125001
1 0.416210146875 0.45 0.4 0.45565313749999997 0.4 0.7708455046875 0.41176959062499996 0.806251625 0.4 0.836987509375 0.4 1 0.8762819687500001 1 0.8102328234375001 0.9448149953125 0.757013625 0.8898099125 0.7409134359375 0.845322928125 0.73953071875 0.815635428125 0.7645264093749999 0.749921896875 0.8363200203125001 0.6180787546875 0.84387565625 0.5795075781250001 0.8407121125 0.545050690625 0.8150014828125001 0.5117501890625 0.762056265625 0.47936041406249996 0.670339646875 0.451173459375 0.6629130578125 0.45 0.416210146875 0.45