1 0.398083178125 0 0.3989497328125 0.04446755625 0.3792648171875 0.098044221875 0.375 0.1179376515625 0.375 0.19843329375000002 0.39120865312499997 0.241500984375 0.4046320125 0.2573628328125 0.420737496875 0.2568645 0.4312086546875 0.24266486406249999 0.4476615125 0.2063993328125 0.4532836890625 0.172804959375 0.4532836890625 0.15652147031250002 0.45047720468749997 0.11752146875 0.43119446093749997 0.049273596875 0.433372259375 0 0.398083178125 0
1 0.0296875 0 0.0296875 0.08542909531250001 0.0329988375 0.09375 0.0538839421875 0.09375 0.07135470625 0.09019866875 0.08828040625 0.0440250078125 0.0881841484375 0 0.0296875 0
1 0.25625 0 0.25625 0.0377805921875 0.25947829218749996 0.061385303125 0.2746362703125 0.0970559890625 0.28614993125 0.1109375 0.2882851984375 0.1109375 0.30453687500000004 0.10764693593750001 0.31601379375 0.083683859375 0.31601379375 0 0.25625 0
1 0.1770591875 0 0.1794152953125 0.0243600078125 0.16875 0.075782509375 0.16875 0.0997120578125 0.1713038140625 0.09146294375 0.17571918749999998 0.106839840625 0.19336171093750001 0.10438832499999999 0.20479642187499997 0.1166537234375 0.2094532328125 0.1514053109375 0.2063082484375 0.1621567640625 0.1735690265625 0.1795838359375 0.1892016953125 0.21207788593750002 0.20005638281250002 0.2234375 0.22255330468749998 0.2234375 0.225921453125 0.2197312234375 0.230321646875 0.20836771875 0.230321646875 0.07199663125 0.211908028125 0.027290907812499998 0.2103648453125 0 0.1770591875 0
1 0.509375 0 0.4625 0 0.4625 0.06169780625 0.47681735312500007 0.096875 0.47887830156250005 0.096875 0.47988385625 0.07818199218750001 0.48606811250000004 0.0658584703125 0.49832409375 0.060553778125 0.509375 0.065596596875 0.509375 0
1 0.0724427671875 1 0.0887826578125 0.9548741015625 0.098170709375 0.9055182281249999 0.10005421249999999 0.8761265671875 0.09929394687500001 0.8506277640625001 0.0854093765625 0.7758655859375 0.082875759375 0.7481495546875 0.0840202578125 0.7228173921875001 0.099708934375 0.6423942281249999 0.10150483125000001 0.6143696203125 0.09887233437500001 0.6031415609375 0.0939874765625 0.593434840625 0.0847116296875 0.5863630875 0.06514924062500001 0.5863630875 0.0602217578125 0.5897933656250001 0.052030459375000004 0.6017928640625 0.049080076562500005 0.610470409375 0.0465395375 0.6501149734375 0.047052609375 0.71683370625 0.0441347546875 0.739948640625 0.0349769875 0.7707659625 0.01875 0.8100212375 0.01875 1 0.0724427671875 1
1 0.2536943 1 0.2536943 0.845492396875 0.2386170734375 0.7989207515625 0.23275518437499998 0.7685709203125 0.2329509859375 0.7270283515625 0.23818045468750002 0.6728649578125 0.237341728125 0.6387496390624999 0.23537582499999998 0.6284051875 0.22901674062500002 0.6157355140625 0.22214039218749998 0.6067794640624999 0.2146241046875 0.6023761656250001 0.1973564890625 0.6023761656250001 0.1899027296875 0.6074385062500001 0.1836248546875 0.6189577515625 0.1808646765625 0.629680575 0.18148846875 0.6596947296875 0.1908207890625 0.7290971453124999 0.1924581046875 0.769394725 0.181883075 0.8211718625 0.1685330515625 0.8652776281250001 0.1671875 0.8764697078125 0.1671875 0.9709688734374999 0.16759792499999998 0.974214728125 0.17369137968749998 1 0.2536943 1
1 0.235405278125 0.7399375234375001 0.2371295234375 0.7782427484375 0.24394669218749998 0.807495853125 0.2602225984375 0.853125 0.260734784375 0.853125 0.260734784375 0.7845059578125 0.250266334375 0.7545733015625 0.24659486562500002 0.7361873515624999 0.24510960625 0.7012997624999999 0.24909431406250002 0.6422808921875001 0.2476586296875 0.614925959375 0.24341715625 0.6020359359375 0.23577154218750002 0.5916421734374999 0.22386500156250003 0.5851394421875 0.2186269078125 0.5852918546874999 0.2085330921875 0.591064896875 0.202225790625 0.5998098953125 0.2015625 0.6033031046875 0.2015625 0.60534500625 0.21196557500000002 0.6060332125000001 0.22134777187500002 0.6105546421875 0.23042195781250002 0.6209068343749999 0.23723557187500002 0.6364616875 0.2399104171875 0.6678900750000001 0.235405278125 0.7399375234375001
1 0.4005884375 0.9029961328125001 0.43071669687499997 0.8003030296875 0.427915225 0.7906172328125 0.4275026609375 0.7796613984375 0.42852662343750003 0.7673967187499999 0.4328719875 0.75731844375 0.43254690937499995 0.7313250140625 0.428539559375 0.68330349375 0.429690771875 0.6491659515625 0.43212342187499997 0.640377115625 0.439097775 0.6286967406249999 0.446760565625 0.6214883953125 0.45845705625 0.616837325 0.451149671875 0.603891325 0.4416576765625 0.59803504375 0.4306973421875 0.5989558203125 0.42257029218750003 0.60409418125 0.4160761046875 0.615110434375 0.4126711921875 0.627278096875 0.41250417500000003 0.6559862296875 0.416959878125 0.7088118406249999 0.41675706874999996 0.74367171875 0.40893918749999997 0.777537615625 0.39052184218749997 0.832165978125 0.3890625 0.8411051359374999 0.3890625 0.9442537578125 0.3898418359375 0.9490490953125 0.392834815625 0.95625 0.393681721875 0.95625 0.394695203125 0.9335220078125002 0.3980842078125 0.924088453125 0.4005884375 0.9029961328125001
1 0.47363582656250003 1 0.47732150312500005 0.9844915953125 0.48206492812499996 0.9407209328124999 0.4807315046875 0.9018347015625 0.4650420921875 0.8201938078125 0.46261094375 0.789518215625 0.46526250625000004 0.76080176875 0.47974855625 0.68887350625 0.483238871875 0.655364059375 0.48104502031249996 0.64038465 0.47504666249999994 0.6285434484375 0.46609259375 0.6211908921875 0.45910511875 0.6192649890624999 0.4469413859375 0.6228904234374999 0.43827640625 0.6305505234375 0.4289949125 0.6494846625 0.42534921406250004 0.6850446890625 0.42587400156250005 0.7471542140625 0.42240376562500004 0.7929505234375 0.4118223875 0.8259011234375 0.403125 0.8475478796874999 0.403125 1 0.47363582656250003 1
1 0.3576441828125 1 0.3648958328125 0.9733990515625 0.3715625 0.9200839453124999 0.371086309375 0.87223705625 0.362038690625 0.8291748546874999 0.3482291671875 0.779277384375 0.3487053578125 0.7724421140625 0.3463244046875 0.7669738984375 0.3453720234375 0.756037465625 0.3482291671875 0.7204940625 0.35061011875000003 0.7102411562500001 0.3496577375 0.7047729406250001 0.3568005953125 0.6562425234375 0.3568005953125 0.6302684984375 0.3508482140625 0.6135220859375 0.3422767859375 0.60326918125 0.3337053578125 0.599851546875 0.31656249999999997 0.6046362359375 0.3077529765625 0.6186485390625001 0.3044196421875 0.630952025 0.303943453125 0.6610272125 0.30822916718750004 0.7081905765625 0.30822916718750004 0.7567209921875 0.3048958328125 0.777226803125 0.29822916718750003 0.792264396875 0.2796577375 0.8524147734374999 0.2753720234375 0.8742876359375 0.27251488125 0.9084639859374999 0.2753720234375 0.9597285109375001 0.2835172578125 1 0.3576441828125 1
1 0.3182291671875 0.5981427296875 0.3177529765625 0.6036109453125 0.327991071875 0.6005350734375 0.33751488125 0.6012185999999999 0.3437053578125 0.6053197625 0.352991071875 0.6179650125 0.3563244046875 0.6302684984375 0.3568005953125 0.6637613203124999 0.362038690625 0.6227497015625 0.3615625 0.6104462156249999 0.35822916718750003 0.5995097828125 0.35275297656250004 0.59028216875 0.3446577375 0.584130425 0.33561011875 0.582763371875 0.32846726249999997 0.5868645328125 0.3182291671875 0.5981427296875
1 0.349181546875 0.700671778125 0.3482291671875 0.733481075 0.3453720234375 0.7423669265624999 0.3453720234375 0.7608221546875 0.3496577375 0.7779103296875001 0.349181546875 0.7840620734375 0.3672767859375 0.8503641921875001 0.37251488125 0.88522406875 0.3758482140625 0.8640347312500001 0.3744196421875 0.8243901656249999 0.3653720234375 0.77859385625 0.3587053578125 0.7649233171875001 0.3577529765625 0.7553539390624999 0.352991071875 0.74441750625 0.35203869062500004 0.7047729406250001 0.3548958328125 0.678798915625 0.35322916718749997 0.6723054078125 0.3515625 0.695887090625 0.349181546875 0.700671778125
1 0.64375 0.760254828125 0.64375 0.7727793359375 0.6462453703125 0.8443145234374999 0.6518030046875001 0.8597514265624999 0.663128359375 0.926736340625 0.669443003125 0.938029309375 0.68877573125 0.9390625 0.6988990859374999 0.9390625 0.70925443125 0.9336330875 0.722131665625 0.8645750890624999 0.72639465625 0.8112738374999999 0.72639465625 0.780833490625 0.7245051953124999 0.73549935 0.6988830109374999 0.627827478125 0.6978512703125 0.5847491921875 0.703818459375 0.5363199375000001 0.70352756875 0.4863199375000001 0.6951991984375 0.4645534734375 0.6829164796875 0.4546875 0.68211441875 0.4546875 0.6701749578125 0.45965937968750004 0.66050225625 0.47534745312500004 0.660019978125 0.5267136078125001 0.6669002421875 0.6352287984375 0.646372115625 0.73183725625 0.64375 0.760254828125