0 0.1279081 0.5390625 0.141429078125 0.5160964015625 0.146875 0.489610421875 0.146875 0.394049603125 0.143145396875 0.3685964015625 0.127884021875 0.3375282140625 0.10098575000000001 0.315625 0.076858153125 0.315625 0.07439583281249999 0.3156536515625 0.045296753125 0.3459881890625 0.0292208546875 0.3849200015625 0.0229823109375 0.43272387968750003 0.0229823109375 0.4661648890625 0.023173609375 0.47497818281250004 0.0326499890625 0.519861821875 0.04208178125 0.5390625 0.1279081 0.5390625
1 0.146996275 0.5390625 0.1515625 0.5192912796875 0.1515625 0.5077674421875 0.13297930468750002 0.5390625 0.146996275 0.5390625
1 0.1484375 0.17781175625 0.1484375 0.1616581640625 0.14397541875 0.143280803125 0.1293684765625 0.13700524375 0.1149987921875 0.16182662812499998 0.11468097656250001 0.1763718734375 0.11468097656250001 0.33549434218749996 0.1353758734375 0.365625 0.139964603125 0.365625 0.14451723593750002 0.3585614546875 0.13693578125 0.2894797859375 0.1484375 0.17781175625
1 0.54295938125 0.3659930078125 0.5450651453125 0.3703125 0.578781390625 0.3703125 0.5796875 0.36872395468749997 0.5796875 0.35810355625 0.5787388203125 0.3567815703125 0.543555634375 0.3595054671875 0.54295938125 0.3659930078125
1 0.5390625 0 0.5390625 0.031608831250000004 0.5430088453125 0.06696424375 0.5414911703125 0.1012265328125 0.5390625 0.1122019125 0.5390625 0.230594125 0.5833865453125 0.22735028750000003 0.5875 0.2239458125 0.5875 0.1955417875 0.5855552921875 0.1796605546875 0.5729476421874999 0.12974236875 0.569975353125 0.10661543124999999 0.5705232453125 0.0519918609375 0.5759831140625 0.007523178125 0.5759601953125 0 0.5390625 0
1 0.6640625 0.36391317968750003 0.6640625 0.3603058359375 0.66368155 0.35853144062500003 0.6206475328125001 0.35853144062500003 0.6153949125 0.3589093734375 0.6140625 0.364548225 0.6140625 0.3645545453125 0.6153690125 0.3791947140625 0.619547796875 0.39375 0.6543852609374999 0.39375 0.6586337546875 0.38488269218750004 0.6640625 0.36391317968750003
1 0.6192122390625 0 0.6177083328124999 0.0057291671875 0.6182291671875 0.033506943750000004 0.6229166671875 0.07980324062500001 0.6234375 0.1344328703125 0.6041666671875 0.217766203125 0.60546875 0.2265625 0.6161458328125 0.22609953749999998 0.6690104171875 0.22378472187499998 0.671875 0.22054398125 0.6697916671875 0.1992476859375 0.6578125 0.15572916718750002 0.6536458328125 0.1316550921875 0.6536458328125 0.07332175937499999 0.6572916671875 0.0372106484375 0.6572916671875 0.0038773140625 0.6565646703125 0 0.6192122390625 0
1 0.9315104171874999 0.360821759375 0.88046875 0.35989583281250004 0.8786458328125001 0.3640625 0.8796875 0.373321759375 0.8901041671875 0.4186921296875 0.8966145828125001 0.42563657343749994 0.9161458328125001 0.4260995375 0.9252604171875 0.423784721875 0.928125 0.416840278125 0.9369791671875 0.36591435156249996 0.9315104171874999 0.360821759375
1 0.8991066265625001 0 0.8950520828125 0.0034143515625 0.8885416671874999 0.023321759375 0.8885416671874999 0.0594328703125 0.8942708328125001 0.1279513890625 0.89375 0.1566550921875 0.8796875 0.2131365734375 0.8796875 0.21961805625 0.9229166671875 0.22146990781250003 0.9299479171874999 0.22008101875000002 0.9307291671875 0.216840278125 0.9223958328125 0.13628472187500001 0.9276041671874999 0.07332175937499999 0.928125 0.027025462500000003 0.9270833328125001 0.017766203124999998 0.91953125 0.0006365734375000001 0.9187554265625 0 0.8991066265625001 0
1 0.91641199375 0 0.925 0.011284721875 0.9276041671874999 0.0307291671875 0.9265625 0.08072916718749999 0.921875 0.1223958328125 0.9229166671875 0.1566550921875 0.9276041671874999 0.1992476859375 0.9270833328125001 0.21869212968750001 0.93671875 0.222858796875 0.965625 0.2242476859375 0.9677083328125 0.2159143515625 0.9645833328125001 0.1890625 0.9479166671874999 0.116840278125 0.9453125 0.0936921296875 0.9447916671875 0.06776620312500001 0.9505208328125001 0.008506943749999999 0.9503879125000001 0 0.91641199375 0
1 1 0 0.9911047156249999 0 0.990625 0.0020254624999999997 0.990625 0.027025462500000003 0.9958333328125001 0.0723958328125 0.9963541671874999 0.1316550921875 0.98125 0.1973958328125 0.9776041671875 0.2251736109375 0.9841145828125001 0.22841435156249998 1 0.228765896875 1 0
2 1 0.2340607859375 0.9861979171874999 0.23396990781250002 0.9325520828125 0.2265625 0.87421875 0.22563657343750002 0.86640625 0.230266203125 0.86328125 0.22748842656249998 0.8502604171874999 0.230266203125 0.8455729171874999 0.2265625 0.83515625 0.230266203125 0.83203125 0.2265625 0.8190104171874999 0.22934027812500002 0.81484375 0.22563657343750002 0.8033854171874999 0.22934027812500002 0.7997395828125 0.22563657343750002 0.7955729171874999 0.22934027812500002 0.7919270828125 0.22563657343750002 0.78828125 0.22841435156249998 0.7752604171874999 0.22563657343750002 0.7721354171874999 0.22841435156249998 0.76015625 0.22471064843750002 0.7565104171874999 0.22748842656249998 0.7283854171875 0.22563657343750002 0.7252604171875 0.22841435156249998 0.7205729171875 0.22563657343750002 0.7169270828125 0.22841435156249998 0.71328125 0.22563657343750002 0.7091145828125 0.22841435156249998 0.70546875 0.22563657343750002 0.7018229171875 0.22934027812500002 0.68828125 0.2265625 0.6794270828125 0.230266203125 0.66953125 0.22748842656249998 0.5856770828125 0.23396990781250002 0.5390625 0.23365718906250002 0.5390625 0.36073621093749997 0.57265625 0.3561921296875 0.5856770828125 0.35989583281250004 0.62265625 0.35711805625 0.69296875 0.35989583281250004 0.8955729171875 0.35804398125 0.9854166671875 0.3622106484375 0.99609375 0.35711805625 1 0.35730373593750003 1 0.2340607859375
1 0.260193646875 1 0.2449888984375 0.929785421875 0.27024062656250003 0.6691718140624999 0.25061931406250004 0.63686015625 0.2275103734375 0.621262059375 0.201853653125 0.61995195625 0.19728230156249998 0.61995195625 0.17058811406250002 0.64822726875 0.1545473671875 0.68235074375 0.16505775 0.924799146875 0.139179146875 1 0.260193646875 1
1 0 1 0.11895880156250001 1 0.1296875 0.9686511734375 0.1296875 0.941607834375 0.09744762812499999 0.8487556515625 0.108778940625 0.6120434046875001 0.0897258875 0.5796153828125 0.07523697812499999 0.5721442578125 0.0500702296875 0.568013775 0.0274802546875 0.5846964390625 0.015445609374999999 0.6125864 0.031469646875 0.8254748671875 0 0.9344944906249999 0 1
1 0.36260243124999997 1 0.3320833328125 0.8374722640625001 0.35875 0.6185373515625 0.3254166671875 0.574158653125 0.27430555624999997 0.6126201921875001 0.27430555624999997 0.8197207843750001 0.2520833328125 0.9025610203125 0.2520833328125 0.9854012578125001 0.25756597187499997 1 0.36260243124999997 1
1 0.38964444375 0.5390625 0.376527778125 0.7427977078125 0.41208333281250004 0.9025610203125 0.43430555625 0.8374722640625001 0.42097222187499994 0.6658746296875 0.44319444375000006 0.577117234375 0.44319444375000006 0.5390625 0.38964444375 0.5390625
1 0.38103055625 1 0.40319444375 0.9262296593749999 0.376527778125 0.77238350625 0.39430555625 0.5712000734375 0.37666596874999997 0.5514739734375 0.3516496265625 0.5462126656249999 0.3276388890625 0.5652829140625 0.35875 0.6126201921875001 0.336527778125 0.8552237421875001 0.3727754640625 1 0.38103055625 1
1 0.227848484375 0.5390625 0.220972221875 0.5534485953125 0.22541666718750003 0.6185373515625 0.2520833328125 0.630371671875 0.28319444374999997 0.588951553125 0.27270222187500004 0.5390625 0.227848484375 0.5390625
1 0.1472225390625 0.5390625 0.12913511093750002 0.5567352515625 0.12319444375 0.577117234375 0.140972221875 0.671791790625 0.19875 0.6007858734375 0.19430555625 0.5593657546874999 0.1703412703125 0.5390625 0.1472225390625 0.5390625
1 0.07430555625 0.5390625 0.07430555625 0.5652829140625 0.11430555625000001 0.6126201921875001 0.1313055546875 0.5390625 0.07430555625 0.5390625
1 0.85626598125 0.5390625 0.8501737593750001 0.5573866562500001 0.8415009937499999 0.5894512749999999 0.8349340015625 0.62531630625 0.8349340015625 0.719443603125 0.8422491359375 0.75592019375 0.84837205625 0.7751603484375 0.8517125296875001 0.781780584375 0.8571417578125 0.7872111703125 0.8623052437500001 0.7890625 0.8892239046875 0.7890625 0.89427438125 0.7847813640625001 0.9036369578125001 0.7668593140625 0.9106588859375 0.750795753125 0.9199981984375001 0.7243836171875 0.9240788156249999 0.70935315 0.9288027046874999 0.680996984375 0.9282136515625 0.6686844953125 0.93125 0.6567909984375 0.93125 0.6215422359375 0.929628040625 0.6100679140625 0.9301783171875 0.6047342296875 0.9284073093749999 0.589105940625 0.922741646875 0.5515479234375 0.919929659375 0.5390625 0.85626598125 0.5390625
1 0.6314166078125 0.5390625 0.6198964203124999 0.5823469578125 0.6085773999999999 0.6174232234375 0.6059567109375 0.62695060625 0.6059567109375 0.8741105906250001 0.608008971875 0.878751315625 0.61225506875 0.8835441312500001 0.6207998046875 0.88748869375 0.6208764796875 0.8875 0.6384328328125 0.8875 0.649957253125 0.8831191374999999 0.657831109375 0.874352796875 0.6681730109374999 0.8532824734375 0.6813753499999999 0.8193787718750001 0.690409846875 0.7861468671875 0.694770396875 0.7632437703124999 0.6953125 0.7572022859375 0.6953125 0.6330880234375 0.6897895234375 0.5985256328124999 0.6807754359375 0.5571513265625 0.679050403125 0.5390625 0.6314166078125 0.5390625
1 0.7598263984375 0.5390625 0.75732421875 0.5471523265625 0.738037109375 0.6214114015625001 0.73291015625 0.6497164296875 0.729248046875 0.694671475 0.72998046875 0.7223105015625 0.734375 0.7599395390625 0.74267578125 0.7972355765625 0.749755859375 0.8188805984374999 0.754638671875 0.8285376078125001 0.7603759765625 0.8340321140625001 0.7708740234375 0.8380281171874999 0.780517578125 0.8391936187500001 0.7913818359375 0.8376951171875 0.7979736328125 0.8327001124999999 0.802001953125 0.82720560625 0.814453125 0.7992335796875001 0.822509765625 0.7755905546874999 0.826171875 0.7606055406250001 0.83154296875 0.7346315140625 0.834228515625 0.7086574890625 0.833984375 0.667698446875 0.8330078125 0.6593734390625 0.833740234375 0.6530464328125001 0.831298828125 0.624075403125 0.822509765625 0.5774553578125 0.8133914359375 0.5390625 0.7598263984375 0.5390625
1 0.6935157937499999 0.5390625 0.69189453125 0.5464863265625 0.6953125 0.5681313484375 0.709228515625 0.6220774015625 0.71728515625 0.6660334453125 0.72119140625 0.7123204921874999 0.72119140625 0.735297515625 0.7197265625 0.7662665453124999 0.7218017578125 0.7690970484375 0.729736328125 0.7692635484375 0.7330322265625 0.767765046875 0.734130859375 0.7659335453125 0.730224609375 0.7376285171875 0.728759765625 0.71365249375 0.729248046875 0.6813514609375 0.732421875 0.648384428125 0.738037109375 0.6177483968749999 0.75146484375 0.5681313484375 0.7582565640625 0.5390625 0.6935157937499999 0.5390625
1 0.5789634140625 0.5390625 0.5703125 0.5714613515625 0.5654296875 0.5937723734375 0.56005859375 0.62707240625 0.56005859375 0.6330664125000001 0.557861328125 0.647718428125 0.557861328125 0.655377434375 0.560302734375 0.67602345625 0.564453125 0.695004475 0.56689453125 0.6966694765625 0.566162109375 0.70199748125 0.5673828125 0.71331949375 0.571533203125 0.744621525 0.574462890625 0.7775885578125 0.576904296875 0.7879115671875001 0.58251953125 0.8005655796875001 0.5877685546875 0.8073920875 0.5958251953125 0.8110550906249999 0.607666015625 0.8122205921875001 0.6114501953125 0.8117210921875 0.61328125 0.8092235890625 0.60791015625 0.77725555625 0.606689453125 0.7569425359374999 0.607177734375 0.7126534921875 0.609130859375 0.6923404718749999 0.6162109375 0.648384428125 0.6240234375 0.6154173953125001 0.63134765625 0.58944336875 0.638671875 0.5561433359375 0.637939453125 0.5464863265625 0.6358872453125001 0.5390625 0.5789634140625 0.5390625
1 0.5390625 0.5390625 0.5390625 0.5957703765625 0.552490234375 0.6433894234374999 0.556640625 0.6460534250000001 0.5576171875 0.6320674125 0.560302734375 0.623076403125 0.564208984375 0.5967693765625001 0.57864744375 0.5390625 0.5390625 0.5390625