1 0.27882588125 0 0.2797074828125 0.037877325 0.27591705312500003 0.0761733265625 0.24607326718750003 0.134952253125 0.2421875 0.1508237296875 0.2421875 0.2281092609375 0.246469209375 0.2525377546875 0.24695411093750003 0.27337108906249996 0.2587307671875 0.2932356046875 0.2704282734375 0.2984375 0.2896727453125 0.2984375 0.293178503125 0.298162121875 0.3078673625 0.2755230203125 0.3257202984375 0.237964 0.332824465625 0.20064704843749998 0.332824465625 0.1854421453125 0.331714415625 0.160248434375 0.317099690625 0.1022607296875 0.31502804375000004 0.080303840625 0.317571159375 0.0554676171875 0.3319111703125 0.001078153125 0.331987528125 0 0.27882588125 0
1 0.11168940000000001 0 0.1099513328125 0.010203779687500001 0.0908231765625 0.0528715046875 0.090625 0.053528521875 0.090625 0.17321017656249998 0.09066402343749999 0.17338631875 0.09323390312499999 0.175 0.1194073234375 0.175 0.121035740625 0.17369505000000002 0.1385043640625 0.1332016640625 0.1480149375 0.0962883046875 0.14932488125 0.06816330468750001 0.138027815625 0.0096073515625 0.13902620000000002 0 0.11168940000000001 0
1 0.021821021875 0 0.0203125 0.019402315625 0.0203125 0.0323861140625 0.0232603203125 0.052868473437499994 0.035140278125 0.0875 0.0387155171875 0.0875 0.0387155171875 0.0283024953125 0.0335779375 0 0.021821021875 0
1 0.031222785937500004 0 0.0353581625 0.040720371875 0.034418571875 0.0730120390625 0.0307480015625 0.0919622984375 0.009375 0.14612408593749998 0.009375 0.2695917375 0.013391703125000001 0.28646327031249996 0.02137075625 0.303125 0.053832259375000004 0.303125 0.0599333 0.29491771718750004 0.0792356625 0.2479328921875 0.09003520468750001 0.1983737828125 0.088213509375 0.153782375 0.06996204843750001 0.084250728125 0.07075009374999999 0.0571673921875 0.0813328453125 0 0.031222785937500004 0
1 0.6464502484375 0 0.6171875 0.149090671875 0.6171875 0.1625625765625 0.6418201515625 0.27931388125 0.649948840625 0.315625 0.7131475968750001 0.315625 0.732087284375 0.2134484140625 0.732087284375 0.10055449218750001 0.6980401609375 0 0.6464502484375 0
1 0.8974183765625 0 0.89725525625 0.036680687499999996 0.875 0.1033181828125 0.875 0.3005903234375 0.8819957437499999 0.325 0.9161586609375 0.325 0.9301427546875001 0.32264194687500003 0.96197140625 0.21797501874999997 0.9662928671875001 0.1251915140625 0.9397262968749999 0.034207032812499996 0.9430764875000002 0 0.8974183765625 0
1 0.7951958859375 0 0.79695541875 0.013554875 0.777010075 0.121801590625 0.777382725 0.1578351265625 0.78035308125 0.17848988593749998 0.81322559375 0.3140625 0.8638650578125 0.3140625 0.8638650578125 0.068789984375 0.8437082328125 0.01978790625 0.8430185734375 0 0.7951958859375 0
1 0.613312965625 0 0.6132843515624999 0.0269135484375 0.5984375 0.063968975 0.5984375 0.10207704687500001 0.6309832296875 0.0008707781249999999 0.6309978984375 0 0.613312965625 0
1 0.4226478109375 1 0.4226478109375 0.9682610546875001 0.4187441140625 0.9417612109375 0.39196614375 0.8640621296875001 0.384110621875 0.72770535625 0.3725795625 0.7061414234375001 0.35566505625 0.7061414234375001 0.3463843328125 0.7160178421875 0.3453125 0.720111403125 0.3453125 0.7696812703125 0.3550265140625 0.81912316875 0.3611040640625 0.8790910515625001 0.34956845937500003 0.9533950109374999 0.34978933749999996 0.9964096234375 0.3503237671875 1 0.4226478109375 1
1 0.2823669578125 1 0.2823669578125 0.9089007328125 0.25956409375 0.8515250421874999 0.243009428125 0.7346947203124999 0.2309320046875 0.7156992390625 0.22760650937500002 0.7151359828125 0.2201183125 0.7151359828125 0.21118637499999998 0.7221709046875 0.2078125 0.7381800890625 0.2078125 0.74737849375 0.2116955265625 0.7713946328125 0.2286171125 0.825852240625 0.2334674578125 0.8661663859375001 0.2295467796875 0.9423188843750001 0.2335025015625 0.9812259578125001 0.2375368171875 1 0.2823669578125 1
1 0.2721450484375 0.996875 0.28384216093750003 0.996875 0.2911356234375 0.9957419281250001 0.2983261015625 0.9842069546874999 0.30501894531249996 0.9413424015625 0.3073477328125 0.8913424015625001 0.30349619687499996 0.8563973421875 0.28850810625 0.808474784375 0.28485562343750004 0.7860615609374999 0.284696321875 0.6886483390625 0.2778242984375 0.6765403640625001 0.2707754671875 0.6742966781249999 0.26682754375 0.6742966781249999 0.2578125 0.6831076546875 0.2578125 0.7513072046875 0.2614231109375 0.8018050578124999 0.2578125 0.8267911640625 0.2578125 0.9058040203125 0.2670661265625 0.949536615625 0.26896703125 0.9927513390625 0.2721450484375 0.996875
1 0.162792775 1 0.1642457078125 0.9904017609375 0.1646364203125 0.9501740484375001 0.1580362984375 0.9090080281249999 0.1350165125 0.8425545484375 0.13097578906250001 0.740227353125 0.12319699531249999 0.726169696875 0.114684071875 0.7239426328125 0.105147421875 0.730098965625 0.1 0.740834103125 0.1 0.7797249828125 0.1055984890625 0.8083959593750001 0.11043404999999999 0.85660655625 0.1025271359375 0.9139515156249999 0.10049309687500001 0.9570571390625 0.10600863593750001 1 0.162792775 1
1 0.4342545765625 0.9375 0.4355397859375 0.9375 0.4355397859375 0.8358110343749999 0.4257453015625 0.81555836875 0.4146449578125 0.7759183203125 0.40672114375 0.68848209375 0.3951982203125 0.6677514765625 0.3871589734375 0.665611425 0.37968659531250004 0.670415821875 0.3734375 0.6927677359375 0.3734375 0.700640403125 0.37448788125 0.7078909937500001 0.390943603125 0.7456957421875 0.40000115625 0.8470208609375 0.4072962578125 0.878582665625 0.43303834218750004 0.933805240625 0.4342545765625 0.9375
1 0.45002891875 0.871875 0.45002891875 0.7864406421875 0.43420110312500004 0.7460735609375 0.42515603124999995 0.6502947796875 0.41573890156250004 0.6331245984375 0.4070480296875 0.63193573125 0.4015625 0.63703033125 0.4015625 0.6710115859375 0.4099066578125 0.689601896875 0.418271884375 0.7756584562500001 0.4273383796875 0.8157907640625 0.4372918171875 0.8350351875000002 0.4490010265625 0.871875 0.45002891875 0.871875
1 0.855337109375 1 0.8805570312500001 0.9237093468750001 0.8805570312500001 0.811064634375 0.8435608234374999 0.71271701875 0.8585455703125 0.5936487125000001 0.8572547046875 0.5688527406249999 0.8262654484375 0.5528029328125 0.8073759468749999 0.5528029328125 0.7877672953125 0.558106484375 0.7783386796875 0.580567203125 0.7904343828125 0.7188108265625 0.775 0.7589218859375 0.775 0.7656004624999999 0.8125371609375 0.8595733984375 0.8109276140624999 0.9429679562499999 0.795519925 1 0.855337109375 1
1 0.7657749140625001 1 0.7773266624999999 0.9684613546874999 0.7809263015625 0.9292348624999999 0.7963505109375 0.8644907625 0.7798082796875001 0.8350949296875001 0.752216225 0.7613513859375 0.77641110625 0.6225381734375001 0.7665289921875 0.5913364390625 0.7403928546875 0.5869606984375 0.7135191859375001 0.5929583 0.687522215625 0.6277153609375 0.69464545 0.7602721156250001 0.6734375 0.800203559375 0.6734375 0.8700091999999999 0.6948402 0.9464210625 0.6863013 1 0.7657749140625001 1
1 0.7086648921875 1 0.7086648921875 0.8664970640625 0.6753576484374999 0.797970790625 0.6785815453125 0.6443613625 0.65387659375 0.6217520734375 0.63624260625 0.6196017796875 0.6280230765625 0.6196017796875 0.59964563125 0.631139428125 0.58969265625 0.64229245 0.610553840625 0.7891660078125 0.58125 0.8727866687500001 0.58125 0.8893225359375 0.6172652125 0.9800702296875 0.618892065625 1 0.7086648921875 1
1 0.694442359375 0.58634165625 0.6773586484375 0.553357425 0.6510808203125 0.5493784484375 0.6203125 0.5710862125 0.6203125 0.6221136640625 0.667554075 0.640062878125 0.6460043515625 0.7875 0.64953739375 0.7875 0.6792776578125 0.7596749875000001 0.6772206421875 0.6310188359375 0.694442359375 0.58634165625
1 0.5296875 0.6591933703125 0.5530231109375 0.6892983875 0.5458998796875 0.8215433296875 0.5653288640625 0.8703125 0.5668041671874999 0.8703125 0.601762315625 0.8056654203125 0.601762315625 0.7955102765625 0.5865086359375 0.6477563171874999 0.601762315625 0.6217639890625 0.601762315625 0.6187392234375 0.59361289375 0.586485303125 0.5727761453125 0.57583165625 0.5304431515625 0.57583165625 0.5296875 0.576864003125 0.5296875 0.6591933703125