1 0.193056453125 0 0.188700215625 0.00139350625 0.1873790125 0.10009969999999999 0.1703125 0.13760658750000002 0.1703125 0.2383697265625 0.1738128953125 0.2569988875 0.21337223437500002 0.259375 0.220311315625 0.259375 0.24331874999999997 0.20395953281249998 0.2269408390625 0.1050473875 0.2368504203125 0.010928471875 0.2291684390625 0 0.193056453125 0
1 0.3796875 0.0466061359375 0.3702686484375 0.0480265671875 0.359375 0.1376527078125 0.359375 0.24146294531249998 0.36204618437499997 0.2498202890625 0.3796875 0.2524595125 0.3796875 0.0466061359375
1 0.29120726874999997 0.0311964765625 0.2909307875 0.11209426250000001 0.275 0.142533290625 0.275 0.2426228359375 0.282044828125 0.2546875 0.3178307265625 0.2546875 0.3382821484375 0.212912521875 0.320678153125 0.0217751484375 0.318811959375 0.0217751484375 0.29120726874999997 0.0311964765625
1 0.101865390625 0.034962139062499994 0.1132451296875 0.12042164531249999 0.096875 0.1689127640625 0.096875 0.17683230156250002 0.1241344625 0.2546875 0.129025425 0.2546875 0.1586543890625 0.2530618515625 0.1586543890625 0.135725065625 0.1337700546875 0.021199925 0.101865390625 0.034962139062499994
1 0.021875 0.2484375 0.0413411328125 0.2484375 0.057690331250000004 0.24454171093750002 0.07020039375 0.19954419375000002 0.0584928546875 0.0452604640625 0.0336074953125 0.0524117140625 0.021875 0.10977501875 0.021875 0.2484375
1 0.8750271312500001 0.5 0.8771597484375 0.4387115546875 0.8637683875000001 0.3642235265625 0.8660946359375 0.30654893437499997 0.8735069953124999 0.2329741859375 0.8667195062499999 0.20857317812499998 0.8463261124999999 0.209725709375 0.83810914375 0.21657924843749998 0.8348489640625001 0.2255752078125 0.8294035718749999 0.29222369375 0.8309107000000001 0.320037834375 0.8283454546875 0.375688559375 0.8234375 0.3905244296875 0.8234375 0.5 0.8750271312500001 0.5
1 0.7359365656250001 0.5 0.7413346625 0.47327689843750004 0.743319378125 0.4204581765625 0.7424847640625 0.40648740156249996 0.7229050593749999 0.33164798281249996 0.7211824671875 0.2897765984375 0.7244045890624999 0.21334676562500002 0.7156216093750001 0.1940849703125 0.7108735609375 0.192981759375 0.707127746875 0.192981759375 0.69429978125 0.204805521875 0.6921875 0.2140882875 0.6921875 0.24817920624999998 0.6958185234375 0.29541084687499997 0.69534294375 0.3343816234375 0.6921875 0.3487945890625 0.6921875 0.5 0.7359365656250001 0.5
1 0.7597613531249999 0.4124703796875 0.7597613531249999 0.3502189671875 0.743138021875 0.28024635 0.7436015609375 0.1857746328125 0.7383375828125001 0.1698910484375 0.7257729375 0.1645536828125 0.7171875 0.1756050453125 0.7171875 0.2003358171875 0.7275346953125 0.215227671875 0.729156328125 0.28743625625 0.733595896875 0.3332014046875 0.758161675 0.4140625 0.7593341921875 0.4140625 0.7597613531249999 0.4124703796875
1 0.4281124671875 0.41940317499999996 0.45385117499999994 0.38577828125 0.4434564015625 0.34940021875 0.441746225 0.31442290625 0.4450852046875 0.2324784609375 0.4383141484375 0.215900396875 0.434146925 0.212146759375 0.4162686125 0.212146759375 0.4109375 0.2222945359375 0.4109375 0.27335761718749996 0.415579875 0.30253240625 0.41455015156249997 0.3470406203125 0.4109375 0.3707465796875 0.4109375 0.4625 0.41186464687499996 0.4625 0.4281124671875 0.41940317499999996
0 0.6632123484375001 0.5 0.6680214531249999 0.48732921874999996 0.671095409375 0.43455144062500006 0.66568203125 0.40648716093750004 0.650543475 0.37733051875 0.63192800625 0.3632840796875 0.6071316265625001 0.3632840796875 0.591949725 0.37494300625 0.5754615000000001 0.39585003125 0.56875 0.408813184375 0.56875 0.5 0.6632123484375001 0.5
2 1 0.6883615625 0.9944071062500001 0.6883167984374999 0.3796875 0.6883167984374999 0.3796875 0.8178374749999999 0.6006712999999999 0.8151569140625 0.757962965625 0.8169871671875001 0.8072264171875 0.8212666125 0.8142129656249999 0.8176416968750001 0.84395439375 0.8170612140625 0.874087878125 0.8234375 0.915011903125 0.8234375 0.9250965359375 0.8198584953125 1 0.820730075 1 0.6883615625
1 0.8175568328124999 0.5 0.8165837828125 0.5266352984375 0.8046875 0.5690133609375 0.8046875 0.6568353265625 0.8086999890625 0.6571362625 0.8458057265625001 0.659375 0.8680899640625 0.659375 0.8692622328125001 0.6575247875000001 0.86468800625 0.6052907968750001 0.850389421875 0.5293354453125 0.8523999843750001 0.5 0.8175568328124999 0.5
1 0.721875 0.8227332765625001 0.721875 0.850709046875 0.72588561875 0.8671875 0.7667481265625 0.8671875 0.77033516875 0.8574508 0.7751280250000001 0.8232208578125 0.7751280250000001 0.8231005140625001 0.721875 0.8227332765625001
1 0.72273515625 0.5 0.7220540234375 0.5474696125 0.709375 0.59790225625 0.709375 0.651454690625 0.734327059375 0.6546875 0.7729293515625001 0.6546875 0.7733008546875 0.6491984515625 0.759388375 0.5802453703125 0.7554250859375 0.5492646640625 0.75655694375 0.5214868859374999 0.7593002359375 0.5 0.72273515625 0.5