1 0.3331538515625 0 0.3304991359375 0.0953840984375 0.3015625 0.159501534375 0.3015625 0.24114816874999997 0.303176890625 0.2981877515625 0.30673180312500004 0.3393375875 0.34383246875 0.3496497890625 0.3960874046875 0.359375 0.415998209375 0.359375 0.44605469218750005 0.2323534203125 0.440043003125 0.1583798015625 0.41494358125 0.092400140625 0.41813749375000003 0 0.3331538515625 0
1 0.0334090578125 0 0.021875 0.0382667546875 0.021875 0.1438475390625 0.0330299421875 0.193284340625 0.055459028125 0.2111914046875 0.0860077171875 0.2125 0.11654384375 0.2125 0.1395931765625 0.185016021875 0.1520147234375 0.079483 0.1520147234375 0.061158789062499996 0.13299721250000002 0 0.0334090578125 0
1 0.17732529375 0 0.1781059484375 0.0104463859375 0.1734375 0.063656903125 0.1734375 0.08922092968749999 0.1937419765625 0.27342105 0.2183431453125 0.28125 0.273157390625 0.28125 0.2799208390625 0.280317825 0.2799208390625 0.08469713125 0.2644480640625 0.04197009375 0.26149088125 0 0.17732529375 0
1 0.26120120468749997 0 0.26260066718749997 0.0300470359375 0.289445284375 0.146875 0.3125507234375 0.146875 0.3158366265625 0.1256574046875 0.31875 0.1034163859375 0.31875 0 0.26120120468749997 0
1 0.51875 0 0.4625 0 0.4625 0.010340835937499999 0.47152031718750004 0.1293809125 0.49064521406250006 0.1484018328125 0.49115527812500004 0.1484375 0.5041119375 0.1484375 0.51875 0.0500358828125 0.51875 0
1 1 0.4796875 1 0.10758382500000001 0.9837538640624999 0.10758382500000001 0.980712890625 0.11179441406249999 0.986181640625 0.26495460312499997 0.9671875 0.352868715625 0.9671875 0.4267243984375 0.96970856875 0.4796875 1 0.4796875
1 0.966318796875 0.4796875 0.966318796875 0.375344259375 0.9460690125 0.30293315781249996 0.9437520859374999 0.25015083437499996 0.9462707218750002 0.1487937625 0.9400341328125 0.12237305624999999 0.9315683265625001 0.1132975546875 0.9074304015625 0.11593443125 0.8989915953125 0.1346321625 0.898318171875 0.165178628125 0.9067100359375001 0.23882609999999999 0.9087710765624999 0.3096594328125 0.8921875 0.39928017968749996 0.8921875 0.42502235781250003 0.8950052296875001 0.4539993390625 0.9021002828124999 0.4796875 0.966318796875 0.4796875
1 0.882336934375 0.3924122 0.8643938406250001 0.3326397703125 0.8617210484375001 0.278514046875 0.8633097124999999 0.1671163328125 0.8596512015625001 0.152002328125 0.8501090640625 0.136500959375 0.8311650593750001 0.13192804687499998 0.8228138140624999 0.13932287031249999 0.8140625 0.1631266796875 0.8140625 0.17805583593750002 0.8253313406250001 0.33468695 0.816673390625 0.4005379390625 0.8622985312499999 0.41832257031250003 0.8793261390625 0.4375 0.882336934375 0.4375 0.882336934375 0.3924122
1 0.7824818312499999 0.4078125 0.7915754421875001 0.4078125 0.8075493140625 0.39903591875 0.815625 0.3556679578125 0.815625 0.33259683125 0.8153350046875 0.32964146875 0.8023340078124999 0.28651319062499997 0.8001412218749999 0.23233743437499998 0.803600471875 0.1268091515625 0.799995959375 0.119149809375 0.7648558703124999 0.1203341640625 0.75941944375 0.12308012500000001 0.7578125 0.12965492812499999 0.7578125 0.1502345453125 0.768260934375 0.1779889640625 0.7716445140625 0.200229365625 0.7668975046875 0.32935966875 0.7728672515625 0.372447040625 0.7810676187500001 0.405825825 0.7824818312499999 0.4078125
1 0.7690519531250001 0.4796875 0.7723904984375001 0.4630476984375 0.7773701328125 0.4546358890625 0.7773701328125 0.3265022734375 0.776037984375 0.317118915625 0.7727407125 0.1990224546875 0.763036196875 0.168507803125 0.747307196875 0.15400855625 0.737932196875 0.1540630984375 0.72772376875 0.1624600640625 0.721875 0.1853972796875 0.721875 0.21562665781249998 0.72197661875 0.21738253593749998 0.7362292578125 0.2909481953125 0.7430861078125 0.36038809375 0.7404814703125 0.40209112343750003 0.7325295921875 0.4452148546875 0.73166795 0.4796875 0.7690519531250001 0.4796875
1 0.70497055 0.4796875 0.7248662453125 0.3682821046875 0.7248662453125 0.36585445 0.713880034375 0.31724426562499997 0.7121720890625001 0.2922897328125 0.7168489671875 0.156019496875 0.7128376734375 0.1380776 0.7045577859375001 0.1251218421875 0.6803471171875 0.127215425 0.6722045921875 0.13787077812499998 0.6691603953125 0.1518505953125 0.6763800343749999 0.3183354046875 0.6580986953125001 0.39943652812499997 0.653125 0.43924041875000003 0.653125 0.4796875 0.70497055 0.4796875
1 0.6475883875 0.4796875 0.6475883875 0.39546130625 0.6298151140625 0.3347549125 0.6261216968750001 0.2848141125 0.6277075546875001 0.21773305 0.625523428125 0.18023305 0.61703609375 0.15576584531249998 0.604239121875 0.1448778828125 0.5858126968749999 0.1518542296875 0.5796875 0.17207508437500002 0.5796875 0.21238597656249997 0.5800513046875 0.221344225 0.59312405 0.35148538125 0.5796875 0.4334349609375 0.5796875 0.4796875 0.6475883875 0.4796875
1 0.5704632859375 0.4796875 0.57341678125 0.42816045156250004 0.57947105 0.391451128125 0.57947105 0.27138493750000003 0.57815415625 0.26207598125 0.57505409375 0.1787790359375 0.5780596921875001 0.142886246875 0.575686090625 0.1337675015625 0.5700879640625 0.1307350125 0.534996403125 0.1304864734375 0.5310553140625001 0.13792523125 0.5415747578125 0.22988299531249998 0.5454610578125 0.29658605 0.528125 0.4149257546875 0.528125 0.42419900468750005 0.530696809375 0.4649752625 0.533066871875 0.4796875 0.5704632859375 0.4796875
1 0.51875 0.4796875 0.4921875 0.4796875 0.4921875 0.5262387375 0.5018124296875001 0.5833738984375 0.509517125 0.6077226343750001 0.5144679234375 0.609375 0.51875 0.609375 0.51875 0.4796875
1 1 0.4796875 0.9687022953125 0.4796875 0.95625 0.5386697625 0.95625 0.5967909015625 0.958349609375 0.6230661921875 0.959130859375 0.682843046875 0.964599609375 0.71933656875 0.9765336515625 0.7578125 1 0.7578125 1 0.4796875
1 0.8983251781250001 0.4796875 0.8987556296874999 0.4944811234375 0.884375 0.5747446 0.884375 0.6497024812500001 0.888653734375 0.7110523437499999 0.9082659859375 0.7944856703125 0.9156079312500001 0.8 0.9467277218749999 0.8 0.9527972359374999 0.7947447453125001 0.9583019390625 0.7628808296875 0.9583019390625 0.5682070234375 0.9368752265625 0.489148284375 0.9364790281250001 0.4796875 0.8983251781250001 0.4796875
1 0.811290328125 0.4796875 0.812931278125 0.5266781484374999 0.7984375 0.61078531875 0.7984375 0.6721166265624999 0.8002976453125001 0.6803976281249999 0.8065267140625 0.7691227421875 0.8245282656249999 0.8363594265625001 0.825230365625 0.8375 0.8659470953125 0.8375 0.8705250140625 0.831165978125 0.8736006171875002 0.8116742921875 0.8736006171875002 0.58976065 0.8514117656250001 0.507964303125 0.849892634375 0.4796875 0.811290328125 0.4796875
1 0.7162957828125001 0.4796875 0.7196450375 0.5423350484375 0.7109375 0.5876753 0.7109375 0.61391741875 0.7334972546875 0.625048934375 0.7576890046875 0.6564375625000001 0.777020809375 0.7065466468749999 0.7828289421875001 0.7357451296875 0.7847631484375001 0.7676986640625 0.7865321453125 0.76875 0.7873171546875 0.76875 0.7879623671875 0.7675825578125 0.7879623671875 0.66758636875 0.7569834249999999 0.528664325 0.756413528125 0.4796875 0.7162957828125001 0.4796875
1 0.6796263828125 0.4796875 0.6821852828124999 0.50095421875 0.6689898140625 0.5913547140625 0.6675138046875 0.6191552203125 0.6682625296875 0.621875 0.67893278125 0.621875 0.6983646015625 0.6099433609375 0.7138693109375 0.60826314375 0.7138693109375 0.4796875 0.6796263828125 0.4796875
1 0.7574077671875 0.4796875 0.7567193031249999 0.490384075 0.758556534375 0.5375608328125 0.7807115390625 0.6296875 0.782757759375 0.6296875 0.803307940625 0.5365982890625001 0.803307940625 0.5126204999999999 0.793147753125 0.4796875 0.7574077671875 0.4796875
1 0.5754997984375 0.4796875 0.5813425953125 0.5341660234375001 0.565625 0.6344861125 0.565625 0.700943259375 0.5697155546875 0.738719790625 0.5805211171875 0.78951668125 0.5984113453125 0.85 0.6322811953125 0.85 0.6322811953125 0.8226876578125001 0.6250523671874999 0.7861423078125 0.6237835921875 0.7374127968749999 0.6304891046875 0.69086906875 0.6322811953125 0.6861749421875001 0.6322811953125 0.568289309375 0.6183572328125 0.5229911125 0.6151730859375 0.4796875 0.5754997984375 0.4796875
1 0.534309321875 0.4796875 0.534553878125 0.48493822656249996 0.518968628125 0.568750765625 0.51875 0.57228219375 0.51875 0.64571835625 0.5293437328125 0.7078215921875 0.547421909375 0.7779573937500001 0.5589578078125 0.7859375 0.568515353125 0.7859375 0.568515353125 0.7531332468749999 0.5648831265625 0.7344226328125 0.5593696375 0.666257915625 0.5624449109375 0.6151237375 0.568515353125 0.5811145609375 0.568515353125 0.4796875 0.534309321875 0.4796875
0 0.73295770625 0.9171015640625001 0.762949421875 0.8888669140625 0.7772790203125 0.8576221828125 0.7772790203125 0.707436678125 0.7644498093750001 0.670605653125 0.7455648390625 0.6402558015625 0.7295556453125001 0.623157225 0.6957501484375 0.607303675 0.692062571875 0.607303675 0.6624695484374999 0.6115027796875 0.6347244625 0.6384167406250001 0.6162993828125 0.6815416093750001 0.6111134265625 0.7077259093749999 0.6109375 0.711844696875 0.6109375 0.7614696953125 0.6177133390625 0.81325873125 0.6348836953125 0.858112353125 0.6663615 0.9013031843749999 0.696812696875 0.91875 0.7238669 0.91875 0.73295770625 0.9171015640625001