1 0.17409779375 0.3796875 0.1770912890625 0.24624970156249998 0.1676819484375 0.22816161250000003 0.1548637375 0.2238431484375 0.13859586875000002 0.2262976921875 0.1270123171875 0.2342979359375 0.1258905546875 0.26691936250000003 0.132775659375 0.3796875 0.17409779375 0.3796875
1 0 0.3796875 0.073338315625 0.3796875 0.054732187499999994 0.274610771875 0.06033145937499999 0.1543921921875 0.048173784375 0.1487365890625 0.0409949171875 0.1487365890625 0.028223021874999997 0.1555094671875 0.021858479687499998 0.1924586171875 0.0212413765625 0.2925285109375 0 0.361282875 0 0.3796875
1 0.3125 0.3796875 0.3125 0.3740157875 0.2945368140625 0.3049719359375 0.293211759375 0.1629165890625 0.28037723125 0.1500043484375 0.26182560781249997 0.1490755625 0.24976621875 0.1681272 0.24687882656250001 0.1900320234375 0.2577915328125 0.29383141562500004 0.2384540578125 0.3647427328125 0.23887623750000003 0.3796875 0.3125 0.3796875
1 0.3890625 0.3796875 0.3890625 0.23985154375 0.38610161249999997 0.226092725 0.3784144921875 0.1775722625 0.3841387046875 0.10576833906250001 0.36729501875000004 0.07772136562500001 0.3548800453125 0.07772136562500001 0.34817489375 0.07861471249999999 0.34117138593749996 0.10333999062500002 0.34271928749999997 0.13657405 0.3526107984375 0.2106515484375 0.33071942656250003 0.2878949328125 0.33064623593750003 0.3645034734375 0.34877908125 0.3796875 0.3890625 0.3796875
1 0.4100454328125 0.2325223109375 0.4093852125 0.27786746562500003 0.4271810625 0.30264803906250004 0.43385230625000004 0.303125 0.465625 0.303125 0.465625 0.18989415781250002 0.45999801093750003 0.1719243375 0.45477573437499996 0.1421479359375 0.45435207968749997 0.0949475984375 0.4578360640625 0.049078590625 0.4327674859375 0.0242133921875 0.4171995234375 0.0376841875 0.408859490625 0.052466820312499995 0.4268830140625 0.1415516359375 0.4100454328125 0.2325223109375
1 0.24362408593749998 0.3015625 0.2479430515625 0.1642128359375 0.2625 0.1377511703125 0.2625 0.1344130453125 0.257781059375 0.0361679640625 0.238076034375 0.0319962515625 0.230428853125 0.0487178859375 0.22740149999999998 0.066552884375 0.22985660624999998 0.1470785421875 0.211166125 0.233769384375 0.2109375 0.2730667015625 0.2109375 0.2884626953125 0.2350516765625 0.3015625 0.24362408593749998 0.3015625
1 0.0949772390625 0.24737861562500002 0.0780672921875 0.1917809375 0.081374159375 0.049704434375 0.06497505625 0.035297696875 0.0505286625 0.045352317187500005 0.044422935937500005 0.0674951734375 0.057596104687500004 0.289188725 0.06159575625 0.3046875 0.0866566984375 0.3046875 0.0949772390625 0.24737861562500002
1 0.1413613890625 0.088936465625 0.13149837656250002 0.09871734062500001 0.1281279625 0.1230160234375 0.1448679203125 0.20625 0.1734375 0.20625 0.1734375 0.1093230109375 0.156727503125 0.092763675 0.1413613890625 0.088936465625
2 0.46875 0 0.46875 0.0484375 0.9484375 0.0484375 0.9484375 0 0.46875 0
0 0.5251996921875 0.253125 0.54633925625 0.253125 0.5696503765625 0.248152190625 0.5862042421875 0.23306046406249997 0.6093199140625 0.1719292078125 0.609375 0.17158933125 0.609375 0.10174574218750002 0.5257366234374999 0.10174574218750002 0.4880088234375 0.1041279375 0.4779307390625 0.13260318437500002 0.4779307390625 0.17144493593750001 0.48076365781249997 0.1871559859375 0.4884103015625 0.2126695234375 0.4971185171875 0.2321281515625 0.5099270484375 0.24723818125000002 0.523166834375 0.25308894843749996 0.5251996921875 0.253125
1 0.0066605 0.46526409375 0.004787484375 0.46871331875 0.0050279375 0.4719010859375 0.0051056828125 0.478538078125 0.005572134375 0.4837923609375 0.0058053453125 0.48835529062500005 0.0050279375 0.4913972453125 0.0045615000000000005 0.496651528125 0.00308441875 0.5002465625 0.0029289390625 0.5100637812500001 0.0033176421875 0.51545633125 0.004172796875 0.521816784375 0.005883090625 0.5285920468749999 0.0102365796875 0.5285920468749999 0.011558171875 0.526794525 0.012491059375 0.520434078125 0.013268467187499999 0.51158475625 0.0129575078125 0.5019058109375 0.011558171875 0.49623671874999997 0.010003356250000001 0.4913972453125 0.0099256109375 0.48669604218749996 0.0102365796875 0.478814615625 0.010392059375 0.4703801078125 0.009225946875 0.46664680000000003 0.0066605 0.46526409375
1 0.0671875 0.52725694375 0.069140625 0.5307291671875001 0.0734375 0.530034721875 0.0749151453125 0.5246901312500001 0.07584803125 0.5205420125 0.0763144765625 0.5165321734375 0.0762367359375 0.512798859375 0.0764699609375 0.504779175 0.075 0.4953125 0.072971625 0.4903990171875 0.0734375 0.4842013890625 0.0735158078125 0.4809966140625 0.0735158078125 0.4713176703125 0.0708726203125 0.46744609375 0.06796875 0.4689236109375 0.067840728125 0.4713176703125 0.0671875 0.47309027812500004 0.0671875 0.47725694374999994 0.0675297703125 0.47919909687499995 0.06846265781250001 0.48459165468750004 0.06796875 0.49114583281249996 0.06581946875 0.5032581890625 0.06605269375 0.5094803625 0.065625 0.51336805625 0.065625 0.5189236109375 0.06640625 0.5203125 0.0671875 0.52725694375
1 0.082249603125 0.47303296875 0.0809011828125 0.47408308281250006 0.08183407031249999 0.47906082968749997 0.0820672953125 0.48569781875 0.0824559984375 0.49302617031249996 0.080667959375 0.5014606671874999 0.0793463671875 0.50906555625 0.0791908875 0.5190210390625 0.080123775 0.5256580328125 0.082611478125 0.5311888578125 0.087742375 0.5307740421875 0.0889862265625 0.52717900625 0.089996853125 0.52040374375 0.09061878125 0.51086306875 0.0899191125 0.50381126875 0.08820881875 0.49855699531250003 0.0867317421875 0.494132325 0.08657626406249999 0.490537290625 0.08680948125 0.4830706734375 0.08719818593749999 0.47836947500000004 0.08696496718749999 0.4725621078125 0.085721109375 0.470764590625 0.0838553359375 0.470349775 0.082249603125 0.47303296875
1 0.40273196875000006 0.5002453499999999 0.40302529218750005 0.49520210468750003 0.40282974375 0.4929413546875 0.4015586578125 0.4840721921875 0.400385346875 0.47937675625000004 0.4011675515625 0.464420928125 0.40067867812499997 0.46007330468749996 0.3981365078125 0.45885597499999997 0.396875 0.46059027812500003 0.396875 0.47864583281249995 0.39609375 0.48003472187499996 0.39609375 0.4842013890625 0.39375 0.4953125 0.39375 0.5064236109375 0.39453125 0.5078125 0.39453125 0.51336805625 0.3953125 0.5161458328124999 0.397265625 0.51961805625 0.40078125 0.5203125 0.402734375 0.51961805625 0.40302529218750005 0.51137526875 0.40273196875000006 0.5002453499999999
1 0.42064702968749995 0.4938108796874999 0.41966927187499997 0.48737638125 0.41849596718750004 0.48198533125000004 0.4189848453125 0.4757247484375 0.41918039374999994 0.46929027031250004 0.4188870640625 0.464942646875 0.41790930781249996 0.460421115625 0.4156604703125 0.46094282968750006 0.41292274687499997 0.46511655 0.4140625 0.47725694374999994 0.41399827968749997 0.4832026671875 0.41328125 0.49253472187499997 0.4125 0.4939236109375 0.4125 0.5175347218749999 0.41399827968749997 0.5225051875 0.418359375 0.5223958328125 0.4203125 0.5217013890625 0.42064702968749995 0.51676631875 0.42045148125000004 0.5103318421875 0.420842578125 0.5023322046875001 0.42064702968749995 0.4938108796874999
1 0.46875 0.48844228593750005 0.468459346875 0.48615904531250004 0.46621050156250005 0.47728990937500004 0.46669938125000004 0.46389921406249995 0.4665038328125 0.45659520625 0.46562385624999997 0.4558995890625 0.46328125 0.4578125 0.4625 0.4592013890625 0.46200614375000004 0.48042018281250004 0.4601484125 0.4880720046875 0.46005062968750005 0.4981584953125 0.46171875 0.5119791671875 0.462890625 0.516840278125 0.4669927109375 0.5171141234375 0.4678726859375 0.5117230734375 0.46875 0.507225478125 0.46875 0.48844228593750005
1 0.40480736874999995 0.48859373125000005 0.404122934375 0.4985063 0.40402516093749996 0.506505925 0.40529624843749995 0.5164185156250001 0.40813173750000004 0.5171141234375 0.412140546875 0.5162446 0.4117494421875 0.5101579265625 0.4113583390625 0.5052885953125 0.41253164375000007 0.497288978125 0.41253164375000007 0.4918979140625 0.41223832031249996 0.48668076562499996 0.4105761296875 0.481811421875 0.40998947656249995 0.47763770625 0.41096723281249997 0.4724205578125 0.41155388593750003 0.4663338859375 0.4113583390625 0.4585081640625 0.407447309375 0.45885597499999997 0.4045140390625 0.4602472125 0.40490514375000003 0.4682468375 0.4058829015625 0.47694208437499996 0.4069584328125 0.48042018281250004 0.40480736874999995 0.48859373125000005
1 0.3798745640625 0.5192009921875 0.3831011609375 0.517809746875 0.38476334687499997 0.5108535484375001 0.385447778125 0.5019844 0.3857411046875 0.49311524375 0.384861121875 0.48876761875 0.3826122828125 0.4812897078125 0.382807834375 0.47676818125000003 0.3830033859375 0.46546436093750004 0.382710059375 0.4585081640625 0.378407928125 0.460421115625 0.3798745640625 0.5192009921875
1 0.425242484375 0.48302875781250004 0.4229936484375 0.48946325625 0.42172256093750005 0.49607162968749996 0.42211366562499997 0.5044190703125 0.4228958734375 0.5141577453125 0.42494916250000003 0.5190270890625 0.42934906718750004 0.5198966140625 0.42983794687500004 0.5160706968750001 0.4299357203125 0.509810121875 0.42974017187499997 0.504071253125 0.42974017187499997 0.4974628671875 0.4309134765625 0.4912023046874999 0.4304246 0.48755029062500005 0.4291535125 0.48042018281250004 0.42925129375 0.47711599375 0.42983794687500004 0.46737731250000003 0.42964239062500004 0.4607689265625 0.4272957796875 0.45868206562499997 0.4247536046875 0.45833425468750005 0.42406917968749996 0.459551590625 0.42358029999999997 0.4705076 0.42455805625 0.47728990937500004 0.425242484375 0.48302875781250004
1 0.44069104687499994 0.51572289375 0.44215768281249995 0.52111394375 0.4475353453125 0.5216356640625 0.448513103125 0.5183314671875 0.4492953125 0.508940596875 0.4492953125 0.499549728125 0.44900198125 0.49311524375 0.44714424062499997 0.48650685625 0.447437571875 0.4795506578125 0.44782867499999995 0.4734639859375 0.44792645000000003 0.46511655 0.44694869375 0.46094282968750006 0.44469985 0.458160353125 0.44147325625 0.4623340734375 0.44147325625 0.46946417343749997 0.44235323125 0.47711599375 0.442842109375 0.48424610625 0.4409843765625 0.49050666875 0.44010439375 0.5032017296875 0.44069104687499994 0.51572289375
1 0.457410690625 0.5190270890625 0.458681778125 0.5129404171875 0.45917065468749996 0.4998975453125 0.45917065468749996 0.48998495625 0.45829068125 0.48528952031249994 0.45701959375 0.47868113437500004 0.4580951171875 0.4708554109375 0.4580951171875 0.4637253109375 0.457410690625 0.457290828125 0.4526196859375 0.46094282968750006 0.45134860000000004 0.469811984375 0.45278093906250005 0.4790915453125 0.452717453125 0.48372438124999995 0.45105526874999996 0.490680578125 0.45027306093749997 0.49920192343750003 0.4504686234375 0.51050574375 0.45193526093749997 0.5192009921875 0.457410690625 0.5190270890625
1 0.43795332499999995 0.523548615625 0.4390288625 0.51311431875 0.43971329062500003 0.502680021875 0.4390288625 0.49241962812499995 0.437660003125 0.48789809375 0.43678001875000005 0.4821592328125 0.43697556875 0.47294227187499993 0.437366671875 0.464247025 0.433944521875 0.462160165625 0.43169568593749996 0.4640731234375 0.43130458125000004 0.47450741875 0.4323668734375 0.48278590781249997 0.4332600953125 0.48615904531250004 0.43169568593749996 0.4910283890625 0.43003349375 0.5014626796874999 0.4304246 0.5150272703125001 0.4322823390625 0.524418140625 0.43795332499999995 0.523548615625
1 0.2365348546875 0.476369328125 0.2370237328125 0.470108753125 0.236339303125 0.46541331875 0.23536154531250003 0.46315255625 0.2323305 0.464195984375 0.231841621875 0.4695870390625 0.23272160468749997 0.477238853125 0.2333082578125 0.4824560015625 0.23272160468749997 0.48732534375 0.23125496874999998 0.491499059375 0.229201678125 0.5038463140625 0.23018205625000002 0.5123408031250001 0.23976145624999998 0.5104547015625001 0.238979246875 0.5007160203125001 0.2380992640625 0.49341201874999996 0.23692595781249998 0.48715143593750004 0.2366326296875 0.4819342875 0.2365348546875 0.476369328125
1 0.2579477328125 0.503498503125 0.257654403125 0.5142806109375 0.260587675 0.521758521875 0.264400928125 0.5215846140625 0.2659653375 0.5182804234375 0.26684532031249997 0.51219375 0.26694309375 0.50141165625 0.26625866875000004 0.49271639531249994 0.26488980624999997 0.48749924687499996 0.263814275 0.4840211484375 0.2640098234375 0.47949962187499995 0.2652809109375 0.4735868515625 0.26498758125 0.46628284375 0.2641076046875 0.46193521875 0.2608810046875 0.46210913124999997 0.258925490625 0.465935034375 0.2593165953125 0.4735868515625 0.260392125 0.4831516234375 0.261076553125 0.48489067343750003 0.25960991718750004 0.49219468125 0.2579477328125 0.503498503125
1 0.27417849843750003 0.513758890625 0.278773959375 0.5097590796875 0.28229388437499997 0.5090634625 0.28229388437499997 0.50280288125 0.2827827625 0.49497715781250007 0.282000553125 0.488890484375 0.2806316921875 0.48454286093750004 0.2807294734375 0.48176038437499996 0.2812183515625 0.47480418750000003 0.281902778125 0.4688914171875 0.2813161265625 0.46454379375 0.2794583859375 0.46193521875 0.2764273421875 0.46384818125000005 0.2753518109375 0.4680218921875 0.2753518109375 0.47480418750000003 0.2761442625 0.48387248437499997 0.27486293281249996 0.491499059375 0.273200740625 0.5048897546875 0.273396296875 0.5174108984375 0.27417849843750003 0.513758890625
1 0.2897248359375 0.4859341 0.29021371406249996 0.47393466249999994 0.2885515296875 0.465935034375 0.2850315984375 0.466978465625 0.2847382765625 0.47428247343749996 0.28519001718750003 0.48430711562499995 0.2853249296875 0.48749924687499996 0.2834671890625 0.5021072656250001 0.28483605 0.5090634625 0.2866937890625 0.518628234375 0.29168035 0.5210629 0.2917781234375 0.5158457515625 0.29187589687500004 0.5043680281249999 0.29060481718750003 0.49358591875 0.2897248359375 0.4859341
1 0.29598248125 0.5087156515625 0.2952002734375 0.4967162078125 0.293049209375 0.4902817234375 0.292071453125 0.4791518109375 0.2929514359375 0.4737607546875 0.2922670015625 0.46384818125000005 0.29021371406249996 0.46037008124999995 0.28739033593749996 0.4634448375 0.290018165625 0.46941313124999995 0.2907025921875 0.47776057187500004 0.290018165625 0.48523848437500006 0.2911914703125 0.49428154375 0.2924625578125 0.5074983296875 0.29256033124999997 0.51880215 0.29344031406250004 0.5191499484375 0.29598248125 0.5087156515625
1 0.300773484375 0.5073244140625001 0.302142353125 0.5125415609375 0.30341343906249996 0.521758521875 0.30947553125 0.5212368078124999 0.3105510546875 0.510106903125 0.3113332625 0.49984649531249997 0.31143104374999997 0.49219468125 0.3103555046875 0.48819486874999996 0.3091822 0.4824560015625 0.3092799828125 0.47880399999999995 0.30947553125 0.47236951562499996 0.30908441875000003 0.46489160468749996 0.308693321875 0.4626308375 0.30644447656249996 0.4626308375 0.30478229375 0.46384818125000005 0.304293415625 0.4666306546875 0.3045867453125 0.4734129484375 0.304880075 0.4808908609375 0.30380453749999997 0.4869775328125 0.3013601453125 0.496368396875 0.300773484375 0.5073244140625001
1 0.322773015625 0.50541145625 0.3226752484375 0.4941076328125 0.32179525781249996 0.48732534375 0.32042640625 0.4814125734375 0.3205241859375 0.47949962187499995 0.3208175015625 0.4640220796875 0.3205241859375 0.46002226406249996 0.31719980468750003 0.46037008124999995 0.315342071875 0.46297865624999995 0.315342071875 0.46645675468750003 0.3155376203125 0.47549980312500006 0.3159944765625 0.4823512765625 0.31416876718750003 0.48732534375 0.31260434843749996 0.49602059218749994 0.3127998984375 0.5057592796875 0.315342071875 0.5191499484375 0.31983974531250003 0.519671675 0.322773015625 0.50541145625
1 0.1034137203125 0.5318450140625 0.10497813125 0.520019471875 0.10497813125 0.5073244140625001 0.1026315203125 0.49862916718749994 0.101164884375 0.49219468125 0.1018493125 0.4861080078125 0.1029248421875 0.48071695156250005 0.10282706875 0.47393466249999994 0.09950269375000001 0.470108753125 0.095493890625 0.4730651375 0.095689440625 0.4821081953125 0.09696052656250001 0.49236858437500003 0.095591665625 0.49967259375 0.094613909375 0.514802325 0.0958849953125 0.530975490625 0.10067600624999999 0.53480139375 0.1034137203125 0.5318450140625
1 0.1201333640625 0.5255844265625 0.12042669375 0.513063275 0.1182756328125 0.49758573125000005 0.11661344062500001 0.49393373125 0.11739565 0.4859341 0.11720009375 0.4744563765625 0.1140541375 0.4719201375 0.11045357656250002 0.4751519984375 0.1107468984375 0.48558629531249997 0.1121157609375 0.4958466828125 0.1096713671875 0.5021072656250001 0.10840027968749999 0.5134110859375001 0.1095735921875 0.5262800484375 0.11192021249999999 0.5365404437500001 0.11661344062500001 0.5361926374999999 0.1201333640625 0.5255844265625
1 0.1239466171875 0.49967259375 0.12218665937499999 0.50593316875 0.1212089015625 0.5125415609375 0.122284434375 0.5245409984375 0.1266843390625 0.5339318687500001 0.1303998109375 0.5327145390625 0.133137534375 0.5241931937500001 0.134213065625 0.5128893671875 0.1329419859375 0.50054211875 0.1301064890625 0.4932381078125 0.1301064890625 0.488890484375 0.130888690625 0.48176038437499996 0.13118202031249998 0.4753259015625 0.1296176109375 0.4695870390625 0.12823396874999998 0.46974698281249994 0.12599990625 0.46993485 0.1249243734375 0.4784561890625 0.1253154796875 0.48749924687499996 0.1256088078125 0.49341201874999996 0.1239466171875 0.49967259375
1 0.1353863796875 0.50245506875 0.1348975 0.5128893671875 0.1356797015625 0.5210629 0.13783077187499998 0.5268017687500001 0.1395907296875 0.5311493921875 0.143208434375 0.5302798671875 0.1450661671875 0.5245409984375 0.14711946250000002 0.5174108984375 0.1462394796875 0.50767221875 0.1445772890625 0.49654230625 0.14301287812500002 0.4902817234375 0.1438928609375 0.481238671875 0.14447951406249998 0.4721956140625 0.143110653125 0.46732627656250003 0.1402134796875 0.468008459375 0.13802631875 0.4706304671875 0.13783077187499998 0.4808908609375 0.138515196875 0.48906439375 0.1369507890625 0.49723792031249997 0.1353863796875 0.50245506875
1 0.1594391984375 0.517932625 0.15983029531249998 0.5064548890625 0.157385903125 0.49167296875 0.1562125984375 0.4859341 0.1575814671875 0.477238853125 0.15679925781249998 0.46767408125000004 0.153782109375 0.466052621875 0.151030490625 0.46767408125000004 0.1505416125 0.4758476140625 0.151812690625 0.4861080078125 0.15015050624999998 0.4932381078125 0.1483905421875 0.50280288125 0.1493682984375 0.513758890625 0.151030490625 0.5248888171875 0.1564081453125 0.52854081875 0.1594391984375 0.517932625
1 0.73125 1 0.73125 0.959443125 0.7258226734375001 0.9476006609375001 0.718746634375 0.9433106468750001 0.7098924671875 0.9437230359375001 0.7008890234375 0.9529195937499999 0.6931262984375 0.974531246875 0.6929842515625 0.9775810515625001 0.6929842515625 1 0.73125 1
1 0.6359375 1 0.6359375 0.958968109375 0.6332100984375 0.9543268984375001 0.6263422921874999 0.948928934375 0.6185297921874999 0.9491107718750001 0.6090802390625 0.9599831875 0.6051883296875 0.9758209078124999 0.6068266437500001 1 0.6359375 1
1 0.5671875 1 0.5671875 0.961501096875 0.5655335765625 0.9578205593749999 0.556422675 0.9507930484374999 0.5474175953125 0.9539810546874999 0.53983928125 0.9669974578125 0.5387025546875 0.9821565187499999 0.5387025546875 1 0.5671875 1
1 0.925 1 0.925 0.9889810921875 0.9236339781249999 0.9718844109375 0.9200239671875 0.9579773406250001 0.9061768718749998 0.9416963703124999 0.891234375 0.9462381265625 0.8871144671875001 0.9550086656250001 0.8846038125 0.972583078125 0.88641768125 1 0.925 1
1 0.790625 1 0.790625 0.9573117921875 0.78989895 0.9527040984374999 0.783065090625 0.9459490890625 0.77581655 0.94708718125 0.7708669703125001 0.9527942843750001 0.766587503125 0.9672901046875001 0.7660202187499999 0.9775055984375001 0.7686549406250001 1 0.790625 1
1 0.95625 1 0.95625 0.9674577640625 0.9514312546875001 0.9529387390625 0.9431873218749999 0.9454404249999999 0.936416490625 0.9453616390625001 0.9293228015625001 0.9531441328125 0.9309052031250001 0.9892491828125 0.9290064640625001 1 0.95625 1
1 0.984375 1 0.984375 0.9607954796874999 0.9836110109374999 0.9572778875000001 0.977683378125 0.9463856812500001 0.9704078718750001 0.9433107906250001 0.9612475 0.9508097703124999 0.9589271421875001 0.991465621875 0.9601501734374999 1 0.984375 1