1 0.496280828125 0 0.49574175 0.0809101828125 0.4845917375 0.12214436718749999 0.4845917375 0.3828125 0.51652731875 0.3828125 0.518882384375 0.380589546875 0.54020364375 0.2926107109375 0.5453125 0.21288810156250002 0.5453125 0.2039221296875 0.5278422171875 0.093932403125 0.5358282953125 0 0.496280828125 0
1 0.438583325 0 0.4397126625 0.102552246875 0.423530475 0.168775390625 0.423530475 0.344098953125 0.42717845312499997 0.3720876203125 0.450938740625 0.378125 0.45928900156249997 0.378125 0.46770645312500003 0.37368333125 0.476779978125 0.3373448984375 0.4727505640625 0.2292388859375 0.48125 0.16102209375 0.48125 0.158361403125 0.47017617968750003 0.07946620625 0.47621468125 0 0.438583325 0
1 0.5780669484375001 0 0.5858540015625 0.098162659375 0.5710104281249999 0.179719271875 0.5743242562499999 0.293608159375 0.5919115390624999 0.3625 0.61875 0.3625 0.61875 0.1196893515625 0.6141406515625001 0.10208011875 0.6135637125 0 0.5780669484375001 0
1 0.395074421875 0 0.40753311718749996 0.0947060015625 0.39678163906249997 0.199060003125 0.400481325 0.2684043171875 0.4234733828125 0.366627834375 0.432040696875 0.36875 0.4328125 0.36875 0.4328125 0.05246405 0.43089108906250007 0 0.395074421875 0
1 0.3444900171875 0 0.3431066015625 0.0026677 0.354888534375 0.1084051125 0.3417093140625 0.243925190625 0.3660984828125 0.3609375 0.378125 0.3609375 0.378125 0.0037337484375 0.376683340625 0 0.3444900171875 0
1 0.5412913046875001 0 0.5366564125 0.04129595625 0.5366564125 0.0981607203125 0.538515128125 0.1078125 0.5393585125 0.1078125 0.546875 0.029309040624999998 0.546875 0 0.5412913046875001 0
1 0.678892953125 0 0.6685696359375 0.108095853125 0.705797084375 0.295147409375 0.6974287312499999 0.438240184375 0.7066746625 0.4609375 0.7765625 0.4609375 0.7765625 0.10208629843749999 0.749951415625 0.01584846875 0.749265190625 0 0.678892953125 0
1 0.78344261875 0 0.7857568 0.0204902171875 0.77436493125 0.09736043125 0.8078753984375 0.2218581765625 0.794974815625 0.417060403125 0.8048788515625 0.4296875 0.8744667671874999 0.4296875 0.8796875 0.41152699375 0.8796875 0.1069328359375 0.852204296875 0.037863978124999996 0.851569815625 0 0.78344261875 0
1 0.8526745421874999 0 0.8526745421874999 0.15474274999999998 0.86523345625 0.258749103125 0.8526745421874999 0.31196307968750003 0.8526745421874999 0.3993521953125 0.859017209375 0.4 0.899353346875 0.4 0.9373323171875001 0.2913843875 0.9421875 0.22520973125000002 0.9421875 0.1570486703125 0.909644121875 0.0224444921875 0.911469125 0 0.8526745421874999 0
1 0.6457490484374999 0 0.6477362546875 0.0259462234375 0.6379532828125 0.077694796875 0.6495395703125 0.0875 0.6499483828125 0.0875 0.65625 0.050972678125000004 0.65625 0 0.6457490484374999 0
2 0.61875 0.920209078125 0.576421465625 0.9163725656249999 0.41669045000000005 0.9126455828125 0.06188427656249999 0.8938392421875001 0.030917765625 0.8957531750000001 0 0.89341093125 0 0.9859375 0.61875 0.9859375 0.61875 0.920209078125
1 0.7578871421875 1 0.7671875 0.9135842109375 0.7671875 0.850604575 0.7580772687499999 0.7863996125 0.7671875 0.6988259687499999 0.7671875 0.6680573265625 0.7296260015625 0.6613670734375 0.7268273375 0.6744477625 0.7234550421875 0.7760186593749999 0.7011215015625 0.848178734375 0.7011215015625 1 0.7578871421875 1
1 0.7829519765625 1 0.7930142328125 0.965248728125 0.853125 0.870800925 0.853125 0.8697283578124999 0.839901103125 0.807099484375 0.8432044093750001 0.7348545296875 0.8503706953125001 0.68608429375 0.8492178390625 0.6632244593750001 0.808689840625 0.6616287468750001 0.8034419625 0.6666376171875 0.8063401546875 0.7400896031249999 0.80464261875 0.7887007140625 0.802401103125 0.8081906234374999 0.7820558 0.8767690171875 0.781340028125 0.8812178218750001 0.781340028125 1 0.7829519765625 1
1 0.9133366 1 0.919024128125 0.980745425 0.9292340234375001 0.874416325 0.9405486468750001 0.8598448984375 0.9491558109374999 0.8329099765624999 0.962861303125 0.8063737328125 0.9856993203125001 0.7709581265625 0.9921875 0.7517912203125 0.9921875 0.7052625203125 0.9891443750000001 0.699509378125 0.9530571171875 0.699509378125 0.9511962 0.7013187078125 0.9427169828124999 0.7192030984375 0.9072579046874999 0.8318721437499998 0.8955391546874999 0.832554684375 0.88973369375 0.8481964828125002 0.8631981921874999 0.877566853125 0.8310188796875 0.928134575 0.809245 0.9732269046875001 0.80425764375 1 0.9133366 1