1 0.4546875 0 0.4546875 0.0839707828125 0.4554898109375 0.0941347515625 0.465911846875 0.13125 0.5003093734374999 0.13125 0.5045094171875 0.12689802187500002 0.5192153 0.057070139062500004 0.5192153 0.0006975921875 0.519022096875 0 0.4546875 0
1 0.36875 0 0.36875 0.11591215156250001 0.3785085515625 0.1390625 0.41341005312499995 0.1390625 0.43220592812499997 0.0607624375 0.4312085 0 0.36875 0
1 0.29375 0 0.29375 0.1004511625 0.2962114515625 0.1286159546875 0.3057070984375 0.15625 0.328839503125 0.15625 0.3418204921875 0.152060878125 0.3586737015625 0.063445271875 0.3541139640625 0.004735834374999999 0.352614884375 0 0.29375 0
1 0.2078125 0 0.2078125 0.1703125 0.2179238328125 0.1703125 0.23818652812500002 0.16659473281249998 0.258508359375 0.09004374062500001 0.2614627203125 0.033671190625 0.25475095937500003 0 0.2078125 0
1 0.1163362546875 0 0.1140625 0.015202037500000001 0.1140625 0.0300953140625 0.11845986718749998 0.0820046703125 0.141801353125 0.1515625 0.17287061718750002 0.1515625 0.1730110828125 0.1513998609375 0.1730110828125 0 0.1163362546875 0
1 0.0045954078125 0 0.0015625 0.012416428125 0.0015625 0.0186238984375 0.0048918765625 0.0750321296875 0.019939984375 0.1344548765625 0.027776935937500004 0.140625 0.0538449828125 0.140625 0.060775398437499996 0.13366839375 0.075 0.06352332187500001 0.075 0.061101017187499995 0.0730772875 0.0018480921875 0.07252100624999999 0 0.0045954078125 0
1 0.103125 0 0.103125 0.033318240625 0.10701195 0.0681253921875 0.12373007968750001 0.11875 0.1239185375 0.11875 0.1239185375 0.09088259843749999 0.12071210937500002 0.0780053640625 0.1169425265625 0.0191818359375 0.12025549531249999 0 0.103125 0
1 0.270000678125 0.1296875 0.26875 0.0942588046875 0.26875 0.1296875 0.270000678125 0.1296875
2 1 0.25970632656250003 0.55 0.3084155515625 0.55 0.384375 0.8397132109375001 0.384375 0.8439863703124999 0.3825068390625 1 0.3697715578125 1 0.25970632656250003
1 0.8428961812499999 0 0.8352075234375 0.018302065625 0.8345494406249999 0.12643513906249998 0.8234375 0.168836171875 0.8234375 0.253125 0.8709975453125001 0.253125 0.8738373421875 0.25140928906250004 0.87406938125 0.20012052812499997 0.8603306906249999 0.1247830015625 0.8694855203125 0.01887699375 0.8668455328124999 0.0051883640625 0.8630304375 0 0.8428961812499999 0
2 0.55 0.8202669484375 0.34104645 0.8433051765624999 0.2986164453125 0.8529531171875 0.16180069375 0.8644922312500001 0.10994718750000002 0.8761298390625001 0.0436379390625 0.8776075671874999 0 0.88202578125 0 1 0.5368632453125 1 0.55 0.9981049421874999 0.55 0.8202669484375
1 0.55 1 0.5801598734375 1 0.588818359375 0.9531146187499999 0.589599609375 0.8988841796875 0.582568359375 0.8564025796875001 0.568505859375 0.8117171578125 0.563818359375 0.7857109062500001 0.560693359375 0.752632665625 0.563818359375 0.6898775734375 0.562255859375 0.65111623125 0.554052734375 0.6302580671875 0.55 0.6290720765625 0.55 1
1 0.5787857734374999 0.8909625531250001 0.5779717234375 0.9589179812499999 0.5793228171875 0.9609375 0.595243546875 0.9609375 0.5959404734375 0.9577664921875 0.5971477671875001 0.9008721140624999 0.6038670765624999 0.8200662328125 0.58318890625 0.72022935 0.5894127390625 0.6089680468750001 0.581277134375 0.585238234375 0.5712663874999999 0.5817224109375 0.5640896343749999 0.5863396609375 0.5578125 0.6009038390625 0.5578125 0.6341929703125 0.5609102 0.6662258031249999 0.5578125 0.7161642578125 0.5578125 0.765114678125 0.5594708625 0.7744089437499999 0.5599663406250001 0.80486436875 0.5787857734374999 0.8909625531250001
1 0.6173496484375 0.797874575 0.6191788 0.752004875 0.6162234843750001 0.72291094375 0.6002131703125 0.655237246875 0.6015196406250001 0.5649412859374999 0.5973076109375001 0.5504579640625 0.5856211828125 0.545175165625 0.578125 0.554658559375 0.578125 0.5820876312500001 0.582261853125 0.585525678125 0.58879339375 0.604121115625 0.587333396875 0.7208059656250001 0.6081103421874999 0.8109375 0.6141425484375 0.8109375 0.6173496484375 0.797874575
0 0.7676935859375 1 0.7676935859375 0.9193980421875001 0.7668307515625 0.912833375 0.749711565625 0.8866828421874999 0.7212359562499999 0.8604976593749999 0.6919335578125001 0.8524590312499999 0.66782799375 0.856647390625 0.6475831359375 0.8787092953125001 0.633565509375 0.9094577078124999 0.6265625 0.9507360453124999 0.6265625 1 0.7676935859375 1