1 0.1748377890625 0 0.1763666578125 0.009061715625 0.17738371718749998 0.055918534374999995 0.161267821875 0.0982878484375 0.14867691562500002 0.1062457984375 0.1446524859375 0.11644750156250001 0 0.22929187187500003 0 0.509375 0.5796875 0.509375 0.5796875 0.11358936718749998 0.574358165625 0.1098851359375 0.555054184375 0.09058115156249999 0.5413007671875001 0.064182284375 0.5406521640624999 0 0.1748377890625 0
2 1 0.26306470000000004 0.82500808125 0.25823123125 0.814022096875 0.262525165625 0.8094747234374999 0.2841029421875 0.809375 0.292673146875 0.809375 0.326306265625 0.8124489484375002 0.3305898125 0.8561989484375001 0.3300807359375 0.9513498375000001 0.3428605640625 1 0.3442859453125 1 0.26306470000000004
1 0.22204112031249998 1 0.22144994218749997 0.9968045640625001 0.22313805625 0.9412368890625 0.21983344531250001 0.9343318359375001 0.21359421875 0.9334786359375 0.2072903484375 0.9381809921875 0.20379180468750002 0.94794260625 0.2063350015625 0.9979062453124999 0.20583450625 1 0.22204112031249998 1
1 0.2533272875 1 0.2552083328125 0.9531828703125 0.2513020828125 0.9443865734374999 0.24609375 0.942534721875 0.23828125 0.948090278125 0.2359375 0.9550347218749999 0.2385999171875 1 0.2533272875 1
1 0.44272135468749996 1 0.4421875 0.9976273140625 0.44375 0.9439236109374999 0.44036458281249996 0.9342013890625 0.43359375 0.9323495375 0.4296875 0.9374421296875 0.42760416718750005 0.9467013890625001 0.4302083328125 0.9976273140625 0.42968150312500003 1 0.44272135468749996 1
1 0.40113932343750003 1 0.40208333281249997 0.95133101875 0.39765625 0.941608796875 0.3924479171875 0.9406828703125001 0.3859375 0.9531828703125 0.38881036875 1 0.40113932343750003 1
1 0.3609375 1 0.3609375 0.9911458328125 0.3645833328125 0.9679976859374999 0.36171875 0.954571759375 0.3533854171875 0.9499421296874999 0.3453125 0.961516203125 0.3467801015625 1 0.3609375 1
1 0.3694636421875 1 0.36875 0.9967013890625 0.3697916671875 0.942071759375 0.36380208281250004 0.9332754624999999 0.35859375 0.9351273140625 0.3536458328125 0.9494791671874999 0.3453125 0.9624421296874999 0.3475760328125 1 0.3694636421875 1
1 0.9046875 0.812636440625 0.9037311109375 0.8048960375 0.8917644296875 0.7592081546875 0.8913872109375 0.7244950234375 0.89571365 0.6883384593749999 0.8935159390624999 0.684375 0.87015794375 0.684375 0.8675563281249999 0.6914435015625 0.8698894296875 0.75946269375 0.8555297796874999 0.828145746875 0.8555297796874999 0.8948073015624999 0.85932594375 0.8984375 0.8841447234375 0.8984375 0.8995233109375 0.8979879562499999 0.9030470156250001 0.8972526046875 0.9046875 0.8920184031249999 0.9046875 0.812636440625
1 0.920703125 0.8977430562500001 0.926171875 0.8991319437499999 0.96328125 0.8984375 0.97265625 0.8942708328125001 0.97421875 0.8678819437499999 0.971875 0.838715278125 0.95625 0.7720486109375 0.96015625 0.6873263890625 0.932421875 0.6838541671875 0.93046875 0.6998263890625 0.93515625 0.7734375 0.91953125 0.8359375 0.91796875 0.8901041671875 0.920703125 0.8977430562500001
2 1 0.8985995953125 0.717578125 0.9005208328125001 0.70625 0.9067708328125 0.707421875 0.9991319437499999 0.7859375 0.9998263890625001 0.855078125 0.9991319437499999 0.874609375 0.9935763890625001 0.910546875 0.9991319437499999 1 0.9971125437499999 1 0.8985995953125