1 0.1817157046875 0 0.17848857812500002 0.015464795312499998 0.1803983421875 0.042775718750000004 0.2397619828125 0.20258245625 0.24804179375 0.24648843281250002 0.2548463140625 0.38104805 0.2594712828125 0.409375 0.3671875 0.409375 0.3671875 0.32013403125 0.3663173890625 0.3175148171875 0.3021230890625 0.21900287343749997 0.2866386890625 0.18381776875 0.25846732499999997 0.041701478125000004 0.2460634453125 0 0.1817157046875 0
1 0.3687363703125 0 0.3842405828125 0.07217924375 0.37295561875 0.22121793437499998 0.37675720468749996 0.2677388609375 0.3891602609375 0.32308656562500004 0.42452560000000006 0.40899530625 0.4247813640625 0.409375 0.46526753593750003 0.409375 0.468215634375 0.40787039218750004 0.4791183140625 0.3883660703125 0.4828125 0.34735510625 0.4828125 0.21080664374999997 0.47143161562499997 0.1626083484375 0.42957276875000006 0.076397165625 0.419889475 0.019069596875 0.418606321875 0 0.3687363703125 0
1 0.5230798578125 0 0.5306612484375 0.13016743749999998 0.546707259375 0.1833690640625 0.57326524375 0.2392160328125 0.58755436875 0.2640625 0.60625 0.2640625 0.60625 0.0617649578125 0.6008468015624999 0.0458797421875 0.57336158125 0 0.5230798578125 0
1 0.4219613125 0 0.42197544374999996 0.0001957984375 0.4348205734375 0.0664239953125 0.4763882125 0.1421875 0.47706930156249994 0.1421875 0.478125 0.11627882812500001 0.478125 0.11598131249999999 0.469543096875 0.07258029375 0.437909790625 0 0.4219613125 0
1 0.27114033593750003 0 0.29762682812499996 0.085844425 0.3030822484375 0.22864865 0.3511653078125 0.3171326546875 0.366795840625 0.36276904375 0.3769903953125 0.365625 0.38065861875 0.365625 0.3828125 0.3632909359375 0.3828125 0.17533284531249999 0.377749521875 0.15829959531249999 0.3339293375 0.08226188125 0.3177644234375 0 0.27114033593750003 0
1 0.2230254890625 0.409375 0.22133206562500002 0.2723819609375 0.1802136265625 0.19626813125 0.153869796875 0.03628691875 0.136465665625 0.014024087499999999 0.12217995156250001 0.013857857812499999 0.1045313703125 0.03361183125 0.1004274875 0.0692807828125 0.1335459375 0.181018225 0.1410692546875 0.22732738593750001 0.139110546875 0.34075765156250004 0.1427988703125 0.376517271875 0.1508933671875 0.409375 0.2230254890625 0.409375
1 0.11010252031250001 0.409375 0.09542677187500001 0.37360130156250004 0.0853304984375 0.3234229546875 0.0846673578125 0.21420948437499998 0.07058942343749999 0.17882770312500001 0.0504213203125 0.0742693265625 0.0423988 0.0654138609375 0.039490775 0.0654138609375 0.0264381234375 0.0674755953125 0.0179171203125 0.0813275375 0.016483971875 0.104467009375 0.0432311390625 0.1941683640625 0.0439798359375 0.28867595156250003 0.050216673437500005 0.3326424609375 0.0829355546875 0.409375 0.11010252031250001 0.409375
1 0.16875 0.409375 0.16875 0.3307020671875 0.159422509375 0.2427944953125 0.13015219218750002 0.188836309375 0.1001950859375 0.0679538 0.08611133125 0.04727723125 0.0703431125 0.044268703124999996 0.05697034375 0.0612559734375 0.0575096421875 0.0821887390625 0.10433775781250001 0.2186848171875 0.116480640625 0.342710040625 0.14526993125 0.409375 0.16875 0.409375
1 0.61875 0 0.61875 0.0246939265625 0.6253122 0.038829431250000004 0.620570996875 0.140625 0.6384160375000001 0.140625 0.6765625 0.07321092031250001 0.6765625 0 0.61875 0
1 0.19907318125 0.409375 0.20363037031250003 0.48303151250000004 0.2026377375 0.5248573484375 0.1821009984375 0.6009078531250001 0.17876033125 0.65397213125 0.1820624296875 0.7011943546875 0.19785167343750001 0.7813360765625 0.20792642187500002 0.7921875 0.23031543124999998 0.7921875 0.234375 0.7877029140625 0.234375 0.409375 0.19907318125 0.409375
1 0.444533490625 0.409375 0.4422663375 0.4202904296875 0.4357970171875 0.4910146 0.40758376875 0.561826453125 0.40758376875 0.716615290625 0.4109135046875 0.7171875 0.4221704 0.7171875 0.42546708125 0.7154475124999999 0.43381923125000005 0.69982096875 0.44985086250000006 0.6532173312499999 0.45820409531250006 0.6173973187499999 0.460307328125 0.5812862078125 0.4565927125 0.5240142765625 0.45796790468750004 0.500403165625 0.475 0.4335761015625 0.475 0.409375 0.444533490625 0.409375
1 0.3382550515625 0.409375 0.33951717812500004 0.5003867 0.33682433125 0.5210153156249999 0.31805097187500003 0.5864946171875001 0.31331242812500004 0.638862959375 0.317005846875 0.688903903125 0.3276496203125 0.7379244500000001 0.331978 0.74375 0.36038251093749996 0.74375 0.363506228125 0.738418965625 0.3703125 0.71447724375 0.3703125 0.5541917875 0.36244379375 0.5195886765625 0.3661073640625 0.5156267265625 0.36551342343750004 0.4920565609375 0.3703125 0.46129204062499995 0.3703125 0.409375 0.3382550515625 0.409375
1 0.27315759375000004 0.5010042421875001 0.2805769765625 0.4923434203125 0.27923839375 0.47923994687500004 0.26276805937500003 0.52749374375 0.26276805937500003 0.6444200640625001 0.26805852343750003 0.6515625 0.28331983906249997 0.6515625 0.2882402984375 0.645818728125 0.2940872046875 0.6039701281250001 0.31600694375 0.5350412765625 0.3171875 0.5214077671874999 0.3171875 0.5106039234375 0.3123394984375 0.46314653906250003 0.291247190625 0.45627393749999995 0.287833009375 0.45627393749999995 0.2812885515625 0.47706564374999993 0.2930122890625 0.49315011406250003 0.2863741578125 0.501774546875 0.2880063328125 0.5169431624999999 0.284916171875 0.5247094062500001 0.2705600796875 0.5232992390625 0.27315759375000004 0.5010042421875001
1 0.28981844375 0.409375 0.282949475 0.45816117187499994 0.2632550578125 0.5049593437500001 0.2632550578125 0.646875 0.2831617546875 0.646875 0.2846844359375 0.64506039375 0.297783515625 0.57218733125 0.3128191453125 0.528280675 0.3113353390625 0.4882031578125 0.3068852609375 0.463553609375 0.31527290625000004 0.409375 0.28981844375 0.409375
1 0.1774049109375 0.409375 0.1777419734375 0.4179427828125 0.15635210156249998 0.51615184375 0.1512740640625 0.5566842890625 0.151085590625 0.603970178125 0.16059541718749998 0.6619851765625 0.162347990625 0.6640625 0.16676805156250002 0.6640625 0.173661015625 0.6002692281249999 0.1930170265625 0.5396875015625 0.1977179390625 0.5130757781249999 0.19991345 0.481004 0.1978292578125 0.409375 0.1774049109375 0.409375
1 0.1505284890625 0.409375 0.1504517171875 0.411207578125 0.1322001546875 0.4596096046875 0.12813229843750001 0.48734192812500005 0.128125 0.48859642656249996 0.128125 0.5388615484375 0.13574396093750002 0.5796875 0.13985456093749998 0.5796875 0.1400989984375 0.579154046875 0.14829127343749998 0.513967175 0.1618391734375 0.468288384375 0.169096671875 0.4294813109375 0.16988916874999999 0.409375 0.1505284890625 0.409375
0 0 0.8051256671875 0.0136881234375 0.8474706640624999 0.0389777453125 0.8642408015624999 0.0507166875 0.865625 0.06771114843750001 0.865625 0.08587698593750001 0.8589831078125 0.121743034375 0.803294634375 0.1328583015625 0.7724845078125 0.1375 0.7385168109375 0.1375 0.71819394375 0.13418093125 0.6794107687500001 0.1157864671875 0.61873606875 0.10768434375 0.601565884375 0.07792268125 0.5789271828125 0.0661956484375 0.5789271828125 0.0374849703125 0.58375798125 0.012363764062500001 0.6051731984375 0 0.6272130406249999 0 0.8051256671875
1 0.61875 1 0.6254072484375001 1 0.6285492500000001 0.99406976875 0.644770353125 0.9307630765624999 0.646875 0.91528068125 0.646875 0.8201695828125001 0.6420116109375 0.7987964296875 0.636823175 0.76234570625 0.6406876109375 0.70496255625 0.6464366765625 0.6690212531249999 0.646875 0.658728921875 0.646875 0.6326438328125 0.6418776562499999 0.6172806203125 0.632880159375 0.6103624906249999 0.6261093234375 0.610047134375 0.61875 0.6155442578125 0.61875 1
1 0.7609375 1 0.7609375 0.827705546875 0.750640003125 0.7941615796875 0.7476029609375 0.759847728125 0.7495017234375 0.6676372765625 0.74736301875 0.6398322000000001 0.7410761046875 0.621040725 0.7329038375 0.609996790625 0.7175839546875 0.605501509375 0.7086943156250001 0.6133435203125 0.70147575625 0.6365042531249999 0.702680653125 0.6661065859375 0.7102263921875 0.715426321875 0.7145038015624999 0.7710364703125 0.7087775187500001 0.8242761453125 0.700177425 0.8727497140625001 0.697898275 0.9049387546875 0.6988519828124999 0.9391434234375 0.7069909390625 0.9986483437499999 0.707353996875 1 0.7609375 1
1 0.8578125 1 0.8578125 0.9327115609375 0.83886238125 0.8236257375000001 0.8403651296875001 0.7690446234375 0.852317696875 0.6797918609375 0.854646484375 0.6297918609375 0.850821496875 0.611491665625 0.8438947375 0.5984174828125 0.836645421875 0.592917528125 0.8208173484374999 0.592917528125 0.8094766109375 0.600944453125 0.8018200390624999 0.6146978640625 0.7985689875 0.6287080453125 0.796067696875 0.682411746875 0.798821190625 0.746033796875 0.7969303109375 0.80894824375 0.788653403125 0.8527578609375001 0.7747624 0.9007649859375 0.7747624 1 0.8578125 1
1 0.8500789265625001 0.870647696875 0.865181025 0.94375 0.86544001875 0.94375 0.8744579140625 0.8737512609374999 0.8950713499999999 0.8013201656250001 0.894187965625 0.784753628125 0.8859521890625001 0.7446470390625001 0.888095353125 0.7047988484375 0.8945938250000001 0.660054015625 0.8953125 0.6424164718750001 0.8953125 0.6382333828125001 0.8906908109374999 0.6219785421875 0.88432568125 0.617596284375 0.8792550578125 0.617596284375 0.8704160390624999 0.6223543015624999 0.8638416624999999 0.6370899828125001 0.8617435953125 0.6630826609375 0.8633971812500001 0.6989935140625001 0.86214476875 0.7424786546875 0.8500789265625001 0.7870907125000001 0.8500789265625001 0.870647696875
1 0.959375 1 0.959375 0.8464232640624999 0.9459704828125 0.7850091796875001 0.9450903468749999 0.736839809375 0.9497597296875 0.664341696875 0.9483767593750001 0.6347332890625 0.94599706875 0.6246329921875 0.939095996875 0.6114723468750001 0.925070778125 0.604151146875 0.9229509124999999 0.604151146875 0.9175532390625 0.60586098125 0.9094893234375 0.615459796875 0.9030912015624999 0.6375055578125 0.9043574609375 0.6810240765625 0.9118288953124999 0.758589628125 0.9115954828125 0.7864098515625 0.8916154578125 0.8882695609375 0.8895591875000001 0.943047746875 0.89749245625 1 0.959375 1
1 1 0.639130896875 0.9981713203125 0.6307658625 0.99121818125 0.6172581203125 0.9839480640625 0.6134695734375001 0.9714211265625 0.6179537515625 0.9643171562500001 0.630371934375 0.9616483468749999 0.64145274375 0.9614598031250001 0.67386015 0.96492786875 0.7044581296875 0.9629990625 0.7674029109375 0.9493106265625 0.819248353125 0.9493106265625 0.8262117640625 0.9611816843749998 0.900724125 0.9613900781249999 0.9544338859374999 0.9580118953125 0.9979160437499999 0.9591644531250001 1 0.9895135421875001 1 1 0.9585933328125 1 0.805326378125 0.9926865625 0.76774835625 0.992885875 0.7334890984375 0.9994968 0.6715247859375 1 0.6490265640625 1 0.639130896875
1 0.790031853125 0.8632924703124999 0.7956909765625 0.9161309203125001 0.8024499 0.9460032296875 0.803125 0.9474948234374999 0.803125 0.6635016203124999 0.8009950625 0.639156315625 0.8026156953125 0.6162205125 0.800150434375 0.614695115625 0.791446609375 0.624782065625 0.7885412859375001 0.6448794203125 0.7919784062499999 0.6782430875000001 0.8005195078125 0.7284857703125001 0.8026719390625001 0.7590109890625 0.791803065625 0.830232153125 0.790031853125 0.8632924703124999