1 0.4462153171875 0 0.4476491359375 0.0459769625 0.4412209640625 0.0764201078125 0.4178014375 0.12637224062500002 0.40127872499999995 0.1727744125 0.3967614515625 0.20146411875 0.3967614515625 0.25427366406249996 0.3976228484375 0.2639334859375 0.40493376875 0.2966517125 0.435721978125 0.37693599375 0.443766984375 0.3909224078125 0.453398125 0.400891784375 0.45814660625 0.403125 0.4960235703125 0.403125 0.48761152343749997 0.375945403125 0.48155423906249994 0.34263854843749997 0.4806096765625 0.2901021734375 0.48257194375 0.2751567296875 0.495362834375 0.2255204453125 0.51875 0.1723526359375 0.51875 0.058537178125 0.5151964062500001 0.039816015625 0.5160504828125 0.0004592 0.5161171078125 0 0.4462153171875 0
1 0.3424398140625 0 0.3422451609375 0.005574153125 0.3345407921875 0.028803196875 0.30346592031249997 0.097031509375 0.30346592031249997 0.2406767140625 0.3169732984375 0.2806401625 0.3326042453125 0.3175438734375 0.34014392656250003 0.32594836875 0.341488475 0.3265625 0.3956062828125 0.3265625 0.387249090625 0.29599180468749997 0.38269353906250003 0.2649405671875 0.3823681484375 0.22042348750000001 0.387965375 0.18575500625000002 0.40596141250000006 0.1369863578125 0.42887015 0.0910965859375 0.43125 0.07944013125 0.43125 0.0748115546875 0.4086836515625 0.0231416375 0.4063398484375 0 0.3424398140625 0
1 0.23826845156249998 0 0.22520805312499997 0.030955020312499998 0.220600825 0.0474803875 0.2151509125 0.08141834375 0.215921903125 0.11454334375 0.21964333125 0.140386865625 0.2284811359375 0.1715800203125 0.2620726875 0.24755893750000002 0.27038479843749996 0.25625 0.329272534375 0.25625 0.3146298296875 0.2000675046875 0.3115183328125 0.1468113921875 0.3129132796875 0.1263175046875 0.31691005625 0.110373434375 0.3232759125 0.08897918125 0.3359375 0.0602901015625 0.3359375 0.0162251515625 0.328021609375 0 0.23826845156249998 0
1 0.0938362109375 0 0.0938362109375 0.11180797499999999 0.0977852859375 0.12233152031250001 0.10775900000000001 0.1328125 0.133438546875 0.1328125 0.133792975 0.1316688171875 0.1216754578125 0.08161127968750001 0.1200682265625 0.0554922328125 0.122517103125 0.025492232812499998 0.128810096875 0 0.0938362109375 0
1 0.1477141046875 0 0.1477141046875 0.141341040625 0.1591969703125 0.17574913125 0.16717285625 0.1859375 0.1959152703125 0.1859375 0.18504549374999998 0.1339220015625 0.186374640625 0.0838674453125 0.1964780078125 0.0434606671875 0.21655168906250002 0 0.1477141046875 0
1 0.51875 0 0.51875 0.51875 0.559375 0.51875 0.559375 0.3542577359375 0.55099855 0.33019699375 0.5368792359375 0.2753764484375 0.5305709796875 0.1938676953125 0.5336163828125 0.0496232546875 0.5295316015625 0 0.51875 0
1 0.5971465265625 0 0.5977186390625 0.0431839015625 0.6035826328125 0.10144450625000001 0.613828825 0.16703978749999998 0.619360578125 0.2317909640625 0.6211567296875 0.3114296859375 0.6129043421875 0.3680838984375 0.584411453125 0.4992031078125 0.5818048171875 0.51875 0.740625 0.51875 0.740625 0.4714761796875 0.714404015625 0.38206095156250003 0.6976922875 0.30916735625 0.6932919703125 0.22957409062499998 0.6955547171875 0.1461589375 0.7016338890625 0.050634017187500005 0.7001605890625 0 0.5971465265625 0
1 0.8160534984375 0 0.8138888671875 0.024740784374999998 0.8134488624999999 0.07284044218749999 0.822872246875 0.220588546875 0.8235935874999999 0.28623230781250003 0.8213969796875 0.338072034375 0.817566721875 0.371453859375 0.802578959375 0.42914008593749997 0.784075525 0.49025070625 0.784075525 0.51875 0.9434333078125 0.51875 0.9429547859374999 0.5100292796875 0.9387040171875001 0.50180505 0.93575049375 0.47875388125 0.93187498125 0.47329530468750003 0.9321661359375 0.4677397515625 0.9180713328125 0.4190535984375 0.9081431953125 0.370270465625 0.90887108125 0.35638157656249997 0.9067165953125 0.337935790625 0.9083212171875001 0.2676139125 0.91328051875 0.20276273125 0.9321503359375001 0.07100243125 0.9364917531250001 0.008015221875 0.93642430625 0 0.8160534984375 0
1 0.4411942328125 0.51875 0.459354171875 0.6217787484375 0.45559663125 0.6934768609375 0.44427568281249996 0.742737125 0.45310084687499996 0.74375 0.458781290625 0.74375 0.4669734484375 0.7384398453125 0.4820443984375 0.6890923015625 0.4921875 0.6423919640625 0.4921875 0.5626291718750001 0.48429318906249996 0.51875 0.4411942328125 0.51875
1 0.4097946421875 0.51875 0.40957069687500003 0.5254451515625 0.3866096625 0.60403575 0.3824252265625 0.6552452265625 0.3824252265625 0.6794351546875 0.3883961546875 0.7267500015625 0.40428391250000006 0.7894869828125 0.4060237546875 0.7921875 0.44763154531250005 0.7921875 0.451805865625 0.787095503125 0.46875 0.7144370875 0.46875 0.615301665625 0.44712017499999995 0.51875 0.4097946421875 0.51875
1 0.30712429375 0.51875 0.30712429375 0.603533203125 0.3100844796875 0.6173012625000001 0.312004128125 0.655153490625 0.3075376203125 0.7098704734375 0.30712429375 0.71150026875 0.30712429375 0.7671875 0.31600553124999997 0.7671875 0.3221291484375 0.761250278125 0.33707556875 0.7162291078124999 0.353125 0.6309021515625 0.353125 0.584953234375 0.3530108125 0.58238321875 0.3406378921875 0.51875 0.30712429375 0.51875
1 0.2664484625 0.51875 0.26669473906249996 0.5438560515625 0.24537952968750001 0.6128348531250001 0.24537952968750001 0.781118678125 0.25227271875 0.81328849375 0.2562596734375 0.81875 0.2978513953125 0.81875 0.30247038437499996 0.8114168890624999 0.322803578125 0.7316108859374999 0.3265625 0.6586900250000001 0.3265625 0.6555901078125 0.303274178125 0.5371689500000001 0.3048203359375 0.51875 0.2664484625 0.51875
1 0.2453125 0.7421875 0.2453125 0.70081886875 0.24294142968750002 0.67907181875 0.23361194375 0.7339892265625 0.2364526375 0.7421875 0.2453125 0.7421875
1 0.229804546875 0.51875 0.2590062609375 0.6097607078125 0.2666778234375 0.65 0.267114275 0.65 0.2671875 0.6495679234375 0.2671875 0.51875 0.229804546875 0.51875
1 0.17613747500000002 0.51875 0.1548046875 0.601964840625 0.1510546875 0.68153820625 0.1735546875 0.7852300890625 0.17515102968750001 0.7875 0.2157342609375 0.7875 0.2248046875 0.7675387468749999 0.2398046875 0.6945283046874999 0.240625 0.6740261125 0.240625 0.62504723125 0.21511185156249998 0.51875 0.17613747500000002 0.51875
1 0.0889861984375 0.51875 0.074410378125 0.592753209375 0.077634090625 0.6626592484375 0.1051714703125 0.7591622265625 0.10942686718750001 0.7625 0.140625 0.7625 0.140625 0.5283398140625 0.1376968078125 0.51875 0.0889861984375 0.51875
1 0 0.51875 0 0.6977898671875 0.0107583625 0.7331204109375 0.017093921875 0.7421875 0.05229789218749999 0.7421875 0.0546875 0.7403966359374999 0.0546875 0.5303335765625 0.051340640625 0.51875 0 0.51875
2 0.51875 1 1 1 1 0.874137571875 0.51875 0.8955226546875 0.51875 1