1 0.2935948953125 0.46875 0.28195286249999996 0.41363423125 0.2903711765625 0.3158025078125 0.28062209375 0.2941814578125 0.2666605921875 0.2929223140625 0.254702728125 0.30590520312499997 0.2523856484375 0.3149627046875 0.2538198109375 0.41713098125 0.2383447546875 0.46875 0.2935948953125 0.46875
1 0.2203125 0.46875 0.2203125 0.4649410234375 0.21351235000000002 0.4473096640625 0.2119271671875 0.360441925 0.20560255624999998 0.3471783 0.19430245 0.341703684375 0.1865835375 0.3455143515625 0.1811852328125 0.3622383390625 0.1900075015625 0.437776615625 0.183695771875 0.46875 0.2203125 0.46875
1 0.364088553125 0.46875 0.3547290890625 0.43751603125000005 0.356262190625 0.35313059999999996 0.35058607343750003 0.3436768234375 0.3431113609375 0.3410683953125 0.3385744890625 0.3410683953125 0.3262846578125 0.3578871671875 0.332628321875 0.43428738906250003 0.3249459453125 0.46875 0.364088553125 0.46875
1 0.4041234578125 0.46875 0.40269772968749995 0.4644668828125 0.400232946875 0.38776350625 0.3929819765625 0.3750194078125 0.3838853828125 0.3735680578125 0.37429450625 0.389418684375 0.382677709375 0.46458335625 0.38153580468750004 0.46875 0.4041234578125 0.46875
1 0.3260250390625 0.46875 0.3265625 0.466103278125 0.3265625 0.399917371875 0.318557296875 0.3960009703125 0.3084142921875 0.4118515921875 0.3133633046875 0.4524298 0.311383134375 0.46875 0.3260250390625 0.46875
1 0.2228337640625 0.46875 0.2222756890625 0.466855403125 0.22354818125000003 0.408418628125 0.217587425 0.39835566093749997 0.21136896093750002 0.396875 0.20947977343750002 0.396875 0.20686090156249998 0.43604577187500004 0.21541125781249998 0.46875 0.2228337640625 0.46875
1 0.1499948609375 0.46875 0.14663229687499998 0.4556236 0.15284471875 0.3862758859375 0.147562325 0.3736861890625 0.1356028078125 0.371098140625 0.1258176921875 0.3872196921875 0.127692021875 0.4517764796875 0.1229206375 0.46875 0.1499948609375 0.46875
1 0.1125 0.46875 0.1125 0.40323265781249995 0.1036273109375 0.39577982500000003 0.0941157546875 0.40963726874999995 0.1000720046875 0.46875 0.1125 0.46875
1 1 0 0.9153936296874999 0 0.9166246078124999 0.0036523234374999996 0.9354240734375001 0.036371859374999996 0.949594328125 0.0484375 0.9946217390625 0.0484375 0.9997535859374999 0.046143271875 1 0.0454471859375 1 0
1 0.43410466718749996 0.46875 0.44035532499999996 0.4993132 0.460262984375 0.559303884375 0.4641962125 0.5640625 0.496875 0.5640625 0.496875 0.46875 0.43410466718749996 0.46875
1 0.5707209578125 0.46875 0.5707241953125 0.468935603125 0.580792515625 0.5142371296875 0.6018117234375 0.5736027421875 0.604116315625 0.5765625 0.6390625 0.5765625 0.6390625 0.46875 0.5707209578125 0.46875
1 0.6476588046874999 0.46875 0.6477774609375 0.49560259218749997 0.6628165921875 0.54677726875 0.6649045 0.55 0.69920725625 0.55 0.7005575937499999 0.5486500296875 0.7018525890625 0.538180828125 0.709374471875 0.5308139 0.709375 0.5308115156250001 0.709375 0.46875 0.6476588046874999 0.46875
1 0.8803195578124999 0.46875 0.8805532125 0.47647162343750005 0.8745276437499999 0.528329425 0.8810551109375 0.540625 0.9171875 0.540625 0.9171875 0.46875 0.8803195578124999 0.46875
1 0.805736840625 0.46875 0.8049172203125 0.4927517265625 0.793052484375 0.5558893015625 0.7987977531249999 0.565625 0.8288368984375 0.565625 0.8348021046875 0.5643625515624999 0.8399025265625 0.5584348109375 0.8505415703124999 0.5214747265625 0.8578125 0.4836305421875 0.8578125 0.46875 0.805736840625 0.46875
1 0.714646978125 0.46875 0.714375 0.47392782499999997 0.724375 0.5314592046875 0.7236057687499999 0.53773535625 0.718221153125 0.54296548125 0.718990384375 0.5701621343750001 0.729375 0.570685146875 0.728221153125 0.5555177828125 0.7324519234375 0.5529027203125 0.73360576875 0.572254184375 0.7428365390625 0.5921286609375 0.7462980765625 0.5957897484375 0.76360576875 0.5963127609375001 0.783990384375 0.5947437234375 0.7920673078125 0.581668409375 0.8097596156249999 0.4979864015625 0.8105865390625 0.46875 0.714646978125 0.46875