1 0.0046875 0 0.0046875 0.121875 0.009030328125 0.121875 0.011012418749999999 0.11985387968750001 0.0272661296875 0.0645028765625 0.0297727265625 0.024211460937500002 0.026973709375 0 0.0046875 0
1 0.046875 0 0.046875 0.075 0.0572469515625 0.075 0.06984782187500001 0.0160258890625 0.0697352171875 0 0.046875 0
1 0.9428463859375 0 0.9491676109375 0.042140584375 0.9534461703125 0.11994563437500001 0.9377032359375 0.20572946406249998 0.9359375 0.22631022500000003 0.9359375 0.26720899062500003 0.9406998375000001 0.3362577453125 0.94840486875 0.37803350625 0.9653341640625002 0.43801482500000005 0.9686362953125001 0.4421875 1 0.4421875 1 0.1490617734375 0.9899224140625 0.11364211875 0.98783686875 0.053919896875 0.991404065625 0 0.9428463859375 0
1 0.8471635296875 0 0.846875 0.011284721875 0.85234375 0.0640625 0.8546875 0.15711805625 0.8328125 0.25711805625 0.82890625 0.3015625 0.8296875 0.33350694375 0.833203125 0.3439236109375 0.850390625 0.35225694375 0.877734375 0.3814236109375 0.90625 0.4390625 0.9125 0.4223958328125 0.9203125 0.3765625 0.92265625 0.28350694375 0.91796875 0.24878472187499998 0.89296875 0.148784721875 0.8921875 0.09878472187500001 0.8984375 0.008506943749999999 0.8980546875 0 0.8471635296875 0
1 0.8012872109375 0 0.8046875 0.10017361093749999 0.78515625 0.18350694375 0.7796875 0.2265625 0.78125 0.29461805625 0.7859375 0.33211805625 0.78984375 0.3404513890625 0.82890625 0.3376736109375 0.83125 0.26267361093749997 0.853125 0.15850694375000002 0.84140625 0.0890625 0.8446836671875001 0 0.8012872109375 0
1 0.70631545 0 0.71328125 0.12934027812499999 0.69296875 0.21961805625 0.6859375 0.28211805624999997 0.6890625 0.34461805624999997 0.696875 0.3932291671875 0.709375 0.44461805625000006 0.7140625 0.44878472187499996 0.71953125 0.44322916718750005 0.72890625 0.4140625 0.746484375 0.3814236109375 0.7765625 0.3473958328125 0.77890625 0.31961805625 0.77578125 0.2376736109375 0.74921875 0.1279513890625 0.7484375 0.07100694375 0.7550944015625 0 0.70631545 0
1 0.5698317312500001 0 0.57421875 0.1140625 0.55859375 0.1765625 0.54921875 0.2376736109375 0.5484375 0.279340278125 0.55234375 0.32517361093749997 0.5671875 0.4057291671875 0.5734375 0.4265625 0.57890625 0.43211805625000005 0.606640625 0.4328125 0.61796875 0.4251736109375 0.6328125 0.3529513890625 0.63984375 0.2890625 0.6359375 0.21267361093749998 0.6109375 0.1098958328125 0.61015625 0.0682291671875 0.614196134375 0 0.5698317312500001 0
1 0.4393314984375 0 0.44375 0.09600694374999999 0.4390625 0.1196736109375 0.4390625 0.37826003125 0.440625 0.38628472187499996 0.4515625 0.404340278125 0.478515625 0.405034721875 0.490625 0.391840278125 0.5078125 0.28211805624999997 0.50859375 0.236284721875 0.5046875 0.19461805625 0.4796875 0.09322916718749999 0.47734375 0.0501736109375 0.48102496562499997 0 0.4393314984375 0
1 0.6664468687499999 0 0.6703125 0.086284721875 0.6515625 0.17239583281249998 0.64609375 0.22100694375000002 0.64765625 0.26961805625 0.65625 0.3279513890625 0.66953125 0.38767361093749997 0.68046875 0.39461805625 0.692578125 0.3939236109375 0.69453125 0.3890625 0.6859375 0.31961805625 0.6859375 0.266840278125 0.690625 0.2265625 0.7109375 0.1348958328125 0.7109375 0.10850694375 0.7046875 0.079340278125 0.7052453609375 0 0.6664468687499999 0
1 0.89921875 0 0.89921875 0.0265625 0.89296875 0.10295138906250001 0.89375 0.14461805625 0.91953125 0.24878472187499998 0.94375 0.1307291671875 0.93203125 0.079340278125 0.9296875 0.048784721875 0.9320737093750001 0 0.89921875 0
0 0.9045918374999999 0.45 0.9015625 0.43350694375 0.89140625 0.40850694374999996 0.870703125 0.37447916718749996 0.838671875 0.34809027812500004 0.798046875 0.342534721875 0.763671875 0.36336805625 0.748046875 0.3814236109375 0.73125 0.411284721875 0.7198879078125 0.45 0.9045918374999999 0.45
1 0.2077129828125 0.45 0.20316778593749998 0.70087834375 0.1578125 0.790441840625 0.1578125 1 0.3605681640625 1 0.37426904843750003 0.9050440234374999 0.3117683109375 0.684891384375 0.34613530937500003 0.45 0.2077129828125 0.45
1 0.903125 0.45 0.903125 0.7046875 0.9197975859374999 0.7046875 0.9273759734375 0.700813090625 0.9340080109375 0.69304726875 0.9378888390625001 0.6838425593749999 0.9604509531249998 0.6119112531249999 0.9692034281249999 0.57497421875 0.97452856875 0.5416863421875 0.97747629375 0.50557523125 0.9753860781250001 0.45 0.903125 0.45
1 0.821875 0.45 0.821875 0.5384298953125 0.82774675625 0.559375 0.8560245078125 0.559375 0.8618476734375001 0.5529135140625 0.8751504375 0.4789575765625 0.8770483609374999 0.45 0.821875 0.45
1 0.5953531890625 0.45 0.6005208328125 0.4793981484375 0.6067708328125 0.5331018515625 0.6057291671875 0.7395833328125001 0.6109375 0.8173611109374999 0.6239583328125 0.8895833328125 0.6333333328124999 0.9192129625 0.6583333328125001 0.984953703125 0.6660445609375 1 0.8166136187499999 1 0.8208333328125 0.9756944437499999 0.8244791671874999 0.915509259375 0.8234375 0.86180555625 0.8177083328125001 0.8043981484374999 0.8109375 0.7664351859374999 0.8020833328125001 0.740509259375 0.7994791671874999 0.721990740625 0.790625 0.6942129625 0.7817708328125 0.677546296875 0.7796875 0.6608796296875 0.7453125 0.584953703125 0.7208333328125001 0.549614196875 0.69913194375 0.47862654375 0.693633553125 0.45 0.5953531890625 0.45