2 0.4890625 0.32415929375 0.48604241718749996 0.32053189375 0.44154349374999996 0.321996696875 0.148639396875 0.33799320625 0 0.3469497515625 0 0.4171875 0.48567484843750003 0.4171875 0.48897081406250004 0.41256758125 0.4890625 0.40862837812499997 0.4890625 0.32415929375
1 0.32609755625000003 0.1013474703125 0.3243054015625 0.1013474703125 0.300829609375 0.10278696875 0.30594641093749997 0.1710201234375 0.296875 0.2234696390625 0.296875 0.3018945921875 0.299141184375 0.3125 0.33933878125 0.3125 0.33933878125 0.219295696875 0.32888562499999996 0.17968135624999998 0.328626103125 0.11597006562500001 0.32609755625000003 0.1013474703125
1 0.2638234453125 0.1041922265625 0.2396046953125 0.10588576718750001 0.2366722453125 0.110938084375 0.2362884859375 0.196830675 0.225 0.2409975265625 0.225 0.3171875 0.26630030625 0.3171875 0.26975934218750003 0.31220934375 0.271072028125 0.260875084375 0.258276671875 0.1925232484375 0.2659635953125 0.11858435468749999 0.2664163390625 0.10747324375 0.2638234453125 0.1041922265625
1 0.028876446875 0.1108865265625 0.0382952046875 0.2011915765625 0.028125 0.27071213906249997 0.028125 0.3140625 0.0724347625 0.3140625 0.0724347625 0.25147923437499997 0.06031578125 0.2040966203125 0.058563946874999995 0.1110592453125 0.0529399046875 0.100613034375 0.0326274046875 0.100494859375 0.028876446875 0.1108865265625
1 0.85 0.271875 0.8550485562500001 0.271875 0.8566790859375001 0.2645593671875 0.8558493265625 0.23317801249999998 0.8536456593749999 0.227309690625 0.8507271984375 0.2298080765625 0.85 0.23572360468750003 0.85 0.271875
1 0.689318190625 0.23172933593749998 0.6890625 0.24033148437500002 0.6890625 0.26875 0.6979931453124999 0.26875 0.6979931453124999 0.25738547343749996 0.6956510140625 0.24697828125000001 0.695568190625 0.2322029328125 0.6916328015625 0.2278942484375 0.69140824375 0.2278942484375 0.689318190625 0.23172933593749998
0 0.6875 0.3 0.6957445890624999 0.3 0.698552884375 0.291106975 0.6996019171875 0.27810759375 0.696499465625 0.271399878125 0.6888378796875 0.268242478125 0.6875 0.2703816453125 0.6875 0.3
1 0.48895433749999995 1 0.48895433749999995 0.9920553078125 0.486242925 0.9850738343749998 0.4555177546875 0.9320551609375001 0.45053501718750005 0.9266085453125001 0.44485372500000003 0.9157020124999999 0.4272138671875 0.8917236062499999 0.4240170359375 0.8833708921875001 0.41699976875000005 0.87472868125 0.40245416718750004 0.8449018875000001 0.397589859375 0.8306779000000001 0.3938760859375 0.7979545921875 0.39500692187499997 0.7672880703125 0.3997648234375 0.732165278125 0.4028314578125 0.7256389265625 0.409998878125 0.6795468171875 0.4120295734375 0.6475967359375 0.41086139375 0.630611396875 0.40801780625 0.6192440218749999 0.3983088890625 0.6029632484375 0.3773290859375 0.5846456421874999 0.36698200625 0.579408653125 0.268645728125 0.579408653125 0.2627602859375 0.582891834375 0.252190896875 0.592229025 0.2429495546875 0.6107911343750001 0.242732390625 0.64051308125 0.24555423437499999 0.6630307109375 0.25844412499999997 0.710642671875 0.26318411875000003 0.7218158109375 0.27018552812499996 0.7534364968749999 0.2751306609375 0.7930118375 0.27371564375 0.8283879375 0.270974628125 0.8312216640625 0.258451534375 0.8627146140624999 0.2235918125 0.9185361000000001 0.2041954609375 0.9566048890625 0.1920910921875 1 0.48895433749999995 1
1 0.1633263640625 1 0.170407978125 0.9872756765624999 0.177839621875 0.9685030765625001 0.18133444375000002 0.96454050625 0.19840594375 0.9312351187499999 0.200073421875 0.9253722234375001 0.18676096874999998 0.889797265625 0.1808566296875 0.8827737578124999 0.1809236453125 0.8577558015625 0.1900266 0.7979662515625 0.1950645875 0.7911916343750001 0.200980690625 0.7745531156250001 0.2085346 0.7294066265625 0.20408850312500001 0.6982819296875 0.1991669015625 0.69051366875 0.1881613953125 0.6801286828124999 0.1782047453125 0.6732195328125 0.1613166421875 0.6669640859375 0.144262790625 0.664776434375 0.1270846265625 0.66563963125 0.1078581171875 0.670026234375 0.0874554984375 0.6799033546875 0.07089800156250001 0.6947508640625 0.062158004687500004 0.7105727984375 0.059509842187499995 0.7405034875000001 0.062633771875 0.7690165015625 0.07344206875 0.8193013078125 0.07535638125 0.8658138171875001 0.0735034609375 0.8879145031250001 0.056854265625 0.922542428125 0.0318656359375 0.96316178125 0.0161024890625 0.9994178359374999 0.015668478125 1 0.1633263640625 1
1 0 1 0.0364988609375 1 0.0454389984375 0.9833111953125 0.060571865625 0.93921601875 0.060571865625 0.920925459375 0.0557192109375 0.9109848890624999 0.055272309374999995 0.8977395218750001 0.058263107812500006 0.8856748953124999 0.0567530015625 0.8503706046874999 0.060571865625 0.8283362453125 0.060571865625 0.7568728109375 0.0587390484375 0.7485391453125001 0.0467360125 0.7345385109375 0.034502578125 0.72752456875 0.0202742203125 0.7228266390625 0 0.7210287624999999 0 1
1 0.46903937031250004 0.9713080937499999 0.4719342828125 0.973069703125 0.4729574921875 0.975 0.475 0.975 0.475 0.965843178125 0.4717390234375 0.9618832625 0.4563549578125 0.9283183484374999 0.45511583437500003 0.912024934375 0.45670062031249997 0.8934253281250001 0.45504311093750005 0.8805106234375 0.4571350359375 0.8636170484375001 0.4621514609375 0.8501799921875 0.466907540625 0.8218276843750001 0.46750763125 0.8015109296875 0.46582053749999996 0.7869013171875 0.456468896875 0.7707579250000001 0.44122178125 0.7587128796875 0.42266906875 0.7511208234375 0.3961744578125 0.7511208234375 0.3945684640625 0.7523749093750001 0.391845140625 0.7604438109375 0.3875 0.803414609375 0.3875 0.8074546046875 0.388110978125 0.8199936749999999 0.3922923515625 0.8407605609375001 0.3983070265625 0.8571651328125001 0.4204833671875 0.8969873515625 0.45522405781249997 0.9455731390625001 0.46903937031250004 0.9713080937499999
1 0.8157695234375 1 0.8146158968750001 0.98752321875 0.8035983625 0.9328963796874999 0.7985823562500001 0.92216768125 0.80962065 0.8424547125 0.8102997640625 0.8257880453125 0.8062009640625 0.8212274015624998 0.77447545 0.8255232609375 0.77280110625 0.9239704812500001 0.7625 0.9633432078125 0.7625 1 0.8157695234375 1
1 0.7586069953125 1 0.7586069953125 0.9849082359375 0.7421013828125 0.935358596875 0.740863975 0.9117474859375001 0.7450564703125 0.8576217265625001 0.7434551218750001 0.8270661718750001 0.737195409375 0.8193931937500001 0.7136851203125 0.8178679484375 0.7080805046875 0.822694971875 0.7071731031249999 0.8351858812499999 0.7094829125000001 0.86435709375 0.7166258 0.8963333531250001 0.7186638828125 0.9352222421875 0.70625 0.99481139375 0.70625 1 0.7586069953125 1
1 0.6865014765625 1 0.6865014765625 0.9937055359375 0.6730959609375 0.9547128515625001 0.6740043296875 0.877996415625 0.6706979453125 0.8419262468750001 0.6612808125 0.8249950453124999 0.648586571875 0.8228723640625001 0.64375 0.8295794000000001 0.64375 0.9046833484375 0.64995839375 0.9378037156249999 0.648475871875 0.9838827125 0.650058534375 1 0.6865014765625 1
1 0.6026708984375 1 0.5952596078125 0.9708249875 0.5996913687500001 0.8668037937499999 0.5962754515625 0.8500643906249999 0.5878662625000001 0.8380679046875 0.5738522453125 0.8405183734375001 0.5681746953125 0.8507986625000001 0.565625 0.8657274749999999 0.565625 0.882299165625 0.5723366796875 0.9550198812499999 0.5684249640625 0.999355221875 0.568458859375 1 0.6026708984375 1
1 0.4890625 1 0.5127828671875 1 0.50234375 0.95694444375 0.50859375 0.85 0.503125 0.8291666671875 0.494921875 0.821527778125 0.4890625 0.825365496875 0.4890625 1
1 0.5660361843749999 1 0.565625 0.9930555562500001 0.5703125 0.952777778125 0.5640625 0.8763888890625001 0.56796875 0.852777778125 0.58046875 0.8361111109374999 0.578125 0.8222222218749999 0.573828125 0.8173611109374999 0.550390625 0.81875 0.54609375 0.8333333328125001 0.5515625 0.9361111109374999 0.5359375 0.99444444375 0.535274621875 1 0.5660361843749999 1
1 0.651123046875 1 0.65078125 0.9902777781250001 0.6390625 0.98194444375 0.6421875 0.9305555562500001 0.63828125 0.902777778125 0.6390625 0.8513888890625001 0.6421875 0.83194444375 0.64921875 0.8222222218749999 0.643359375 0.81875 0.61640625 0.8208333328125 0.625 0.8875 0.625 0.915277778125 0.60859375 0.9736111109374999 0.6052201703125 1 0.651123046875 1