1 0.379239321875 0.52509489375 0.39157764687499996 0.4658025265625 0.3943254609375 0.41500414531249996 0.38915301874999997 0.36819766875000004 0.3813800140625 0.34344335 0.3748210890625 0.3113666546875 0.3753131609375 0.2678056203125 0.379364859375 0.228245896875 0.378840421875 0.2059386453125 0.37745033125 0.19840369375 0.3701676359375 0.18621314687499999 0.3638258765625 0.1846647171875 0.357702640625 0.1846647171875 0.3488260484375 0.1951394265625 0.3459201640625 0.20788981562500003 0.34622909218750003 0.2394563265625 0.3501191984375 0.27409822500000003 0.34975643437500004 0.3121037015625 0.3390625 0.357548003125 0.3390625 0.4862062625 0.3440166140625 0.513870525 0.349672153125 0.5287113 0.3566279765625 0.5325259984375 0.3620903859375 0.5328125 0.37296880468750004 0.5328125 0.379239321875 0.52509489375
1 0.30336400625 0.5390625 0.3048033015625 0.5336844265625 0.3135410625 0.47671114843750007 0.3140781171875 0.426553284375 0.29691011093749997 0.335080878125 0.29805210312499997 0.2933352796875 0.304499478125 0.2501324921875 0.30639198125 0.21402138124999998 0.30186948281250003 0.19555143125000002 0.29474844375 0.187977465625 0.2801784296875 0.187977465625 0.2775844203125 0.18999280624999998 0.27279339375 0.196601784375 0.267801790625 0.21202679375 0.266672746875 0.243547740625 0.2697815265625 0.29398187187499997 0.26750081875 0.3375003921875 0.2625 0.3543891640625 0.2625 0.5390625 0.30336400625 0.5390625
1 0.2272360796875 0.5390625 0.2272360796875 0.422274278125 0.224538515625 0.41055555625 0.21995650000000003 0.4039528375 0.20704771875 0.36476085468749997 0.20268323437500002 0.31287869218750003 0.20382376406249997 0.2657777078125 0.199518615625 0.21482147343750002 0.1917918109375 0.195650559375 0.1821748140625 0.18806596874999998 0.1712216828125 0.18806596874999998 0.1595660734375 0.1997959828125 0.159375 0.20111255 0.159375 0.2586961125 0.16677868906249999 0.2961225890625 0.173582521875 0.35362092343749996 0.1729825890625 0.3767084515625 0.164220759375 0.4346780734375 0.16201218281250002 0.465112390625 0.1632516671875 0.5169036218749999 0.16580100312499998 0.5390625 0.2272360796875 0.5390625
1 0.2368603828125 0.525 0.24230346093750002 0.525 0.24302514999999997 0.5228682796874999 0.2435171390625 0.5070364078125 0.244163775 0.50333425 0.244163775 0.3794136859375 0.24237753281250002 0.3696804 0.228228496875 0.3235517875 0.2254870796875 0.2151273203125 0.216327484375 0.1996754734375 0.2043159828125 0.19979758593750002 0.2015625 0.204454653125 0.2015625 0.278031103125 0.203454834375 0.3322204828125 0.20182069062500002 0.3602260984375 0.2076075484375 0.3912974765625 0.22923876562499998 0.4572040890625 0.23297113593750002 0.5042440421875 0.2368603828125 0.525
1 0.1504962640625 0.5390625 0.1504962640625 0.5130483875 0.15003054531249999 0.5041882171875 0.1504962640625 0.4958746515625 0.1504962640625 0.3887867265625 0.1411401390625 0.35985287499999996 0.1374224234375 0.3395552421875 0.13665887968749998 0.22375388906250002 0.1290483828125 0.2040101328125 0.11948479062499999 0.1977468609375 0.11068450625 0.19980479375 0.10615865625000001 0.20546945156250002 0.100227484375 0.2255283890625 0.1010087953125 0.25238024062500003 0.10780669062499999 0.30688864531250004 0.1090460078125 0.3494812390625 0.0984375 0.4048076640625 0.0984375 0.5057278625 0.0998330125 0.516475215625 0.10539143124999999 0.5390625 0.1504962640625 0.5390625
1 0 0.5390625 0.0677064984375 0.5390625 0.06710749375 0.5329104765625 0.03747005625 0.40790866562500006 0.0374142765625 0.35133605 0.0439640625 0.27493986718749996 0.044299821875 0.225820228125 0.041921925 0.212629428125 0.03567818125 0.1967820640625 0.027593115624999998 0.1896530546875 0.00486790625 0.1896530546875 0.000277678125 0.19275758125 0 0.19325314843750002 0 0.5390625
1 0.08072120625 0.48068673281249996 0.0886708546875 0.5125 0.089880796875 0.5125 0.089880796875 0.3571626078125 0.08194950625 0.3337899296875 0.07728200625000001 0.28199266875 0.07774951718749999 0.25130063593749996 0.075480515625 0.22632793125 0.068357859375 0.21043812812499998 0.057552710937499994 0.2054284875 0.0490870234375 0.21144806875 0.046875 0.21866675624999998 0.046875 0.23580395625 0.0579911734375 0.3350455328125 0.0527066640625 0.3641313765625 0.053995892187500005 0.3975193015625 0.0575036609375 0.4177804890625 0.06576081875 0.44615664375 0.08072120625 0.48068673281249996
2 1 0.2396727640625 0.559375 0.2396727640625 0.559375 0.3456316484375 0.5834755921875 0.34530174375 0.7716112640625 0.3623466203125 1 0.372793371875 1 0.2396727640625
1 0.8246932703125001 0.561920446875 0.796875 0.561920446875 0.796875 0.6061570734374999 0.8020439843750001 0.6328125 0.818691109375 0.6328125 0.8223731078125001 0.62782150625 0.8332960953124999 0.5840282593749999 0.8332524421875 0.5624116828125 0.8246932703125001 0.561920446875
1 0.8731982406250001 0.6232529484375 0.8797488828125001 0.5873653921875001 0.8797488828125001 0.57102109375 0.87937026875 0.5640625 0.8754834703124998 0.5640625 0.846875 0.5681795765625 0.846875 0.595850790625 0.8502024828125 0.6155128921874999 0.8539611390624999 0.6234375 0.8720812984374999 0.6234375 0.8731982406250001 0.6232529484375
2 0.559375 0.5390625 0.559375 0.565625 0.8096537093749999 0.565625 0.8212218703125 0.5646685781249999 0.9322401953125 0.56486425625 0.9375 0.540757425 0.9375 0.5390625 0.559375 0.5390625