1 0.36869578281250004 0.4361870953125 0.36130549843750004 0.3826991234375 0.366196846875 0.334251903125 0.3758484875 0.284743578125 0.37645022031250003 0.25830005625 0.3712192609375 0.2384185703125 0.362518159375 0.2274257640625 0.3535668515625 0.2274257640625 0.34068743437500004 0.230010671875 0.33142887499999996 0.24957594374999997 0.328192234375 0.281411128125 0.32822126875 0.3706277984375 0.3212239546875 0.39941205156250004 0.3046875 0.4347975328125 0.3046875 0.5500660078124999 0.32994544531250003 0.5515625 0.3715155984375 0.5515625 0.3724563484375 0.5514533078125 0.376372309375 0.5440602546875 0.379647796875 0.48156025468749997 0.36869578281250004 0.4361870953125
0 0.24348117343750003 0.47140461718750004 0.2402650890625 0.4349657234375 0.233108934375 0.40869766093750004 0.193343878125 0.3655244796875 0.1859110375 0.362563184375 0.1734786140625 0.362563184375 0.1536250328125 0.38851472187499997 0.121875 0.45305012031249997 0.121875 0.5394646921875 0.12560418125 0.5474290546875 0.1459959484375 0.5515625 0.151833003125 0.5515625 0.236768053125 0.549631003125 0.2450671171875 0.5286222125 0.24348117343750003 0.47140461718750004
1 0.6973152546875 0 0.6990411265625001 0.037444640625 0.6994713124999999 0.1090322984375 0.6965371421875 0.14507057031249998 0.6888669484375 0.181706984375 0.6765625 0.22139497187499999 0.6765625 0.589475715625 0.6781199250000001 0.5912498953124999 0.692791953125 0.5953125 0.69789735625 0.5953125 0.72348095 0.593492528125 0.7314584515625 0.575928646875 0.75629679375 0.48101631562499997 0.76507013125 0.4333052109375 0.7668526328125 0.4092675578125 0.7696833468750001 0.305381753125 0.7637763 0.25850273281249997 0.751680728125 0.20003913906249998 0.7448290656250001 0.1512354265625 0.7488566999999999 0.07438357500000001 0.75935713125 0 0.6973152546875 0
1 0.8761088749999999 0.349093428125 0.87216031875 0.29217490156250003 0.857470271875 0.21686254218749998 0.8595830718749999 0.165010690625 0.8684363453125 0.10155884531249999 0.8700964031249999 0.0608181046875 0.867499603125 0.0476366171875 0.8624270031249999 0.037531984375 0.8539308296874999 0.0306981359375 0.8451646687500001 0.0306981359375 0.8412614812499999 0.0314091265625 0.8331094234374999 0.03919615625 0.823440409375 0.064984109375 0.8216671640625 0.10850262968749999 0.8251703421875 0.16353288125 0.8231329984375 0.21353288125 0.8109375 0.2612736828125 0.8109375 0.51957321875 0.8136793546875 0.5203125 0.8461867640625 0.5203125 0.8512017468749999 0.5117076093749999 0.8661918343749999 0.45147058125 0.8749319203125001 0.390796515625 0.8761088749999999 0.349093428125
1 0.6 0.515625 0.6177654421875001 0.515625 0.6212492625 0.510847828125 0.635945840625 0.45351603906250004 0.6385418515625 0.4192567796875 0.6426491296875 0.40603872656249995 0.6450238796875001 0.388361103125 0.64878295625 0.3319221375 0.6345961328125 0.225416959375 0.637793909375 0.1763854015625 0.6487151 0.1073992140625 0.650509628125 0.076886175 0.6455630218749999 0.053364798437500006 0.6397893125 0.0441740171875 0.632327621875 0.040182115625 0.623994290625 0.040862359375000004 0.6156906515625 0.0479815703125 0.6055884093749999 0.0685904796875 0.602220609375 0.11303492343749999 0.60450104375 0.171741484375 0.6017539359375 0.2216564546875 0.6 0.22774314218749997 0.6 0.515625
1 0.6703125 0.450983796875 0.6716145828125 0.45700231406249997 0.6739583328125 0.45746527812500004 0.6807291671875 0.4546875 0.67578125 0.4125578703125 0.6703125 0.450983796875
1 0.690625 0.182465278125 0.68671875 0.17366898125000002 0.6809895828125 0.1690393515625 0.67109375 0.17181712968750001 0.6651041671875 0.1870949078125 0.6697916671875 0.26672453749999997 0.6677083328125 0.301909721875 0.6755208328125 0.3380208328125 0.6901041671875 0.24635416718749997 0.6921875 0.2093171296875 0.690625 0.182465278125
1 0.8044270828125001 0.1690393515625 0.7984375 0.1815393515625 0.8005208328125001 0.2787615734375 0.7942708328125 0.3065393515625 0.796875 0.41116898125 0.7947916671875 0.44913194375 0.7997395828125 0.457928240625 0.8067708328125001 0.458391203125 0.81015625 0.457928240625 0.8114583328125 0.451909721875 0.8057291671875 0.4157986109375 0.8052083328125 0.34079861093749997 0.8098958328125001 0.3065393515625 0.8197916671875 0.2676504625 0.8255208328125001 0.2046875 0.8239583328125001 0.176909721875 0.8190104171874999 0.1690393515625 0.8127604171874999 0.16533564843749998 0.8044270828125001 0.1690393515625
1 0.8921875 0.14079861093749999 0.8958333328125001 0.2500578703125 0.8848958328125001 0.307465278125 0.8901041671875 0.36024305624999997 0.8859375 0.46116898125 0.8880208328125001 0.4722800921875 0.89140625 0.47737268593750004 0.9083333328125001 0.482465278125 0.91953125 0.48200231406249994 0.9255208328125001 0.4750578703125 0.9380208328125 0.41024305625 0.9411458328125001 0.38061342656249997 0.9401041671874999 0.338946759375 0.9223958328125 0.24913194375 0.9229166671875 0.21394675937500002 0.9276041671874999 0.1722800921875 0.9286458328125 0.1398726859375 0.9231770828125001 0.11996527812499999 0.91171875 0.1125578703125 0.8997395828125001 0.12089120312499999 0.8921875 0.14079861093749999
1 0.9348958328125001 0.27413194375 0.9322916671874999 0.295428240625 0.9411458328125001 0.34265046250000003 0.9421875 0.36024305624999997 0.9411458328125001 0.39357638906250003 0.9322916671874999 0.450983796875 0.93671875 0.45607638906250003 0.9463541671875 0.45746527812500004 0.95546875 0.45700231406249997 0.9598958328125 0.451909721875 0.9692708328125 0.408391203125 0.9729166671874999 0.375983796875 0.9708333328125001 0.33246527812500004 0.9567708328125001 0.27320601875 0.9567708328125001 0.2445023140625 0.9609375 0.20653935156249997 0.9614583328125 0.18061342656249998 0.95546875 0.164409721875 0.9497395828125 0.16163194375 0.9424479171875 0.1625578703125 0.9361979171874999 0.169965278125 0.93125 0.188946759375 0.9348958328125001 0.2445023140625 0.9348958328125001 0.27413194375
1 0.5046875 0.609375 0.5046875 0.8591709281250001 0.5071733890625 0.8652353890625001 0.5145987328125 0.8703125 0.5251655171875 0.8703125 0.5346724265625 0.8567034687499999 0.5413252187500001 0.81953125 0.5431449328125 0.7848090265625001 0.539641475 0.746926615625 0.5276898437499999 0.7056654921875001 0.5238224437500001 0.674727525 0.52651009375 0.609375 0.5046875 0.609375
1 0.233956521875 1 0.24432456249999998 0.9529924984375 0.2439160203125 0.886107309375 0.22654635 0.8124646984374999 0.22672717968749997 0.7887989578125 0.22928557968750002 0.7548531265625 0.232806059375 0.6972961828125 0.23108483125 0.6818545125 0.2214975234375 0.665666109375 0.2082793765625 0.665666109375 0.199279953125 0.674059115625 0.196875 0.6826572625 0.196875 0.7307668453125 0.19960980156250002 0.781331340625 0.19808179374999998 0.818831340625 0.196875 0.8260486421875001 0.196875 0.89532270625 0.1972563421875 0.8967730093749999 0.196875 0.906131821875 0.196875 1 0.233956521875 1
1 0.13616380781249998 0.919510471875 0.1399364265625 0.8902162593749999 0.13881105625 0.8640824625000001 0.12017022343749999 0.792448309375 0.125359475 0.6829811796875 0.118471896875 0.6662896843749999 0.106963634375 0.6644684984375 0.099616653125 0.6692091203125 0.09375 0.6815495265625 0.09375 0.7617558859375 0.0947492484375 0.8000445953125 0.09375 0.8039665109375 0.09375 0.98125 0.10071396562499998 0.98125 0.1287561265625 0.93529843125 0.13616380781249998 0.919510471875
0 0.403125 0.7779513890625 0.41328125 0.8404513890625 0.424609375 0.8564236109374999 0.437890625 0.8619791671874999 0.453515625 0.86336805625 0.468359375 0.855034721875 0.48203125 0.823784721875 0.484375 0.7654513890625 0.461328125 0.7203125 0.444921875 0.7203125 0.417578125 0.7342013890625 0.4078125 0.7529513890625 0.403125 0.7779513890625
1 0.7828125 0.609375 0.7828125 0.71857286875 0.79157989375 0.7577457703125 0.793165978125 0.8034777999999999 0.7877853890625 0.8554813609374999 0.7828125 0.8745774828125 0.7828125 0.94375 0.803985346875 0.94375 0.8050670125 0.9437078781249999 0.8182948640625 0.9319603265625 0.8507487593749999 0.8446771484375001 0.8629195609375 0.7897690625 0.8643325718749999 0.7121429921875 0.8417240109374999 0.609375 0.7828125 0.609375
1 0.6075458640625 0.609375 0.6105489046875 0.6685320875 0.6 0.6960743625 0.6 1 0.68215436875 1 0.69697673125 0.9565215531250001 0.7063343843750001 0.8896439656249999 0.7030819046875 0.8066899031249999 0.66861276875 0.6759689015625 0.67669246875 0.609375 0.6075458640625 0.609375
1 0.7163350609375 0.609375 0.7153356484375 0.6322706234375 0.6902033734375 0.706344696875 0.691526125 0.7265467171875 0.7219494046875 0.82755681875 0.72327215625 0.9235164140624998 0.7057446671875 1 0.7743290046875 1 0.801314484375 0.9100484 0.8092509921875 0.8544928453124999 0.807928240625 0.7619002531250001 0.7708912031249999 0.630587121875 0.7735482078125 0.609375 0.7163350609375 0.609375
1 0.6832038140625001 0.609375 0.6782986109375 0.669307659375 0.6849123671874999 0.706344696875 0.69813988125 0.6827756734375 0.714012896875 0.633954125 0.70757550625 0.609375 0.6832038140625001 0.609375