1 0.045259225 0 0.0482460703125 0.025875565625000003 0.0592573984375 0.06358353125 0.06604813125 0.100049840625 0.072388975 0.11988895 0.0780251359375 0.128125 0.10082265625 0.128125 0.10082265625 0 0.045259225 0
1 0.15307581875 0 0.1547258171875 0.03542613125 0.15406563281250002 0.065823821875 0.1474606546875 0.0911577515625 0.1346354984375 0.1612305890625 0.1328125 0.1959536515625 0.1328125 0.22593370781250002 0.1373324671875 0.28599379062499997 0.1528512671875 0.3517558 0.1699790125 0.40749048749999994 0.1796326640625 0.41975522187500003 0.18972749687499998 0.425 0.2097605921875 0.425 0.21696016562499998 0.4188931 0.2204567203125 0.4103928 0.224509146875 0.39252440312500003 0.224509146875 0.1333367359375 0.20510729687499998 0.069691528125 0.2012093625 0.0417164171875 0.19987440625 0 0.15307581875 0
1 0.20613865625 0 0.20817662343749999 0.0420046421875 0.21523700156249997 0.08247236718749999 0.2432229984375 0.168174659375 0.25017551875 0.2067905328125 0.2511449671875 0.2078125 0.254856659375 0.2078125 0.2551393625 0.207285290625 0.2551393625 0.0018528062500000001 0.25490612968750004 0.005372015625 0.25310251250000004 0 0.20613865625 0
1 0.924339325 0.4390625 0.915459875 0.3923809421875 0.9179550437499999 0.3261433453125 0.932174834375 0.22245624375 0.9355589328124999 0.1578838171875 0.9234011421874999 0.11977721875 0.9065772453125 0.1055109296875 0.9015838203125 0.107656271875 0.8981195625 0.099250384375 0.89453815 0.1117068765625 0.8710616640625 0.14055813125 0.8628269890624999 0.16729634375 0.859900203125 0.22314276562500002 0.8651710999999999 0.3460916734375 0.8614468437500001 0.39852772187499996 0.8506898859375 0.4390625 0.924339325 0.4390625
1 0.848431809375 0.4390625 0.8296638875 0.3678122828125 0.827505515625 0.3171329078125 0.8324591203124999 0.2355883640625 0.831078040625 0.17625154062499998 0.82011369375 0.14673589375 0.8069222703125 0.132926603125 0.793588259375 0.132926603125 0.7819190203125 0.1458074234375 0.7714365984375 0.179050446875 0.773635590625 0.231475021875 0.7844495 0.31760685781250003 0.784728328125 0.3716395234375 0.7721053390625 0.4390625 0.848431809375 0.4390625
1 0.704884640625 0.4390625 0.704884640625 0.34675704218750003 0.7007120171875 0.328226978125 0.6996824140625 0.20999906875000002 0.693763990625 0.19217561249999998 0.6793320234375 0.172338078125 0.67685459375 0.172338078125 0.661647128125 0.185398196875 0.659375 0.19333928281249999 0.659375 0.24089189375000003 0.6719462015625 0.35384720937499997 0.659375 0.42332721875 0.659375 0.4390625 0.704884640625 0.4390625
1 0.76678424375 0.4390625 0.76678424375 0.38363676562500004 0.75861065625 0.348734690625 0.7572587296875 0.1938575671875 0.74578599375 0.1677721140625 0.7341948046875 0.15390460156250002 0.732127953125 0.15390460156250002 0.717354621875 0.1656177140625 0.7074213 0.19355919531250002 0.7229864203125 0.3599475765625 0.7091154609375 0.4390625 0.76678424375 0.4390625
1 0.6340639140625 0.4390625 0.63152485 0.4310432765625 0.6207339703125 0.3808892671875 0.617415709375 0.340806753125 0.6200027421875001 0.2163264890625 0.61668448125 0.1762439734375 0.601263790625 0.139493028125 0.5826002671875 0.12306884375 0.5718159546875 0.1236969609375 0.5592085734375 0.1436935875 0.550017815625 0.180126865625 0.5528639140625 0.22899248593750002 0.5650778453124999 0.3035793046875 0.57259310625 0.3819420328125 0.56945520625 0.4294050578125 0.5677426140625 0.4390625 0.6340639140625 0.4390625
1 0.49167786874999997 0.4390625 0.5075697640625 0.382565575 0.50968813125 0.358155584375 0.5096731796875 0.295259903125 0.5047612515625 0.2532153546875 0.510461103125 0.172981759375 0.50354039375 0.1703125 0.5031070734374999 0.1703125 0.48832348593749997 0.18469615 0.4793423703125 0.20894640781249998 0.48329384375 0.33482904687500004 0.48085033906249997 0.366219840625 0.46875 0.41091204374999996 0.46875 0.4390625 0.49167786874999997 0.4390625
1 0.5578392375 0.4390625 0.559104003125 0.43287941874999997 0.559104003125 0.285733090625 0.550378259375 0.218880359375 0.5506633015625 0.1612430953125 0.5412811890625 0.1422512578125 0.537129075 0.08384408125000001 0.5330981593749999 0.0970357734375 0.5335903906249999 0.1476694125 0.5167050359375 0.1742581609375 0.5123616562500001 0.193569465625 0.526567884375 0.3783553703125 0.5151581249999999 0.4390625 0.5578392375 0.4390625
1 0.256639321875 1 0.2615101640625 0.9847714 0.2740483046875 0.9863302390625 0.278125 0.994982209375 0.278125 0.9903713046875 0.2706402765625 0.9610571718750001 0.2592659203125 0.9375540765625001 0.25962418593750003 0.8930865484375001 0.2568358984375 0.8778633234375001 0.2499730046875 0.870378996875 0.24224132968749998 0.8733386140625001 0.2375 0.883799121875 0.2375 0.8844315312500001 0.23897497343750002 0.9088552890624999 0.24607363750000003 0.9378764859375 0.243438159375 1 0.256639321875 1
1 0.3305830375 0.8771621640625 0.33398056875000004 0.8188288296875001 0.33099075 0.8098419625 0.3233400359375 0.807155090625 0.3161736046875 0.8162601390625 0.31652053750000003 0.877325796875 0.315625 0.8801869937500001 0.315625 0.9761403999999999 0.3188013265625 0.98125 0.3220002203125 0.98125 0.33437638125 0.9728864093750001 0.338580684375 0.9409146937500001 0.3378015953125 0.9006732781250001 0.3305830375 0.8771621640625
1 0.745178053125 1 0.746409615625 0.9734100171875 0.7457820546875 0.9458022984374999 0.741120453125 0.9258995953125 0.7402502625 0.90292150625 0.7506993750000001 0.8024963578125 0.744045015625 0.7859831984375 0.7359057859375 0.7829597359375 0.725295015625 0.78751375 0.7107763609375001 0.8122090015625 0.708375975 0.8382199515625001 0.71022635625 0.8721816062500001 0.707605965625 0.92218160625 0.7046875 0.9326512484375 0.7046875 1 0.745178053125 1
1 0.857777534375 1 0.857777534375 0.9765330656250001 0.8562270546875 0.95546015625 0.8447759328124999 0.9102873062499999 0.8436121703125 0.8602873062499998 0.8465037125 0.8281348421875 0.8455087546875 0.8077280515625 0.8391420234375001 0.7911055140625 0.8335190140625001 0.78650961875 0.8172014624999999 0.78650961875 0.8141204734375 0.7884314187499999 0.8080087546874999 0.8051057953124999 0.8150668828125 0.9072854296875 0.8089425828125 0.9345897437499999 0.8078125 0.9493580999999999 0.8078125 0.9511577296875 0.8112570937499999 1 0.857777534375 1
1 0.8060771984375 1 0.8060771984375 0.930787396875 0.8014930515625001 0.9153274 0.79852406875 0.8109345687499999 0.792165490625 0.7952423953125 0.78338945 0.7890649890625 0.7771953218750001 0.7890649890625 0.7665367984375 0.7914566890625 0.7609375 0.8088891671875 0.7609375 0.8126520984375001 0.7707809 0.8954852234375 0.771338646875 0.9139642765625 0.765270334375 0.9522217031250001 0.7687803328125 1 0.8060771984375 1
1 0.9126131031250001 1 0.9126131031250001 0.9479918328124999 0.9011424531250001 0.9023869328125 0.898352584375 0.7979151703125 0.89282246875 0.7850402390625 0.883066375 0.7796915234374999 0.8773263499999999 0.7796915234374999 0.8683001765625 0.7822593921875 0.8671875 0.7847381234374999 0.8671875 0.8465747140625 0.8675205390624999 0.849093025 0.8709341187499999 0.9000978828124999 0.8671875 0.9200828671875 0.8671875 0.9910729578125 0.868105103125 1 0.9126131031250001 1
1 0.7063022562500001 1 0.7063022562500001 0.8888015812500001 0.705211871875 0.8601896890624999 0.7063022562500001 0.842212346875 0.7063022562500001 0.8161020078125001 0.7059994656249999 0.8109032687500001 0.7005746953124999 0.7940314875000001 0.6891518328125 0.786335190625 0.6748381453125 0.791814203125 0.6734375 0.7962627515625 0.6734375 0.8521679734374998 0.6755783 0.8628447171874999 0.6783826109375 0.9109928640625 0.6734375 0.9377851015625 0.6734375 0.99899666875 0.6735641609374999 1 0.7063022562500001 1
1 0.6500056328125 1 0.64929768125 0.9744134265625 0.63994918125 0.9176531265625 0.6405927421875 0.892641003125 0.6490321781249999 0.8121945515625001 0.6448389609375 0.795875684375 0.635808965625 0.7882500718750001 0.6216170890624999 0.7907005406250001 0.6151746859375 0.8002833546874999 0.6120530109375 0.8113338515624999 0.6109317421875 0.8354079249999999 0.613111303125 0.8669742640625 0.611605228125 0.9105049062500001 0.6078125 0.93135415625 0.6078125 1 0.6500056328125 1
1 0.6114084515625 1 0.6128420328124999 0.9837460453125001 0.6128420328124999 0.9218703093750001 0.6077490203125 0.8989131515625001 0.60700359375 0.8553825093749999 0.6097334078125 0.8238161703125 0.609032925 0.799742096875 0.6066801765625 0.790531328125 0.5993660375000001 0.780972759375 0.5890291265625001 0.7796875 0.586324603125 0.7796875 0.5816846468750001 0.7823108515625 0.5751518171875001 0.7996041359375 0.576067834375 0.8310856171874998 0.5799202609374999 0.8560128812500001 0.5812493453125 0.8837785374999999 0.5803065015625 0.9051112015625 0.575 0.936267065625 0.575 1 0.6114084515625 1
1 0.558661375 1 0.5579859234375 0.9626487453125 0.5494157859375 0.9240516281249999 0.546739975 0.8960402140625 0.5496605046875 0.8572514546875001 0.5543410265625 0.8278554609375 0.5551493781250001 0.8047073140624998 0.552900884375 0.79435524375 0.5451998109375 0.783189759375 0.5329498562499999 0.782404746875 0.53049135625 0.782404746875 0.5243520546875 0.7897417578124999 0.5219777156250001 0.7979415859375 0.5197073546875 0.8330600171875 0.5215389921875 0.870297315625 0.5199188015625 0.90174541875 0.5046875 0.9558771859374999 0.5046875 1 0.558661375 1
1 0.45962324375 1 0.460964028125 0.9903172187500001 0.4614678484375 0.9727306859375 0.450408359375 0.90346199375 0.450032296875 0.8831098046874999 0.45894327968750004 0.8284135093749999 0.461189840625 0.7987778203125 0.45806556406250004 0.7853973468750001 0.4532347328125 0.7789764703125 0.44558401875 0.7762895984375 0.4370349703125 0.7800902703125 0.430838178125 0.7926539046875 0.428340428125 0.817666025 0.4286071890625 0.8667037359374999 0.42619883593749996 0.8991172046875 0.41875 0.9242772984375 0.41875 1 0.45962324375 1