1 0.2506896203125 0 0.2390111203125 0.039908840625000004 0.2328010640625 0.0843703515625 0.2328010640625 0.170188565625 0.234843759375 0.21918463593749998 0.256950546875 0.3128379078125 0.265860403125 0.3390625 0.3384848828125 0.3390625 0.342855725 0.31539245781249997 0.35793380468749997 0.274596325 0.36914603437500004 0.22699215781249998 0.3703125 0.21445404531249998 0.3703125 0.079882946875 0.36852893125 0.0645467203125 0.3571010734375 0.0149559484375 0.3524637453125 0 0.2506896203125 0
1 0.18282543281250002 0.3390625 0.186645234375 0.418902675 0.1708783390625 0.48964894843749995 0.1708783390625 0.49375 0.2055891859375 0.49375 0.221875 0.490083290625 0.221875 0.48470385781249997 0.207747065625 0.4167771765625 0.212016928125 0.3541407671875 0.211160390625 0.3390625 0.18282543281250002 0.3390625
1 0.209303278125 0.3390625 0.210407634375 0.3529254359375 0.2055639078125 0.3935220765625 0.2070348359375 0.43083075781249996 0.217748196875 0.4859375 0.237305534375 0.4859375 0.2375 0.48559027656250003 0.2375 0.456871646875 0.2237589453125 0.3823330796875 0.22668712968750002 0.3390625 0.209303278125 0.3390625
2 0.4890625 0.49306495312500004 0.3331257609375 0.49309115468750003 0 0.5054005578125 0 0.6037859546875 0.0046956828125 0.6022387484375 0.435706565625 0.5922522328125 0.4890625 0.593676159375 0.4890625 0.49306495312500004
1 0.64947009375 1 0.65 0.9824815593749999 0.65 0.97730460625 0.6464040171875001 0.94656030625 0.6371825421875 0.9204988000000001 0.6042501078125 0.8751304984375 0.5984836578125 0.8593628921875001 0.593998165625 0.8248043609375 0.5950622265625001 0.7761659671875 0.5898035640625 0.74024583125 0.5785683625 0.7246691937499999 0.5671805 0.7228152828125 0.5642807984375 0.7228152828125 0.560575371875 0.7294633421875 0.540214390625 0.738506003125 0.53111285 0.7589586359375 0.52975336875 0.7799078500000001 0.52975336875 0.7868645937500001 0.5377885671875 0.819824209375 0.5532196390624999 0.8526119078125 0.5592433906250001 0.8912825390624999 0.5591383453125001 0.9093380937500001 0.5469751781250001 0.9861362124999999 0.546894521875 1 0.64947009375 1
1 0.8375 1 0.8375 0.992060978125 0.836193096875 0.95124056875 0.8305249796874999 0.9267507531250001 0.8103687046875001 0.8881948453125 0.8061661046874999 0.8677441484374999 0.8105141124999999 0.78144171875 0.8081972828125 0.7469745875 0.8019284140625 0.7315444359375001 0.7982367296875 0.7288798953125 0.79258963125 0.7288798953125 0.7854575109375 0.73566144375 0.772111609375 0.7395233593749999 0.7627878015625 0.75484008125 0.759878303125 0.7790572515624999 0.759878303125 0.79662925 0.7620820234375 0.8186651984375001 0.7726370078125 0.8677086046875001 0.7727070703125 0.8982003875 0.759878303125 0.9563671890624998 0.759878303125 1 0.8375 1
1 0.914453125 0.6064236109375 0.9078125 0.6223958328125001 0.9140625 0.7307291671874999 0.90078125 0.7765625 0.89765625 0.8210069437499999 0.9 0.848784721875 0.91171875 0.9057291671875 0.922265625 0.9189236109374999 0.93359375 0.9182291671874999 0.946875 0.9015625 0.953125 0.8779513890625001 0.95703125 0.7987847218749999 0.9390625 0.7251736109375 0.93984375 0.623784721875 0.933984375 0.6078125 0.926171875 0.6008680562500001 0.914453125 0.6064236109375
1 0.875390625 0.530034721875 0.867578125 0.535590278125 0.86328125 0.5501736109375 0.8703125 0.623784721875 0.859375 0.6779513890625 0.8578125 0.7098958328125 0.86171875 0.7376736109375 0.87265625 0.7765625 0.88359375 0.7821180562500001 0.8953125 0.773784721875 0.903125 0.73211805625 0.9046875 0.6904513890625 0.90234375 0.66961805625 0.88828125 0.6223958328125001 0.88984375 0.5460069437499999 0.884765625 0.5328125 0.875390625 0.530034721875
1 0.946484375 0.48142361093749997 0.93671875 0.498784721875 0.940625 0.5696180562500001 0.9359375 0.58211805625 0.93359375 0.604340278125 0.940625 0.623784721875 0.93984375 0.6890625 0.942578125 0.6953125 0.95078125 0.6960069437499999 0.95859375 0.6890625 0.96640625 0.648784721875 0.9671875 0.6223958328125001 0.9625 0.5876736109375 0.95625 0.5696180562500001 0.959375 0.5029513890625 0.953515625 0.485590278125 0.946484375 0.48142361093749997
1 1 0.5306712953125 0.994921875 0.5314236109375 0.98828125 0.541840278125 0.99140625 0.61961805625 0.9765625 0.6890625 0.978125 0.73211805625 0.984375 0.7626736109375 0.9890625 0.7654513890625 0.99296875 0.748784721875 1 0.737534721875 1 0.5306712953125
1 0.775 0.73211805625 0.771875 0.6848958328125001 0.77265625 0.61961805625 0.771875 0.6057291671874999 0.762890625 0.5994791671874999 0.749609375 0.6064236109375 0.74296875 0.629340278125 0.7546875 0.7015625 0.75625 0.729340278125 0.7453125 0.78350694375 0.74453125 0.8279513890625001 0.75234375 0.8654513890625001 0.77109375 0.9071180562500001 0.775 0.8848958328125001 0.76171875 0.811284721875 0.759375 0.77100694375 0.7640625 0.7529513890625 0.77265625 0.741840278125 0.775 0.73211805625