1 0.41875 0.41455509062499996 0.4172047296875 0.41794691406249995 0.4178783140625 0.46893650625000005 0.4125 0.4970691578125 0.4125 0.5782003578125 0.41427938906249995 0.5855395062500001 0.41499831875000004 0.5859375 0.41875 0.5859375 0.41875 0.41455509062499996
1 0.39197293593750004 0.467535503125 0.3972575484375 0.432392740625 0.3973835984375 0.41849779062500003 0.394928709375 0.40966816093749997 0.386724753125 0.40679341718749995 0.3835135 0.40860890625 0.37915443125000003 0.418285675 0.37860709843749996 0.474791396875 0.371875 0.5003318703125 0.371875 0.5718246687499999 0.38280230625 0.5890625 0.3903181 0.5890625 0.3949553578125 0.5713301125 0.39902912343749997 0.5509961046875 0.3999778890625 0.5306257343749999 0.39197293593750004 0.467535503125
1 0.341182553125 0.5609375 0.35276151875 0.557544465625 0.36389796875 0.5589547359375 0.36389796875 0.500464490625 0.3582411953125 0.482537784375 0.356595146875 0.4197021546875 0.351882028125 0.4088948390625 0.347740065625 0.40638430468750003 0.3455676328125 0.40638430468750003 0.339382028125 0.408385503125 0.3359375 0.4194405109375 0.3359375 0.42078662343750006 0.34146389843749997 0.47354655625 0.3359375 0.5108999937500001 0.3359375 0.51893289375 0.33795285 0.55740259375 0.34015853906250004 0.5609375 0.341182553125 0.5609375
1 0.3172629234375 0.5225047390625 0.308142865625 0.47869445 0.3118137328125 0.41741645624999996 0.3080771859375 0.4079445578125 0.3039590046875 0.4054337921875 0.2955771859375 0.4087455953125 0.2909642359375 0.4196774421875 0.29181925 0.48991430625000004 0.28125 0.532373034375 0.28125 0.594807003125 0.28255580625 0.603344540625 0.28625313750000003 0.615625 0.2893705296875 0.615625 0.302874565625 0.5867817671875 0.3180819625 0.564997203125 0.3172629234375 0.5225047390625
1 0.25740067031249997 0.4052676 0.25004433593750003 0.4072891671875 0.2451807421875 0.41989220781250003 0.24561852968750003 0.48186863124999996 0.240625 0.49869481562500007 0.240625 0.6046875 0.256416153125 0.6046875 0.267155296875 0.5655581328125 0.2677984890625 0.5322369218749999 0.25981036562500004 0.477837621875 0.265037078125 0.4175797 0.2624796671875 0.40885007812499996 0.25740067031249997 0.4052676
1 0.2260354171875 0.41841898125 0.22285473437499997 0.4098594140625 0.2182318875 0.4074094203125 0.20981234999999998 0.411695846875 0.2078278 0.41876776250000003 0.207468640625 0.47888010625 0.203125 0.499758228125 0.203125 0.5891804109375001 0.20381319687500002 0.5921875 0.221015540625 0.5921875 0.230396121875 0.5438350234375 0.22997944218750002 0.5170560125 0.22124737031250002 0.467747996875 0.2260354171875 0.41841898125
1 0.1990252125 0.5057503703124999 0.1906845875 0.46784153125000005 0.1924644875 0.420467634375 0.1904880296875 0.4117775109375 0.1852150484375 0.4083771578125 0.178997375 0.41059303125 0.176270165625 0.41863024375 0.1783138828125 0.47597698125 0.1734375 0.500419221875 0.1734375 0.563792253125 0.1781053546875 0.583505728125 0.17883871406250001 0.584375 0.19178761875 0.584375 0.1942673484375 0.5834912671875 0.1990252125 0.5538267734375 0.1990252125 0.5057503703124999
0 0.40588365312499997 0.6390625 0.4003799265625 0.6125291671875 0.3837882703125 0.5794650390625 0.36367177812499996 0.5627213421875 0.3413514046875 0.5617820484375 0.3179065375 0.5756787953125 0.305844546875 0.590960503125 0.29599425625000003 0.6093874484375 0.290625 0.6269758703125 0.290625 0.6390625 0.40588365312499997 0.6390625
1 0.6610001484375 0.37941872499999996 0.6483249765625001 0.34415533125 0.65149299375 0.2970286109375 0.6499883656250001 0.27125458281250003 0.6315683828124999 0.27397871875 0.6345964125 0.27966160625 0.6358249765625 0.34364599687499997 0.63125 0.3630413015625 0.63125 0.43792945000000005 0.6353752968749999 0.4589874421875 0.6394294109375 0.4640625 0.6490936796875 0.4640625 0.6549307890625 0.4583943890625 0.66195656875 0.41420461406250003 0.6610001484375 0.37941872499999996
1 0.7321752296875 0.27573569375 0.7216647203125 0.2743282375 0.7171875 0.28925103750000003 0.7171875 0.360210084375 0.71812366875 0.36542562031250003 0.71839449375 0.365625 0.7316738828125 0.365625 0.7354566281249999 0.3559908609375 0.7400416859375 0.3168516484375 0.7321752296875 0.27573569375
1 0.7616422875 0.2680384 0.7453125 0.27161941562499997 0.7453125 0.3226049453125 0.7480713734375 0.334375 0.75884970625 0.334375 0.7632421203125 0.322817684375 0.7667498937499999 0.2894298 0.764988159375 0.272817684375 0.7616422875 0.2680384
1 0.7057137125 0.343310209375 0.6973408421875 0.30091021875 0.6977934171875 0.2814657734375 0.7011123765624999 0.27291391875 0.69767756875 0.269687534375 0.6831436265624999 0.2741704171875 0.68230313125 0.310281528125 0.6765625 0.3396516453125 0.6765625 0.38271324375 0.6809184890625 0.403282453125 0.68187955625 0.4046875 0.6978484421875001 0.4046875 0.6988549125000001 0.4034148453125 0.7050348515625 0.3724768765625 0.7057137125 0.343310209375
1 0.6653071046875001 0.27881973125 0.6554808718749999 0.275916290625 0.6515625 0.281998378125 0.6515625 0.34220756875 0.6620147265625 0.371875 0.6650533890625001 0.371875 0.6706921859375 0.3633144390625 0.6734375 0.32260540312499997 0.6734375 0.315620009375 0.6653071046875001 0.27881973125
1 0.6189662859375 0.2723879796875 0.606772021875 0.27496473125 0.6069762937500001 0.3082343984375 0.603125 0.3290730421875 0.603125 0.4003201859375 0.6060147171875 0.409375 0.6180139265625 0.409375 0.6218779765625 0.40191483906250003 0.6286594140625 0.3503349484375 0.620812421875 0.31321695156249996 0.6189662859375 0.2723879796875
1 0.6015625 0.37065972187499996 0.60546875 0.3220486109375 0.6046875 0.3067708328125 0.594921875 0.2755208328125 0.58671875 0.27899305625 0.58125 0.3123263890625 0.58125 0.345659721875 0.58984375 0.3748263890625 0.6015625 0.37065972187499996
1 0.5734375 0.345659721875 0.58125 0.34149305625 0.58515625 0.2845486109375 0.580859375 0.27413194375 0.567578125 0.2755208328125 0.56328125 0.29149305625 0.565625 0.326215278125 0.5734375 0.345659721875
1 0.054457246875 0.6390625 0.052830003125000004 0.6634660515624999 0.05 0.6759868765625 0.05 0.7079748359375 0.051999028125 0.714873121875 0.057940548437499996 0.7719175625 0.0712223546875 0.85 0.074578396875 0.85 0.0829953359375 0.8465549265625001 0.0886233125 0.834808459375 0.0974608546875 0.7793256296875001 0.0994662 0.7362700734375001 0.0950274796875 0.6973084593750001 0.077889703125 0.64569230625 0.078058603125 0.6390625 0.054457246875 0.6390625
0 0.240625 0.6390625 0.240625 0.6701303640625 0.24798994687499998 0.6950821140625 0.2631739703125 0.7185995609375 0.27382430156250004 0.721875 0.302544890625 0.721875 0.3052478390625 0.720953403125 0.316425340625 0.7013280015625 0.316425340625 0.6496858375000001 0.3114337671875 0.6390625 0.240625 0.6390625
1 0.65043353125 1 0.6414746875 0.9685921593749999 0.6314534 0.9460568281249999 0.626513375 0.9437142140624999 0.6234412734375001 0.9121829781249999 0.6358199156250001 0.8256069328125 0.634657365625 0.7884433109375 0.62202075 0.7600912203125001 0.6079752453125 0.7494237375 0.5958561578125 0.7494237375 0.58227644375 0.75418911875 0.5706778765625 0.7701333171875 0.5649492078125 0.78703046875 0.5634964234375 0.81837733125 0.575726471875 0.8959632656250001 0.576058746875 0.9288104109375 0.553368178125 0.9835602187500001 0.553125 0.9846946750000001 0.553125 1 0.65043353125 1
1 0.44390990312499995 0.6390625 0.424859534375 0.649031290625 0.41875 0.655875421875 0.41875 0.7702401453125 0.43790699999999994 0.7828125 0.448233290625 0.7828125 0.470397034375 0.779446071875 0.49156893281249997 0.7525736015625 0.5184524859375 0.758595646875 0.530482959375 0.7530264078125001 0.5437300031250001 0.7310572984375 0.54461895625 0.6925303640625 0.536013659375 0.6731615921875 0.5201227171875 0.66441284375 0.51923835625 0.673680046875 0.531085528125 0.7109278734375 0.5239992109375 0.717268296875 0.5083580109375 0.6642759484375 0.49431825781249994 0.674103728125 0.48271164375 0.6511317671875 0.46405876093750004 0.6390625 0.44390990312499995 0.6390625