1 0.22500038125000002 0.37878449375 0.2346938359375 0.4027457734375 0.2403697078125 0.4078125 0.2476097640625 0.4078125 0.2625 0.4060846171875 0.2625 0.23319584375 0.24094897343750002 0.1687238890625 0.2330420078125 0.04918394375 0.2248115265625 0.031520415625 0.2149255578125 0.0285186171875 0.2062036046875 0.0285186171875 0.2029365265625 0.030629076562500003 0.196875 0.0477046140625 0.196875 0.059533884375 0.197358275 0.069909990625 0.20945019375 0.1286253265625 0.2134061703125 0.18007788125 0.2064246453125 0.23108476875 0.20861408125 0.311576659375 0.22500038125000002 0.37878449375
1 0.11514952187500001 0.3484475046875 0.123777584375 0.3127507921875 0.13183240000000002 0.24765061249999998 0.1277867734375 0.2040030609375 0.11353271718749999 0.1511933828125 0.11827097812500001 0.034112318749999995 0.10995526250000001 0.0200188390625 0.0946539015625 0.0200188390625 0.09391320625 0.020382775 0.0875 0.03178918125 0.0875 0.10034848125 0.0894004578125 0.12140281875 0.08787297968749999 0.14785090781250002 0.0875 0.14939402968749999 0.0875 0.35625 0.1081238078125 0.35625 0.11514952187500001 0.3484475046875
1 0.2503832625 0 0.24453125 0.0102333015625 0.253125 0.12437224375 0.2453125 0.16303381249999999 0.24375 0.1893772375 0.259375 0.24677632031250002 0.2642898921875 0.278125 0.267339721875 0.278125 0.27734375 0.263965825 0.29453125 0.2269659296875 0.2984375 0.202079590625 0.29296875 0.16858713281249998 0.27734375 0.11952137968750001 0.27421875 0.0069304531249999995 0.270024284375 0 0.2503832625 0
1 0.5100795 0 0.5091211328125 0.0134322 0.5143179250000001 0.0528080203125 0.5134530984375 0.0744887671875 0.5140734484375 0.0948302046875 0.50890531875 0.127510596875 0.5020469390625 0.15517159062500002 0.5 0.1719454046875 0.5 0.2299639421875 0.5107997546874999 0.26200694687500004 0.5137065875 0.2994705859375 0.5166298828125 0.3046875 0.540079746875 0.3046875 0.5441753375 0.29911604999999997 0.553792746875 0.2573402953125 0.55877921875 0.20589686093749998 0.552247678125 0.18722413124999998 0.5405612468750001 0.18180493749999999 0.5363330562499999 0.170049378125 0.538041003125 0.1450311984375 0.549172428125 0.111570596875 0.5392989921875 0.06307766249999999 0.5430113671875 0 0.5100795 0
1 0.3893082859375 0 0.4027328484375 0.08634516875 0.4000763078125 0.1375522015625 0.41122263906249995 0.221875 0.4182929234375 0.221875 0.42920179062499997 0.20285159218749998 0.4404378078125 0.1956658953125 0.4404378078125 0.119062925 0.42675735625 0.084272084375 0.42022885 0.0466584234375 0.4175900375 0 0.3893082859375 0
0 0.47470814843750003 0.4203125 0.4751299484375 0.4203125 0.49311619531249995 0.4121588640625 0.5130066531249999 0.368901275 0.5134679875 0.36659501250000004 0.5134679875 0.2577930859375 0.4997811125 0.224201740625 0.48723898125 0.20591592187500002 0.45909701875 0.1859576375 0.4351496078125 0.1859576375 0.41096784218750004 0.2038328453125 0.39753019843750004 0.22828372031250002 0.390625 0.272856221875 0.390625 0.2904666375 0.393881025 0.3205102265625 0.40587828125 0.3587755015625 0.42651998906250005 0.39291305312499997 0.44184505625000003 0.412116521875 0.45273185312499997 0.417838565625 0.47470814843750003 0.4203125
0 0.71875 0.1578125 0.7227776218749999 0.1578125 0.7242289234375 0.1524244203125 0.7242289234375 0.1391580359375 0.7241096984375 0.1378797921875 0.71875 0.1308615078125 0.71875 0.1578125
1 0.290229859375 0.4890625 0.294948790625 0.5396554078125 0.2828125 0.6014412390625 0.2828125 0.6485778921875001 0.286678409375 0.65507054375 0.307678115625 0.65625 0.333510634375 0.65625 0.333510634375 0.5927272718750001 0.31929691875 0.5434200234375 0.319012940625 0.4890625 0.290229859375 0.4890625
1 0.05882575625000001 0.4890625 0.05773207500000001 0.5530761296875 0.0515625 0.5713118453125 0.0515625 0.653125 0.0893066890625 0.653125 0.0913615546875 0.6451025953125 0.0901285703125 0.6142510421875 0.08104806249999999 0.55624100625 0.088958759375 0.4890625 0.05882575625000001 0.4890625
1 0 0.4890625 0 0.65625 0.020823357812500002 0.65625 0.027587890625 0.652786790625 0.026025390625 0.619407990625 0.008837890625 0.5425189968749999 0.0112660375 0.4890625 0 0.4890625
1 0.3580954953125 0.4890625 0.3596816375 0.521196071875 0.34375 0.5948770328124999 0.34375 0.65625 0.39243843749999996 0.65625 0.39444068125 0.6561991125000001 0.40425882812499997 0.6470577015625001 0.4051370421875 0.63038194375 0.38228940625 0.5292657765625 0.383093278125 0.4890625 0.3580954953125 0.4890625
0 0.9443308015625 0.7414818828125 0.9490183015625 0.7180071640625 0.9466745515625 0.6929389671875 0.9330026765625 0.658513378125 0.9134714265625 0.6398895234374999 0.8892526765625 0.64057371875 0.8754260046875 0.65922728125 0.871875 0.6767927546875 0.871875 0.7272683390625 0.8744089265625 0.7387529203125001 0.8878524140625 0.762113753125 0.9098078921875 0.76875 0.91596499375 0.76875 0.9298776765625 0.76397800625 0.9443308015625 0.7414818828125