1 0.021458267187499998 0 0.0171875 0.021680921875000002 0.0171875 0.06915545468749999 0.026666509375 0.06630329375 0.0352790015625 0.075 0.036236440625 0.075 0.0398534390625 0.0680769390625 0.0430612625 0.0531560125 0.0435968296875 0.027251309374999998 0.040783442187500005 0 0.021458267187499998 0
1 0.046877409375 0 0.0524465125 0.0402665109375 0.05279133125 0.0550813265625 0.0485995078125 0.076678009375 0.053520465625 0.1088184046875 0.0538580734375 0.16814441875 0.0581073390625 0.1938367078125 0.0621967734375 0.20145675624999998 0.0688131234375 0.2046875 0.07863992187499999 0.2046875 0.08019785 0.201694153125 0.07868566406250001 0.1591349390625 0.084375 0.1263859640625 0.084375 0.07448950625 0.0724105890625 0.0464056109375 0.0704580359375 0 0.046877409375 0
1 0.0810071421875 0 0.078125 0.007997371875000001 0.078125 0.05054369843749999 0.0783235328125 0.054164909375 0.0819728578125 0.0687613578125 0.080517825 0.110428025 0.078125 0.1188192875 0.078125 0.209375 0.10828606562500001 0.209375 0.11792733124999999 0.2078223484375 0.12126075781250001 0.194246296875 0.12057127812499999 0.1693281828125 0.11724529531250001 0.145472475 0.1038225 0.0981159015625 0.10800056875 0.008246496875 0.1049937625 0 0.0810071421875 0
1 0.0357409890625 0.228125 0.0498050609375 0.22094251250000002 0.05888781875 0.21966344843750002 0.05888781875 0.1925815671875 0.058613060937499996 0.1919622125 0.05621985625 0.1789719765625 0.0498972828125 0.0965463875 0.04338355625 0.07608510625 0.032544942187499995 0.065259678125 0.025774107812500002 0.06514149531249999 0.0188384578125 0.0705697703125 0.0140625 0.0879345328125 0.0140625 0.10564038906249999 0.0143289890625 0.10979889375 0.031635207812499996 0.18501708125 0.03304608125 0.198915059375 0.029037659375000004 0.22566691093750002 0.0302914734375 0.228125 0.0357409890625 0.228125
1 0 0 0 0.228125 0.000050337500000000004 0.228125 0.0005197625 0.2277718953125 0.0079732953125 0.1977171171875 0.006993634375 0.1628295375 0.0010970609375000001 0.1108595515625 0.008361646875 0.055974828125 0.0097756671875 0.023652453125 0.009125278125 0.0117429609375 0.005955734375 0.002339603125 0.003699365625 0 0 0
1 0.1116751890625 0 0.11475884375 0.011173509375 0.11783424218750001 0.09083950625000001 0.12004389062500001 0.10191425000000001 0.1242340328125 0.1109375 0.1293979609375 0.1109375 0.1293979609375 0.01657030625 0.124615871875 0 0.1116751890625 0
1 0.1625 0.0971264984375 0.1661099 0.1515625 0.16665245 0.1515625 0.1671875 0.1489099078125 0.1671875 0.11672910624999999 0.1625 0.0880463265625 0.1625 0.0971264984375
1 0.131853284375 0 0.136232440625 0.049441967187500005 0.128125 0.1079768734375 0.128125 0.1242967828125 0.1286205875 0.1337531515625 0.139957621875 0.1703125 0.141669571875 0.1703125 0.14124353750000002 0.1550400390625 0.1327969296875 0.103655853125 0.135229621875 0.08021009999999999 0.14108494062500002 0.067178659375 0.1456268640625 0.06401824375000001 0.15448103124999998 0.063295484375 0.15904649843750002 0.0673167609375 0.15904649843750002 0.0516031953125 0.15748955625 0.045846990625 0.15616641250000002 0.010619289062499999 0.1536948703125 0.00338194375 0.1544117046875 0 0.131853284375 0
1 0.21755320625 0 0.21784205625 0.0084158609375 0.2186522890625 0.040848721875 0.20711486250000002 0.0797194109375 0.2046875 0.098738309375 0.2046875 0.108072734375 0.20548404062499998 0.1187661640625 0.21578929218749998 0.1532014890625 0.21783662812500001 0.19474975625 0.21853587187499998 0.1953125 0.2345496640625 0.1953125 0.236342371875 0.1947375875 0.241187934375 0.1855663640625 0.24195505625 0.179147909375 0.24195505625 0.131179434375 0.240502065625 0.0818231921875 0.24195505625 0.07551038437499999 0.24195505625 0.05852020625 0.23905098125 0.0467169421875 0.2383469890625 0.031015664062499997 0.23986518124999998 0 0.21755320625 0
1 0.174463175 0 0.1735120328125 0.0016027953125 0.1737874109375 0.0517392734375 0.17041695625 0.10168468281250001 0.165625 0.1176306 0.165625 0.2140625 0.176586096875 0.2140625 0.18609510468749998 0.2078554546875 0.2013286515625 0.20586925625000002 0.20521001249999998 0.1953985296875 0.20484838125 0.1471139 0.1953738296875 0.1039208046875 0.20298390156249999 0.007788281249999999 0.2007103828125 0 0.174463175 0
1 0.21055158125 0 0.2128126484375 0.008118871875 0.21545272343750002 0.0703125 0.2185102953125 0.0703125 0.21996386874999999 0.0685803203125 0.22360225625000002 0.0540493234375 0.22360225625000002 0 0.21055158125 0
1 0.0034921921874999998 0 0.004756759375 0.0019730531249999997 0.00798225 0.013840284375000001 0.009041756250000001 0.065625 0.0126425453125 0.065625 0.011476878125 0.0626717765625 0.012612059375000002 0.045054925 0.0213264234375 0.0039745703125 0.021589042187499997 0 0.0034921921874999998 0
1 0.25 0.057925684374999994 0.24413790624999998 0.062034184375 0.2386888125 0.07604004375 0.2359115734375 0.170520909375 0.234375 0.18032186562500002 0.234375 0.20931022812500003 0.24887921093749998 0.2203125 0.25 0.2203125 0.25 0.057925684374999994
1 0.1639110625 0.189915346875 0.162262025 0.142693125 0.162919171875 0.1166579375 0.1659533171875 0.11535073124999999 0.1659533171875 0.096362434375 0.1567945515625 0.0683563984375 0.14094321406250002 0.06296752343749999 0.1310941375 0.07247401249999999 0.1296875 0.0782967140625 0.1296875 0.1262792296875 0.136310384375 0.17699438125 0.136339228125 0.19277154218749998 0.1342723078125 0.2046875 0.1659533171875 0.2046875 0.1659533171875 0.19592567968750002 0.1639110625 0.189915346875
1 0.074416440625 0 0.07605153125 0.034079590625 0.078142234375 0.046951548437500004 0.0859196046875 0.065625 0.0893445046875 0.065625 0.089049371875 0.058381884375000005 0.081954609375 0.0123889390625 0.0857475171875 0 0.074416440625 0
2 0.98454725625 0.46875 0.9839399156249999 0.453844765625 0.9864382640624999 0.46402995156250004 0.9898802718749999 0.46541884062500005 0.9932017296875 0.45106698749999996 0.9912021140625 0.4019929140625 0.9814346484375001 0.3987521734375 0.975403653125 0.391344765625 0.9669194046874999 0.3876410625 0.83611478125 0.38578921093749996 0.47380342343750004 0.390418840625 0.46423978125000004 0.38578921093749996 0.4440781953125 0.3894929140625 0.42774371875000006 0.384863284375 0.3841069046875 0.3876410625 0.3738034234375 0.390418840625 0.3663682078125 0.3996781 0.3510827671875 0.4080114328125 0.3191831203125 0.4431966171875 0.31708460625 0.44921513593749995 0.31833843906250003 0.46875 0.98454725625 0.46875
1 0.25 0.5584086359375 0.2283160703125 0.540081984375 0.22322259843749997 0.540081984375 0.156212665625 0.5562886218750001 0.15 0.6280807609375 0.15 0.7176465109375 0.150501884375 0.7761029390624999 0.2039633171875 0.896659984375 0.1969883265625 1 0.25 1 0.25 0.774066040625 0.245687659375 0.7652170296875 0.25 0.716903684375 0.25 0.5584086359375
1 0.1643644484375 1 0.172752646875 0.909945390625 0.11927059843750001 0.7615117203125 0.1543870125 0.519527025 0.1161931984375 0.482994275 0.060651484374999995 0.482994275 0.01636850625 0.5010474390625 0.009375 0.5966848421875 0.009375 0.7654570875 0.0098788375 0.7632489687499999 0.02800696875 0.7786596828125 0.009375 0.80896483125 0.009375 0.8473416921875 0.073655571875 0.99869029375 0.0736678484375 1 0.1643644484375 1
1 0.7905273187499999 0.46875 0.7902062640625 0.4689344609375 0.78446928125 0.4879159421875 0.7910349531249999 0.585138165625 0.78125 0.6310154375 0.78125 0.7230114656250001 0.78166553125 0.7258789078125 0.791772109375 0.7693974234375001 0.7972670875000001 0.7828233499999999 0.8065417906250001 0.7859375 0.81771234375 0.7859375 0.823920228125 0.7786566828125 0.8251644406249999 0.7718252578125 0.8251644406249999 0.6254735953124999 0.8150687421875 0.58699001875 0.813861428125 0.5573603890625 0.81571928125 0.4879159421875 0.81318320625 0.47680483125000006 0.8083241546875 0.46875 0.7905273187499999 0.46875
1 0.71191143125 0.46875 0.70521363125 0.4883074234375 0.7059003171875 0.5142272859375 0.713696190625 0.5698434484375 0.7146847578125 0.60224479375 0.7112479031250001 0.629042103125 0.7046875 0.6585970265625 0.7046875 0.74956999375 0.71688074375 0.8058636515625001 0.7250548234374999 0.8304825046875 0.733954971875 0.834375 0.750989646875 0.834375 0.7563711750000001 0.8266824953124999 0.75640376875 0.826474784375 0.75640376875 0.65596866875 0.7424183015625 0.6053437765625 0.7403880703125 0.5729303078125 0.7418809421875 0.515571384375 0.7399800875 0.4859356953125 0.732680209375 0.46875 0.71191143125 0.46875
1 0.6055837937499999 0.46875 0.59836196875 0.48335941406250005 0.596156275 0.5166138140625 0.5999812203125 0.5865318562499999 0.599172871875 0.609680003125 0.595695684375 0.6344826718750001 0.5868161609375 0.66444623125 0.5859375 0.668653865625 0.5859375 0.888215115625 0.5883842343750001 0.8961948781250001 0.5966429156249999 0.9 0.61794838125 0.9 0.6242714859375 0.8928798078125 0.6419623781249999 0.8199502593750001 0.6472930703124999 0.78693265625 0.6458101296875001 0.7097650734375 0.6292230234374999 0.6314529656250001 0.6306422312500001 0.5758579421875 0.6375642703125 0.5271785328125 0.6384984687499999 0.4854724 0.6330411828125 0.46875 0.6055837937499999 0.46875
1 0.6437914234375001 0.46875 0.6379418046875001 0.47634543906250004 0.638829140625 0.54470609375 0.6359375 0.5741335609375 0.6359375 0.6511615265625 0.6514156671875 0.7175961765625 0.6531470828125 0.767398846875 0.6537622843750001 0.7703125 0.6598575 0.7703125 0.6603902609375 0.7696240921874999 0.6643593359375 0.750829309375 0.6701333421875 0.7180272359375 0.6739856375 0.6761237734375 0.6704492921874999 0.6403283906249999 0.6589513421875 0.5838681796875 0.658931534375 0.555203940625 0.664261871875 0.4882215453125 0.66185165 0.4773077640625 0.657057275 0.46888639843749996 0.6561870703125 0.46875 0.6437914234375001 0.46875
1 0.5535441546875 0.46875 0.544595871875 0.4886003203125 0.542487803125 0.5080235421875 0.5422541859375001 0.574902434375 0.5396926171875001 0.5998812124999999 0.5359375 0.6123234515625 0.5359375 0.825 0.548502809375 0.825 0.5519878578125 0.8205565531250001 0.5542306031249999 0.8122868828125 0.56049571875 0.7419377359375 0.575833503125 0.67567429375 0.5761440796875 0.6654678859375001 0.5659527875 0.60466725625 0.5680017656249999 0.5731645484375 0.5774509734375 0.5150222171875 0.579273203125 0.48629729375 0.5736402328125 0.4688811609375 0.57344315625 0.46875 0.5535441546875 0.46875
1 0.5059191953125 0.46875 0.5047802484374999 0.469292778125 0.49831905781249997 0.4811109078125 0.49930826093749997 0.5078778703125 0.496875 0.567594375 0.496875 0.706344284375 0.51111261875 0.7703125 0.512544371875 0.7703125 0.5158275875 0.76603356875 0.5195562468749999 0.751091421875 0.523050271875 0.69086379375 0.5307790531250001 0.641556271875 0.5191689125 0.5819440874999999 0.5262176859375 0.48552045625 0.521333728125 0.4713914390625 0.5160878734375001 0.46875 0.5059191953125 0.46875
1 0.45892736875000006 0.46875 0.4546875 0.4804113515625 0.4546875 0.532281721875 0.45527163281249994 0.5434276265625 0.4655363140625 0.610251884375 0.46794965 0.64637511875 0.4677458703125 0.6722646765625 0.46404183906249996 0.7008471546875 0.45585735156249996 0.7431972984375 0.4546875 0.745460684375 0.4546875 0.8696306625 0.46246012187499996 0.9088895484374999 0.469868265625 0.9261707093750001 0.48923469375 0.928125 0.526582446875 0.928125 0.526582446875 0.7299818984374999 0.5066498453125 0.6602230265625 0.503071890625 0.6018775703125 0.50460521875 0.5418014890625 0.5000826500000001 0.4852836390625 0.4932923953125 0.46986645156250006 0.4922776546875 0.46875 0.45892736875000006 0.46875
1 0.42146787343750003 0.46875 0.41837113125 0.47381280156249994 0.4156664734375 0.48570428750000005 0.4161479953125 0.5143837343750001 0.42488771718749996 0.585971128125 0.42566024531249996 0.6229839078125 0.42021510781250004 0.6606315140625 0.412524965625 0.6935524578125 0.4125 0.6937454375 0.4125 0.7935215875 0.42069407812500004 0.8381424515625 0.43432228125000005 0.8859226109375001 0.4398022328125 0.890625 0.451043334375 0.890625 0.4457552578125 0.8559492546874999 0.44486037031250003 0.7856516578124999 0.44835151093750003 0.7516107234375 0.458008475 0.710216475 0.458008475 0.6220418265625 0.4558397328125 0.6086744015625 0.45575319687500004 0.561524953125 0.4515358171875 0.500316809375 0.4529078015625 0.480043471875 0.44681588593750005 0.46875 0.42146787343750003 0.46875
1 0.3966022640625 0.46875 0.3939191046875 0.4701929359375 0.38819891093750003 0.482150840625 0.38780377968749996 0.5099953703125 0.3934790265625 0.5745431734374999 0.39425486875 0.60787650625 0.3800737984375 0.670914840625 0.3796875 0.6817054390624999 0.3796875 0.718537509375 0.3819056453125 0.7496185437499999 0.38953852499999997 0.7862216859375 0.39808376718750005 0.81720251875 0.39974807187500006 0.81875 0.4106677453125 0.81875 0.40440562968750005 0.77506858125 0.40567362500000004 0.7174942921875 0.41984762812500004 0.6477328359375 0.41984762812500004 0.56668276875 0.4145817921875 0.517552428125 0.41393525625 0.48977465000000003 0.41571687187500006 0.47667818124999994 0.411903071875 0.46875 0.3966022640625 0.46875
1 0.37416414218750005 0.46875 0.365838815625 0.4710978109375 0.360583725 0.4801534171875 0.35873021875 0.48856863749999996 0.3579542015625 0.510790859375 0.3610896671875 0.55498964375 0.35940480937499997 0.588350271875 0.35 0.6223254125000001 0.35 0.7554687203125 0.35303500468750004 0.7707576796875 0.356423909375 0.7734375 0.3657798421875 0.7734375 0.3670975046875 0.7700206953125 0.363570540625 0.722145503125 0.3669114140625 0.671137690625 0.38219911875 0.6204280015625 0.3849291328125 0.6018003015625 0.38299700156250005 0.552917296875 0.3849798453125 0.540798371875 0.3865283921875 0.48156640937499995 0.382993984375 0.4711229796875 0.37948094375 0.46875 0.37416414218750005 0.46875