1 0.3598133765625 0.133531165625 0.3548200375 0.143356428125 0.3553749 0.1784810015625 0.3546875 0.18094619843749998 0.3546875 0.2671875 0.36111086718749996 0.2671875 0.3655360515625 0.2540674984375 0.3697765484375 0.2169819703125 0.3626126390625 0.1792372125 0.3688286078125 0.143955046875 0.36647635156249997 0.1352254234375 0.3598133765625 0.133531165625
1 0.21313159062499998 0.2796875 0.22228255937500002 0.2796875 0.22228255937500002 0.2088507375 0.21434381249999998 0.1874042515625 0.215183146875 0.150303575 0.213059346875 0.142923440625 0.2081762078125 0.13698219843749998 0.2046875 0.1377436171875 0.2046875 0.1783315265625 0.206361290625 0.1921793390625 0.2046875 0.20343998437500002 0.2046875 0.24684165624999999 0.20707630156249998 0.26355745625 0.211844734375 0.2783086328125 0.21313159062499998 0.2796875
1 0.231919228125 0.28529065 0.23565660624999998 0.2875 0.2425630015625 0.2875 0.24578866718749998 0.282815234375 0.251939959375 0.25034722187499997 0.25206572656250004 0.22813106093750002 0.24527701093749998 0.19303678124999998 0.24854578125 0.1522717984375 0.2434588453125 0.14375 0.2431598984375 0.14375 0.23604578125 0.15241725 0.23441139375 0.172799740625 0.235848128125 0.194997721875 0.23125 0.2150371984375 0.23125 0.2833976015625 0.231919228125 0.28529065
1 0.2299008765625 0.14128340156250002 0.2297856671875 0.1800813515625 0.2265625 0.191356615625 0.2265625 0.2157830109375 0.2334372140625 0.1947324734375 0.235765253125 0.154009921875 0.24331304999999998 0.1426623671875 0.2391097234375 0.13218700625 0.23383664531249998 0.133294809375 0.2299008765625 0.14128340156250002
1 0.7398671375 0 0.73991696875 0.039751821874999996 0.7265625 0.08656987968749999 0.7265625 0.340625 0.7619634921875 0.340625 0.776837734375 0.28994058125 0.7900147296875 0.224444596875 0.7929013781250001 0.148092075 0.7740492890625 0.0431184 0.773242515625 0.0167840640625 0.775474984375 0 0.7398671375 0
1 0.0442868640625 0.7843944578125 0.0379312359375 0.7633466421875 0.03690849375 0.7429671796875 0.033137184375 0.7379336796875 0.027928849999999998 0.738024590625 0.0265625 0.7402849984375 0.0265625 0.7541552031250001 0.02758473125 0.764454390625 0.0265625 0.7719402453124999 0.0265625 0.826095328125 0.0330931203125 0.8453125 0.0442868640625 0.8453125 0.0442868640625 0.7843944578125
1 0.070352215625 0.774624440625 0.0729115578125 0.7403470000000001 0.06334349375000001 0.738144303125 0.059917665625000005 0.7395725843750001 0.060483321874999996 0.7738136625 0.05625 0.7910072515625 0.05625 0.8578064046874999 0.0562509671875 0.8578125 0.0685719765625 0.8578125 0.0703879796875 0.84497056875 0.075479603125 0.8310271359375001 0.0770062203125 0.8143483484375 0.070352215625 0.774624440625
1 0.0484375 0.8193137265625001 0.0601647015625 0.7684486093749999 0.0615862796875 0.740689021875 0.059860484375 0.7393637875 0.0547507 0.7418513875 0.0484375 0.767904625 0.0484375 0.8193137265625001
1 0.096875 0.785821759375 0.09375 0.7404513890625 0.09140625 0.7381365734375 0.0880208328125 0.7404513890625 0.0880208328125 0.7626736109375 0.0802083328125 0.7997106484375001 0.08125 0.8247106484375 0.0869791671875 0.847858796875 0.0901041671875 0.8441550921874998 0.0901041671875 0.8163773140625 0.096875 0.785821759375
1 0.1078125 0.7404513890625 0.09505208281250001 0.7390625 0.09427083281250001 0.7524884265624999 0.0973958328125 0.780266203125 0.090625 0.8163773140625 0.0901041671875 0.8441550921874998 0.0947916671875 0.87008101875 0.1020833328125 0.872858796875 0.10703125 0.8714699078125001 0.1098958328125 0.8635995375000001 0.1135416671875 0.8441550921874998 0.1140625 0.8163773140625 0.1057291671875 0.7811921296875 0.1078125 0.7404513890625
1 0.10729166718750001 0.7811921296875 0.1145833328125 0.8182291671874999 0.125 0.773784721875 0.1244791671875 0.7589699078125001 0.12005208281249999 0.7390625 0.11614583281249999 0.7404513890625 0.10729166718750001 0.7811921296875
1 0.1354166671875 0.747858796875 0.1341145828125 0.7381365734375 0.1213541671875 0.7404513890625 0.12395833281249999 0.7756365734375 0.1171875 0.8024884265625 0.1166666671875 0.8311921296874999 0.1203125 0.8534143515625001 0.12552083281249998 0.860821759375 0.13203125 0.8612847218749999 0.134375 0.85804398125 0.1359375 0.8441550921874998 0.14010416718750002 0.8376736109374999 0.1416666671875 0.8284143515625001 0.14114583281249998 0.8024884265625 0.13333333281249998 0.7747106484375 0.1354166671875 0.747858796875
1 0.1614583328125 0.7395254625 0.15859375 0.7372106484375001 0.1505208328125 0.7395254625 0.1515625 0.7635995375 0.1432291671875 0.8015625 0.1447916671875 0.8256365734374999 0.1494791671875 0.84600694375 0.1526041671875 0.8497106484374999 0.1591145828125 0.8501736109374999 0.16354166718750002 0.84508101875 0.16875 0.8163773140625 0.1677083328125 0.7913773140625 0.1604166671875 0.7617476859375 0.1614583328125 0.7395254625
1 0.1859375 0.7395254625 0.18203125 0.7362847218749999 0.1760416671875 0.7395254625 0.1760416671875 0.7534143515625 0.16875 0.7839699078125 0.1697916671875 0.8163773140625 0.1734375 0.83304398125 0.1770833328125 0.8376736109374999 0.18411458281249998 0.8381365734374999 0.18802083281249998 0.8339699078125001 0.1932291671875 0.797858796875 0.1916666671875 0.7747106484375 0.1859375 0.754340278125 0.1859375 0.7395254625
1 0.6625 0.409375 0.6625 0.653125 0.692110603125 0.653125 0.6987103250000001 0.6423457140625001 0.7201508140625 0.5563771187500001 0.7273589296875 0.4977301734375 0.7235681765625 0.43259163125000005 0.7191382078124999 0.409375 0.6625 0.409375
1 0.5788525718749999 0.409375 0.5701806546875 0.46779057812499997 0.5688720046875 0.517428509375 0.5805912484375 0.605177965625 0.601583746875 0.6814894031250001 0.612500353125 0.6984375 0.6368874640625 0.6984375 0.6368874640625 0.409375 0.5788525718749999 0.409375
1 0.6542636156249999 0.409375 0.6493868671875 0.43685247812499994 0.6506526906250001 0.4954110359375 0.656981803125 0.524690315625 0.6620450953125 0.45261824375000004 0.6715552765625 0.409375 0.6542636156249999 0.409375
1 0.762736165625 0.409375 0.7582476265625 0.42784346875 0.7544501578125 0.46613175625 0.75951345 0.54045608125 0.7721716765625001 0.60351914375 0.7797666140625 0.6170326578124999 0.8082476265625 0.618158784375 0.8164754750000001 0.6080236484375 0.8354628171874999 0.4954110359375 0.8329311703125001 0.4323479734375 0.8273031281250001 0.409375 0.762736165625 0.409375
1 0.8439088171875 0.409375 0.8379944625 0.43685247812499994 0.8417919296875 0.5111768015625 0.8544501578125001 0.5764921171874999 0.864576740625 0.5855011265625001 0.8854628171875 0.5866272515625 0.8936906640625001 0.57874436875 0.9101463609374999 0.4954110359375 0.91267800625 0.4571227484375 0.9101463609374999 0.412077703125 0.9096062765624999 0.409375 0.8439088171875 0.409375