1 0.092688325 0 0.096278834375 0.03496478125 0.0875 0.102388153125 0.0875 0.132613178125 0.090336253125 0.16347030625 0.104702253125 0.2185528265625 0.1066574125 0.2203125 0.1257003390625 0.2203125 0.1257003390625 0.0667575734375 0.117688315625 0.03814899375 0.116981690625 0 0.092688325 0
0 0.9250340968749999 0.26887267187499997 0.9232509546875001 0.2624879171875 0.9169753374999999 0.2520944828125 0.908080703125 0.2450752046875 0.897143203125 0.2455846265625 0.8922155187499999 0.24953091249999998 0.8875 0.2579557796875 0.8875 0.3032311015625 0.889048590625 0.307753028125 0.8976645906249999 0.3203125 0.91925391875 0.3203125 0.9246757437500002 0.3088812484375 0.9250340968749999 0.307260728125 0.9250340968749999 0.26887267187499997
1 0.1851536640625 0.56875 0.198129065625 0.62906434375 0.20196238437499997 0.6693057359375001 0.1961656703125 0.71696460625 0.1977927921875 0.8005162625000001 0.207726321875 0.848836275 0.22182113281250002 0.8899935203125 0.23330100781250002 0.9173346515624999 0.23824530781250003 0.921875 0.2482871640625 0.921875 0.2482871640625 0.6957901921875 0.235135159375 0.6621855265625001 0.228071596875 0.6207007953125 0.2237331390625 0.56875 0.1851536640625 0.56875
1 0.0454057171875 0.56875 0.0546875 0.6328125 0.0546875 0.660590278125 0.04609375 0.7119791671875 0.04609375 0.7717013890625 0.06171875 0.848090278125 0.072265625 0.8723958328125001 0.0796875 0.8758680562500001 0.092578125 0.8751736109374999 0.10546875 0.8592013890625001 0.11328125 0.7967013890625 0.1125 0.755034721875 0.1046875 0.70086805625 0.0859375 0.65086805625 0.08125 0.6244791671875001 0.0791876546875 0.56875 0.0454057171875 0.56875
1 0.0976876390625 0.56875 0.1 0.5953125 0.09453125 0.6258680562500001 0.09296875 0.660590278125 0.10546875 0.70086805625 0.11484375 0.77725694375 0.1203125 0.7814236109375 0.135546875 0.7765625 0.14375 0.7564236109375 0.1484375 0.67725694375 0.14375 0.6425347218749999 0.12421875 0.585590278125 0.1234806203125 0.56875 0.0976876390625 0.56875
1 0.22069537499999997 0.56875 0.22109375 0.61336805625 0.225 0.6536458328125 0.255859375 0.64461805625 0.259375 0.6369791671875 0.246875 0.5953125 0.2458445578125 0.56875 0.22069537499999997 0.56875
1 0.24610685000000002 0.56875 0.246875 0.5911458328125 0.26015625 0.63836805625 0.26796875 0.6439236109375 0.28046875 0.6439236109375 0.28046875 0.6161458328125 0.2681966140625 0.56875 0.24610685000000002 0.56875
0 0.27421875 0.7217013890625 0.26796875 0.7494791671875001 0.2640625 0.7953125 0.2671875 0.848090278125 0.27122134999999997 0.8879907890625001 0.28828125 0.923090278125 0.296484375 0.93350694375 0.309375 0.9383680562500001 0.337890625 0.9390625 0.364453125 0.9210069437499999 0.38039604374999997 0.913227609375 0.38927206718749996 0.8769496265625 0.40234375 0.805034721875 0.39765625 0.7480902781250001 0.369140625 0.6960069437499999 0.336328125 0.6751736109375 0.312109375 0.6765625 0.286328125 0.7015625 0.27421875 0.7217013890625
1 0.67259214375 0.56875 0.6742873640625 0.5769961140625 0.6780059749999999 0.6260701859375 0.66875 0.6920413953125 0.66875 0.7409279453125001 0.67127268125 0.7648336703125 0.6879230390625001 0.8328185093750001 0.693648125 0.8497419453124999 0.6941419609375 0.85 0.7162321421875 0.85 0.7162321421875 0.657750996875 0.7069324578125 0.6284396890624999 0.7029439656250001 0.589599315625 0.7031225578125 0.56875 0.67259214375 0.56875
1 0.7302083328125001 0.56875 0.7302083328125001 0.59820601875 0.7140625 0.6796875 0.7145833328125001 0.7176504625 0.7192708328125 0.7519097218749999 0.7286458328125001 0.795428240625 0.7369791671874999 0.801909721875 0.75234375 0.801446759375 0.7588541671875 0.7945023140625 0.7671875 0.7565393515625 0.7708333328125001 0.7287615734375 0.7692708328125001 0.6722800921875 0.7645833328125 0.6380208328125 0.7546875 0.5926504625 0.7554783234375 0.56875 0.7302083328125001 0.56875
1 0.778566984375 0.56875 0.7786458328125001 0.5750578703125 0.7661458328125 0.6398726859374999 0.7708333328125001 0.6843171296875 0.7734375 0.7417245375 0.77890625 0.7560763890625 0.7901041671875 0.7593171296875 0.79921875 0.757928240625 0.8041666671875 0.750983796875 0.8145833328125001 0.68524305625 0.8145833328125001 0.6537615734375 0.8125 0.6296875 0.8005208328125001 0.575983796875 0.8008420703125001 0.56875 0.778566984375 0.56875