1 0.4092861984375 0.36875 0.41024983437499996 0.35190972187499997 0.3981675484375 0.2838541671875 0.4062227015625 0.194965278125 0.3986459703125 0.1734375 0.3900926328125 0.17204861093749999 0.3808051640625 0.182465278125 0.3773164515625 0.194965278125 0.3781379359375 0.27413194375 0.36875 0.3125248671875 0.36875 0.36875 0.4092861984375 0.36875
1 0.81015625 0.36875 0.81015625 0.3526041671875 0.80390625 0.3123263890625 0.7953125 0.2901041671875 0.76953125 0.2484375 0.767578125 0.23802083281250003 0.76875 0.25815972187499997 0.765234375 0.2657986109375 0.749609375 0.2810763890625 0.732421875 0.2796875 0.728125 0.2845486109375 0.71484375 0.36371527812500004 0.7152131453125 0.36875 0.81015625 0.36875
1 0.21591634375000002 0.36875 0.219281221875 0.42113281249999995 0.1875 0.5490789781250001 0.1875 0.76208566875 0.2085676859375 0.8296875 0.2591556484375 0.8296875 0.2676424125 0.8211328124999999 0.29489743125 0.7436328125 0.308964603125 0.6611328125 0.30165607968749997 0.5686328125 0.2724690703125 0.4261328125 0.277725165625 0.36875 0.21591634375000002 0.36875
1 0.5784591203125 0.36875 0.5816666671874999 0.45375 0.5583333328125 0.5587500000000001 0.5891666671875 0.5 0.625 0.46875 0.6216666671875 0.42874999999999996 0.628153153125 0.36875 0.5784591203125 0.36875
1 0.48160606093749997 0.36875 0.485 0.43875000000000003 0.4516666671875 0.58125 0.4516666671875 0.6487499999999999 0.465 0.71875 0.4783333328125 0.76125 0.49833333281250003 0.77125 0.5308333328125 0.7675 0.5516666671875 0.69875 0.5483333328125 0.60875 0.5549999999999999 0.55125 0.5283333328125 0.43624999999999997 0.5339583328125 0.36875 0.48160606093749997 0.36875
1 0.3602020203125 0.36875 0.3633333328125 0.44625000000000004 0.3266666671875 0.61375 0.33999999999999997 0.72875 0.36 0.79375 0.36833333281249997 0.79875 0.4108333328125 0.8 0.4183333328125 0.79125 0.45 0.66875 0.4483333328125 0.58125 0.41333333281250006 0.43624999999999997 0.41798850468750004 0.36875 0.3602020203125 0.36875
1 0.41848184843749997 0.36875 0.41333333281250006 0.42874999999999996 0.4483333328125 0.58125 0.4533333328125 0.56125 0.4266666671875 0.45125000000000004 0.43106666718750003 0.36875 0.41848184843749997 0.36875
1 0.27999999999999997 0.36875 0.27999999999999997 0.43375 0.3133333328125 0.57375 0.32166666718750003 0.63875 0.315 0.7162499999999999 0.30333333281249997 0.76625 0.32166666718750003 0.75875 0.3333333328125 0.71375 0.3233333328125 0.63625 0.3383333328125 0.54125 0.315 0.44375 0.3186363640625 0.36875 0.27999999999999997 0.36875
1 0.13991803281249998 0.36875 0.1433333328125 0.43125 0.1066666671875 0.61125 0.1166666671875 0.7112499999999999 0.145 0.79625 0.1941666671875 0.795 0.20166666718749998 0.7737499999999999 0.1816666671875 0.66625 0.185 0.5862499999999999 0.205 0.50875 0.1933333328125 0.44375 0.1964583328125 0.36875 0.13991803281249998 0.36875
1 0.003974359375 0.36875 0.0083333328125 0.45375 0 0.490555553125 0 0.71208333125 0.0066666671875 0.73125 0.0166666671875 0.73875 0.0475 0.7375 0.06 0.71375 0.0466666671875 0.62625 0.048333332812500004 0.58375 0.0616666671875 0.5287499999999999 0.048333332812500004 0.44875 0.0548373984375 0.36875 0.003974359375 0.36875
1 0.0771913578125 0.36875 0.0816666671875 0.44125 0.048333332812500004 0.5962500000000001 0.0516666671875 0.6637500000000001 0.0816666671875 0.76375 0.12833333281249998 0.76125 0.10833333281249999 0.67375 0.10500000000000001 0.61125 0.13333333281249998 0.48624999999999996 0.125 0.42374999999999996 0.12926356562500002 0.36875 0.0771913578125 0.36875
1 0.1977138640625 0.36875 0.1933333328125 0.43624999999999997 0.2066666671875 0.49874999999999997 0.2216666671875 0.44375 0.2233333328125 0.38625 0.2213333328125 0.36875 0.1977138640625 0.36875
0 0.709375 0.47260416562500007 0.6841666671875 0.45999999999999996 0.6358333328125 0.465 0.5908333328125 0.5 0.5583333328125 0.56125 0.55 0.60875 0.5549999999999999 0.6912499999999999 0.575 0.7462500000000001 0.6075 0.7875 0.65 0.8087500000000001 0.6991666671875 0.805 0.709375 0.7986197921875 0.709375 0.47260416562500007
1 0.9614620531250001 1 0.96875 0.9622106484374999 0.9739583328125001 0.898321759375 0.9723958328125001 0.86961805625 0.9645833328125001 0.8159143515625 0.9432291671874999 0.729803240625 0.9453125 0.5622106484375 0.9427083328125001 0.5501736109375 0.9372395828125001 0.5404513890625 0.9278645828125001 0.53304398125 0.9200520828125001 0.5321180562500001 0.90859375 0.5385995375 0.9049479171874999 0.5441550921875 0.8994791671875 0.5557291671875 0.896875 0.5714699078125001 0.8984375 0.6186921296875 0.9046875 0.6640625 0.90625 0.7288773140625 0.8963541671874999 0.7751736109375 0.8890625 0.8223958328125001 0.8859375 0.9029513890625 0.8895833328125 0.9464699078125001 0.9004984531250001 1 0.9614620531250001 1
1 0.94921875 0.5561921296875 0.946875 0.5622106484375 0.9484375 0.68350694375 0.9442708328125 0.7260995375 0.9494791671874999 0.7557291671874999 0.9666666671874999 0.8205439812499999 0.9708333328125001 0.8446180562500001 0.9755208328125 0.898321759375 0.98046875 0.8969328703125001 0.9838541671875 0.8909143515625001 0.9942708328125001 0.836284721875 0.9963541671874999 0.7807291671875001 0.9916666671875 0.742766203125 0.9755208328125 0.68258101875 0.9760416671875 0.5705439812499999 0.96953125 0.5561921296875 0.9565104171875 0.5515625 0.94921875 0.5561921296875
1 0.8442708328125 0.6659143515625 0.8453125 0.7038773140625001 0.8317708328125001 0.7760995375 0.8291666671875 0.8529513890625001 0.834375 0.891840278125 0.8484375 0.9492476859375 0.8533854171874999 0.95711805625 0.859375 0.9594328703125001 0.8768229171874999 0.95711805625 0.8854166671874999 0.9473958328125001 0.8854166671874999 0.8612847218749999 0.8932291671874999 0.7723958328125 0.8760416671875 0.7038773140625001 0.8760416671875 0.64554398125 0.8786458328125001 0.610358796875 0.8776041671874999 0.5779513890625 0.8744791671875 0.566840278125 0.86796875 0.55711805625 0.8533854171874999 0.554340278125 0.8455729171874999 0.5589699078125 0.8390625 0.5705439812499999 0.8369791671875 0.5807291671874999 0.8375 0.6094328703125 0.8442708328125 0.6659143515625
1 0.7875 0.5770254625 0.7875 0.6270254625 0.790625 0.6964699078125001 0.784375 0.7251736109375 0.7828125 0.766840278125 0.7864583328125 0.791840278125 0.8151041671874999 0.8964699078125001 0.8182291671874999 0.9010995375 0.82265625 0.897858796875 0.8276041671875 0.8853587968750001 0.8291666671875 0.7872106484375 0.8322916671874999 0.754803240625 0.8270833328125 0.7270254625 0.8161458328125001 0.6909143515625 0.8177083328125001 0.5844328703125 0.8111979171874999 0.5682291671875 0.7981770828125 0.5635995375 0.79140625 0.5682291671875 0.7875 0.5770254625
1 0.817765625 1 0.81875 0.9890625 0.81875 0.9501736109374999 0.8182291671874999 0.9288773140625001 0.8130208328125 0.8936921296874999 0.790625 0.8149884265625001 0.7807291671875001 0.767766203125 0.7817708328124999 0.6760995375000001 0.7859375 0.6094328703125 0.7848958328125 0.5696180562500001 0.7802083328125 0.5520254625 0.7716145828125 0.5376736109375 0.7638020828125 0.5311921296875 0.75234375 0.530266203125 0.7356770828125 0.542303240625 0.7291666671875 0.5557291671875 0.7270833328124999 0.566840278125 0.7276041671875 0.6140625 0.7338541671875001 0.6760995375000001 0.7369791671875 0.767766203125 0.73125 0.8140625 0.7166666671875 0.8881365734374999 0.7130208328125 0.93258101875 0.7125 0.9835069437499999 0.713727884375 1 0.817765625 1
1 0.709375 1 0.71280819375 1 0.7109375 0.97054398125 0.7130208328125 0.9094328703125001 0.7182291671875001 0.8686921296874999 0.7291666671875 0.8196180562500001 0.7348958328124999 0.773321759375 0.7333333328125 0.7492476859374999 0.7302083328125 0.7372106484375001 0.7260416671875001 0.5742476859375 0.7216145828125 0.5589699078125 0.71328125 0.5524884265625 0.709375 0.5524884265625 0.709375 1