1 0.46875 0.08082370312500001 0.465801303125 0.07428291718749999 0.45805345 0.0698957078125 0.4543752921875 0.0714285921875 0.4492415109375 0.08164385468749999 0.45030663281249994 0.1401594546875 0.443210709375 0.1706550703125 0.443210709375 0.17793853906249998 0.4549107109375 0.190174946875 0.4627169515625 0.2061590125 0.46875 0.231344603125 0.46875 0.1669621953125 0.46668238124999994 0.1582842671875 0.4666140875 0.1323127734375 0.46875 0.105744946875 0.46875 0.08082370312500001
1 0.341815846875 0.246875 0.35 0.246875 0.35 0.1453445625 0.349188465625 0.14291964375 0.34732223125 0.0865595 0.3426713890625 0.075683840625 0.3362271484375 0.0725420421875 0.3307231671875 0.07913763124999999 0.336429478125 0.13848789687500002 0.33062128125 0.1741136453125 0.33074220468750004 0.198096715625 0.341815846875 0.246875
1 0.36448403749999997 0.2066424515625 0.37610416875 0.259265678125 0.3782521203125 0.2609375 0.3890625 0.2609375 0.3890625 0.1539312953125 0.3860872375 0.1413912609375 0.3844955625 0.0811788015625 0.3784687671875 0.0706261109375 0.3742535765625 0.069772915625 0.36976018125 0.07355843906250001 0.36688428281249996 0.083339753125 0.3723514671875 0.13792392656250002 0.3654868546875 0.1760414390625 0.36448403749999997 0.2066424515625
1 0.406554225 0.18710753125 0.4264073640625 0.1772313515625 0.428125 0.174538715625 0.428125 0.1660277578125 0.42390999531249995 0.13015501406250002 0.428125 0.0882516546875 0.428125 0.08602480312500001 0.42620365312499997 0.0764179328125 0.42000865625 0.069982209375 0.412050578125 0.07225933906250001 0.40748923125000003 0.08450901562499999 0.406709546875 0.13927214999999998 0.4037042265625 0.1567312390625 0.3988845765625 0.1725112859375 0.3988845765625 0.196875 0.4008734953125 0.196875 0.406554225 0.18710753125
0 0.46875 0.2044349 0.46129193281249997 0.18861130312500002 0.44624005 0.1761031125 0.42546621250000005 0.1761031125 0.4136374296875 0.183964390625 0.404047025 0.20075962656250002 0.39707520937499996 0.2252887265625 0.39693889531250004 0.251275325 0.4021402515625 0.280662271875 0.4119500171875 0.300038815625 0.427417490625 0.3125 0.44758277656249995 0.3125 0.4625678546875 0.2998740921875 0.46875 0.28777223749999997 0.46875 0.2044349
1 0.46875 0 0.46875 0.1875 0.5234375 0.1875 0.5234375 0 0.46875 0
1 0.52107069375 0 0.52107069375 0.1350855234375 0.5309279124999999 0.1625 0.5891331484375 0.1625 0.6038400921875 0.128917271875 0.6154260453125 0.08733054999999999 0.6203125 0.040359725 0.6203125 0.021223806249999998 0.6146517250000001 0 0.52107069375 0
1 1 0 0.9397044687499999 0 0.9429180578124999 0.009628548437499999 0.9407010265625001 0.06577841718750001 0.9249542515625 0.125 0.976822540625 0.125 0.9775465000000001 0.1244315265625 0.9953703468749999 0.0708454515625 1 0.031508809375 1 0
1 0.8605032109374999 0 0.8684004890624999 0.024254796875 0.8689459281249998 0.0711297953125 0.85564704375 0.136181790625 0.86660296875 0.153125 0.9184177953125001 0.153125 0.9259959078125 0.1421718078125 0.940625 0.0854329875 0.940625 0 0.8605032109374999 0
1 0.7556697484375 0 0.761506290625 0.044086065625 0.7565567109375 0.0926602671875 0.7540861828125001 0.10142238750000002 0.7540861828125001 0.175 0.7621927953125001 0.175 0.7913908968750001 0.171918540625 0.8061089609375 0.1613132296875 0.824793259375 0.116196221875 0.840625 0.0587058953125 0.840625 0 0.7556697484375 0
1 0.6323673968750001 0.133271496875 0.6346322 0.134375 0.64375 0.134375 0.64375 0.12818039375 0.6338793078125 0.085724409375 0.6274617124999999 0.12055317343750001 0.6323673968750001 0.133271496875
1 0.64453125 0 0.6390625 0.01640625 0.6359375 0.07734375 0.6484375 0.13359375 0.678125 0.20546875 0.7328125 0.20859375 0.7484375 0.20234375 0.765625 0.15546875 0.7796875 0.09453125 0.78125 0.04296875 0.775 0.00859375 0.7713169640624999 0 0.64453125 0
1 0.2252347640625 0.73016464375 0.228125 0.6849669578124999 0.228125 0.6108348984375 0.223180378125 0.6013164953125 0.20682261249999997 0.59710335625 0.200524128125 0.5993343328125 0.19360470624999998 0.614725575 0.1931567984375 0.6253896390625 0.1931567984375 0.66252423125 0.1970370328125 0.7318706953125 0.20059491875000002 0.7375 0.22145810937500002 0.7375 0.2252347640625 0.73016464375
1 0.2484375 0.86317825 0.23844808125 0.8573113765624999 0.1815139546875 0.8553785703125 0.178431084375 0.8724894171875001 0.18203311875 0.9017470890624999 0.20533921406250003 0.9902481468750001 0.20844044374999998 0.9953125 0.240272565625 0.9953125 0.2435233421875 0.9910888859375 0.2484375 0.9566675 0.2484375 0.86317825
2 0.46875 0.726596025 0.26576489531249997 0.726596025 0.2344621921875 0.727142415625 0.20989892187499998 0.7359121265624999 0.1947841859375 0.726596025 0.058388771875 0.726596025 0 0.7271860421875 0 0.8494643828124999 0.22438854687499998 0.8482621234375 0.338886484375 0.853125 0.347522540625 0.853125 0.46875 0.8520505875 0.46875 0.726596025
1 0.577247490625 0.79375 0.58051838125 0.78426876875 0.5859375 0.7542808828125 0.5859375 0.6928497546875001 0.578158221875 0.6505253328125 0.5818111015625 0.5757303828125 0.5596060859375 0.5703101734375 0.559408221875 0.6488849203125 0.5477191828125 0.6909835703125 0.5463278640625 0.7056605874999999 0.5463278640625 0.748620534375 0.553761934375 0.7930559640625 0.554277103125 0.79375 0.577247490625 0.79375
1 0.616559753125 0.7881858968750001 0.6242665625 0.80938325 0.6278278562499999 0.8140625 0.6375 0.8140625 0.6375 0.6721161062500001 0.63506553125 0.6633896 0.632654659375 0.5844049453125 0.6266538875000001 0.5709147328124999 0.6148380171875 0.5688433046875 0.6083387890624999 0.581605475 0.6165140578124999 0.6540097046875 0.6072147515624999 0.71018060625 0.6092499984375 0.7504128796874999 0.616559753125 0.7881858968750001
1 0.657125221875 0.7518328703125 0.6652143609375 0.8017374125 0.6734102281250001 0.823836903125 0.6743238843749999 0.825 0.690625 0.825 0.690625 0.6917768734375 0.6851530984374999 0.6748848734375 0.6843475171875 0.5998303265625 0.67750549375 0.5811826015625 0.6694746281249999 0.5771523015625 0.66174463125 0.586323265625 0.6599831875 0.5974752875 0.66689319375 0.6696429640625 0.6573047390625 0.7254167062500001 0.657125221875 0.7518328703125
1 0.7172470109375 0.817616040625 0.7213182625 0.7997607437500001 0.7375 0.7639259218750001 0.7375 0.7499362812499999 0.728068175 0.68592191875 0.73412414375 0.6152387828125 0.721507703125 0.5942237578125 0.7109777984375001 0.6081812828125 0.7100266375000001 0.6861593203125 0.7008227765624999 0.717496134375 0.7008227765624999 0.8421875 0.7160235578125 0.8421875 0.7167908546875 0.841277215625 0.7172470109375 0.817616040625
1 0.7629913171875 0.7511067125 0.7831802296875 0.7566724390624999 0.7995816781249999 0.775 0.8038820984375 0.775 0.8046875 0.7603717796874999 0.8046875 0.738764040625 0.7915960171875 0.6717313875 0.7919354046875 0.64256471875 0.796865321875 0.622031778125 0.7964396171875 0.5914261578125 0.794575378125 0.58366210625 0.7829212734375 0.5773555781249999 0.7713911328125 0.59399075 0.7744085171874999 0.6706299640625 0.7629913171875 0.7187939515625 0.7629913171875 0.7511067125
1 0.8369797390624999 0.809375 0.8589348328125 0.809375 0.8629179078125 0.801385209375 0.8671875 0.776211903125 0.8671875 0.7075179374999999 0.8558007171875 0.6594957078125 0.8580368515625001 0.5832341546875 0.8535864453125 0.5698646249999999 0.8410541234375 0.5665775109375 0.8330530125 0.5836043703125 0.83858089375 0.65601759375 0.8259622531249999 0.71242086875 0.8256011937500001 0.748500146875 0.836452375 0.8086362031250001 0.8369797390624999 0.809375
1 0.9154470171875001 0.7266148125 0.915625 0.719963465625 0.915625 0.6860865953124999 0.9086771296875 0.6457639765625001 0.915625 0.5761444 0.915625 0.5661701015625 0.9148342875000001 0.56464383125 0.9081797640625 0.56464383125 0.8931192515624999 0.5684427750000001 0.8910968624999999 0.6417804828125 0.8832543656249999 0.6696009796875 0.8832543656249999 0.796875 0.8951325171875 0.796875 0.8969676718749999 0.7965609468749999 0.9017987125000001 0.7885461296875 0.9154470171875001 0.7266148125
1 0.734546503125 0.6843175593749999 0.749971165625 0.7578125 0.75625 0.7578125 0.75625 0.711925984375 0.755174165625 0.7033191859375 0.74436335 0.6653461484375 0.7453252406249999 0.58628864375 0.739162825 0.5686546296875 0.7258815750000001 0.5680360453125 0.7209852734375 0.5782161953125 0.7204464546875 0.592068696875 0.737192109375 0.6122772734375 0.734546503125 0.6843175593749999
1 0.6966575468749999 0.7141899421875 0.7 0.7360141265625 0.7 0.6614790484374999 0.692233484375 0.6323365015625 0.6952134703125 0.5925008796875 0.6936952171874999 0.568463115625 0.681427121875 0.568463115625 0.6708067140624999 0.5687039265625 0.6707621921875 0.5779185140624999 0.6783053171875 0.5809584609375 0.6847224546875 0.5965894125 0.6841680125 0.6703825343750001 0.6966575468749999 0.7141899421875
1 0.6972495921874999 0.79375 0.6979274375 0.79375 0.7015625 0.7843851953125001 0.7015625 0.7543141046875 0.700482525 0.768326246875 0.6972495921874999 0.79375
1 0.8078125 0.766840278125 0.8140625 0.7501736109375 0.815625 0.723784721875 0.81328125 0.6973958328125001 0.8015625 0.6404513890625 0.8046875 0.5682291671875 0.783203125 0.5661458328125 0.78125 0.5765625 0.791015625 0.5786458328124999 0.7953125 0.5876736109375 0.7921875 0.66961805625 0.80625 0.7362847218749999 0.8078125 0.766840278125
0 0.762890625 0.75225694375 0.744921875 0.7675347218749999 0.73671875 0.7821180562500001 0.7296875 0.80850694375 0.72890625 0.829340278125 0.7328125 0.8585069437499999 0.740234375 0.8786458328125001 0.759765625 0.90086805625 0.7734375 0.9029513890625 0.791796875 0.8911458328125 0.803125 0.8751736109374999 0.81015625 0.854340278125 0.81328125 0.8223958328125001 0.809375 0.7960069437499999 0.798046875 0.7675347218749999 0.782421875 0.7536458328125001 0.762890625 0.75225694375