1 0.7507293671874999 0.2890625 0.74949318125 0.2827698453125 0.7491308734375 0.2697826390625 0.75048959375 0.24385671250000002 0.755397096875 0.2198674953125 0.75625 0.2035931265625 0.75625 0.18256494375 0.750441140625 0.17015468125 0.7406423578125 0.1680725015625 0.7331501140625 0.17670514375 0.7287278671874999 0.1914351 0.729947415625 0.23781625625 0.72766670625 0.28133477500000004 0.7252461968749999 0.2890625 0.7507293671874999 0.2890625
1 0.8263633578124999 0.2890625 0.8223958328125001 0.2740740734375 0.8223958328125001 0.23518518593749999 0.8265625 0.19537037031249999 0.8260416671874999 0.1759259265625 0.8200520828125001 0.1625 0.8106770828125001 0.15879629687500002 0.80390625 0.1634259265625 0.7984375 0.1759259265625 0.8010416671874999 0.2703703703125 0.7966741796875 0.2890625 0.8263633578124999 0.2890625
1 0.8924258281250002 0.2890625 0.8864583328125001 0.25833333281250004 0.890625 0.190740740625 0.8901041671875 0.16944444375 0.8841145828125001 0.1550925921875 0.8736979171874999 0.1523148140625 0.86796875 0.15694444375 0.8630208328125001 0.1703703703125 0.8630208328125001 0.2 0.8671875 0.24722222187499998 0.865625 0.2666666671875 0.8604377296875001 0.2890625 0.8924258281250002 0.2890625
1 0.4921535625000001 0.2890625 0.48489583281250004 0.2601851859375 0.484375 0.2388888890625 0.4890625 0.184259259375 0.4885416671874999 0.1648148140625 0.48307291718749995 0.1504629625 0.47421875 0.1458333328125 0.46380208281250007 0.1541666671875 0.46197916718749993 0.16388888906250001 0.465625 0.25648148125 0.4573779296875 0.2890625 0.4921535625000001 0.2890625
1 0.5556094593750001 0.2890625 0.5510416671874999 0.2638888890625 0.5505208328125001 0.246296296875 0.5557291671875 0.190740740625 0.5546875 0.16944444375 0.54921875 0.15879629687500002 0.53984375 0.1550925921875 0.5315104171874999 0.1625 0.5276041671874999 0.1759259265625 0.5317708328125 0.2546296296875 0.5276041671874999 0.2824074078125 0.5258821625 0.2890625 0.5556094593750001 0.2890625
1 0.6199962937500001 0.2890625 0.618583065625 0.2651110859375 0.618583065625 0.23455552968750001 0.6206093562499999 0.1927181953125 0.618868328125 0.1806520703125 0.6129488593750001 0.171679815625 0.6063329703125 0.16951410625000002 0.597279659375 0.1750830828125 0.5927829421874999 0.19651222031249999 0.5962217531249999 0.2417331296875 0.5961872312500001 0.2697407140625 0.5944066765625 0.2890625 0.6199962937500001 0.2890625
1 0.68868575 0.2890625 0.6869791671875001 0.2740740734375 0.6875 0.246296296875 0.6916666671875 0.20648148125 0.6881110234375 0.18412544375 0.682305590625 0.17783487343749999 0.6745178093749999 0.17582188906250001 0.6677212015625 0.1813575921875 0.66403970625 0.18890628125 0.6614583328125 0.20740740781250003 0.665625 0.2611111109375 0.6649798078125 0.2890625 0.68868575 0.2890625
2 0.259375 0.8069463812500001 0.192812521875 0.805927003125 0.1544164328125 0.8022521578124999 0.1504794453125 0.8077228562500001 0.1427154671875 0.80661509375 0.1397845734375 0.8028386546874999 0.13495149687500002 0.805507325 0.1283262375 0.802571959375 0.06369438125 0.8019946874999999 0.0561600828125 0.8064546046875 0.052187521875 0.802653921875 0.034055403125 0.8003777812500001 0 0.7995851328125 0 0.9496157343749999 0.0018606515625 0.9470302437499999 0.0028103812499999997 0.95 0.0088541125 0.95 0.009624625000000001 0.9481380046875 0.011570823437499999 0.95 0.015483115624999998 0.95 0.018006484375 0.947406040625 0.0191541609375 0.95 0.0244122734375 0.95 0.0246802625 0.9494154859374999 0.026048565625 0.95 0.030731246875 0.95 0.0331106484375 0.9477575968749999 0.033790146874999996 0.95 0.049150239062500004 0.95 0.0491594328125 0.9499852437499999 0.049158221875000005 0.95 0.063945059375 0.95 0.064312125 0.9494108718749998 0.0645113921875 0.95 0.079774878125 0.95 0.079937125 0.9497745484374999 0.0800258328125 0.95 0.259375 0.95 0.259375 0.8069463812500001
1 0.68220460625 0.7375 0.68259104375 0.7371027515625 0.6852081609375 0.72696605625 0.6859375 0.719930690625 0.6859375 0.6709271296875 0.6826461171875 0.656450215625 0.683325475 0.643487253125 0.6784988734375 0.6410572734375 0.6749921421875 0.6432932921875001 0.67535445 0.6562805 0.6693697046875 0.6709740906249999 0.6665530687500001 0.6862635640625 0.6665530687500001 0.7198431828125 0.6684582906250001 0.7375 0.68220460625 0.7375
1 0.6390625 0.7491319437499999 0.64296875 0.7532986109375 0.6505208328125001 0.7528356484375001 0.6578125 0.7250578703125 0.6583333328125001 0.701909721875 0.6510416671874999 0.6676504624999999 0.6515625 0.645428240625 0.6486979171874999 0.6412615734375 0.6434895828125 0.6412615734375 0.6401041671875 0.6463541671874999 0.640625 0.6667245375 0.6333333328125 0.69913194375 0.6333333328125 0.7195023140625 0.6390625 0.7491319437499999
1 0.603125 0.74820601875 0.6046875 0.7620949078125 0.6109375 0.7648726859375 0.6166666671875 0.7620949078125 0.6229166671874999 0.7287615734374999 0.6213541671874999 0.7056134265625 0.6151041671874999 0.676909721875 0.6166666671875 0.6426504625 0.61328125 0.6412615734375 0.6036458328125001 0.6435763890625 0.6052083328125001 0.6778356484375 0.5973958328125001 0.7176504625 0.5984375 0.7343171296875 0.603125 0.74820601875
1 0.621875 0.6445023140625 0.6169270828125001 0.6421875 0.6151041671874999 0.6435763890625 0.6145833328125001 0.6713541671875 0.6244791671875 0.7324652781250001 0.6302083328125001 0.7120949078125001 0.6307291671874999 0.695428240625 0.621875 0.6445023140625
1 0.5885416671874999 0.6435763890625 0.58515625 0.6412615734375 0.5828125 0.6435763890625 0.5796875 0.688946759375 0.5864583328125 0.7195023140625 0.5864583328125 0.7472800921875 0.5895833328125001 0.750983796875 0.5953125 0.7278356484375 0.5963541671874999 0.7028356484375 0.5885416671874999 0.6657986109375 0.5885416671874999 0.6435763890625
1 0.5666666671874999 0.7667245375 0.56953125 0.7745949078125001 0.5744791671874999 0.7759837968750001 0.5817708328125001 0.7732060187500001 0.5864583328125 0.7472800921875 0.5859375 0.7195023140625 0.5791666671875 0.683391203125 0.5822916671874999 0.6556134265625 0.5815104171875 0.6421875 0.56875 0.6435763890625 0.5708333328125 0.6843171296875 0.5625 0.7195023140625 0.5630208328125 0.7472800921875 0.5666666671874999 0.7667245375
1 0.5619791671875 0.7213541671875 0.5692708328125 0.6843171296875 0.5604166671874999 0.6435763890625 0.5565104171874999 0.6421875 0.5520833328125001 0.6620949078125 0.5515625 0.676909721875 0.5619791671875 0.7213541671875
1 0.5354166671874999 0.7056134265625 0.5348958328125001 0.7315393515624999 0.5364583328125001 0.7407986109375 0.540625 0.7472800921875 0.5421875 0.76116898125 0.54453125 0.764409721875 0.5510416671874999 0.763946759375 0.55625 0.7565393515625 0.5598958328125001 0.7343171296875 0.559375 0.7056134265625 0.5526041671874999 0.6787615734375001 0.5552083328125 0.6435763890625 0.5424479171875 0.6412615734375 0.5411458328125001 0.6509837968750001 0.5432291671874999 0.6778356484375 0.5354166671874999 0.7056134265625
1 0.5130208328125001 0.74820601875 0.5174479171874999 0.7532986109375 0.5239583328125 0.7528356484375001 0.5270833328125001 0.7491319437499999 0.5317708328125 0.7287615734374999 0.5333333328125001 0.7046875 0.525 0.6667245375 0.5260416671874999 0.6426504625 0.51796875 0.6403356484375 0.5151041671875 0.6426504625 0.5161458328125 0.6648726859374999 0.5088541671875 0.6945023140625 0.5078125 0.7195023140625 0.5130208328125001 0.74820601875
1 0.4885416671874999 0.7370949078125 0.4924479171874999 0.7412615734375 0.49947916718749996 0.7407986109375 0.503125 0.73616898125 0.5067708328125 0.7195023140625 0.5078125 0.6870949078125 0.5005208328125 0.6565393515625 0.5005208328125 0.6426504625 0.49453125 0.639409721875 0.490625 0.6426504625 0.490625 0.657465278125 0.48489583281250004 0.6778356484375 0.48333333281250007 0.700983796875 0.4885416671874999 0.7370949078125
0 0.589597284375 1 0.5927083328125 0.9870949078125001 0.5927083328125 0.970428240625 0.5880208328125001 0.950983796875 0.58046875 0.9375578703125 0.56953125 0.9310763890625001 0.5606770828125001 0.9310763890625001 0.5528645828125001 0.93570601875 0.5442708328125001 0.94820601875 0.5390625 0.9695023140625001 0.5390625 0.9852430562500001 0.5421752921875 1 0.589597284375 1