1 0.8321646546875 0 0.8043099296874999 0.0694373625 0.8 0.09374030625 0.8 0.1699676515625 0.8066713390625001 0.20059643437500002 0.8327975000000001 0.27482354375 0.8425779703125 0.284375 0.9102342515625 0.284375 0.9186895500000001 0.28013551875 0.9456792953125 0.205925128125 0.956971321875 0.1446693796875 0.9511667484374999 0.0682887359375 0.9239315609375 0 0.8321646546875 0
1 0.6939732140625 0 0.7359375 0.11015625 0.7328125 0.18828125 0.7125 0.26796875 0.72421875 0.26875 0.73125 0.26171875 0.75 0.21171875 0.765625 0.14921875 0.7671875 0.08984375 0.75625 0.03984375 0.740183971875 0 0.6939732140625 0
1 0.611328125 0 0.584375 0.06796875 0.575 0.11328125 0.5765625 0.17578125 0.596875 0.24921875 0.6171875 0.29765625 0.6421875 0.30234375 0.68671875 0.3015625 0.696875 0.29453125 0.7265625 0.21328125 0.7359375 0.13828125 0.7328125 0.10078125 0.6932654265625 0 0.611328125 0
1 0.5094866078125 0 0.53125 0.05078125 0.5390625 0.08671875 0.5375 0.17109375 0.51875 0.25234375 0.53515625 0.253125 0.5453125 0.24453125 0.565625 0.18671875 0.578125 0.06015625 0.5552808546875 0 0.5094866078125 0
1 0.415625 0 0.409375 0.015625 0.409375 0.2510569859375 0.4140625 0.26484375 0.42421875 0.284375 0.4453125 0.28828125 0.49140625 0.2875 0.5078125 0.27265625 0.5359375 0.16328125 0.5328125 0.06640625 0.50625 0 0.415625 0
1 0.2536951609375 0.59269534375 0.2498508578125 0.58216085625 0.2462158 0.5804150890625001 0.24204374843749998 0.581462253125 0.23702849218750002 0.5931802953125 0.2382677828125 0.6486903875000001 0.2328125 0.6765565328124999 0.2328125 0.7408937859375 0.23543360156249998 0.753125 0.2530355765625 0.753125 0.260291921875 0.7119276250000001 0.259411859375 0.6841801546874999 0.250778553125 0.6464748234375 0.2536951609375 0.59269534375
1 0.21119791718749997 0.578240740625 0.2049479171875 0.578240740625 0.1994791671875 0.590740740625 0.2015625 0.6490740734375 0.1927083328125 0.6879629625 0.1911458328125 0.7185185187500001 0.1932291671875 0.727777778125 0.2114583328125 0.76851851875 0.2143229171875 0.76898148125 0.21770833281250002 0.7638888890625 0.22552083281250002 0.7185185187500001 0.22552083281250002 0.70648148125 0.2234375 0.6851851859375 0.21458333281250003 0.65 0.21614583281250002 0.5879629625 0.21119791718749997 0.578240740625
1 0.15963541718750002 0.5800925921875 0.1546875 0.5925925921874999 0.15677083281249998 0.647222221875 0.1494791671875 0.6768518515624999 0.146875 0.70648148125 0.15078125 0.7106481484375 0.16848958281249998 0.709722221875 0.18125 0.7166666671875 0.184375 0.7129629625 0.1828125 0.6972222218749999 0.1729166671875 0.6555555562500001 0.17239583281249998 0.64444444375 0.17239583281249998 0.6203703703125 0.175 0.6148148140625 0.1755208328125 0.5935185187500001 0.1705729171875 0.5791666671875 0.1638020828125 0.5773148140625001 0.15963541718750002 0.5800925921875
1 0.1247395828125 0.5763888890625 0.1158854171875 0.578240740625 0.1109375 0.5935185187500001 0.1145833328125 0.6490740734375 0.1041666671875 0.6981481484375001 0.1015625 0.722222221875 0.10260416718750001 0.747222221875 0.1078125 0.7740740734375 0.11041666718750001 0.771296296875 0.11875 0.74351851875 0.14114583281249998 0.7120370375 0.1395833328125 0.6898148140625 0.1291666671875 0.6490740734375 0.1328125 0.5925925921874999 0.1302083328125 0.5824074078125 0.1247395828125 0.5763888890625
1 0.06953125 0.5800925921875 0.065625 0.5916666671875 0.06770833281250001 0.6555555562500001 0.058854167187499994 0.6898148140625 0.056770832812500005 0.7101851859374999 0.05989583281250001 0.7518518515625 0.06510416718749999 0.7768518515625 0.06875 0.7814814812499999 0.07942708281250001 0.7819444437499999 0.08333333281250001 0.777777778125 0.090625 0.7509259265624999 0.0927083328125 0.7259259265625 0.09114583281250001 0.696296296875 0.0817708328125 0.6555555562500001 0.0838541671875 0.5888888890625 0.08046875 0.5800925921875 0.07682291718749999 0.5773148140625001 0.06953125 0.5800925921875
1 0.0916666671875 0.5925925921874999 0.08828125 0.58194444375 0.0841145828125 0.5791666671875 0.0822916671875 0.5824074078125 0.0838541671875 0.5962962968750001 0.0817708328125 0.6546296296875 0.0916666671875 0.7018518515625 0.0916666671875 0.7490740734375001 0.0979166671875 0.7185185187500001 0.09895833281250001 0.6953703703125 0.09635416718749999 0.6731481484375 0.0901041671875 0.65 0.0916666671875 0.5925925921874999
1 0.0325520828125 0.5791666671875 0.028125 0.5879629625 0.029166667187500002 0.6518518515625 0.0192708328125 0.7009259265625 0.0192708328125 0.7203703703125 0.025 0.75555555625 0.028125 0.765740740625 0.0322916671875 0.76944444375 0.04140625 0.76898148125 0.0453125 0.7648148140625001 0.0536458328125 0.7185185187500001 0.0515625 0.6833333328125 0.0427083328125 0.6490740734375 0.0458333328125 0.5916666671875 0.0442708328125 0.5851851859374999 0.0388020828125 0.578240740625 0.0325520828125 0.5791666671875
1 0 0.7584656078125 0.006510417187500001 0.758796296875 0.0109375 0.753703703125 0.0182291671875 0.7101851859374999 0.0171875 0.68148148125 0.009375 0.647222221875 0.008854167187500001 0.621296296875 0.0114583328125 0.5925925921874999 0.0096354171875 0.584722221875 0.00234375 0.5791666671875 0 0.580729165625 0 0.7584656078125
0 0.13619791718750002 0.7189814812499999 0.11875 0.74444444375 0.1088541671875 0.777777778125 0.1078125 0.8120370375 0.115625 0.853703703125 0.12942708281249998 0.8800925921874999 0.14453125 0.89398148125 0.1625 0.8990740734375 0.18515625 0.8875 0.1973958328125 0.86944444375 0.2078125 0.8388888890625001 0.21197916718749998 0.815740740625 0.2125 0.797222221875 0.20833333281250002 0.765740740625 0.1924479171875 0.728240740625 0.1731770828125 0.7125 0.15234375 0.709722221875 0.13619791718750002 0.7189814812499999
1 0.738872146875 0.51875 0.739232346875 0.5364411890625 0.7502597296875 0.610181859375 0.7555848796875 0.679459603125 0.754360059375 0.7109713937500001 0.7511111609375 0.7323586171875001 0.734375 0.8132691421875 0.734375 0.9534090562500002 0.7443784093750001 1 0.830913128125 1 0.8339886078125 0.9873109625 0.838848490625 0.957544940625 0.8427313468750001 0.9166981171874999 0.8429414359375 0.8805870062500001 0.8360053031250001 0.8196880625 0.8059333343749999 0.7076192265625 0.80293223125 0.6864138578125 0.8016875593750001 0.6318296921875 0.8068437156249999 0.55113774375 0.8062035703125 0.51875 0.738872146875 0.51875
1 0.6625 0.670428240625 0.6625 0.6926504625 0.6505208328125001 0.7732060187500001 0.65 0.8120949078125002 0.6557291671875 0.850983796875 0.6661458328125001 0.8907986109374999 0.6796875 0.933391203125 0.6864583328125 0.938946759375 0.7065104171875 0.9347800921874999 0.7130208328125001 0.92320601875 0.7192708328125 0.8648726859375 0.7223958328125001 0.8537615734375 0.7234375 0.8000578703125001 0.7182291671875 0.76116898125 0.6947916671875 0.68524305625 0.6911458328125001 0.6620949078125 0.690625 0.551909721875 0.6875 0.5407986109375 0.6815104171874999 0.532928240625 0.6716145828125001 0.5273726859375001 0.6627604171874999 0.5273726859375001 0.6520833328125001 0.5426504624999999 0.6489583328125 0.557465278125 0.6494791671875 0.5750578703125 0.6583333328125001 0.6287615734375 0.6625 0.670428240625
1 0.409375 0.51875 0.409375 0.7271122703125 0.4203125 0.7787615734375001 0.4375 0.8796875 0.44114583281249997 0.9213541671875 0.4402991671875 1 0.5975114890625 1 0.578125 0.9556134265625001 0.5527777781250001 0.9122492281250001 0.5354166671875 0.8752121921875 0.5276041671875 0.845891203125 0.525 0.8242862656250001 0.5163194437499999 0.8103973765625 0.5119791671875 0.798051696875 0.5328125 0.8037615734375001 0.51024305625 0.7841628078125 0.53125 0.7806134265625 0.5265625 0.7648726859374999 0.5234375 0.76116898125 0.521875 0.750983796875 0.5177083328125 0.7500578703125 0.511895828125 0.51875 0.409375 0.51875
1 0.5333333328125 0.7815393515625 0.5338541671875 0.7759837968750001 0.5294270828125 0.7708912031249999 0.52578125 0.7681134265624999 0.5203125 0.770428240625 0.5216145828125 0.7801504625 0.5268229171875001 0.7782986109375 0.5333333328125 0.7815393515625