1 0.494045234375 0.5296875 0.49424580625000003 0.514617446875 0.488959153125 0.4816024484375 0.49800749843750003 0.410157596875 0.4944574453125 0.3987639125 0.49050126718750003 0.3961559125 0.483590109375 0.39828365625 0.477174165625 0.411006490625 0.4730238078125 0.4794825625 0.46875 0.4913121109375 0.46875 0.5296875 0.494045234375 0.5296875
1 0.3045274734375 0.5296875 0.305041625 0.5153344171875001 0.2979270578125 0.4679909859375 0.30558435156249997 0.40321253281249997 0.3028449765625 0.3902071484375 0.29825316874999996 0.38505698125 0.2902464296875 0.3877438515625 0.28520424843750003 0.396488634375 0.28306473906249996 0.41963072187500006 0.2833408703125 0.460407825 0.2796875 0.4742664953125 0.2796875 0.5296875 0.3045274734375 0.5296875
1 0.456719178125 0.5296875 0.45752409375 0.5234704031249999 0.4649074640625 0.4948576125 0.459761134375 0.45953605781249995 0.4686988515625 0.3966458234375 0.4665008109375 0.38779952500000003 0.46171344999999997 0.382153059375 0.45376062812500007 0.3838685421875 0.4480760046875 0.3935043984375 0.4446569703125 0.4592724140625 0.440625 0.4712018765625 0.440625 0.5296875 0.456719178125 0.5296875
1 0.3389973953125 0.5296875 0.3389973953125 0.519983175 0.3447265609375 0.48740906562499997 0.339518225 0.44774579687499994 0.3400390609375 0.4273602703125 0.3436848953125 0.40225418749999997 0.342643225 0.388395609375 0.334049475 0.3770715875 0.3267578109375 0.38006153125000003 0.32233072812499997 0.38991256875 0.32233072812499997 0.417690346875 0.3249348921875 0.43891086875 0.323893228125 0.4593115484375 0.315625 0.49189008593750005 0.315625 0.5296875 0.3389973953125 0.5296875
1 0.44526055937500003 0.5296875 0.44526055937500003 0.49468759999999995 0.44502996406250006 0.49340199062499995 0.43823323125 0.472630996875 0.43710092031250003 0.4015168015625 0.434393225 0.3944084671875 0.42832289843750004 0.38884721093749997 0.42238049999999994 0.38884721093749997 0.421650596875 0.38890475156250004 0.4166428421875 0.3973186359375 0.4224141296875 0.4678346875 0.4201140671875 0.48335690781249996 0.41543951718749994 0.4931778875 0.4125 0.5233253999999999 0.4125 0.5257239109375 0.4127792890625 0.5296875 0.44526055937500003 0.5296875
1 0.41014269218750005 0.5296875 0.41014269218750005 0.4668529546875 0.40761360937499996 0.45971122812500004 0.406250828125 0.4485849625 0.40523624218750004 0.3940462609375 0.40052312343749996 0.3832844515625 0.39267145625 0.3796875 0.3915601796875 0.3796875 0.3875 0.3837507671875 0.3875 0.41744060781250003 0.39215863125 0.45464211250000003 0.3875 0.4781741484375 0.3875 0.5282678421875 0.3876509984375 0.5296875 0.41014269218750005 0.5296875
1 0.37666154218750003 0.5296875 0.37666154218750003 0.484648465625 0.375984778125 0.48307315781250004 0.3715984359375 0.4625966765625 0.3684510328125 0.3969620484375 0.3643770484375 0.38895372968749997 0.35676848906249997 0.3838679640625 0.355073284375 0.3838679640625 0.353125 0.387123328125 0.353125 0.43544019062499995 0.3561702375 0.458277525 0.353125 0.48589348125000004 0.353125 0.5296875 0.37666154218750003 0.5296875
1 0.41421256562500003 0.49375 0.4198193453125 0.4718559796875 0.4196122921875 0.45795496875 0.41548767499999995 0.45387922031250005 0.4095612046875 0.485073515625 0.411651884375 0.49375 0.41421256562500003 0.49375
1 0.43710276875 0.3966520453125 0.437477584375 0.39425991250000003 0.437477584375 0.3857712671875 0.43547418281250005 0.378590428125 0.42680488437499997 0.3705321578125 0.41986403125000005 0.374992071875 0.4171875 0.3835738125 0.4171875 0.38528403906249997 0.41770931874999995 0.4046875 0.4177845015625 0.4046875 0.4190840890625 0.3990055328125 0.42574429374999995 0.390841915625 0.431473459375 0.3909752640625 0.43710276875 0.3966520453125
1 0.378125 0.482799384375 0.3795247390625 0.4812196875 0.384733071875 0.45983247968749996 0.38525390625 0.443156721875 0.3834309890625 0.435318171875 0.378125 0.4579925046875 0.378125 0.482799384375
1 0.3899233765625 0.3600880890625 0.3826614078125 0.366451384375 0.38125 0.369947315625 0.38125 0.38788243125 0.3820744859375 0.384520575 0.386817303125 0.380431184375 0.3991769765625 0.38250122656249996 0.400484446875 0.37557041562500004 0.3980610703125 0.36625660937500004 0.3899233765625 0.3600880890625
1 0.3715619078125 0.49475513125 0.3731896796875 0.496875 0.37753225 0.496875 0.378125 0.49495468125000003 0.378125 0.49125415625 0.3777634265625 0.48598475468749996 0.3692038453125 0.4476785890625 0.370588578125 0.4170137734375 0.3726342015625 0.410386609375 0.3725049171875 0.3881643875 0.36852055781250004 0.3750116125 0.3591186234375 0.37103754843750003 0.3526486078125 0.378437246875 0.3515625 0.387984684375 0.3515625 0.3919870796875 0.35299790781249996 0.3936968140625 0.3560959734375 0.3888486640625 0.3607834734375 0.3885208828125 0.36787667343749997 0.39867735625 0.36619735625 0.4682674828125 0.3715619078125 0.49475513125
1 0.6315212296875 0 0.6311845640625 0.0381045984375 0.621875 0.06633830625 0.621875 0.21875 0.635308825 0.21875 0.63972869375 0.2131391875 0.6535131609375 0.16827029531249998 0.6580117125 0.1431641828125 0.660327075 0.11260862812500001 0.6591963203125 0.0932702953125 0.6493435671875 0.03828774375 0.6545396 0 0.6315212296875 0
1 0.770116084375 0 0.769373240625 0.007856087500000001 0.7687391640625 0.064401209375 0.7625 0.08458150156250001 0.7625 0.168699834375 0.769233225 0.188648015625 0.7720263390625 0.2137298359375 0.76911998125 0.24520222500000002 0.769218484375 0.2453125 0.7785141265625001 0.2453125 0.785767721875 0.22509549999999998 0.7956958671875001 0.1835470171875 0.7990933609375 0.1455931484375 0.79631101875 0.10660425625 0.789572496875 0.0647648546875 0.7920281828125 0.032357449999999996 0.7968456125 0 0.770116084375 0
1 0.7070505640625 0 0.7083333328125 0.0586850171875 0.6984375 0.093232215625 0.6942708328125 0.120205303125 0.6921875 0.17952518125 0.6927083328125 0.192472990625 0.693603821875 0.1953125 0.7004846875 0.1953125 0.7067708328125 0.177249 0.7190104171875 0.15698545625 0.72890625 0.1483641828125 0.74140625 0.1442967671875 0.74375 0.140061903125 0.7427083328124999 0.121573696875 0.7276041671875 0.0516428125 0.7304413828125 0 0.7070505640625 0
1 0.6967440390624999 0 0.6992158859375001 0.0209411109375 0.6903649921875 0.059991103125 0.6875 0.0908776765625 0.6875 0.102490765625 0.6894624984375 0.13188554218749998 0.70152215625 0.1828125 0.7032188546875 0.1828125 0.7044373109375 0.17998185 0.70302679375 0.11346086562499999 0.707573821875 0.08558043125 0.707573821875 0 0.6967440390624999 0
1 0.9577676796875 0 0.960464853125 0.023171940625 0.9518534828125 0.0672678265625 0.95 0.0938677296875 0.95 0.09740558125 0.953399675 0.1356802625 0.968026090625 0.1915389140625 0.9731883421875 0.1984375 0.9905518640625001 0.1984375 0.9905518640625001 0.0569792078125 0.979144690625 0.022791584375 0.97856488125 0 0.9577676796875 0
1 0.9018327546875 0 0.9053908796875 0.0203608265625 0.90512450625 0.035111978125 0.8984375 0.07506720312500001 0.8984375 0.14212004218750002 0.9106435453125 0.193105753125 0.9167081828124999 0.20903749375 0.9205857015625 0.2125 0.933473225 0.2125 0.933473225 0.061952799999999995 0.9237935 0.034950053125000005 0.9216177203125 0.021944646875 0.9218771921875 0 0.9018327546875 0
1 0.82643545 0 0.8298195703125 0.023549120312499998 0.8251094421874999 0.0431269109375 0.8257532281250001 0.06536125625 0.81875 0.09616445312500001 0.81875 0.10361040937499999 0.8293118265625001 0.1830144625 0.8320680453125 0.1908302828125 0.8350227718750001 0.19375 0.8387317 0.19375 0.8387317 0.1867616453125 0.8322524015624999 0.149572025 0.8314145156249999 0.1236339765625 0.8327084875 0.09857336562499999 0.8384732296875 0.089168634375 0.8387317 0.0879436453125 0.8387317 0.0060301984375 0.83751356875 0 0.82643545 0
1 0.7703717125 0 0.77373558125 0.0112425515625 0.7782341328125 0.0363031640625 0.7719247421875 0.0490964109375 0.765625 0.0774985 0.765625 0.13940059375 0.7678082390625 0.140625 0.7749740953125 0.140625 0.78516683125 0.06604189375 0.7779828 0 0.7703717125 0
0 0.78525390625 0.2741872546875 0.79150390625 0.24537445624999998 0.79150390625 0.21018927187499997 0.783170571875 0.1779273234375 0.76884765625 0.1545662203125 0.751139321875 0.1428382828125 0.7334309890624999 0.14592516093750002 0.7183268218750001 0.157299915625 0.703483071875 0.184873828125 0.7 0.1987478359375 0.7 0.254078146875 0.7045247390625 0.2765223140625 0.716764321875 0.29991978124999996 0.7315641375 0.3109375 0.7552642515625 0.3109375 0.769889321875 0.3008443328125 0.78525390625 0.2741872546875
1 0.8308132718750001 0 0.8312248546875001 0.043610340625 0.8240816687500001 0.0759359265625 0.8234375 0.0777313390625 0.8234375 0.23125 0.8364070937499999 0.23125 0.8414313437500001 0.225510015625 0.8521906687499999 0.18675749375 0.8583623499999999 0.1534877984375 0.859436328125 0.1117847671875 0.8490033499999999 0.042993515625 0.85514741875 0 0.8308132718750001 0
1 0.4980767734375 0.5296875 0.4944698578125 0.6606670578125 0.4875 0.6815087281250001 0.4875 1 0.5831936203125 1 0.5948634015625001 0.8459952546875 0.5640108984375 0.6396292859375 0.5762759281250001 0.5296875 0.4980767734375 0.5296875
1 0.36076929375 0.5296875 0.3625278984375 0.5884518859375 0.3125 0.844123390625 0.3125 0.918353778125 0.31765522343749997 1 0.48298344843749996 1 0.4910993265625 0.9458219515625 0.483956471875 0.7849186765624999 0.44467075781250004 0.658283996875 0.4375278984375 0.5862696093750001 0.43921825156249994 0.5296875 0.36076929375 0.5296875
1 0.218274734375 0.5296875 0.22717701250000003 0.699553071875 0.196875 0.8387762421874999 0.196875 0.913961128125 0.2031592109375 1 0.317492359375 1 0.317492359375 0.7078663859375001 0.29394711562500003 0.6156589546875 0.296363540625 0.5296875 0.218274734375 0.5296875
1 0.101510903125 0.5296875 0.1147060875 0.70382283125 0.0890625 0.84415523125 0.0890625 0.9607480984375 0.0910289671875 1 0.178179628125 1 0.178179628125 0.6282588921875 0.1754066578125 0.611352828125 0.178179628125 0.5590269171875 0.178179628125 0.5296875 0.101510903125 0.5296875
1 0.00012400312500000001 0.5296875 0.0148212640625 0.7378048796875 0 0.8199274265625001 0 1 0.069549890625 1 0.069549890625 0.5461186062500001 0.0590352125 0.5296875 0.00012400312500000001 0.5296875
1 0.49831942968750004 0.5296875 0.4875 0.5546044046875 0.4875 0.570031284375 0.5060435437499999 0.734375 0.5063775671874999 0.734375 0.5164560390624999 0.69283485 0.5164560390624999 0.5964939203124999 0.5090405046875001 0.5296875 0.49831942968750004 0.5296875
1 0.29375 0.5296875 0.29375 0.6018799609375 0.29418665 0.6447166796875 0.3161806421875 0.728125 0.3166852671875 0.728125 0.3166852671875 0.5556079328125 0.30345548437500003 0.5296875 0.29375 0.5296875
1 0.9359375 0.5296875 0.9359375 0.6805924 0.93722933125 0.6828125 0.941131959375 0.6828125 0.9546617515625 0.680210684375 0.9613466515625 0.6684733109375001 0.9686564078125001 0.6310278546875 0.972739759375 0.5838147218749999 0.9709701609374999 0.553213715625 0.9648921250000001 0.5296875 0.9359375 0.5296875