1 0.3697916671875 0.4263888890625 0.3723958328125 0.4699074078125 0.36770833281250004 0.4875 0.36770833281250004 0.50601851875 0.3734375 0.5375 0.3778645828125 0.5425925921875 0.3828125 0.5421296296875 0.3864583328125 0.5365740734375 0.3890625 0.5236111109375 0.3890625 0.5004629625 0.3828125 0.46342592656250003 0.3817708328125 0.42731481406249994 0.37734375 0.4203703703125 0.37265625 0.4203703703125 0.3697916671875 0.4263888890625
1 0.2984375 0.44768518593750006 0.29375 0.466203703125 0.2927083328125 0.48472222187499997 0.2989583328125 0.5171296296875 0.3018229171875 0.521296296875 0.3078125 0.5208333328125 0.31197916718749996 0.515277778125 0.315625 0.4791666671875 0.3072916671875 0.44490740781250004 0.3072916671875 0.4106481484375 0.30546875 0.4046296296875 0.30130208281250004 0.4018518515625 0.296875 0.4078703703125 0.2984375 0.44768518593750006
1 0.2705729171875 0.3953703703125 0.2677083328125 0.40416666718750005 0.2692708328125 0.4393518515625 0.2645833328125 0.458796296875 0.2635416671875 0.4754629625 0.2708333328125 0.5115740734374999 0.2791666671875 0.5125 0.2828125 0.5078703703125 0.2854166671875 0.49490740781250003 0.2864583328125 0.47083333281249995 0.278125 0.4328703703125 0.2786458328125 0.40416666718750005 0.2770833328125 0.3976851859375 0.2731770828125 0.39444444375 0.2705729171875 0.3953703703125
1 0.3255208328125 0.45416666718750004 0.31979166718749996 0.478240740625 0.3192708328125 0.496759259375 0.325 0.5254629625 0.3283854171875 0.5296296296875 0.334375 0.5291666671875 0.33645833281250004 0.5245370375 0.3385416671875 0.47453703750000004 0.334375 0.45416666718750004 0.33541666718749996 0.41898148125 0.3338541671875 0.41157407343749997 0.3294270828125 0.40833333281249995 0.3244791671875 0.416203703125 0.3255208328125 0.45416666718750004
1 0.3458333328125 0.458796296875 0.3390625 0.4763888890625 0.33645833281250004 0.503240740625 0.3390625 0.5300925921874999 0.3419270828125 0.534259259375 0.3479166671875 0.5337962968750001 0.3536458328125 0.521759259375 0.359375 0.49768518593750005 0.35625 0.4671296296875 0.35885416718749996 0.4236111109375 0.35390625 0.4148148140625 0.3497395828125 0.415740740625 0.346875 0.42083333281249996 0.3458333328125 0.458796296875
1 0.43072916718750004 0.48101851875 0.4265625 0.503240740625 0.4265625 0.5199074078125 0.43333333281249997 0.5513888890625 0.4401041671875 0.5541666671875001 0.44322916718750005 0.5513888890625 0.4447916671875 0.54398148125 0.4479166671875 0.508796296875 0.44114583281249997 0.47453703750000004 0.44114583281249997 0.4356481484375 0.4341145828125 0.42592592656250006 0.42864583281249996 0.43379629687500004 0.43072916718750004 0.48101851875
1 0.478125 0.4550925921875 0.4734375 0.48194444374999995 0.4869791671875 0.4921296296875 0.4916666671875 0.4828703703125 0.4916666671875 0.4671296296875 0.4869791671875 0.446759259375 0.4895833328125 0.42453703750000005 0.4877604171875 0.41851851875 0.4809895828125 0.4148148140625 0.4765625 0.42453703750000005 0.478125 0.4550925921875
1 0.45104166718750005 0.4171296296875 0.45416666718750004 0.4328703703125 0.4515625 0.47083333281249995 0.45520833281249995 0.5013888890625 0.4622395828125 0.4888888890625 0.4703125 0.48101851875 0.46979166718750004 0.4671296296875 0.4640625 0.446759259375 0.46458333281249997 0.4171296296875 0.4596354171875 0.40833333281249995 0.45338541718750003 0.409259259375 0.45104166718750005 0.4171296296875
1 0.44739583281249995 0.5013888890625 0.44739583281249995 0.5263888890625 0.4515625 0.5263888890625 0.45625 0.496759259375 0.4515625 0.4671296296875 0.4546875 0.43194444374999996 0.45130208281249995 0.42314814843750004 0.4486979171875 0.42314814843750004 0.44322916718750005 0.4328703703125 0.4421875 0.478240740625 0.44739583281249995 0.5013888890625
1 0.415625 0.4254629625 0.41614583281249995 0.46157407343749995 0.41197916718750005 0.48379629687500003 0.4192708328125 0.5115740734374999 0.4213541671875 0.5300925921874999 0.4244791671875 0.5328703703125 0.4265625 0.5310185187500001 0.4270833328125 0.4995370375 0.43072916718750004 0.48101851875 0.428125 0.45416666718750004 0.42864583281249996 0.4263888890625 0.42369791718750005 0.4148148140625 0.41901041718750004 0.4166666671875 0.415625 0.4254629625
1 0.3890625 0.4328703703125 0.3890625 0.45046296249999995 0.3854166671875 0.4754629625 0.390625 0.5254629625 0.4010416671875 0.5513888890625 0.40208333281249997 0.5449074078125 0.3984375 0.51805555625 0.40052083281249995 0.4921296296875 0.39895833281250004 0.46157407343749995 0.40052083281249995 0.43009259218749996 0.3986979171875 0.4268518515625 0.3934895828125 0.4268518515625 0.3890625 0.4328703703125
1 0.40026041718750005 0.4370370375 0.3984375 0.44490740781250004 0.40052083281249995 0.4754629625 0.3984375 0.5254629625 0.4046875 0.558796296875 0.4075520828125 0.5638888890625 0.41302083281249996 0.5643518515625 0.41822916718750003 0.559722221875 0.41979166718750005 0.5513888890625 0.4203125 0.51898148125 0.40989583281249997 0.4800925921875 0.40989583281249997 0.446759259375 0.40703125 0.4388888890625 0.40338541718750004 0.4361111109375 0.40026041718750005 0.4370370375
1 0.3078125 0.4171296296875 0.3067708328125 0.440277778125 0.3140625 0.4699074078125 0.3140625 0.48194444374999995 0.3182291671875 0.4875 0.3223958328125 0.4606481484375 0.321875 0.43194444374999996 0.31875 0.4254629625 0.3161458328125 0.4078703703125 0.315625 0.38935185156249996 0.3059895828125 0.3796296296875 0.303125 0.39305555625 0.3078125 0.4171296296875
1 0.3604166671875 0.4393518515625 0.3567708328125 0.47083333281249995 0.3604166671875 0.49305555625 0.3614583328125 0.516203703125 0.36328125 0.5203703703125 0.36875 0.5199074078125 0.36770833281250004 0.4921296296875 0.3729166671875 0.46342592656250003 0.3692708328125 0.434722221875 0.3703125 0.408796296875 0.3674479171875 0.4018518515625 0.36380208281250004 0.4 0.35885416718749996 0.41157407343749997 0.3604166671875 0.4393518515625
0 0.46328125 0.4879629625 0.45677083281249997 0.4995370375 0.45416666718750004 0.5069444437499999 0.453125 0.5245370375 0.45625 0.5384259265625 0.46171875 0.5481481484375 0.47109375 0.5574074078125 0.47760416718750004 0.55694444375 0.490625 0.5393518515625 0.49322916718750004 0.528240740625 0.4927083328125 0.5125 0.4890625 0.496759259375 0.48515625 0.48981481406249994 0.4752604171875 0.48333333281249996 0.46848958281249997 0.48425925937500003 0.46328125 0.4879629625
1 0.2416666671875 0.43101851875 0.2375 0.44768518593750006 0.2359375 0.47083333281249995 0.2427083328125 0.5023148140625 0.24895833281250002 0.5041666671875 0.2552083328125 0.49768518593750005 0.2578125 0.4578703703125 0.25 0.4254629625 0.25 0.3921296296875 0.24713541718749998 0.38703703749999996 0.24296875 0.3861111109375 0.23958333281250002 0.391203703125 0.2416666671875 0.43101851875
1 0.2125 0.3875 0.21458333281250003 0.42175925937500003 0.2109375 0.4365740734375 0.209375 0.4625 0.215625 0.49398148124999997 0.225 0.49583333281249997 0.22760416718749998 0.49305555625 0.2296875 0.48194444374999995 0.23020833281250003 0.4458333328125 0.22291666718749997 0.4199074078125 0.22291666718749997 0.3856481484375 0.22005208281250002 0.3796296296875 0.21588541718749998 0.378703703125 0.2125 0.3875
1 0.1848958328125 0.3828703703125 0.1875 0.4143518515625 0.1833333328125 0.4365740734375 0.1828125 0.4578703703125 0.1885416671875 0.48472222187499997 0.19088541718750002 0.4888888890625 0.1984375 0.48842592656250006 0.2010416671875 0.48564814843750004 0.2052083328125 0.46805555625000006 0.2052083328125 0.446759259375 0.1973958328125 0.4125 0.19583333281249998 0.3773148140625 0.1924479171875 0.372222221875 0.18828125 0.372222221875 0.1848958328125 0.3828703703125
1 0.1572916671875 0.3773148140625 0.1604166671875 0.4106481484375 0.15625 0.4328703703125 0.15625 0.4550925921875 0.1609375 0.4754629625 0.16484375 0.48148148125 0.1708333328125 0.48101851875 0.1734375 0.4791666671875 0.1760416671875 0.46805555625000006 0.1765625 0.4365740734375 0.1697916671875 0.40694444374999994 0.1697916671875 0.3745370375 0.1653645828125 0.365740740625 0.1611979171875 0.365740740625 0.1572916671875 0.3773148140625
1 0.1338541671875 0.40416666718750005 0.1291666671875 0.4263888890625 0.1286458328125 0.4421296296875 0.1296875 0.4513888890625 0.1330729171875 0.4583333328125 0.14140625 0.46944444374999994 0.1458333328125 0.46898148125 0.14895833281249998 0.4606481484375 0.1494791671875 0.4291666671875 0.1432291671875 0.40138888906250003 0.1427083328125 0.36805555624999997 0.14114583281249998 0.36157407343750003 0.13723958281249998 0.3574074078125 0.13125 0.365277778125 0.1338541671875 0.40416666718750005
1 0.0940104171875 0.41203703750000004 0.0973958328125 0.41157407343749997 0.0921875 0.39027777812500003 0.0916666671875 0.3550925921875 0.08723958281250001 0.3481481484375 0.08255208281250001 0.3490740734375 0.0796875 0.35601851875 0.0796875 0.3671296296875 0.0828125 0.3976851859375 0.0940104171875 0.41203703750000004
1 0.1078125 0.3976851859375 0.1041666671875 0.42175925937500003 0.10755208281249999 0.4296296296875 0.12005208281249999 0.44444444375 0.1260416671875 0.44490740781250004 0.12552083281249998 0.41898148125 0.1203125 0.3986111109375 0.1213541671875 0.383796296875 0.11927083281249999 0.365277778125 0.11536458281249999 0.3546296296875 0.11015625 0.352777778125 0.1057291671875 0.36157407343750003 0.1078125 0.3976851859375
1 0.1171875 0.365277778125 0.1177083328125 0.3986111109375 0.12395833281249999 0.41898148125 0.12552083281249998 0.44490740781250004 0.1296875 0.4458333328125 0.13125 0.40972222187499996 0.125 0.3875 0.1234375 0.3476851859375 0.11953125 0.3416666671875 0.11432291718750001 0.3416666671875 0.1098958328125 0.35601851875 0.11432291718750001 0.3574074078125 0.1171875 0.365277778125
1 0.1640625 0.3634259265625 0.1708333328125 0.378240740625 0.1692708328125 0.40694444374999994 0.1755208328125 0.4291666671875 0.1755208328125 0.4625 0.1776041671875 0.46527777812500004 0.1822916671875 0.459722221875 0.1848958328125 0.41898148125 0.1760416671875 0.38935185156249996 0.1770833328125 0.3634259265625 0.1731770828125 0.3518518515625 0.16848958281249998 0.3509259265625 0.16458333281249998 0.35601851875 0.1640625 0.3634259265625
1 0.1385416671875 0.35601851875 0.1427083328125 0.3763888890625 0.1427083328125 0.3986111109375 0.14895833281249998 0.4236111109375 0.14895833281249998 0.458796296875 0.1536458328125 0.459722221875 0.15572916718750002 0.45324074062499997 0.1572916671875 0.40972222187499996 0.1510416671875 0.3865740734375 0.153125 0.3736111109375 0.15 0.3513888890625 0.14505208281249998 0.3453703703125 0.1403645828125 0.3481481484375 0.1385416671875 0.35601851875
1 0.14140625 0.3620370375 0.1494791671875 0.36064814843750004 0.1494791671875 0.3745370375 0.1455729171875 0.372222221875 0.1447916671875 0.3773148140625 0.1494791671875 0.378240740625 0.15 0.38935185156249996 0.1578125 0.415277778125 0.1604166671875 0.3976851859375 0.15677083281249998 0.3773148140625 0.1552083328125 0.34120370312500004 0.15286458281249998 0.3351851859375 0.14765625 0.334259259375 0.1447916671875 0.3365740734375 0.1390625 0.35601851875 0.14140625 0.3620370375
1 0.1921875 0.36064814843750004 0.1911458328125 0.36990740781250003 0.19583333281249998 0.38194444375000003 0.1963541671875 0.4125 0.203125 0.4393518515625 0.203125 0.46898148125 0.2046875 0.47083333281249995 0.2088541671875 0.458796296875 0.2109375 0.41898148125 0.2052083328125 0.3986111109375 0.2078125 0.383796296875 0.2036458328125 0.3634259265625 0.2013020828125 0.3583333328125 0.1966145828125 0.35648148125 0.1921875 0.36064814843750004
1 0.2234375 0.391203703125 0.22239583281250003 0.41898148125 0.2296875 0.4458333328125 0.2286458328125 0.4699074078125 0.2296875 0.4773148140625 0.2322916671875 0.478240740625 0.2348958328125 0.47453703750000004 0.2375 0.43194444374999996 0.23020833281250003 0.40416666718750005 0.2296875 0.36898148124999997 0.22786458281250002 0.3648148140625 0.22265625 0.3638888890625 0.2192708328125 0.36898148124999997 0.2234375 0.391203703125
1 0.2453125 0.384722221875 0.25052083281250004 0.3958333328125 0.25 0.42731481406249994 0.25729166718749996 0.4606481484375 0.2557291671875 0.48379629687500003 0.2598958328125 0.48564814843750004 0.2625 0.4791666671875 0.26510416718749996 0.446759259375 0.25729166718749996 0.40972222187499996 0.2598958328125 0.3976851859375 0.2567708328125 0.378240740625 0.24921875 0.3703703703125 0.2453125 0.3763888890625 0.2453125 0.384722221875
1 0.2744791671875 0.38009259218749997 0.27395833281250004 0.3921296296875 0.2786458328125 0.40416666718750005 0.278125 0.43379629687500004 0.2848958328125 0.4606481484375 0.2864583328125 0.47453703750000004 0.2848958328125 0.490277778125 0.2869791671875 0.49305555625 0.2916666671875 0.478240740625 0.2932291671875 0.44768518593750006 0.28958333281250004 0.428240740625 0.2848958328125 0.41805555625 0.2869791671875 0.403240740625 0.2833333328125 0.38009259218749997 0.27786458281250004 0.3768518515625 0.2744791671875 0.38009259218749997
1 0.4252604171875 0.2675925921875 0.42109375 0.2675925921875 0.41770833281249997 0.2736111109375 0.4171875 0.28472222187499996 0.42760416718750005 0.29398148125 0.42864583281249996 0.2736111109375 0.4252604171875 0.2675925921875
1 0.3880208328125 0.2884259265625 0.3880208328125 0.29398148125 0.3895833328125 0.29398148125 0.3924479171875 0.2898148140625 0.3971354171875 0.2925925921875 0.3994791671875 0.2893518515625 0.39895833281250004 0.28101851875 0.39609375 0.275 0.3919270828125 0.275 0.3895833328125 0.2791666671875 0.3880208328125 0.2884259265625
1 0.3703125 0.308796296875 0.371875 0.30509259218749996 0.3713541671875 0.2856481484375 0.3684895828125 0.28148148125 0.36380208281250004 0.28148148125 0.35989583281250004 0.29305555625 0.36484375 0.2953703703125 0.36666666718749996 0.30694444375 0.3703125 0.308796296875
1 0.3416666671875 0.3300925921875 0.3411458328125 0.2949074078125 0.33359375 0.2888888890625 0.3302083328125 0.29398148125 0.3270833328125 0.3078703703125 0.3299479171875 0.3120370375 0.33359375 0.30555555624999997 0.3390625 0.3273148140625 0.3416666671875 0.3300925921875
1 0.3104166671875 0.34027777812500004 0.3114583328125 0.30416666718749996 0.30911458281250004 0.29814814843750004 0.3033854171875 0.296296296875 0.3005208328125 0.30046296250000004 0.3 0.3078703703125 0.30625 0.321759259375 0.3046875 0.334722221875 0.3104166671875 0.34027777812500004