1 0.296383884375 0.55 0.29620777343750004 0.5492122484374999 0.2816023390625 0.5112338656250001 0.2652761234375 0.45666165625 0.26231766562500003 0.4225116578125 0.2571622421875 0.4177650578125 0.24410367968750002 0.4177496359375 0.227346375 0.4230999609375 0.22759484687499998 0.4676536640625 0.215625 0.5459828796874999 0.215625 0.55 0.296383884375 0.55
1 0.4204647421875 0.55 0.41938281718750003 0.50774615 0.416466796875 0.4805785671875 0.40286205468749997 0.4135749015625 0.399365328125 0.4087852609375 0.3741525265625 0.4087852609375 0.369963303125 0.41294037031249997 0.358388890625 0.45945219687499994 0.35625 0.47252684843750004 0.35625 0.55 0.4204647421875 0.55
1 0.5254920875 0.55 0.5254920875 0.45596185 0.5169400421875 0.42542934062500004 0.5114073328125001 0.41145241875 0.49659762812499997 0.40700192187499995 0.47944785625 0.4092302390625 0.4703369546875 0.416422115625 0.465625 0.43772065937500004 0.465625 0.5248276203125 0.4683802015625 0.5414919499999999 0.470652421875 0.55 0.5254920875 0.55
1 0.3423272953125 0.55 0.3434449046875 0.5351160562499999 0.357296490625 0.44876246875000003 0.3504597484375 0.4175386171875 0.3457788421875 0.413515921875 0.3139486734375 0.41536628281250004 0.309597403125 0.422424390625 0.303125 0.4467899078125 0.303125 0.55 0.3423272953125 0.55
1 0.20904473124999998 0.55 0.20964722187499998 0.54474185625 0.21879959843750002 0.50295705625 0.224566978125 0.452518271875 0.224566978125 0.4511064046875 0.21947683125 0.42257156093750003 0.21706035156249998 0.41821357656249997 0.207454884375 0.41475018593749996 0.19224228906250002 0.41475018593749996 0.18669665468750002 0.421744953125 0.1727561578125 0.4871786765625 0.1703125 0.52577245625 0.1703125 0.55 0.20904473124999998 0.55
1 0.177497940625 0.55 0.1758030796875 0.5179359828125001 0.177584221875 0.48660000468750003 0.18619697500000001 0.4337217671875 0.18619697500000001 0.4252714875 0.18487735156250001 0.42174964218750005 0.16873151718749999 0.42118581875 0.1539781640625 0.42528799843750004 0.1515625 0.4310553 0.1515625 0.5236203984375 0.15715379062499998 0.55 0.177497940625 0.55
1 0.15167871875 0.55 0.15167871875 0.5472086093749999 0.147954021875 0.5292484109375 0.1451391109375 0.48576626875000006 0.145833853125 0.46441540937500003 0.15105781406250002 0.4262160046875 0.143335953125 0.4223130609375 0.1236574734375 0.42578197968750003 0.1234375 0.42661248125 0.1234375 0.5012808015625 0.12536217968750002 0.5124197109375 0.13525946718749998 0.55 0.15167871875 0.55
2 0.5296875 0 0 0 0 0.3616345078125 0.09877248281249999 0.364175259375 0.1448354953125 0.3621322109375 0.16267645625 0.3561061296875 0.231086775 0.3548342140625 0.3898924171875 0.3659455359375 0.44220543125 0.364376084375 0.49713555937500004 0.3731496859375 0.5087750437499999 0.36757593125 0.5237821609375 0.3668686046875 0.5296875 0.36870627968749997 0.5296875 0
1 0.7858139609375 0.3891282984375 0.7858139609375 0.31838025000000003 0.7746994546874999 0.2798611828125 0.7722691968750001 0.2586741453125 0.7742697046875 0.2436772296875 0.7691520109375001 0.2398565546875 0.75929390625 0.24147446718749999 0.757119934375 0.2458050234375 0.7590293578124999 0.2670284796875 0.75795733125 0.2791747765625 0.750053746875 0.315941453125 0.7484375 0.332282753125 0.7484375 0.3375174890625 0.7513512515625 0.3734217 0.7579178140625 0.40639083125 0.7605211687500001 0.4109375 0.7805237265625 0.4109375 0.7820647890625001 0.40934512968750003 0.7858139609375 0.3891282984375
1 0.8344585921875 0.378793115625 0.8364457015625 0.347351103125 0.8342694671875 0.326743934375 0.8269247 0.29366559531249997 0.8319007781250001 0.2429370015625 0.827624634375 0.239360796875 0.8116314062499999 0.24047188749999998 0.8130745031250001 0.276819796875 0.8015625 0.323879678125 0.8015625 0.4245250125 0.804873971875 0.43044456875000003 0.8120495421874999 0.43125 0.8180964171875 0.43125 0.8206714734375 0.42792485625000004 0.8290844078124999 0.40440331093750004 0.8344585921875 0.378793115625
1 0.8975630515624999 0.4408518328125 0.8975630515624999 0.3429910140625 0.88696628125 0.3035013484375 0.8893974312499999 0.26059302500000003 0.8888315015625 0.2467041359375 0.886914265625 0.244527453125 0.8686850984374999 0.24590877656250001 0.8666243124999999 0.2530308203125 0.8724961328124999 0.3073841859375 0.865625 0.3558271375 0.865625 0.410366621875 0.8665691687500001 0.41835869687500005 0.8734301921875 0.44570234375 0.8752188609375 0.45 0.8951936328125001 0.45 0.8965355015625001 0.448595453125 0.8975630515624999 0.4408518328125
1 0.8722790421875001 0.2867392578125 0.8696346343750001 0.2850436828125 0.8683288687499999 0.2784954484375 0.8707066625 0.27310677499999997 0.8680123046875 0.24522886875 0.8650138796875 0.24153175937500002 0.8616607125 0.24153175937500002 0.8569993484375 0.2426761078125 0.8583198484375 0.275083515625 0.853125 0.307368103125 0.853125 0.3757008375 0.859359728125 0.40259428281250004 0.8626999578125 0.4078125 0.86681395625 0.4078125 0.8646214171875 0.3659911390625 0.8722790421875001 0.3064718609375 0.8722790421875001 0.2867392578125
1 0.94707383125 0.25979240625 0.944489453125 0.2473909109375 0.9389382921875 0.244779834375 0.9305456218749999 0.245948234375 0.926135015625 0.253932265625 0.9236561 0.2845029765625 0.9242428390625002 0.3159086828125 0.9203125 0.335186975 0.9203125 0.46875 0.9285445078125001 0.46875 0.9341385765624999 0.46164425781249996 0.9455112390625 0.4058613796875 0.9465463328125001 0.3734842828125 0.9389777953125 0.32934293281250004 0.939703021875 0.3099136421875 0.94707383125 0.25979240625
1 0.9295435968750001 0.323838471875 0.9295435968750001 0.29918182656250003 0.926818803125 0.28251702343749996 0.9274501609375001 0.2441973875 0.916109678125 0.2436517453125 0.9136637265625 0.2436517453125 0.9165152734374999 0.2881482 0.9112871296874999 0.3163842375 0.9150299359374999 0.3222373984375 0.9121796921875 0.337723046875 0.9109180171875 0.339931575 0.9071913687500001 0.3350043390625 0.90625 0.338873440625 0.90625 0.3555632125 0.906802446875 0.3872128640625 0.9137242703125 0.4046875 0.9176851953125 0.4046875 0.9185193734375 0.40296301406249996 0.9197101453125001 0.38179426250000004 0.9295435968750001 0.323838471875
1 1 0.3269559625 0.9958995218750001 0.31425925781249997 0.9931037937500001 0.29107473437500003 0.9943937984375001 0.2532572734375 0.9909439656250001 0.2453125 0.9718450359374999 0.2453125 0.9710561578124999 0.2469014515625 0.971938575 0.26540178281250004 0.9779996296875 0.2905472859375 0.97888204375 0.3090476140625 0.971061390625 0.342943115625 0.9703125 0.35443451875 0.9703125 0.3659525765625 0.9743401 0.4067774421875 0.98311595 0.44032903125 0.9917002359375001 0.4507870328125 1 0.451452903125 1 0.3269559625
1 0.9752566437500001 0.31486956875 0.9752566437500001 0.28312778125000004 0.9720284765624999 0.2681217 0.9712739015625 0.2496031828125 0.9666393124999999 0.24466518593750003 0.9612648828125 0.2471709734375 0.9612796171875001 0.27313327656249997 0.9546875 0.3067717703125 0.9546875 0.352309725 0.9607045359375 0.3742228921875 0.9630201890624999 0.4078125 0.9687015031249999 0.4078125 0.9657242281249999 0.369411384375 0.9669398015624999 0.3480423359375 0.9752566437500001 0.31486956875
0 0.916946846875 0.55 0.9130208328125 0.532233796875 0.89921875 0.5086226859375 0.8856770828125 0.502141203125 0.87109375 0.5030671296875 0.8575520828125001 0.514178240625 0.8473958328125001 0.5303819437499999 0.8427083328125 0.5433449078125 0.8417724609375 0.55 0.916946846875 0.55
0 0.7689140796875 0.8397389531249999 0.7730807468750001 0.8394475921875 0.7767192125 0.826193265625 0.783490046875 0.825719803125 0.79231385 0.8371741171875 0.7959974125 0.837845103125 0.7966096484375 0.8421875 0.8050746421875001 0.8421875 0.8046100265625 0.83770713125 0.8082333125 0.8304895359375 0.8160080828125 0.8290173062499999 0.8259015890625001 0.8421875 0.8260628203125 0.8421875 0.8412721828125 0.8337506171874999 0.8541499171875 0.8101002968750001 0.863698825 0.788075596875 0.86715133125 0.7746260703125 0.86715133125 0.680046490625 0.8613531796875 0.653597815625 0.84393975625 0.61720863125 0.8178456265625 0.59210495 0.790830384375 0.5828512703125 0.7695516734375 0.5861963515624999 0.7452685171875 0.6055371140625 0.7294696078125 0.6279988578125 0.7249555703125 0.6389929984375 0.7150063796875 0.676831278125 0.7140625 0.725387140625 0.7140625 0.7292632625 0.7226514453125 0.7747244859375 0.7337697734375 0.7976254015625 0.7398914062499999 0.8004473109375001 0.74657896875 0.8171581078125 0.75778056875 0.8228747640625 0.7689140796875 0.8397389531249999