2 0.5 0.18168473125 0 0.2008006 0 0.3046875 0.216424296875 0.3046875 0.24627044374999998 0.3035026640625 0.26980491562500003 0.2976743890625 0.5 0.292406759375 0.5 0.18168473125
1 0.9669158578125 0.51875 0.9614583328125 0.49710648125 0.9614583328125 0.456365740625 0.965625 0.412847221875 0.965625 0.38321759218749996 0.96015625 0.3679398140625 0.95390625 0.362384259375 0.9466145828125001 0.362384259375 0.9364583328125 0.37488425937500003 0.9338541671874999 0.387847221875 0.9375 0.46932870312499997 0.9354166671874999 0.4952546296875 0.9297526046875 0.51875 0.9669158578125 0.51875
1 0.9260416671874999 0.51875 0.9260416671874999 0.49710648125 0.9333333328125001 0.42581018593750003 0.9333333328125001 0.39803240781250004 0.9286458328125 0.3795138890625 0.92421875 0.37164351875 0.9153645828125001 0.36423611093749997 0.89921875 0.3697916671875 0.8890625 0.3915509265625 0.8875 0.415625 0.8932291671874999 0.5072916671875001 0.892922246875 0.51875 0.9260416671874999 0.51875
1 0.8689453125 0.51875 0.8666666671875 0.5082175921875 0.8661458328125 0.4776620375 0.8713541671874999 0.412847221875 0.8713541671874999 0.3887731484375 0.8658854171874999 0.3697916671875 0.8611979171874999 0.3633101859375 0.85546875 0.3614583328125 0.8486979171875 0.3614583328125 0.8408854171875 0.368865740625 0.8348958328125 0.387847221875 0.8385416671874999 0.49988425937500003 0.8362347140624999 0.51875 0.8689453125 0.51875
1 0.8208527671875 0.51875 0.8125 0.4832175921875 0.8161458328125001 0.3776620375 0.8106770828125001 0.3633101859375 0.7981770828125001 0.3577546296875 0.7916666671874999 0.36284722187499996 0.7864583328125001 0.37858796250000004 0.7895833328125 0.40543981406249996 0.7890625 0.4832175921875 0.782844328125 0.51875 0.8208527671875 0.51875
1 0.7324743781249999 0.51875 0.7317708328125001 0.5109953703125 0.734375 0.47210648125 0.734375 0.41006944375 0.7375 0.38321759218749996 0.73359375 0.368865740625 0.7205729171874999 0.3577546296875 0.7080729171875 0.35960648125 0.6979166671875 0.381365740625 0.696875 0.4295138890625 0.7010416671874999 0.490625 0.6995204828125 0.51875 0.7324743781249999 0.51875
1 0.6999270046875 0.51875 0.7005208328125001 0.5137731484375 0.6958333328124999 0.39803240781250004 0.7010416671874999 0.368402778125 0.69765625 0.35960648125 0.6903645828125 0.3549768515625 0.6783854171875 0.35868055625 0.6713541671875001 0.3767361109375 0.6703125 0.42118055625000006 0.6760416671875 0.46469907343749994 0.675 0.49618055625 0.6695050140625 0.51875 0.6999270046875 0.51875
1 0.6689505640625 0.51875 0.6744791671875 0.49618055625 0.6755208328125 0.4609953703125 0.6697916671875 0.41655092656250003 0.6703125 0.38506944375 0.6760416671875 0.36192129687499996 0.67421875 0.35590277812500004 0.6684895828124999 0.3521990734375 0.6559895828125 0.35868055625 0.6510416671875 0.3739583328125 0.6510416671875 0.39895833281250004 0.6541666671875 0.4295138890625 0.6541666671875 0.4702546296875 0.6415765234374999 0.51875 0.6689505640625 0.51875
1 0.4462238625 0.51875 0.446988103125 0.5265458140625 0.4434250390625 0.5588387875 0.4328125 0.6093104703125001 0.4328125 0.7265236843749999 0.43808592187500006 0.750159884375 0.46231574999999997 0.82263135625 0.4655981765625 0.8265625 0.5 0.8265625 0.5 0.5623638484375 0.4921738359375 0.544020875 0.4865666734375 0.521585065625 0.486373021875 0.51875 0.4462238625 0.51875
1 0.2221665640625 0.51875 0.22588973750000002 0.5498134390625 0.2118316796875 0.6510544453125 0.21006235156250003 0.6781834203125 0.2110814671875 0.70972621875 0.2205716265625 0.77179971875 0.23519644999999997 0.820160321875 0.26303792812500004 0.89375 0.3054362578125 0.89375 0.3054362578125 0.6331317109375 0.267697440625 0.5453460156250001 0.2635468171875 0.51875 0.2221665640625 0.51875
1 0.032875390625 0.51875 0.0301875 0.5268156890625 0.0306875 0.5508216890625001 0.0391875 0.6003340671874999 0.0426875 0.5965831296874999 0.043437500000000004 0.5909567234375 0.059187500000000004 0.5778284421875 0.0631875 0.5643250656250001 0.0631875 0.5253153125 0.060432378125 0.51875 0.032875390625 0.51875
1 0.027687499999999997 0.674602634375 0.026687499999999996 0.6911067609375 0.0241875 0.6971082609375 0.0236875 0.7166131375 0.027187499999999996 0.7488712015625 0.0416875 0.8028847062500001 0.0466875 0.81563789375 0.050687499999999996 0.81863864375 0.0709375 0.816763175 0.0786875 0.81113676875 0.0856875 0.7781285171875 0.0896875 0.7466206390625001 0.0896875 0.70986145 0.0871875 0.6881060109374999 0.0826875 0.670851696875 0.07618749999999999 0.661849446875 0.07368749999999999 0.6445951328125 0.06693750000000001 0.6299664765624999 0.050937500000000004 0.6449702265624999 0.0424375 0.6442200390625 0.0394375 0.6352177890624999 0.0356875 0.6385936328125 0.0296875 0.673102259375 0.027687499999999997 0.674602634375
1 0.9198432484375001 0.51875 0.917995459375 0.5228321515625 0.9171875 0.5451531671875001 0.9171875 0.5523510125 0.92015073125 0.57835134375 0.92085664375 0.6274072375 0.9171875 0.644350953125 0.9171875 0.8216462984374999 0.9182650656250001 0.825 0.9464757031249998 0.825 0.9481594453125 0.8233459671875 0.9619847359375001 0.7472745921875 0.96258273125 0.7130153328125 0.96077415625 0.6972988328125 0.9453358062500001 0.627122396875 0.9486438156249999 0.527104215625 0.9458571484375 0.51875 0.9198432484375001 0.51875
1 0.8826432421874999 0.51875 0.8734375 0.52646190625 0.8734375 0.5870992046875 0.8814097625 0.6354655625 0.882253659375 0.656780046875 0.8734375 0.7145911265625 0.8734375 0.7548360453124999 0.8843634640625 0.820034015625 0.8970810468749999 0.8474298499999999 0.9079526359375001 0.8786021343750001 0.9095185015624999 0.8796875 0.9205331734375001 0.8796875 0.9205331734375001 0.6881291843749999 0.9097391515624998 0.6539642359375 0.9069635484374998 0.6187972390625001 0.9072272296874999 0.5658921453125 0.903825315625 0.53724300625 0.8963951890625002 0.523118503125 0.8854240921875001 0.51875 0.8826432421874999 0.51875
1 0.8109375 0.6905671296875 0.8067708328125001 0.7035300921875 0.796875 0.7600115734375 0.7984375 0.7877893515625 0.8018229171875 0.7938078703125 0.8138020828125001 0.8002893515625 0.84140625 0.8030671296874999 0.8604166671875 0.81649305625 0.8635416671874999 0.814641203125 0.8640625 0.8072337968750001 0.859375 0.7600115734375 0.8432291671875 0.6970486109375 0.8401041671874999 0.6711226859374999 0.84375 0.5868634265625 0.8427083328125 0.558159721875 0.8401041671874999 0.5479745375 0.8325520828125 0.5354745375000001 0.8263020828125001 0.5317708328124999 0.8143229171874999 0.5336226859375001 0.8067708328125001 0.5433449078125 0.8026041671874999 0.5618634265625 0.803125 0.5979745375000001 0.8114583328125 0.6776041671875 0.8109375 0.6905671296875
1 0.7405874406249999 1 0.7401041671874999 0.96649305625 0.7453125 0.9155671296874999 0.7567708328125 0.8683449078125001 0.7807291671875 0.826678240625 0.7828125 0.814641203125 0.7802083328125 0.7979745375 0.765625 0.7461226859375 0.7619791671874999 0.7192708328125 0.7630208328125001 0.6618634265625 0.7671875 0.6164930562500001 0.7666666671875 0.5859375 0.7591145828125001 0.5614004625 0.7497395828125001 0.5521412031249999 0.7393229171875 0.5502893515625 0.7315104171875 0.5549189812499999 0.7231770828125 0.56788194375 0.7197320234375 0.5913688765625 0.7208333328125001 0.6063078703125 0.721743121875 0.626392403125 0.7223958328125001 0.6627893515625 0.7241564546875 0.6642749828125 0.728125 0.6905671296875 0.7286458328125001 0.7192708328125 0.7276041671875 0.7442708328125001 0.7177083328125 0.7942708328125001 0.7114583328125 0.8044560187500001 0.7057291671874999 0.8313078703125001 0.7046875 0.9026041671874999 0.7104166671875 0.9489004624999999 0.7213541671874999 0.98038194375 0.7245998015625 1 0.7405874406249999 1
1 0.621875 0.689641203125 0.6192708328125 0.7183449078125 0.60625 0.7850115734375 0.6036458328125 0.8340856484374999 0.6078125 0.8840856484374999 0.6192708328125 0.938715278125 0.6255208328124999 0.9600115734374999 0.6338541671875 0.9683449078125002 0.65390625 0.9678819437499999 0.6625 0.958159721875 0.6755208328125 0.8905671296875 0.6786458328125 0.838715278125 0.678125 0.814641203125 0.6744791671875 0.7840856484375001 0.6526041671875 0.70445601875 0.6515625 0.6859375 0.6557291671875001 0.6035300921875 0.6541666671875 0.56741898125 0.6450520828124999 0.551215278125 0.6309895828125 0.5484375 0.62578125 0.5493634265625 0.61875 0.5590856484375 0.6140625 0.5785300921875 0.6140625 0.5998263890625 0.6203125 0.651678240625 0.621875 0.689641203125
1 0.5432291671875 0.6507523140625 0.5432291671875 0.6840856484375 0.5291666671875 0.7507523140625001 0.5276041671875 0.8090856484375 0.5302083328125 0.8368634265624999 0.5447916671875 0.901678240625 0.55078125 0.9104745375000001 0.5578125 0.9118634265625 0.5736979171875001 0.9086226859375 0.58125 0.8942708328125001 0.5901041671875 0.8405671296874999 0.5927083328125 0.77945601875 0.5895833328125 0.751678240625 0.5713541671875 0.6813078703125 0.5697916671875001 0.6479745375 0.5734375 0.59241898125 0.5723958328125 0.564641203125 0.5669270828124999 0.5502893515625 0.5596354171875 0.5438078703125 0.5533854171875 0.54288194375 0.540625 0.5563078703125 0.5369791671875 0.5729745375 0.5375 0.5961226859375 0.5432291671875 0.6507523140625
1 0.5 0.8649751437500001 0.5091145828125 0.864178240625 0.5166666671875 0.8563078703125001 0.5255208328125 0.8072337968750001 0.5276041671875 0.7461226859375 0.5239583328124999 0.7183449078125 0.5088541671875 0.663715278125 0.5067708328125 0.6489004625 0.5098958328125 0.595196759375 0.509375 0.5590856484375 0.5 0.54151808125 0.5 0.8649751437500001
1 0.7828287749999999 0.51875 0.7825520828125001 0.5188078703125 0.7734375 0.5368634265625001 0.7729166671875 0.5553819437499999 0.7776041671874999 0.5933449078125 0.7786458328125001 0.6414930562500001 0.7651041671875 0.7109375 0.7666666671875 0.7424189812499999 0.7703125 0.7609375 0.7783854171875 0.7864004625 0.7864583328125001 0.789641203125 0.79453125 0.7882523140625001 0.7963541671875 0.7840856484375001 0.7958333328125 0.7563078703125 0.809375 0.6905671296875 0.8088541671874999 0.6683449078125 0.803125 0.633159721875 0.8020833328125001 0.563715278125 0.8046875 0.5368634265625001 0.7981770828125001 0.5215856484375 0.7940299468750001 0.51875 0.7828287749999999 0.51875
1 0.7098958328125 0.6683449078125 0.7083333328125001 0.683159721875 0.7057291671874999 0.6868634265625 0.6953125 0.7359375 0.6927083328125 0.7655671296875 0.6942708328125 0.81741898125 0.6973958328125 0.8442708328125 0.7036458328125 0.8479745375000001 0.7072916671874999 0.83038194375 0.7135416671874999 0.81649305625 0.7177083328125 0.7877893515625 0.7270833328125 0.7479745375 0.7291666671874999 0.7257523140625001 0.7286458328125001 0.6961226859374999 0.7244791671874999 0.6590856484375001 0.7244791671874999 0.5970486109375 0.7286458328125001 0.564641203125 0.7380208328125001 0.5489004625 0.73359375 0.5364004625 0.7236979171875 0.52991898125 0.71171875 0.5354745375000001 0.7057291671874999 0.5479745375 0.7041666671875 0.5572337968750001 0.7057291671874999 0.6183449078125001 0.7041666671875 0.63038194375 0.7083333328125001 0.6285300921875 0.7098958328125 0.6683449078125
0 0.8758451484374999 1 0.8765625 0.9979745375 0.8838541671875 0.9655671296874999 0.8869791671874999 0.933159721875 0.8869791671874999 0.9090856484375 0.8802083328125001 0.8655671296874999 0.8723958328125001 0.8405671296874999 0.86328125 0.8215856484374999 0.85390625 0.8114004625 0.84140625 0.8067708328125001 0.8169270828125 0.8067708328125001 0.7903645828125001 0.81695601875 0.78671875 0.819733796875 0.7578125 0.8711226859375 0.7520833328125001 0.889641203125 0.7421875 0.9442708328125 0.7411458328125 0.9961226859375 0.7416910796874999 1 0.8758451484374999 1