1 0.611501096875 0 0.6287109375 0.056979776562499994 0.627734375 0.07162106562500001 0.6111328125 0.124329703125 0.61015625 0.181430728125 0.616015625 0.2107133046875 0.631640625 0.2487806546875 0.65458984375 0.278795296875 0.674609375 0.29416865 0.68681640625 0.2949007140625 0.69853515625 0.2875800703125 0.71171875 0.264886071875 0.7283203125 0.20632091875 0.7302734375 0.15654053750000002 0.717578125 0.0950471265625 0.71220703125 0.10309983593750001 0.7087890625 0.084798225 0.68388671875 0.0606400984375 0.6755859375 0.040874359375 0.6755859375 0 0.611501096875 0
1 0.7402701 0 0.756640625 0.067228678125 0.7361328125 0.1345786046875 0.73515625 0.188751371875 0.74296875 0.22389046562499998 0.7556640625 0.2531730421875 0.77177734375 0.2758670390625 0.7947265625 0.295632778125 0.80791015625 0.2963648421875 0.81865234375 0.2890441984375 0.838671875 0.2517089125 0.850390625 0.20632091875 0.850390625 0.155076409375 0.834765625 0.1009036421875 0.8337890625 0.07454932343750001 0.82255859375 0.07674551562500001 0.80546875 0.06576455 0.8025390625 0.0438026171875 0.80546875 0.0071993953125 0.8052644125 0 0.7402701 0
1 0.8950969921875 0 0.8962890625 0.010127653125 0.901171875 0.01598416875 0.9021484375 0.059908034374999995 0.885546875 0.08772648281249999 0.87578125 0.1155449296875 0.8669921875 0.1638611828125 0.8689453125 0.20632091875 0.87578125 0.2341393671875 0.893359375 0.27367084531249997 0.91484375 0.3000251640625 0.93095703125 0.30075722968749996 0.955859375 0.2707425875 0.9744140625 0.2282828515625 0.9822265625 0.18728724375 0.9822265625 0.155076409375 0.97734375 0.1257938328125 0.9626953125 0.086262353125 0.9509765625 0.0686928078125 0.9509765625 0.01598416875 0.95537109375 0.025501006250000003 0.9576175625000001 0 0.8950969921875 0
1 0.67525626875 0 0.674609375 0.0189124265625 0.68046875 0.055515648437499995 0.68388671875 0.06210422812500001 0.70927734375 0.06796074375 0.70390625 0.0760134515625 0.70830078125 0.0840661609375 0.717578125 0.086262353125 0.73173828125 0.08260203125 0.7283203125 0.0701569359375 0.741015625 0.059908034374999995 0.7419921875 0.01598416875 0.73869225625 0 0.67525626875 0
1 0.80546875 0 0.80546875 0.05844390625 0.81083984375 0.0650324859375 0.83330078125 0.0650324859375 0.8357421875 0.09651125625 0.840625 0.10676015781249999 0.85625 0.0628362921875 0.8591796875 0.008663525 0.8573101718749999 0 0.80546875 0
1 0.95618159375 0 0.9509765625 0.029161328125000004 0.9509765625 0.05844390625 0.9626953125 0.084798225 0.967578125 0.0818699671875 0.971484375 0.067228678125 0.9744140625 0.027697199999999998 0.9711151671875001 0 0.95618159375 0
1 0.8699955109375 0 0.8669921875 0.017448298437500002 0.869921875 0.0643004203125 0.8806640625 0.0950471265625 0.9021484375 0.056979776562499994 0.901171875 0.02037655625 0.8974226328124999 0 0.8699955109375 0
1 0.424534621875 1 0.424534621875 0.8224268796875001 0.41940668125 0.7949762421875001 0.4193743703125 0.753528096875 0.42222687499999995 0.7159657562499999 0.420783159375 0.690076253125 0.41283441249999997 0.6706395171875 0.405298615625 0.6642615953125001 0.3944631265625 0.6642615953125001 0.390298253125 0.6672215953125 0.38459470625000003 0.677414490625 0.38276232499999996 0.687417575 0.3836555109375 0.7197157203125 0.3886452046875 0.7513793046874999 0.39107119218749997 0.790231771875 0.3901806234375 0.8058268328124999 0.38166911406250004 0.8439144765624998 0.378125 0.8802295156250001 0.378125 0.92910565625 0.38016308125 0.9607786656249999 0.389562440625 1 0.424534621875 1
1 0.45 0.6691250015625 0.4497395828125 0.668402778125 0.43828125 0.661921296875 0.4283854171875 0.668402778125 0.4223958328125 0.68460648125 0.42395833281249995 0.718865740625 0.4291666671875 0.7420138890625 0.43385416718750003 0.7799768515625 0.43333333281249997 0.803125 0.425 0.8577546296874999 0.42604166718750003 0.903125 0.4291666671875 0.9327546296874999 0.4348958328125 0.95960648125 0.4458333328125 0.9947916671874999 0.45 0.999421296875 0.45 0.6691250015625
1 0.1039147421875 1 0.1119791671875 0.9910879625 0.1234375 0.953125 0.1296875 0.918865740625 0.1317708328125 0.893865740625 0.13125 0.8660879625 0.1223958328125 0.7947916671874999 0.1260416671875 0.756828703125 0.1338541671875 0.7207175921875 0.1359375 0.6957175921875 0.1328125 0.681828703125 0.12578125 0.6721064812499999 0.1184895828125 0.6702546296875 0.1096354171875 0.6758101859375 0.0973958328125 0.69756944375 0.0916666671875 0.7271990734375 0.0880208328125 0.7679398140625 0.0817708328125 0.7975694437499999 0.0713541671875 0.8299768515625001 0.061979167187499996 0.8484953703125001 0.0442708328125 0.8947916671874999 0.0453125 0.9114583328125001 0.058333332812500006 0.9383101859374999 0.0625 0.955902778125 0.05625 0.9920138890625001 0.06380208281250001 0.9989583328125 0.06959635625 1 0.1039147421875 1
0 0.2047525953125 1 0.2283854171875 0.9989583328125 0.24453125 0.9850694437499999 0.25625 0.95960648125 0.2625 0.9271990734374999 0.2619791671875 0.8864583328125001 0.25625 0.8586805562500001 0.24505208281250002 0.8359953703125 0.2361979171875 0.8239583328125001 0.21328125 0.811921296875 0.1981770828125 0.812847221875 0.1815104171875 0.8230324078125001 0.1651041671875 0.853125 0.1572916671875 0.887384259375 0.1572916671875 0.930902778125 0.165625 0.9633101859375 0.17239583281249998 0.9799768515625 0.1815104171875 0.9924768515625001 0.1961971515625 1 0.2047525953125 1
0 0.8864283203125 0.693694946875 0.8752547140625001 0.6795588265625 0.8715142484375 0.6789325265625 0.8642339437500001 0.6789325265625 0.8603610343749999 0.6812804171875 0.85625 0.68798849375 0.85625 0.7271925234375 0.8590669515624999 0.7359905984375 0.8655302578124999 0.7453125 0.8848175406250001 0.7453125 0.8892909031249999 0.726679215625 0.8892909031249999 0.70774554375 0.8864283203125 0.693694946875
1 0.70596245625 0.4 0.7067708328125001 0.4172453703125 0.7041666671875 0.42928240781250004 0.7036458328125 0.4487268515625 0.7067708328125001 0.471875 0.7104166671875 0.474652778125 0.7177083328125 0.45335648125 0.7177083328125 0.43483796249999995 0.7135416671874999 0.4172453703125 0.7139296875 0.4 0.70596245625 0.4
1 0.725151909375 0.4 0.725 0.400578703125 0.7265625 0.4228009265625 0.721875 0.446875 0.725 0.46631944374999995 0.7286458328125001 0.47280092656250006 0.7338541671875 0.47002314843750004 0.7375 0.444097221875 0.7317708328125001 0.421875 0.7327173484375 0.4 0.725151909375 0.4
1 0.8097892984375001 0.4 0.8114583328125 0.41631944374999996 0.80625 0.43668981406249996 0.8078125 0.45891203750000004 0.8109375 0.46817129687500003 0.8171875 0.46539351875 0.8203125 0.44965277812500004 0.815625 0.41631944374999996 0.8168767750000001 0.4 0.8097892984375001 0.4
1 0.7944227421875001 0.4 0.7953125 0.4237268515625 0.790625 0.444097221875 0.7927083328125001 0.4635416671875 0.7963541671875 0.471875 0.8013020828125 0.4723379625 0.8036458328125 0.46817129687500003 0.8057291671875 0.4515046296875 0.8052083328125 0.43668981406249996 0.8015625 0.4237268515625 0.8020758203125 0.4 0.7944227421875001 0.4