1 0.322786746875 0.41875 0.3142017375 0.352511534375 0.30737868125 0.34022768281250004 0.300120684375 0.3368759484375 0.29533217968750003 0.3447628734375 0.286511678125 0.34128359218750004 0.2808471015625 0.362205528125 0.283102215625 0.38032485625 0.2963195640625 0.41865390312499995 0.29633805 0.41875 0.322786746875 0.41875
1 0.3609375 0.3442131796875 0.3609375 0.3482689796875 0.3636048515625 0.36876154843750003 0.3753608140625 0.403125 0.390617940625 0.403125 0.3960779671875 0.3958254953125 0.402651190625 0.3676471984375 0.4046875 0.32403111406249996 0.4046875 0.322944746875 0.38900336874999997 0.2658206515625 0.39047955 0.206048365625 0.3850188875 0.1951403453125 0.37661105156249997 0.1951403453125 0.37303879375000004 0.195369265625 0.3653825828125 0.2159837703125 0.3718320296875 0.2655331875 0.3715896125 0.286366521875 0.3634862109375 0.3118671703125 0.3609375 0.3442131796875
1 0.4734375 0.41875 0.4734375 0.4127793546875 0.4722039203125 0.40990076093749994 0.4695730921875 0.39454109531250003 0.46872043437500005 0.32669025625 0.45535063437499995 0.3024649921875 0.4528255 0.26635388125000004 0.448091584375 0.25987869375 0.449100634375 0.30213744375 0.44206510000000004 0.312839121875 0.438543046875 0.329260125 0.4492605921875 0.39347656249999996 0.44886353906250004 0.4100613421875 0.446419153125 0.41875 0.4734375 0.41875
1 0.48742591874999996 0.28929316875 0.486114903125 0.31136984375 0.4890502578125 0.33779511875 0.4990292328125 0.3742337171875 0.5038032734375 0.3828125 0.5125 0.3828125 0.5125 0.25029530625 0.51153335625 0.2032486609375 0.5079424921875 0.18786172343750002 0.5019068718749999 0.1806625671875 0.49739046406250004 0.1396357640625 0.493931525 0.140166465625 0.49632475 0.179018965625 0.4875289859375 0.1952125984375 0.4948735609375 0.2661187046875 0.48742591874999996 0.28929316875
1 0.50725695 0.2734375 0.5215974328125 0.2734375 0.5242437234375 0.2694748328125 0.5296875 0.24597786562500001 0.5296875 0.186194496875 0.5274305125 0.1764465515625 0.5296875 0.1424685015625 0.5296875 0.106379078125 0.527225628125 0.09864150000000001 0.5275892765625 0.07780816562500001 0.524939753125 0.0728993265625 0.5217568781249999 0.0985460421875 0.5129207 0.1122849265625 0.5128291968750001 0.1622985640625 0.5045318328125 0.1899399734375 0.5042457203125 0.19327699375000001 0.5042457203125 0.267094803125 0.50725695 0.2734375
1 0.4246546390625 0.25080505 0.436971965625 0.2890625 0.44375 0.2890625 0.44375 0.1255157765625 0.44369403749999997 0.1238066609375 0.4350726015625 0.10928004375 0.4329161609375 0.08560515937499999 0.4300604453125 0.0832986234375 0.42882260156249996 0.1087698578125 0.42330064375000004 0.1207596765625 0.4293378125 0.17101476875 0.42295587343749996 0.2216383828125 0.4246546390625 0.25080505
1 0.471100271875 0.209375 0.4756918921875 0.20343952812500002 0.4796875 0.1836152546875 0.4796875 0.1447865359375 0.4725535859375 0.11315266093750001 0.47280148593750004 0.0826016484375 0.46216975937500004 0.0776791796875 0.45798197968750004 0.0839041796875 0.45927233593750005 0.1130753921875 0.453361740625 0.1324834734375 0.45164831093749996 0.1685809515625 0.459309884375 0.2047329671875 0.4631444328125 0.209375 0.471100271875 0.209375
1 0.7555932765625 0 0.7596601625 0.045142812500000004 0.76811855 0.0853827796875 0.7752494328124999 0.1347119453125 0.7783565671874999 0.17911387343750002 0.777868715625 0.2048272234375 0.7593344703125 0.3136850265625 0.7590142734375 0.3541281609375 0.761584084375 0.3856096421875 0.7662372296875001 0.41726118437500004 0.7665990078125 0.41875 0.8359375 0.41875 0.8359375 0.23109981093749998 0.8289103828125001 0.20899371875 0.8246351515624999 0.18197180625 0.819419946875 0.1180829171875 0.8218234750000001 0.07780984375 0.8213878453125 0.028107451562500003 0.8184264562500001 0 0.7555932765625 0
1 0.9387778093750001 0 0.9418764609375 0.0381084109375 0.9375626328125 0.0957494546875 0.9148041546875 0.17307719531250002 0.9086216625000001 0.201229975 0.9086216625000001 0.31703623593749997 0.9186192046875 0.38193593593749997 0.9291656578125 0.403125 0.9518978859375 0.403125 0.959272978125 0.3992232859375 0.9686299765624999 0.3778058640625 0.98499839375 0.3129156796875 0.9911908484375 0.2727337234375 0.9921875 0.2576969421875 0.9921875 0.1960702265625 0.9917043281249999 0.1838782109375 0.9779829249999998 0.1107386796875 0.9739347734375 0.10082050625000001 0.976772296875 0.035872184375 0.9816347796875 0 0.9387778093750001 0
1 0.8647812234375 0 0.863334796875 0.0180556515625 0.8491726796875 0.060318910937500005 0.8491726796875 0.26422672187499996 0.850314090625 0.265625 0.8635949281249999 0.265625 0.8740677671875 0.256035146875 0.8817418343749999 0.23359467031249997 0.889442278125 0.1945239015625 0.9006105515625 0.158103596875 0.9041311406249999 0.1274934765625 0.9049750328125 0.10621536875 0.9029312734375001 0.081342684375 0.8933057828125 0.0207044578125 0.8946325843749999 0 0.8647812234375 0
1 0.7187201953125 0 0.7206032703125 0.027378357812499997 0.7190120906249999 0.0588840859375 0.71774415625 0.07187129375 0.7093821453125 0.1035346125 0.7074479171875 0.12486727812500001 0.696875 0.1612869109375 0.696875 0.2727576 0.697473340625 0.2787406953125 0.7046070328124999 0.31744774531250003 0.7111228546875 0.3359375 0.716857115625 0.3359375 0.7221501 0.29667733281249997 0.7460166828125001 0.211896803125 0.7519199875 0.1719607640625 0.752385040625 0.11549140625000001 0.74635401875 0.0434388984375 0.7457543453125 0 0.7187201953125 0
1 0.710708315625 0 0.702528634375 0.0507258515625 0.7005030171875 0.09582938125 0.7086838125 0.15155474687499998 0.7219891109375001 0.200139540625 0.7252193921875 0.2078125 0.7265625 0.2078125 0.7265625 0.1927673859375 0.72597163125 0.1726528625 0.7265625 0.16895384062500002 0.7265625 0 0.710708315625 0
1 0.5770863375 0 0.5850326765625 0.042341190625000004 0.5982516437500001 0.078125 0.5984375 0.078125 0.5984375 0.0023850640625 0.5975404484375 0 0.5770863375 0
1 0.5612344609375 0 0.5590391546875 0.09820799375 0.56758323125 0.1418053 0.5961677125 0.225 0.596875 0.225 0.596875 0.10526097968749999 0.5967655265625 0.1041999015625 0.5760462734375 0.042876674999999996 0.56966910625 0 0.5612344609375 0
1 0.5390625 0 0.5390625 0.3738043953125 0.5413840265625 0.37831525 0.55292138125 0.41875 0.576453834375 0.41875 0.5789199968750001 0.406756684375 0.5828125 0.37235925000000003 0.5828125 0.269242415625 0.5796811921875 0.24375735468749998 0.5492320046875 0.137638146875 0.544165484375 0.09957518125 0.5525686890625 0.00617485 0.552290846875 0 0.5390625 0
1 0.24621996406250002 0.5286064515625 0.256316434375 0.5698998875 0.24941917500000002 0.5868122359375001 0.24293280625000002 0.6341100796875001 0.2446368515625 0.6866752796875 0.25213740156250003 0.7341951109375 0.2640987015625 0.7793197984375 0.2698982765625 0.7859375 0.28125 0.7859375 0.28125 0.593282859375 0.28089591875000003 0.5921409296875 0.269933684375 0.5719312109375 0.2721942953125 0.5362452515625 0.2702552546875 0.47446330468750003 0.2662273859375 0.46631658593749997 0.2535762203125 0.46344436875 0.24286546874999998 0.4653293265625 0.240046921875 0.4719974203125 0.24621996406250002 0.5286064515625
1 0.3081994359375 0.4627154921875 0.3047439875 0.46895095624999994 0.301902790625 0.48948821093749995 0.305272171875 0.557739715625 0.3102003765625 0.5814800265625 0.302161621875 0.6014251203125001 0.29008916406249996 0.6549371796875001 0.28974486875 0.657528253125 0.28974486875 0.7365760609375 0.2905850234375 0.7465037171875 0.3019177421875 0.8012916140625 0.30366400625 0.803125 0.3273472609375 0.803125 0.33057435156250004 0.7985299796875001 0.3349888203125 0.7769666671875 0.3337172234375 0.7520667968750001 0.3406388953125 0.7386699390625 0.34375 0.7236784843749999 0.34375 0.6675402078125 0.33517173125 0.6270667968750001 0.3324238234375 0.5948596484374999 0.326356984375 0.579519425 0.33078223125 0.5570301921875 0.333824459375 0.47448928281249997 0.331338809375 0.46447097656249997 0.3280018765625 0.460521259375 0.3274812359375 0.46048600781250004 0.3122838484375 0.46048600781250004 0.3081994359375 0.4627154921875
1 0.44077111406249997 0.5544405609374999 0.45187999999999995 0.6168324421875 0.4467307 0.632245634375 0.43981037343749996 0.6816997203125 0.43895437656249997 0.706563240625 0.4421917296875 0.7528595375 0.44966335312499994 0.7929200156249999 0.4608455578125 0.8340974875 0.46101603906250005 0.834375 0.4765625 0.834375 0.4765625 0.6277704875 0.4722572484375 0.6188229015625 0.4730713515625 0.533992559375 0.4700225265625 0.505234265625 0.460751790625 0.48768155156250004 0.4494905546875 0.4824787125 0.44304345625 0.486753496875 0.43818980312500005 0.4952631890625 0.43629499687499995 0.5126920078125 0.44077111406249997 0.5544405609374999
1 0.5375 0.65625 0.5375 0.6390685140625 0.5291864953125 0.6001259578125 0.5375 0.5236544390625 0.5375 0.48337790781249995 0.5268812515625 0.4681873046875 0.5259789328125 0.4681873046875 0.5153746 0.47912149687500005 0.511827653125 0.489869678125 0.5090520515625 0.5250730499999999 0.50927615625 0.60266895 0.508523425 0.6057669140625 0.508523425 0.654221575 0.5190390593750001 0.65625 0.5375 0.65625
0 0.5390625 0.6574880015625 0.523742840625 0.6522602640625 0.5143195515625 0.6522602640625 0.5105024703125001 0.6523713296875 0.4953392109375 0.6648781625 0.48212048906250005 0.6852174796874999 0.47631436562499996 0.7420020562499999 0.479942334375 0.7864464984375 0.486762640625 0.8252293046875 0.49168925625000004 0.8376156453124999 0.518224234375 0.8484375 0.5390625 0.8484375 0.5390625 0.6574880015625
1 0.709375 1 0.709375 0.67775714375 0.699995490625 0.6597968953125 0.6812454906250001 0.658266346875 0.671895228125 0.676817971875 0.678747140625 0.7987851015625 0.673000109375 0.8424642734375001 0.6600960828125 0.8745221484375 0.6561630375 0.9404235421875 0.6610262203125 1 0.709375 1
1 0.8243426484375 1 0.8256118499999999 0.9973501984375 0.8388875890625 0.9298824937500001 0.8395340359375 0.8743269375 0.8307408374999999 0.8249277156249999 0.83119335 0.7860388281249999 0.84375 0.7301979109375 0.84375 0.6662947015625 0.8424743796874999 0.6640625 0.8204231734375 0.6640625 0.8105466 0.6818850859375 0.802874415625 0.804507825 0.78035296875 0.8614651953125 0.7732647765625 0.897487603125 0.7732647765625 1 0.8243426484375 1
1 0.94773796875 1 0.9548556234374999 0.9817145843749999 0.9578125 0.9617489796874998 0.9578125 0.8481751124999999 0.9537416015625 0.8322059109375001 0.949468296875 0.7710948 0.95455285 0.7547556796875 0.9578125 0.716023584375 0.9578125 0.6901486515624999 0.95048235625 0.6742820125 0.9375938734375 0.6680713593750001 0.92860735625 0.6731355921875 0.9221545437499999 0.6921706000000001 0.9252452609375 0.7808957140625 0.9209376718750001 0.8083459453125 0.9025590125 0.857199521875 0.89863990625 0.8902053109375 0.9036901765625001 0.96242753125 0.9122710703125 0.9960884109375 0.9154920375 1 0.94773796875 1
1 0.7800359609375 0.7934039046875 0.7777315046875 0.74999983125 0.78068485625 0.7213652390625 0.783348621875 0.7110018140625 0.79259495 0.6726029171875 0.79375 0.6585484765625 0.79375 0.634166934375 0.791109278125 0.6209069578124999 0.7775541984375 0.6209069578124999 0.7661018281249999 0.639543484375 0.7607615859375001 0.7228768171875 0.7366884296875 0.7841123890625 0.7366884296875 0.9390625 0.7500737296875 0.9390625 0.764005165625 0.8668847515625 0.7786412625000001 0.833114909375 0.7800359609375 0.7934039046875
1 0.6501843359375 0.8447869000000001 0.6601411671874999 0.8112353609374999 0.6653995671875 0.6889404046875001 0.66891245625 0.6666454453125 0.678125 0.6505525484375 0.678125 0.6202839390625 0.672100259375 0.609375 0.65559430625 0.609375 0.644397321875 0.6394495499999999 0.642845759375 0.7283384374999999 0.6360139218749999 0.7618172421875 0.62625103125 0.7842576703125 0.61680566875 0.8305438359374999 0.61680566875 0.9407141390625 0.6231509890625 0.95625 0.62327921875 0.95625 0.6373934140624999 0.8617445078125 0.6501843359375 0.8447869000000001
1 0.6363415703124999 0.7018143140624999 0.6283270562500001 0.7180443328124999 0.6194550265625 0.7619065828125 0.6209798906249999 0.7999033109375 0.62580396875 0.8396843609375001 0.6347749453125 0.8733087921875 0.6380731468749999 0.884375 0.6392884828125001 0.884375 0.6402054734375 0.8274481609375 0.6458155125 0.7797376421875001 0.653125 0.7586768046875 0.653125 0.67859613125 0.6496496171875 0.6360209421875 0.653125 0.6267842109374999 0.653125 0.5857216890625 0.646450409375 0.577760384375 0.637075409375 0.5773237359375 0.63039665 0.590848753125 0.62879684375 0.5975628609375 0.629085634375 0.6129254265624999 0.6304461203125 0.629592090625 0.6320149234375 0.6404523578125 0.6337041812499999 0.661146603125 0.633992590625 0.6646797765625 0.6363415703124999 0.7018143140624999
0 0.5390625 1 0.6109375 1 0.6109375 0.9508018640625 0.6030383265625 0.9244592546875001 0.5829031015624999 0.8888482484375 0.5592238609375 0.8698663468750001 0.5390625 0.8698663468750001 0.5390625 1