1 0.4296875 0.51875 0.4296875 0.2110160203125 0.4227832453125 0.2110160203125 0.418531534375 0.2147287859375 0.4125 0.23260933125 0.4125 0.2377957203125 0.413080871875 0.2516642734375 0.42068199218749996 0.2936587203125 0.42599981875 0.3474716890625 0.41836442187499995 0.3939290859375 0.41528988125 0.4314914265625 0.417944509375 0.4694543875 0.42580747499999994 0.5077815515624999 0.4291903625 0.51875 0.4296875 0.51875
1 0.3622505296875 0.51875 0.364544675 0.5017038046875 0.36371077500000004 0.45152192500000005 0.35134897187499997 0.3897924265625 0.3490569265625 0.3562772125 0.3616250796875 0.2424792625 0.3592753734375 0.22753713437499998 0.3540553671875 0.2185316765625 0.3423171359375 0.2139723234375 0.34008967343749996 0.2139723234375 0.3314975203125 0.2196014484375 0.326381865625 0.227317221875 0.320595040625 0.2456902359375 0.318801425 0.2781340203125 0.32058454687500004 0.34135161406250003 0.31875 0.3588909171875 0.31875 0.51875 0.3622505296875 0.51875
1 0.2890754125 0.51875 0.2934685328125 0.48391778125 0.2942229 0.45799185312499996 0.29108001875 0.42246654687499996 0.2742967625 0.35334340625 0.2803314640625 0.25359849687499997 0.2785444890625 0.24324325 0.2728647359375 0.23210617656250002 0.265812025 0.227538459375 0.262159178125 0.227538459375 0.25729361875 0.2289788671875 0.2546875 0.233181821875 0.2546875 0.4393180375 0.26806440625 0.49576593750000003 0.26996390312499996 0.51875 0.2890754125 0.51875
1 0.277419084375 0.51875 0.2727539046875 0.48353583906250003 0.24983723906250002 0.39462813125 0.24827473906250003 0.32227836249999997 0.2524414046875 0.28465552031249997 0.2513997390625 0.24197790000000002 0.2467122390625 0.226780446875 0.238879834375 0.21643629999999997 0.2202414296875 0.21643629999999997 0.21363932187499998 0.22176591406249999 0.20608723437499998 0.24383462812499998 0.20608723437499998 0.27439018437499996 0.212337234375 0.32860406875 0.215983071875 0.3937164921875 0.20139973437499997 0.46474828749999997 0.20139973437499997 0.481414953125 0.2 0.48592204531250005 0.2 0.51875 0.277419084375 0.51875
1 0.175448125 0.51875 0.177596359375 0.5027263234375 0.1825937265625 0.489617859375 0.18855366875 0.45337943281250004 0.1739703796875 0.380904234375 0.17542082812499998 0.3420517234375 0.1825345296875 0.2715904125 0.181862071875 0.2577560875 0.1759285390625 0.24087199531249998 0.169454384375 0.23647880781250002 0.161641884375 0.23675162656249998 0.1514427765625 0.2458844 0.1451070578125 0.2636588703125 0.1434588421875 0.2812696515625 0.146313496875 0.34214432031249997 0.1452058734375 0.3837564203125 0.1421875 0.39690035468749996 0.1421875 0.51875 0.175448125 0.51875
1 0.11672451718750002 0.51875 0.1187516890625 0.4875063234375 0.122363165625 0.455982396875 0.12737773125000001 0.43270691406250006 0.1159262703125 0.369497140625 0.1241482890625 0.2814917328125 0.12387069531249999 0.26581465937500004 0.118977059375 0.25263278906250003 0.115112725 0.249098865625 0.1062585578125 0.24945964531249998 0.100672309375 0.25430149687500003 0.0953125 0.26501228593750004 0.0953125 0.51875 0.11672451718750002 0.51875
1 0.115323428125 0.51875 0.09519983125 0.44681896249999997 0.0925239203125 0.3960143765625 0.0962740734375 0.3151858046875 0.093968159375 0.2513879203125 0.0835263953125 0.22744241875 0.07510686875 0.2205203734375 0.06466865468750001 0.2192752234375 0.048641334375 0.23040079531250002 0.04228714375 0.24420591093750002 0.0388352453125 0.261084921875 0.0404694875 0.311950178125 0.052060532812500004 0.412269403125 0.0525130484375 0.451158290625 0.040841910937499996 0.51875 0.115323428125 0.51875
1 0 0.51875 0.032876140625 0.51875 0.0423551421875 0.476241421875 0.045981165625 0.44739216718749997 0.039025257812500005 0.39868196562499997 0.040172765625 0.332941225 0.037807384375 0.2895682578125 0.0383730578125 0.2571608515625 0.035645853125 0.24942389999999998 0.0248538140625 0.24159998749999997 0.018603814062499998 0.2418910875 0.009636509375000001 0.24878495625000002 0.0034610609374999997 0.25971207343749997 0.0017369421875 0.2690441078125 0.0002104125 0.2968704015625 0.002705090625 0.332835965625 0.00561998125 0.3447274515625 0.007920715625 0.39180412656249997 0.006345703125 0.4224081984375 0 0.45981242812499995 0 0.51875
1 0 0.511531628125 0.0027923062500000003 0.4850011765625 0.0109040015625 0.4434860734375 0.0109040015625 0.364747559375 0.002118409375 0.3006873734375 0.0009509765625 0.2784712109375 0.0024415921875 0.2580766 0 0.2555781890625 0 0.511531628125
1 0.493134971875 0 0.49785779531249996 0.046433603125 0.485032153125 0.1298446984375 0.4848164828125 0.18234932343750002 0.49221478750000003 0.24367895781249999 0.49962595 0.27183914531250003 0.5017741609375 0.2734375 0.5488375859375 0.2734375 0.5488375859375 0.0902814703125 0.5331154515625001 0.039224375 0.5297460125 0 0.493134971875 0
2 1 0.2432223046875 0.9524238781250001 0.24376390468750003 0.9096288171874999 0.24923512812499998 0.7726670437500001 0.24723858281250002 0.720375471875 0.25377131406250003 0.6542122453125 0.248674578125 0.542128959375 0.248939940625 0.5079276484374999 0.2547112671875 0.4296875 0.251979059375 0.4296875 0.421875 0.7403124875 0.421875 0.8329640875 0.41791319531250004 0.9464153249999999 0.421875 1 0.421875 1 0.2432223046875
1 0.36156743750000003 1 0.3713477640625 0.9251206171875002 0.374984775 0.8539518671874999 0.36767522656249996 0.8180864375000001 0.3580443390625 0.7992018359374999 0.3565592859375 0.7984375 0.316195146875 0.7984375 0.3035319015625 0.8156348390625 0.294336434375 0.844584225 0.29263910625 0.9029175578124999 0.301253803125 1 0.36156743750000003 1
1 0.2482275359375 1 0.24723307343749998 0.9716318937499999 0.25244140625 0.8887237125 0.25192057343749996 0.8460886078125001 0.24723307343749998 0.8253356000000001 0.23759765625 0.8092712890625 0.2357966890625 0.8080570343750001 0.2111360296875 0.8080570343750001 0.20843098906250002 0.8096682125000001 0.20035807343749998 0.8242870015625 0.1951497390625 0.844232221875 0.1951497390625 0.8868248140624999 0.2050455734375 0.9765214921875 0.2050455734375 1 0.2482275359375 1
1 0.15216616875 1 0.1488779671875 0.9841581062500001 0.1518579578125 0.929546665625 0.1586486015625 0.8803452734375 0.1603232015625 0.8461042031249999 0.158088240625 0.8323244421875 0.153242521875 0.8227931921875001 0.14636620625000002 0.8165663421874999 0.1371098796875 0.815041871875 0.1289413609375 0.820870246875 0.12116841406250001 0.8326898578125 0.11517551875000001 0.85322391875 0.113678928125 0.8846872109374999 0.11678411875000001 0.9335430312499999 0.1148919359375 0.9955073171875 0.113609284375 1 0.15216616875 1
1 0 1 0.06981350625 1 0.0768846640625 0.9297985859375 0.077438478125 0.9039363281250001 0.072279615625 0.8653869921874999 0.0630090578125 0.8422321640625 0.046593875 0.820752725 0.029044951562499997 0.8131621703124999 0.004339039062499999 0.8169373999999999 0 0.8200207593750001 0 1
1 0.6819036890625 1 0.6819036890625 0.8448123859375001 0.6705922171875001 0.808347071875 0.66767574375 0.774051390625 0.6690640015625 0.7197859640625 0.66711873125 0.6993791734375 0.6606154578125001 0.6804964531250001 0.65304695 0.6735041890625 0.6390441015625 0.6735041890625 0.6376031 0.67381958125 0.634375 0.6831658093749999 0.634375 0.7320662921875 0.6413722328125 0.7758976656250001 0.643638378125 0.808305071875 0.634828959375 0.8602087656249999 0.634375 0.86503955625 0.634375 0.9305115953125 0.6359658390625 0.950585303125 0.6463653625 0.99553963125 0.6477921875 1 0.6819036890625 1
1 0.715311934375 0.7317924265625 0.7200570953125001 0.713383034375 0.7226841374999999 0.6893271484375 0.72049645 0.6725331671875 0.7123831671875 0.6616601515625 0.7119125203125 0.6616601515625 0.698447759375 0.6647975484375 0.6903576859375 0.6826257546875001 0.68817046875 0.7076257546875 0.688194290625 0.7670668953125 0.684375 0.7880711765624999 0.684375 0.9828125 0.6946773203125 0.9828125 0.6972476203125 0.9800678875 0.713809459375 0.9221346890625 0.71791751875 0.8572653109375 0.716111525 0.81819454375 0.71041666875 0.7817742375 0.715311934375 0.7317924265625
1 0.7732200718750001 0.8847196390625001 0.7761385953125 0.856185996875 0.77458515625 0.8198623093750002 0.7636747156249999 0.7642123140624999 0.76891916875 0.673684146875 0.7658705234375001 0.6618337234375 0.7588230874999999 0.6548124609375 0.7519584703125 0.6548124609375 0.7477491234375 0.6566419875 0.7414227671875 0.6677271359375 0.7400936843749999 0.6954623984375 0.7418805421875 0.7596488953125 0.7328125 0.79594200625 0.7328125 0.931334596875 0.734597459375 0.9381825390625 0.74019191875 0.9432798359374999 0.749736571875 0.94375 0.7548159015625 0.94375 0.76121384375 0.9384989625 0.7732200718750001 0.8847196390625001