1 0.54276555 0 0.5465067796875 0.13473291406250001 0.5328125 0.19280083125 0.5328125 0.393868675 0.5390719671875 0.426440490625 0.54396826875 0.43676851718750004 0.5455791484375 0.4375 0.5780756453125 0.4375 0.5850929875 0.4298025890625 0.601294353125 0.3517657125 0.6068061218749999 0.3044616703125 0.604209 0.2295298515625 0.5817115140625 0.13134148125 0.5816818015624999 0.0882995640625 0.58797988125 0 0.54276555 0
1 0.467876453125 0 0.467067540625 0.0168925140625 0.47706231718750003 0.092484509375 0.47814004375 0.1563141984375 0.463592771875 0.21895989531249999 0.459375 0.2524943796875 0.459375 0.2821729515625 0.4687251640625 0.395348784375 0.486330378125 0.46458833281249995 0.500594940625 0.47259836718750003 0.518963221875 0.4734375 0.5238381265625 0.4734375 0.5308212171875 0.46657381875 0.53515404375 0.43913980312499995 0.53515404375 0.2312841234375 0.5339052718749999 0.224287859375 0.5146971437500001 0.1535410234375 0.51267651875 0.08409657968749999 0.515760928125 0.00256653125 0.5151795031249999 0 0.467876453125 0
1 0.3864884984375 0 0.3856728078125 0.0007381796875 0.37519626562499997 0.029733681249999998 0.37359491875 0.0602892359375 0.3770061640625 0.1140918828125 0.37449250312500004 0.1917786546875 0.365625 0.22501933749999997 0.365625 0.509375 0.40082573281249995 0.509375 0.40313641718750004 0.5071950578125 0.423691615625 0.4270728359375 0.433653834375 0.35587548281250003 0.43197009062499997 0.2839717796875 0.41157519374999996 0.18269558749999998 0.4147051046875 0.12297336562500001 0.423012609375 0.0684881796875 0.42534184374999995 0.024043735937499998 0.4180461578125 0 0.3864884984375 0
1 0.349174246875 0.5046875 0.3541988265625 0.490557521875 0.360348028125 0.4514547109375 0.360348028125 0.3349001078125 0.357647428125 0.31662789375 0.3314838234375 0.218083978125 0.3301207703125 0.1681294796875 0.33532029375 0.0774876796875 0.3333537640625 0.0428564640625 0.32252406875 0.01916519375 0.3029281734375 0.014747204687500001 0.2886770625 0.0329501140625 0.2842158203125 0.052667575 0.283790115625 0.08326863281249999 0.289872990625 0.1357278921875 0.29329954062499997 0.22864694062500002 0.2725881453125 0.3299210140625 0.2703125 0.3599165171875 0.2703125 0.40539876093749994 0.2703520109375 0.40649191250000005 0.2739888453125 0.41670381718750005 0.2912733125 0.42403609218750005 0.318956446875 0.4516101671875 0.3466303625 0.5046875 0.349174246875 0.5046875
1 0.24045982187499998 0 0.2380182359375 0.010698306250000001 0.246299190625 0.1713950203125 0.2282225296875 0.2562083421875 0.2265625 0.27150581093750004 0.2265625 0.3697484984375 0.23159779687499998 0.40476025625 0.23234879375 0.40625 0.2746746640625 0.40625 0.2756981390625 0.331882234375 0.291488109375 0.248570596875 0.291488109375 0.2034365015625 0.2828239953125 0.1575015296875 0.2856987296875 0.0084760203125 0.28338800000000003 0 0.24045982187499998 0
1 0.213818359375 0.4149614046875 0.216162109375 0.38700602812499996 0.213037109375 0.30529838125 0.186474609375 0.1975889453125 0.185693359375 0.1407037015625 0.192724609375 0.065170903125 0.191943359375 0.036063437500000003 0.182177734375 0.0097200984375 0.171240234375 0.002215559375 0.154052734375 0.00907350625 0.147412109375 0.01999336875 0.144287109375 0.036896834375 0.143505859375 0.07167825625 0.150537109375 0.2017010171875 0.130224609375 0.293517984375 0.1265625 0.326347565625 0.1265625 0.420314578125 0.134130859375 0.466833096875 0.145447615625 0.5125 0.1576080703125 0.5125 0.166162109375 0.48523924531249996 0.183740234375 0.451268365625 0.213818359375 0.4149614046875
1 0.037144940625 0 0.012550673437500002 0.004222209375 0.0078125 0.0233811171875 0.0078125 0.028187876562500002 0.025999596874999996 0.1868929828125 0.015110564062500002 0.2506684421875 0.0103662859375 0.31254482656250004 0.0127423484375 0.354275265625 0.020121640625 0.3997897359375 0.041069525 0.47913360781250003 0.0485055546875 0.4984375 0.0779257203125 0.4984375 0.0779257203125 0.227421746875 0.062402615625000005 0.1797289921875 0.0584640546875 0.13812609843749998 0.056715532812500004 0.032060359375 0.0527931265625 0.0114183453125 0.044403203125 0 0.037144940625 0
1 0.100885715625 0 0.097004 0.1542084046875 0.0890625 0.1820597484375 0.0890625 0.4578125 0.09920895468749999 0.4578125 0.10005046718749999 0.45599934375 0.09631274375 0.38690506875 0.10000332812499999 0.334127290625 0.1075073234375 0.2936585109375 0.13422978125 0.20116417343749998 0.1360750734375 0.174775284375 0.1318646046875 0.1458632875 0.1404155 0.034720342187499996 0.1471425328125 0.0053626734375 0.14606301875 0 0.100885715625 0
1 0.33125 0 0.33125 0.0230405484375 0.33594756718749996 0.0361156375 0.3399455859375 0.060897115625 0.34120661406249997 0.0970082265625 0.3376241734375 0.17383415625 0.33986045468750004 0.21544619531250003 0.3682022546875 0.3140625 0.36990819375 0.3140625 0.38170015 0.2437965453125 0.38170015 0.1693384796875 0.3758621546875 0.14749153125 0.37245138125 0.11709986406249999 0.3740842890625 0 0.33125 0
0 0.344920115625 0.51875 0.34104198281250003 0.500640075 0.33015830625000003 0.47599473750000004 0.30846507500000003 0.44268993125 0.2756659859375 0.417419596875 0.23487933593750002 0.4132826984375 0.20111052499999998 0.4353164328125 0.1860108875 0.45391762656249995 0.1700828828125 0.48436529687499996 0.16108443125 0.51875 0.344920115625 0.51875
1 0.9280758656250001 0 0.9284263703125 0.010397215625000001 0.9265625 0.0174997953125 0.9265625 0.0640625 0.9354737171874999 0.0640625 0.9395147984375001 0.046303776562499996 0.9347006125 0.008899232812500001 0.9353558875000001 0 0.9280758656250001 0
1 0.9121651234374999 0 0.9138844687500001 0.0109264 0.9109375 0.022364553125 0.9109375 0.06276723125 0.913278459375 0.0704710234375 0.914313471875 0.071875 0.9224292000000001 0.071875 0.9242275390625 0.0642271875 0.9242275390625 0.030059775 0.9210773703124999 0.0170147515625 0.9194340453125001 0.0141185734375 0.9201621984375 0 0.9121651234374999 0
1 0.8884007640625 0 0.8892649390624999 0.018336215625 0.8875 0.0275543125 0.8875 0.0828125 0.8939402093750001 0.0828125 0.900144165625 0.0633960046875 0.9006731109375 0.0384415078125 0.8967134968749999 0.0248256359375 0.8962961890625 0.017926692187500003 0.8984409984375 0.006724576562499999 0.8987934187500001 0 0.8884007640625 0
1 0.8717135015625 0 0.8716409078125 0.0002580828125 0.8726968984375001 0.023823690624999998 0.8714634828125 0.0378022359375 0.8706344734375 0.047566109375 0.8703125 0.0552637359375 0.8703125 0.0631071046875 0.8716529703125 0.0702881609375 0.8732302765625001 0.076226659375 0.875288390625 0.0785710453125 0.876172834375 0.08125 0.883239403125 0.08125 0.8842808453125001 0.07874220781249999 0.8859375 0.06809428906250001 0.8859375 0.046801378125 0.8797281484375 0.0234141671875 0.881112875 0.0080453828125 0.8810192593749999 0 0.8717135015625 0
1 0.8453125 0 0.8453125 0.00021263906249999998 0.848098571875 0.012567965625 0.84819554375 0.0181235203125 0.8467300171875 0.0237974765625 0.8455069203125 0.04336031875 0.8453125 0.044222432812500004 0.8453125 0.0605422578125 0.8463998171875 0.066568475 0.8483840203125 0.07373827656250001 0.8489712015624999 0.0765625 0.8580016624999999 0.0765625 0.8593215203125 0.07290948281250001 0.8601677546875 0.067862240625 0.8601677546875 0.03974814375 0.85444554375 0.0176499234375 0.8559866625 0 0.8453125 0
1 0.8221147203125 0 0.823681640625 0.0175236265625 0.8203125 0.0249664234375 0.8203125 0.068299759375 0.822237978125 0.075 0.830138465625 0.075 0.831494140625 0.072487184375 0.832275390625 0.064094653125 0.835400390625 0.051357853125 0.833837890625 0.0306429203125 0.829931640625 0.017050028124999998 0.8308001515625 0 0.8221147203125 0
1 0.803125 0 0.803125 0.00640099375 0.8035350703124999 0.0094927234375 0.803125 0.0113120421875 0.803125 0.059644492187499995 0.80362808125 0.062589365625 0.8055157171874999 0.06875 0.813004234375 0.06875 0.813004234375 0.019708290625 0.8087933312500001 0.006268534375 0.8083183296875 0 0.803125 0
1 0.86445360625 0 0.8646756046874999 0.01589733125 0.8640625 0.017814265625 0.8640625 0.078125 0.8651735046875 0.078125 0.8673954578125 0.0764413703125 0.8649669703124999 0.0649432484375 0.8652696109375 0.050874253125000005 0.869804846875 0.0258423890625 0.87070728125 0 0.86445360625 0
1 0.8838514765625 0 0.883022365625 0.011856825 0.88125 0.016426615624999998 0.88125 0.0390625 0.8838031703125001 0.0390625 0.8843991953125 0.036729490625 0.88498191875 0.02839615625 0.887811271875 0.0213562125 0.8886853562500001 0.0088562125 0.8877055796875 0.000586546875 0.8877465953125 0 0.8838514765625 0
1 0.84375 0 0.84375 0.0011256890625 0.8447113515625 0.011948681249999999 0.84375 0.01778240625 0.84375 0.059375 0.8455032671874999 0.059375 0.8455791375 0.0592255359375 0.8461178828125 0.052226459375 0.8489518765625 0.04367460625 0.8498353609375 0.0241209 0.85120385625 0.0184560828125 0.8479317937499999 0 0.84375 0
1 0.675 0 0.675 0.0666104421875 0.6767117578125 0.06875 0.6834968765625 0.06875 0.684709940625 0.0673709 0.6875456 0.0507491140625 0.6875456 0.030440693749999997 0.6874846390625 0.0283456015625 0.6847367640625001 0.014538556250000001 0.6836666 0.010375065625 0.6828256359375 0.0065192421875000005 0.6826637609375 0 0.675 0
1 0.650139509375 0 0.65078125 0.0119791671875 0.6484375 0.018923610937499998 0.6453125 0.0369791671875 0.64609375 0.0592013890625 0.64921875 0.0703125 0.651171875 0.073784721875 0.65390625 0.0744791671875 0.659765625 0.073784721875 0.6625 0.0689236109375 0.665625 0.05225694374999999 0.665625 0.0342013890625 0.66015625 0.010590278125 0.6607235859375 0 0.650139509375 0
1 0.6284451859375 0 0.6287712625 0.0102369109375 0.62622314375 0.022204084375 0.6244030796875 0.0302900125 0.624221053125 0.044197815625 0.62385705 0.0623103 0.6265625 0.07586805625000001 0.6296875 0.07864583281250001 0.635546875 0.079340278125 0.63984375 0.07309027812499999 0.64453125 0.05086805625 0.64296875 0.0342013890625 0.640625 0.0217013890625 0.63828125 0.0161458328125 0.6399486671875 0 0.6284451859375 0
1 0.609375 0 0.609375 0.0743248453125 0.617578125 0.073784721875 0.6220213218749999 0.060587253125 0.6229395531249999 0.04644545625 0.6201848484375 0.030399959375 0.618042309375 0.015442292187500001 0.6181347515625 0 0.609375 0
0 0.98046875 0.342534721875 0.97890625 0.3161458328125 0.964453125 0.2932291671875 0.948828125 0.29461805625 0.93515625 0.3203125 0.934375 0.3439236109375 0.944140625 0.36684027812500003 0.95234375 0.37447916718749996 0.968359375 0.3723958328125 0.98046875 0.342534721875
1 0.48682866718750006 0.51875 0.4880244453125 0.5265834078125 0.48976218437499996 0.58630563125 0.478125 0.6446956390625 0.478125 0.7242225296875 0.484940390625 0.768869371875 0.49721150312500006 0.8155314984375 0.5043976984375 0.8347846953125 0.5127422671875 0.8402674000000001 0.522590503125 0.840625 0.530598365625 0.840625 0.540543965625 0.8312874750000001 0.543279109375 0.8127343312499999 0.543279109375 0.6559225640624999 0.543224075 0.6554905812499999 0.5221301484375 0.5735142359375 0.5187760828125 0.538614415625 0.5197273078125 0.51875 0.48682866718750006 0.51875
1 0.5125 0.51875 0.5125 0.6148816187499999 0.5211762625 0.6563577203125 0.5242417171875 0.71875 0.5319020765625 0.71875 0.5355250078125 0.7095233296875 0.5503203015625 0.63527518125 0.55063088125 0.6144873515625 0.5472196359375 0.5606847046875 0.535941090625 0.51875 0.5125 0.51875
1 0.547814553125 0.51875 0.5632523765624999 0.5789819609375 0.5665768765625 0.6171875 0.571551865625 0.6171875 0.573776125 0.602455703125 0.573776125 0.525128271875 0.572121421875 0.51875 0.547814553125 0.51875
1 0.353317746875 0.51875 0.3547683140625 0.5601003328124999 0.346875 0.6043476765625 0.346875 0.6908013093750001 0.3572114015625 0.7448817562500001 0.36548452187499997 0.770678646875 0.3685136515625 0.775 0.39537846718749997 0.775 0.396452990625 0.7745902640625 0.40137353750000004 0.765177690625 0.40630147031249997 0.7290810343749999 0.40630147031249997 0.6267676796874999 0.40417553906250003 0.6119855140625 0.38350486250000004 0.548187728125 0.380085903125 0.51875 0.353317746875 0.51875
1 0.3927344171875 0.51875 0.390625 0.5280766890625 0.390625 0.57405951875 0.401318359375 0.6144384609375 0.406787109375 0.6834685109375 0.4073197125 0.684375 0.42619253125 0.684375 0.431005859375 0.6774666578125 0.439599609375 0.6295932390625 0.441162109375 0.5794748421875 0.435693359375 0.538222571875 0.4292282421875 0.51875 0.3927344171875 0.51875
1 0.25426266875 0.51875 0.24844113281250002 0.59743620625 0.2512827125 0.63493620625 0.2628839859375 0.684298478125 0.273898340625 0.71554141875 0.2781354640625 0.721875 0.2944785703125 0.721875 0.2944785703125 0.553361790625 0.2795388328125 0.51875 0.25426266875 0.51875
1 0.759905978125 0.6829012000000001 0.7507536 0.6404813390624999 0.7540167656250001 0.5728523812499999 0.7525997265625 0.564546321875 0.7462266859375 0.556789590625 0.7383818609375 0.5587778109375 0.7321740875 0.571382359375 0.7337115609375 0.6324480140625 0.725 0.6737238046874999 0.725 0.7044114640625 0.730455684375 0.7593180484375 0.7342087515625 0.76875 0.7503230328124999 0.76875 0.7516643937499999 0.76727864375 0.7603819734374999 0.715290425 0.759905978125 0.6829012000000001
1 0.7150427234375 0.6390822734375 0.7157879125 0.57539071875 0.7139559953125 0.5660130578125 0.7074880453125 0.5585269203125 0.702094828125 0.5585269203125 0.6999787890625 0.5589486781249999 0.6942990375 0.569142965625 0.6984029953124999 0.638745275 0.69375 0.6642955734375 0.69375 0.7388998359375 0.6994628984375 0.7644738703125 0.703272559375 0.7734375 0.7210427609375 0.7734375 0.7252004796875 0.7481048140625 0.7252004796875 0.6780486046875 0.7150427234375 0.6390822734375
1 0.66975831875 0.5664135484374999 0.6667303703125 0.5647437078124999 0.6593901796875 0.5660943265625 0.6550714609375 0.57419220625 0.6526710734375001 0.600178803125 0.65380651875 0.6379597578125 0.6484375 0.6608251203125001 0.6484375 0.7796875 0.6633113796875 0.7796875 0.6742806765625 0.7327696328125001 0.67547119375 0.6902377125 0.666778825 0.6381273078125 0.6723656890624999 0.600877925 0.6736273578125 0.5768038468750001 0.66975831875 0.5664135484374999
1 0.640625 0.7692187828125 0.6436124750000001 0.771875 0.652018621875 0.771875 0.652826671875 0.76589938125 0.6484122 0.7448457656249999 0.645398615625 0.70981225625 0.656591271875 0.64152195625 0.6538183953125001 0.5823840375 0.6567386859375001 0.5646094328125 0.64961585625 0.5571485875 0.6428773453125001 0.5603207218749999 0.640625 0.565871640625 0.640625 0.6317882296875 0.640923175 0.6387283046875 0.640625 0.64011138125 0.640625 0.6885062453125 0.6432829609375 0.70715581875 0.640625 0.754347959375 0.640625 0.7692187828125
1 0.6414238359375 0.7672635484375 0.6427958874999999 0.7522132296875 0.6427958874999999 0.690153378125 0.6414509374999999 0.6791821875 0.6341467546875 0.64913969375 0.6350017703125 0.578611459375 0.630356496875 0.5664469234375 0.623000184375 0.56329575 0.6168309921875 0.568398975 0.6141522734375 0.5792641875 0.6164545828125 0.651407478125 0.6109375 0.6811990156250001 0.6109375 0.7042163609375 0.6156418 0.70941598125 0.626161696875 0.7294797187500001 0.6312047609375 0.7494948906250001 0.632243009375 0.78125 0.6385696828125 0.78125 0.6414238359375 0.7672635484375
1 0.609375 0.6758591609375 0.614518228125 0.6512660046875001 0.6134765609375 0.586530125 0.6150390609375 0.5725228359375001 0.614518228125 0.566080821875 0.609375 0.5613024796875 0.609375 0.6758591609375