1 0.269729 0 0.2515625 0.07981306875000001 0.2515625 0.45 0.3881043859375 0.45 0.392081225 0.441867653125 0.41209100625 0.3841478859375 0.42738292031249997 0.314755278125 0.4310812125 0.2877213265625 0.433797675 0.2210546625 0.4281504359375 0.1429700984375 0.4211449703125 0.098218871875 0.40444705000000003 0.023676915625 0.400167015625 0 0.269729 0
1 0.6518195375 0 0.6125 0.0924746640625 0.6125 0.404576890625 0.6327297875 0.45 0.788799871875 0.45 0.8219910484374999 0.37551928125 0.8495669031249999 0.272317871875 0.8532595875 0.181692871875 0.8407542703124999 0.10622297812499999 0.7963727265625 0 0.6518195375 0
1 0.22509425468750002 1 0.235292253125 0.9413700484374999 0.2399107703125 0.8662607874999999 0.22919344531250002 0.823384875 0.2089592 0.8037661437500001 0.1854580328125 0.806967553125 0.16825594531250002 0.8276460390625001 0.15779860625 0.8548641015625 0.15151943125 0.8942543859375001 0.14874035624999998 1 0.22509425468750002 1
1 0.1191230359375 1 0.1191230359375 0.847502540625 0.10800499374999999 0.7840849750000001 0.1155039421875 0.6124281640625 0.10691855312500001 0.58572929375 0.0949042859375 0.5753684921875 0.078702625 0.5821133703125 0.07143569375 0.600727003125 0.0734481375 0.77723495625 0.05 0.8889616968750002 0.05 0.9717737203125001 0.051761151562499996 1 0.1191230359375 1
1 0.853435365625 0.45 0.8533978703124999 0.5118658265625 0.8304453109375001 0.5483711015624999 0.8296875 0.5509289609375 0.8296875 0.6634036140624999 0.8421495390625001 0.6921395125 0.8535856203125001 0.6988184546875 0.8453503625 0.709365825 0.8481756218750001 0.7203125 0.8693595421874999 0.7203125 0.8614134078125 0.69827108125 0.89219375625 0.6612184359375 0.9101922796874999 0.602623690625 0.909967075 0.560260534375 0.890274265625 0.516765809375 0.8893359890625 0.4919026515625 0.9000631265625 0.45 0.853435365625 0.45
1 0.5963512890625 0.45 0.6126274328125 0.52239486875 0.5961786703125 0.5724973375 0.597400621875 0.6249973375 0.63034104375 0.6948151734375 0.6386545890625 0.7 0.6462662531250001 0.7 0.6693054234375 0.68708746875 0.68125 0.6458009359375 0.68125 0.5821358453125 0.674107428125 0.5570419281250001 0.64566278125 0.5122013234375 0.6456470859375 0.45 0.5963512890625 0.45
1 0.6549731796875 1 0.63121025 0.975 0.6351241437499999 0.9099999999999999 0.6292533031249999 0.89 0.6145761984375 0.87375 0.5910928328125 0.8712500000000001 0.56875 0.9047569640625 0.56875 0.9072773390624999 0.5705448875 0.9324999999999999 0.59207130625 0.99 0.5859209015625 1 0.6549731796875 1
1 0.769175025 0.61625 0.753519446875 0.60875 0.7359069234375 0.61375 0.723186765625 0.6325000000000001 0.7329715015625 0.73 0.7055742421875 0.7825 0.7094881359375 0.845 0.7466701328124999 0.905 0.7652611296874999 0.90625 0.7779812859374999 0.8949999999999999 0.79950770625 0.8525 0.805378546875 0.8099999999999999 0.7975507578125001 0.7675 0.7721104453125001 0.72 0.7799382343750001 0.635 0.769175025 0.61625
1 1 0.71823744375 0.97954684375 0.7424999999999999 0.9638912671875 0.79 0.969762109375 0.8550000000000001 0.97954684375 0.8800000000000001 0.999116315625 0.9 1 0.8997545859375 1 0.71823744375
1 0.9440915656250001 1 0.930623165625 0.9775 0.9462787421875 0.89 0.9316016390625 0.8637499999999999 0.91985995625 0.85875 0.900290484375 0.8637499999999999 0.88561338125 0.8825 0.8816994859375 0.9225 0.8895272750000001 0.9625 0.8601730671875 0.9974999999999999 0.8594392125000001 1 0.9440915656250001 1
1 0.692890325 0.45 0.693832559375 0.48250000000000004 0.7094881359375 0.5349999999999999 0.72122981875 0.55 0.7437347109375001 0.54875 0.7525409734374999 0.5375 0.7740673921875001 0.46749999999999997 0.7740673921875001 0.45 0.692890325 0.45