1 0.166138384375 0.559375 0.167070871875 0.5307536625 0.164281834375 0.5230607171874999 0.159633815625 0.5209740593750001 0.15817647343750002 0.5209740593750001 0.15275334062499998 0.5245871484375 0.14933115 0.532166140625 0.14933115 0.5449733640625001 0.1501258671875 0.559375 0.166138384375 0.559375
1 0.1882759734375 0.559375 0.1890625 0.554517409375 0.1890625 0.536133840625 0.188032359375 0.52659876875 0.18138530625 0.5095226703125 0.1831896515625 0.46129263125 0.180225090625 0.45509669375 0.173519003125 0.453815921875 0.16938066406250002 0.4616797 0.16938066406250002 0.4922728453125 0.17070679375 0.5052457515625 0.16938066406250002 0.5106200640624999 0.16938066406250002 0.559375 0.1882759734375 0.559375
1 0.14375 0.559375 0.14375 0.522269425 0.13721291093750002 0.5010549953125001 0.135575278125 0.45833506718750006 0.131358365625 0.4521361578125 0.12615003125 0.451923934375 0.1220659453125 0.4568573609375 0.1207332703125 0.46514825000000004 0.12536308125 0.4968631765625 0.12364937812500001 0.5459372515625 0.12525513593749998 0.559375 0.14375 0.559375
1 0.0880403765625 0.559375 0.0862591046875 0.5552806671875 0.083690828125 0.5089843703125 0.080467046875 0.5020399265625 0.074281703125 0.49926214843750005 0.06706726874999999 0.50713251875 0.0662878203125 0.518243628125 0.0726743359375 0.55713251875 0.07242808125 0.559375 0.0880403765625 0.559375
1 0 0.55 0.0046875 0.55 0.0046875 0.47985651249999994 0 0.47918441562499997 0 0.55
1 0.0521162796875 0.559375 0.045733326562499996 0.50430145625 0.041393196874999996 0.493471371875 0.032425846875 0.49028120468749997 0.0277608953125 0.49699519687500004 0.027171968749999997 0.508057790625 0.034365184375 0.5314970375 0.03779938125 0.5519886984375 0.036425525 0.5565455546875 0.036604290625 0.559375 0.0521162796875 0.559375
1 0.034195309374999996 0.559375 0.032868121875 0.5426506890625 0.0296784796875 0.5316305046875 0.0251083484375 0.5275299171875 0.020870359375 0.5275299171875 0.0158575421875 0.5287913640624999 0.01199708125 0.5367753953125 0.012077884375 0.550664284375 0.019664482812500002 0.559375 0.034195309374999996 0.559375
1 0.121875 0.559375 0.121875 0.5114454125 0.1163227 0.5104712359375 0.1107906296875 0.515526015625 0.10789653125000001 0.5235877046875 0.11076974843750001 0.559375 0.121875 0.559375
1 0.3122966484375 0 0.3093656796875 0.00340609375 0.305883875 0.011691853125 0.3 0.0192201765625 0.3 0.415625 0.35419085156249996 0.415625 0.36712530625 0.4149971203125 0.428206209375 0.4092637296875 0.43635557656249996 0.4052914515625 0.4425999671875 0.398211459375 0.4934855953125 0.3104601640625 0.51678990625 0.260281490625 0.5322478421875 0.21321512343750001 0.5375 0.170101503125 0.5375 0.139729825 0.5368877078125001 0.1268745546875 0.52602875 0.0818626703125 0.5080216656250001 0.04330286875 0.4829639078125 0 0.3122966484375 0
1 0.54038603125 0 0.5351866187500001 0.00566769375 0.5318793015625 0.012715884375 0.5318793015625 0.0771389078125 0.53323081875 0.08032734687500001 0.5363565250000001 0.0841728984375 0.5419761453125 0.10271145468750001 0.5487877953125 0.1172155671875 0.55317960625 0.1486188046875 0.5547850625 0.17856604843749999 0.5522146953125 0.21448157499999998 0.54387418125 0.25087495 0.5318793015625 0.283392996875 0.5318793015625 0.384375 0.6440515453125 0.384375 0.6447568671875 0.38381307656249997 0.664302034375 0.3522267203125 0.6870604921875 0.298334190625 0.6925430968749999 0.278145296875 0.7055604421874999 0.24361360312499997 0.7125 0.2082657828125 0.7125 0.1651676546875 0.70986943125 0.1367672359375 0.7045101875 0.12197416875 0.6961474093750001 0.1094539234375 0.6838740875 0.0736993890625 0.6627444015625 0.033899184375 0.64949300625 0 0.54038603125 0
1 0.8086157828125 0 0.8086157828125 0.0692783453125 0.82197795 0.0983972078125 0.8255139406249998 0.102665225 0.830679178125 0.1179058390625 0.8424018609375 0.1627494890625 0.8410472578124999 0.1752668328125 0.8426765046875001 0.1862394296875 0.836139909375 0.19746452187500002 0.8354287890624998 0.207634015625 0.8375390656249999 0.225436325 0.835540978125 0.24030152343750003 0.8251943687499999 0.27174046406249996 0.8086157828125 0.30656700937500003 0.8086157828125 0.346875 0.8815860781249999 0.346875 0.8944202234375 0.3304849390625 0.9201364578125 0.2848815734375 0.9330876531250001 0.257321615625 0.9408094484374999 0.2291473703125 0.9421875 0.2127026609375 0.9421875 0.1779162515625 0.9418078703125001 0.17374296875 0.9377873749999999 0.1558405453125 0.9271250421874999 0.1301050828125 0.9033449687499999 0.0863306546875 0.8887604328125001 0.048141528125 0.8928681734375001 0.0031068359375 0.8942043046875 0 0.8086157828125 0
1 0.6913261515625 0 0.6913123390625 0.0017663656249999999 0.6947184656250001 0.013786443749999999 0.6947343531250001 0.027026240624999996 0.6890314249999999 0.03969355 0.6886881359375 0.0495240578125 0.7075183890625001 0.0991743484375 0.7178866 0.117249021875 0.7240160062500001 0.13345365 0.7302285937499999 0.188360721875 0.7283856671875 0.21374553125 0.7233063937499999 0.23594328281250002 0.7092445484375001 0.2825559984375 0.689286315625 0.3336809671875 0.68446746875 0.34842109374999997 0.6842543921875001 0.35452278593750003 0.6896256640624999 0.3609375 0.793278715625 0.3609375 0.7945222281250001 0.3603737171875 0.804021925 0.3485400453125 0.8149343421874999 0.3099461734375 0.8207082968750001 0.295244965625 0.82421690625 0.290635415625 0.8353464515625 0.25951862812500004 0.8404494 0.236642909375 0.8421875 0.2071114046875 0.8421875 0.19333766562500002 0.840792365625 0.185737078125 0.84038956875 0.1561871734375 0.8378675281250001 0.14623991249999999 0.8051208875 0.07056266718750001 0.7951314796875 0.041640539062499995 0.7888363484375 0.030181675 0.788962509375 0.012874079687500001 0.791575196875 0.006530695312499999 0.792022921875 0 0.6913261515625 0
1 0.20371858125000003 0.85 0.21656352656250002 0.85 0.22306211718750002 0.8434359562499999 0.2301648375 0.8181629984375001 0.2359375 0.77323401875 0.2359375 0.7623338765625001 0.2340453140625 0.7395684796875 0.22878835937500003 0.7130987671875 0.23023207499999998 0.6872001359375 0.22841891718750001 0.6850604859375 0.2178789734375 0.6850604859375 0.213354921875 0.6908513765625 0.2121918546875 0.713046303125 0.20341623593749997 0.74079206875 0.20341623593749997 0.8497141234375001 0.20371858125000003 0.85
1 0.2422450859375 0.8671875 0.2618494953125 0.8671875 0.26337027343749997 0.8661288953125 0.269298140625 0.8449962890625 0.2734375 0.826197553125 0.2734375 0.76170111875 0.267257490625 0.7187429828124999 0.2715334578125 0.6901302171875 0.2689115546875 0.6858635171875 0.2553698890625 0.6853906328124999 0.2527295296875 0.6904013796874999 0.2540039265625 0.7043630203125 0.2512365296875 0.7339562734375 0.24154758125 0.7627771921875001 0.24154758125 0.8661770796875 0.2422450859375 0.8671875
1 0.3 0.687670096875 0.297659525 0.6912617843750001 0.2972062953125 0.697743265625 0.29884496875 0.7266380406249999 0.2969644484375 0.7460551890625 0.287053853125 0.7766270171875 0.287053853125 0.8875 0.3 0.8875 0.3 0.687670096875
1 0.4984375 1 0.4984375 0.981228484375 0.44027207187500006 0.9774503796874999 0.42386582187500005 0.981956384375 0.42386582187500005 0.9832115640625 0.4274079984375 1 0.4984375 1
1 0.44345098125 0.9421875 0.4830755390625 0.9405756000000001 0.484375 0.935168903125 0.484375 0.905999196875 0.47166628906249997 0.8446832437499999 0.4835761390625001 0.7491250828125 0.47321897812499997 0.7317704859375 0.45908539687500005 0.7301349453125 0.4543565046875 0.7301349453125 0.43634594218749995 0.7562691984375001 0.43705449218750003 0.8496097625000001 0.42267452656250004 0.8914616484375 0.42267452656250004 0.9421875 0.44345098125 0.9421875
1 0.7018577859375 0.9180070515625001 0.7046875 0.89462243125 0.7046875 0.8533641953125001 0.6955461453125 0.8113205406249999 0.7029483937500001 0.73799216875 0.6937476984375 0.7212312562500001 0.6859351984375 0.7209584359375001 0.6716983937500001 0.7369008953125 0.6724726671875001 0.8042520875000001 0.6601539484375 0.838540221875 0.6601539484375 0.946875 0.688700478125 0.946875 0.7018577859375 0.9180070515625001
1 0.8375148859374999 0.9284523921875 0.8453125 0.879378971875 0.8453125 0.872511740625 0.8343348921875 0.8169416828125 0.843032184375 0.7374179578125 0.8353671500000001 0.723686328125 0.8276639109375001 0.7217143921875 0.811782184375 0.7357802140625 0.8095534140625 0.8125064890625 0.7987576609375 0.8380653640624999 0.7987576609375 0.95625 0.8239076046874999 0.95625 0.8375148859374999 0.9284523921875