1 0.20951931093749998 0.4390625 0.2124880796875 0.4290542390625 0.21443227343750002 0.40683201718750006 0.2088763234375 0.3714586 0.21474392187500002 0.331358421875 0.20887162187500002 0.323352678125 0.2085505484375 0.323352678125 0.201705696875 0.32757425156250003 0.2 0.35900733749999997 0.2 0.4390625 0.20951931093749998 0.4390625
1 0.1874171984375 0.4390625 0.188200321875 0.435589759375 0.1872103546875 0.402934703125 0.1820125625 0.3730272765625 0.1858161609375 0.34378825156250004 0.1834960484375 0.32775811718750003 0.177001434375 0.3265625 0.17442379375 0.3265625 0.171158759375 0.32953441875 0.17048420312499998 0.34831923124999997 0.168303071875 0.375122790625 0.165625 0.3891056703125 0.165625 0.4390625 0.1874171984375 0.4390625
1 0.24149404375 0.4390625 0.2451527921875 0.4237004171875 0.24617146406249998 0.3987004171875 0.24144515625000001 0.3682251328125 0.2428035078125 0.35191020625 0.24302302031249998 0.3416923390625 0.24425987968750001 0.337445190625 0.244141521875 0.32758375 0.24250196562499998 0.32570648125 0.231564465625 0.3255792125 0.2303077 0.327648909375 0.23106684843749997 0.36656507031249996 0.2265625 0.38250340625 0.2265625 0.4390625 0.24149404375 0.4390625
1 0.1599162796875 0.4390625 0.1599162796875 0.4115442140625 0.15428930000000002 0.387862615625 0.1560519875 0.3495466734375 0.1536317375 0.3380131703125 0.15015961718749998 0.3321223453125 0.14617345937499998 0.3324477328125 0.142157403125 0.337714965625 0.14107560937500002 0.34829949375 0.1413982171875 0.3593868046875 0.142282503125 0.3778373625 0.1390625 0.398230646875 0.1390625 0.4390625 0.1599162796875 0.4390625
1 0.091526703125 0.4390625 0.091526703125 0.40289012343749997 0.0835738078125 0.3742736390625 0.085292275 0.3337590625 0.08063164218749999 0.3236679953125 0.074333140625 0.32275270312500004 0.0687890234375 0.332224478125 0.07273330781250001 0.3778802125 0.0705350609375 0.382224478125 0.0671875 0.40073649843750003 0.0671875 0.43518969218750003 0.06827625312499999 0.4390625 0.091526703125 0.4390625
1 0.049576071875 0.4390625 0.0548594296875 0.42274655625 0.0566511125 0.397498165625 0.052256053125 0.363082303125 0.0572592171875 0.32837729375 0.0535638609375 0.3203125 0.049907617187499996 0.3203125 0.043868046875 0.3205015828125 0.041507698437500004 0.32751856875 0.041178971875 0.3407799078125 0.040625 0.3477096484375 0.040625 0.4390625 0.049576071875 0.4390625
1 0.1241912328125 0.4390625 0.1241912328125 0.3891285375 0.11932123593749999 0.371990715625 0.11821424843749999 0.3262575125 0.11684013906249999 0.32271019375 0.1144075953125 0.3217101140625 0.10728972187500001 0.3217101140625 0.10512138906249999 0.321959221875 0.10345139218749999 0.3266951703125 0.10318318906249999 0.3488172625 0.10674034218749999 0.369800790625 0.103125 0.40166794531249994 0.103125 0.43285319843750003 0.103660321875 0.4390625 0.1241912328125 0.4390625
1 0.64765625 0.23055555625 0.646875 0.20694444375 0.637890625 0.17569444375 0.62734375 0.17916666718750002 0.62265625 0.20416666718749998 0.6234375 0.23333333281250002 0.62890625 0.25694444375000003 0.6328125 0.2611111109375 0.639453125 0.26180555625 0.64375 0.25555555625 0.64765625 0.23055555625
1 0.6 0.28232323125000003 0.6046875 0.29444444375 0.610546875 0.2951388890625 0.615625 0.2888888890625 0.62109375 0.25694444375000003 0.6203125 0.22916666718749998 0.608984375 0.18125 0.6 0.1833333328125 0.6 0.197222221875 0.6 0.28232323125000003
1 0.1892533359375 0.4390625 0.18685508281250002 0.4596343671875 0.1936902453125 0.5376958046875 0.191724696875 0.57057465 0.18125 0.591845240625 0.18125 0.8240617453125001 0.182424965625 0.825 0.18935678125 0.825 0.2055679359375 0.8236399984375 0.22502467343750002 0.804292478125 0.252641328125 0.7489455140625 0.26131613593749997 0.7122670921875001 0.263593425 0.6550000265625 0.2545431 0.612670503125 0.24607034687499998 0.58977061875 0.2412801796875 0.5872536578125 0.2404059921875 0.5555956203125 0.25887885625 0.46939997499999997 0.2600482734375 0.4390625 0.1892533359375 0.4390625
1 0.143206109375 1 0.1381973765625 0.9855209609374999 0.122439190625 0.9739379953124999 0.1042981359375 0.9739889125000001 0.08743562656250001 0.9868047624999999 0.0821348515625 1 0.143206109375 1
0 0.5342759765625 1 0.5342759765625 0.9348393906249999 0.5284713140624999 0.907714484375 0.5106872499999999 0.8661528296875 0.490159203125 0.8369567234374999 0.46120822031250003 0.813404946875 0.4309454421875 0.8042556578125 0.4083210078125 0.805970034375 0.3761901640625 0.8212775390625 0.341763671875 0.8617893921875 0.32742518593750003 0.8929123734375001 0.320226884375 0.9206336875 0.3140625 0.9710755062499998 0.3140625 0.97796239375 0.3148320703125 1 0.5342759765625 1
1 0.8159902625000001 1 0.8151560671875 0.9873311921875001 0.8120838234375001 0.9754486890624999 0.8114233328125 0.9690784625 0.80537073125 0.9511016078125 0.8048778890625 0.9461792625000001 0.8030397890625001 0.9409597046875 0.8007341 0.9293710421875 0.8014623703125 0.8987008671875 0.8054800625 0.8674710703125001 0.8057426968750001 0.8524247734374999 0.8041379031249999 0.8448915234375001 0.8010585718750001 0.8389412921874999 0.79782975625 0.8360286953125 0.7903217609375 0.8351168703124999 0.7860526796875 0.8365389421874999 0.7828066765624999 0.8401373234375 0.7796091421875 0.8464851078125001 0.7787365234375 0.8522676578125001 0.7786829203125001 0.8774435109375001 0.78040990625 0.889028809375 0.7807310265625 0.9037891171875 0.78028656875 0.9292520796874999 0.7771455671874999 0.9434134890625 0.77206545625 0.9581423781249999 0.76875 0.97037568125 0.76875 1 0.8159902625000001 1
1 1 1 1 0.830378253125 0.9946871984375001 0.8346247671875 0.9898651640624999 0.8416611406250001 0.9887709671875001 0.8448327875 0.987405590625 0.8546595265625001 0.9871386781249999 0.8659464937500001 0.9898733609375 0.9030329125 0.9886782921874999 0.9276255750000001 0.9796875 0.955450959375 0.9796875 1 1 1
1 0.9615970734375001 1 0.9615970734375001 0.9788109125 0.9458269796875 0.9299678578125 0.9452874015624999 0.9047784968750001 0.946066684375 0.8983340265624999 0.944807503125 0.8882854390624999 0.9463001984374999 0.886423359375 0.9477829890624999 0.8709302484375 0.9479828250000001 0.8578621734375 0.9467068046874999 0.847234890625 0.9445925687500001 0.8410266140625 0.9422689625 0.8375907968749999 0.9367246015624999 0.833112715625 0.9330258 0.8322544890625 0.928236946875 0.8338055546875001 0.9214608875 0.8401594656250001 0.9185348062500001 0.8492445125 0.9179828437499999 0.863501484375 0.9219785453125 0.8944995406250001 0.9236685953125001 0.9326467468749999 0.9215229062500001 0.9452935765625 0.913835084375 0.9734748468750001 0.9125 0.9803096359375001 0.9125 1 0.9615970734375001 1
1 0.892499609375 1 0.892499609375 0.9739529203124999 0.8779282296875 0.9295743265624999 0.8772604218750001 0.9159894062500001 0.8776498984375 0.8939109625 0.8789910203125 0.8880069875000001 0.8801511812499999 0.871382378125 0.8798388625 0.8569001671875001 0.87853080625 0.847135290625 0.87328343125 0.83810409375 0.86544613125 0.8352165578124999 0.861608315625 0.8360876062500001 0.8555466234375 0.8397382265625 0.8523678875 0.8456363875000001 0.8511590390624999 0.8497896328125 0.8511764953125001 0.86690524375 0.8529502687499999 0.8844680046875 0.8549490953125 0.8918595984375 0.8572979046875 0.931427715625 0.852857503125 0.9538131203125001 0.846875 0.9749599546875001 0.846875 1 0.892499609375 1