2 0.5 0.45620019687499996 0 0.45620019687499996 0 0.5453125 0.0192379875 0.5453125 0.0821040171875 0.5385188125 0.5 0.5102698828125 0.5 0.45620019687499996
1 0.6609375 0.7 0.6609375 0.611521778125 0.6495637203125 0.5537945093750001 0.650776096875 0.5121278421875 0.6580139984375 0.45994230312499995 0.6587414234375 0.434942303125 0.6565144390625 0.42213101562500005 0.6461295078125 0.41014996249999996 0.6357774359375 0.41014996249999996 0.63150996875 0.4148059703125 0.624474190625 0.43324071562500005 0.62204955625 0.46296134999999994 0.624617721875 0.4997860421875 0.6220134359375 0.5535504171875 0.6024897984375001 0.6258339265624999 0.6024897984375001 0.7 0.6609375 0.7
1 0.734375 0.7 0.734375 0.554162653125 0.72951105625 0.5373846015625 0.72738815 0.5123633765625 0.7288583140625 0.45424227031250003 0.7268540796874999 0.4310728984375 0.7218567078125 0.4179401546875 0.717043940625 0.411741246875 0.706449265625 0.40853902187499996 0.700436609375 0.4119880578125 0.6969753796875 0.418773334375 0.694338259375 0.43436552031250003 0.703607825 0.5141649312500001 0.703812215625 0.5335669281250001 0.691252925 0.605088815625 0.6916485140625 0.6355807015625 0.694351590625 0.6615490765625001 0.703473075 0.7 0.734375 0.7
1 0.7785052109375 0.7 0.78125 0.6968141234375 0.78125 0.5302296171875 0.7760826562500001 0.504741353125 0.7791280984375 0.42742183125000005 0.7735173328125 0.40884424687500004 0.7690436093749999 0.4050536046875 0.7586389515625 0.4050536046875 0.75467033125 0.4075970171875 0.7497027578125 0.42239528125000003 0.7546314875 0.5037067000000001 0.7531625015625 0.521469353125 0.743191534375 0.5649972796875 0.7412305609375001 0.59858570625 0.7459041046875 0.6576323859375 0.754489134375 0.6940742125 0.760182690625 0.7 0.7785052109375 0.7
1 0.5882298515625 0.7 0.5880208328125 0.6858796296875 0.5796875 0.6016203703125 0.5692708328125 0.577546296875 0.575 0.5581018515625 0.5697916671875001 0.5331018515625 0.5697916671875001 0.5238425921875 0.5770833328125 0.4608796296875 0.5770833328125 0.4386574078125 0.5708333328124999 0.41180555625000004 0.5591145828124999 0.40208333281249997 0.5513020828124999 0.4057870375 0.53828125 0.42523148125 0.5328125 0.4451388890625 0.5369791671875 0.5627314812499999 0.5140625 0.6645833328124999 0.51180719375 0.7 0.5882298515625 0.7
1 0.5 0.60625 0.5046875 0.6673611109375 0.5083333328124999 0.684027778125 0.5197916671875 0.6331018515625 0.521875 0.58125 0.5166666671875 0.546990740625 0.5078125 0.5081018515625 0.5072916671875001 0.4923611109375 0.5125 0.4358796296875 0.5125 0.415509259375 0.5049479171875 0.397453703125 0.5 0.3966159609375 0.5 0.60625
0 0.328125 1 0.328125 0.9832160812499999 0.322315278125 0.9622503609375 0.310681884375 0.9421299015625 0.2959643375 0.9319976546875001 0.2749760484375 0.9319976546875001 0.25602132499999997 0.9443891578125001 0.23986196249999997 0.9725988609374999 0.23236370312500002 0.9979932171874999 0.2320953078125 1 0.328125 1
1 0.45 1 0.45 0.8948016546875 0.4489531484375 0.8903918203125001 0.4348840328125 0.8491841890625 0.43282703125 0.792766375 0.410022440625 0.789528390625 0.4068447 0.792631184375 0.41146629375000005 0.8242187765625 0.4124288625 0.847345703125 0.4015243625 0.9041588859375 0.40058160468750004 0.9299787 0.403060525 0.960555478125 0.40708875625 0.9828838125000001 0.411796628125 1 0.45 1
1 0.5 1 0.5 0.7856951046875 0.4942110515625 0.7856951046875 0.4867179828125 0.7891396328125 0.488338175 0.8205785984375 0.4753357203125 0.8819967265624999 0.47396025 0.9173944875 0.47782544531250004 0.9532930234375 0.48915740156250004 1 0.5 1
1 0.3746459125 1 0.3817708328125 0.9586226859375 0.384375 0.9067708328125 0.3796875 0.8688078703125001 0.36770833281250004 0.8234375 0.3661458328125 0.7938078703125 0.3643229171875 0.789641203125 0.35703125 0.788715278125 0.3541666671875 0.7910300921875 0.35208333281250004 0.801215278125 0.35208333281250004 0.819733796875 0.3489583328125 0.832696759375 0.3484375 0.851215278125 0.3536458328125 0.8678819437499999 0.35104166718749996 0.8752893515625001 0.35208333281250004 0.8836226859374999 0.3635416671875 0.9317708328125001 0.365625 0.952141203125 0.364809225 1 0.3746459125 1
1 0.3643018265625 1 0.3651041671875 0.9493634265625 0.3614583328125 0.9215856484374999 0.3494791671875 0.8752893515625001 0.353125 0.8678819437499999 0.3479166671875 0.85491898125 0.353125 0.7910300921875 0.32421875 0.788715278125 0.321875 0.794733796875 0.3255208328125 0.8280671296875 0.3255208328125 0.876215278125 0.3151041671875 0.91788194375 0.3109375 0.945659721875 0.3223958328125 0.96695601875 0.3302083328125 0.9919560187500001 0.3312942703125 1 0.3643018265625 1
1 0.2326788640625 1 0.2421875 0.9678819437499999 0.25078125 0.9526041671875 0.2765625 0.9308449078125001 0.2682291671875 0.8845486109374999 0.2682291671875 0.852141203125 0.271875 0.8002893515625 0.2708333328125 0.7910300921875 0.26796875 0.788715278125 0.24348958281250002 0.788715278125 0.2416666671875 0.7938078703125 0.2421875 0.8225115734375 0.2479166671875 0.876215278125 0.2442708328125 0.9030671296874999 0.23333333281250002 0.9465856484374999 0.2296875 0.969733796875 0.22916666718749998 0.9882523140625 0.2312316890625 1 0.2326788640625 1
1 0.3036458328125 0.9401041671874999 0.3046875 0.9271412031249999 0.3026041671875 0.9095486109375 0.2875 0.8475115734375 0.2890625 0.79195601875 0.28671875 0.788715278125 0.2721354171875 0.789641203125 0.2677083328125 0.8688078703125001 0.2692708328125 0.89195601875 0.2760416671875 0.926215278125 0.2794270828125 0.9322337968750001 0.2940104171875 0.9340856484375 0.3036458328125 0.9401041671874999
1 0.2286458328125 1 0.2286458328125 0.9715856484375 0.2421875 0.902141203125 0.22552083281250002 0.8234375 0.22395833281250002 0.79195601875 0.21848958281250003 0.7877893515625 0.21197916718749998 0.79288194375 0.20833333281250002 0.8067708328125001 0.2046875 0.8308449078125 0.2046875 0.851215278125 0.2078125 0.882696759375 0.2192708328125 0.920659721875 0.22395833281250002 0.952141203125 0.22552083281250002 0.9752893515625001 0.2229468078125 1 0.2286458328125 1
1 0.2208357625 1 0.22135416718749998 0.9382523140625001 0.21614583281250002 0.9095486109375 0.20572916718749998 0.8752893515625001 0.2046875 0.8280671296875 0.21197916718749998 0.79195601875 0.20703125 0.7877893515625 0.18046875 0.7877893515625 0.1786458328125 0.7965856484375 0.1838541671875 0.8401041671874999 0.1828125 0.8752893515625001 0.1677083328125 0.9364004625 0.165625 0.9752893515625001 0.16779683437499998 1 0.2208357625 1
1 0.15595841562499999 1 0.1598958328125 0.9780671296874999 0.1625 0.952141203125 0.1619791671875 0.926215278125 0.1588541671875 0.9030671296874999 0.1453125 0.8475115734375 0.1442708328125 0.820659721875 0.1463541671875 0.789178240625 0.12213541718750001 0.7859375 0.1197916671875 0.789178240625 0.1208333328125 0.8475115734375 0.1067708328125 0.90491898125 0.1046875 0.9632523140625 0.10974968125 1 0.15595841562499999 1
1 0.0918391921875 1 0.10052083281249999 0.9632523140625 0.10364583281249999 0.8993634265624999 0.0994791671875 0.870659721875 0.0869791671875 0.819733796875 0.0869791671875 0.7901041671875 0.08203125 0.7850115734374999 0.0653645828125 0.7850115734374999 0.0625 0.7910300921875 0.06302083281250001 0.820659721875 0.0473958328125 0.8854745375 0.0463541671875 0.9410300921874999 0.0575667546875 1 0.0918391921875 1