1 0.3682888828125 0 0.36564921875 0.0226900734375 0.3640382546875 0.085445165625 0.358387403125 0.11852340624999999 0.3517002734375 0.1445296578125 0.34374779218749996 0.164794784375 0.34374779218749996 0.378125 0.3620422359375 0.378125 0.3691310359375 0.37094677656249997 0.387192796875 0.319316909375 0.39859974062500003 0.2517715375 0.3999395203125 0.20296910937499998 0.39082347500000003 0.13654341875 0.391681578125 0.10447142812500002 0.40625 0.0221167140625 0.40625 0 0.3682888828125 0
1 0.344318796875 0 0.3451268890625 0.0529127015625 0.321718190625 0.1483144484375 0.321718190625 0.1868435125 0.3237558671875 0.2346207890625 0.3226433234375 0.29155614218750003 0.3236075609375 0.296875 0.33710570781250004 0.296875 0.3406120734375 0.29176522656250004 0.342570509375 0.2237278515625 0.36495456875 0.1364823921875 0.3666948359375 0.1059450171875 0.371511621875 0.0837773390625 0.3697193609375 0 0.344318796875 0
1 0.33604791562499997 0 0.324731634375 0.055617046875 0.32279508749999997 0.084583453125 0.32622515 0.1305169171875 0.329897740625 0.14375 0.33595349531249996 0.14375 0.3535247015625 0.0546916671875 0.350931059375 0 0.33604791562499997 0
1 0.4642286109375 0 0.464201596875 0.0010831140625 0.4602564953125 0.0315431703125 0.44624992187499996 0.0702062703125 0.44624992187499996 0.2296875 0.462442834375 0.2296875 0.46405580625000004 0.22794950625000002 0.4701651390625 0.17113239687499998 0.4898468734375 0.10930089999999999 0.490865915625 0.0898564546875 0.4846741875 0.043672953125000004 0.4869629921875 0 0.4642286109375 0
1 0.509375 0 0.5072710640625 0 0.5027085875 0.0652464640625 0.4978354171875 0.0904102390625 0.48137131406250006 0.1373135203125 0.48137131406250006 0.32318601875 0.483186409375 0.3234375 0.4932972359375 0.3234375 0.4993400875 0.31935011874999997 0.5089514609375 0.298781321875 0.509375 0.2971901984375 0.509375 0
0 0.296458075 0.4296875 0.3124210921875 0.3950641125 0.3140625 0.38684810468749997 0.3140625 0.2735415984375 0.3060866015625 0.24233640156249997 0.289461425 0.2114990234375 0.2673973453125 0.1893139453125 0.24304921875000002 0.18498415625 0.21459578906250001 0.1928539859375 0.188545809375 0.21887949375 0.1737916109375 0.24493650156250002 0.172283825 0.2794584625 0.18053418125 0.3395311390625 0.19224295625 0.3735153140625 0.21182892031249997 0.409389028125 0.21923023593750002 0.4296875 0.296458075 0.4296875
1 0.7890807921875 0.4296875 0.8015625 0.3439381921875 0.8015625 0.32652793281250003 0.77038778125 0.17457035625 0.7928141703125 0.055658746875 0.7671246921874999 0.011078346875 0.7141281375 0.002280340625 0.6871578453125 0.033618290625000005 0.6921379890624999 0.2039583671875 0.6757848187500001 0.2410038828125 0.6757848187500001 0.4296875 0.7890807921875 0.4296875
1 0.5274415421875001 0 0.5239701140624999 0.00528495625 0.5498352125 0.1433730265625 0.5234375 0.258832803125 0.5234375 0.2874745703125 0.526345996875 0.360892225 0.5563661828125 0.4296875 0.650597540625 0.4296875 0.6683355046875 0.40254712968749995 0.6734375 0.2686020234375 0.6734375 0.26449103749999997 0.6209463234375 0.144200478125 0.6306109234375 0.01097058125 0.622697184375 0 0.5274415421875001 0
1 0.9875 0.4296875 0.9875 0.328536584375 0.9596748359374999 0.2358965140625 0.9505455859375 0.169909034375 0.9657642796874999 0.058973175 0.93107271875 0.02350374375 0.89107271875 0.020940428125 0.8633609609375 0.0479780328125 0.8799875671875 0.222145003125 0.8761358796875001 0.25270729062499997 0.8470168375 0.29960248906250003 0.8369432531250001 0.37874805 0.8501506734375 0.4296875 0.9875 0.4296875
1 0.8584281484374999 0 0.8576268812500001 0.001153090625 0.8616863125 0.0359375 0.8676598999999999 0.0359375 0.8866062703124999 0.017212903125 0.946875 0.0303034140625 0.946875 0 0.8584281484374999 0
1 1 0 0.990972221875 0 0.990972221875 0.0545486109375 0.9554166671874998 0.161215278125 0.9820833328125002 0.29899305625 1 0.32407638906249997 1 0
1 0.4303367515625 0.4296875 0.4303367515625 0.5734375 0.4482715625 0.5734375 0.45222641093749993 0.5702644203125 0.4684260953125 0.5017127968749999 0.46875 0.4909358984375 0.46875 0.4422522046875 0.466794653125 0.4296875 0.4303367515625 0.4296875
1 0.733509725 1 0.7335720125 0.998828690625 0.74375 0.9354088109374998 0.74375 0.88718408125 0.742031975 0.8802676593750001 0.7352166 0.8699289624999998 0.7229270859375 0.8661308203125 0.7107671296875 0.8744547421875 0.7057436640625 0.881963734375 0.70090506875 0.8974068687500001 0.6985195453124999 0.92888835 0.6996343703125 1 0.733509725 1
1 0.8393544390625 1 0.83847289375 0.9844362624999998 0.8435805703125 0.912268584375 0.8432482765625 0.879855115625 0.8352911796875 0.859853771875 0.8223026656249999 0.8541467062500001 0.8118429046875001 0.861432903125 0.8046958375 0.8812584953125 0.80403494375 0.9053265078125001 0.8108471796875 0.9878187624999999 0.8098817546875001 1 0.8393544390625 1
1 0.9231795171874999 1 0.9183948359375 0.9831593578125 0.9160777640625 0.964540709375 0.91845645625 0.8954300312499999 0.9164338437499999 0.871289203125 0.9092631765625001 0.8546682921875 0.8965368046875 0.8483117015625 0.8884675718749999 0.854259159375 0.8827305921875 0.8728234328125 0.8837492640625 0.8978234328125 0.892345803125 0.9685609453125 0.8918700640624999 0.9823830812499998 0.88852159375 1 0.9231795171874999 1
1 0.509375 1 0.5459913328125 1 0.539586846875 0.9686614796875 0.54746736875 0.8780480718749999 0.5424725625 0.858822534375 0.531777690625 0.8537472375 0.52263236875 0.8589420140625 0.51626589375 0.8758488078125 0.5184882578125001 0.952955328125 0.5170939625 0.9696007703125 0.509375 0.99792016875 0.509375 1