1 0.446318684375 0 0.446318684375 0.032840406249999995 0.451958040625 0.034375 0.4573381140625 0.034375 0.46276684062499995 0.024286221875 0.46714460625000004 0 0.446318684375 0
1 0.3775471140625 0 0.3802560578125 0.0153584890625 0.3875251 0.035094032812499995 0.3916945859375 0.0375 0.396875 0.0375 0.396875 0 0.3775471140625 0
1 0.3337691828125 0 0.3428197515625 0.0324260609375 0.34530675781250003 0.0359375 0.35625 0.0359375 0.35625 0 0.3337691828125 0
0 0.397549959375 0 0.3983737046875 0.011154395312499999 0.40352612343749994 0.0354581203125 0.409680771875 0.0429305484375 0.4107113921875 0.04375 0.4338101734375 0.04375 0.4402669890625 0.0358219453125 0.440625 0.034829946875000004 0.440625 0 0.397549959375 0
1 1 0.28061525781249996 0.996895578125 0.27169177968749997 0.98428283125 0.25420139062499997 0.9609726640625 0.2491632046875 0.93876474375 0.2747850859375 0.9240363984375 0.3284522203125 0.92400598125 0.55 0.9935837078125 0.55 1 0.48158244687499996 1 0.28061525781249996
1 0.2773569171875 1 0.2702887890625 0.9752360140625 0.26921309375 0.940196378125 0.27259216406250003 0.8910980453124999 0.2721267046875 0.8634173015625001 0.27006182500000003 0.8542793328125 0.2645845703125 0.8457620046875001 0.25532962187499997 0.8421875 0.253303165625 0.8421875 0.2440563546875 0.850411778125 0.23830182500000002 0.8637438234375001 0.23830182500000002 0.8976895031250001 0.24317142500000002 0.9414092890625 0.2434211703125 0.9727937375 0.2424504484375 0.9894604046875 0.24021462656249998 1 0.2773569171875 1
1 0.3528759546875 1 0.350933 0.9794235812500001 0.3527306421875 0.9063057703125 0.3502359640625 0.870012646875 0.3419412125 0.8523824890625 0.327975684375 0.8460078859374999 0.314460084375 0.8586602671874999 0.30993784999999996 0.8787879578125001 0.31059162812499996 0.90107085 0.32066002031249996 0.9813678515625 0.32062595312500003 1 0.3528759546875 1
1 0.4782194015625 1 0.4747828078125 0.9076964828125 0.47124370468750004 0.879821671875 0.4614125484375 0.8558103015625 0.4484272921875 0.8459688453125 0.439100815625 0.8464581234375 0.429690240625 0.8552564765625 0.4248765875 0.867501765625 0.42338851406250005 0.8886767703124999 0.42832191406250003 0.93324250625 0.4397964703125 0.9836548953124999 0.4415810734375 1 0.4782194015625 1
1 0.42589618281249997 1 0.4258421421875 0.986078575 0.4194256 0.9511815890624999 0.42076909531249995 0.9438592140625 0.4174324578125 0.92314871875 0.4186471390625 0.8805136140625001 0.4212586734375 0.8677207109375 0.43563036874999994 0.8484557374999999 0.4359375 0.8409181890624999 0.4359375 0.8378488281250001 0.43289002187500003 0.8259359078124999 0.424247046875 0.8136178171875 0.41535515 0.8138209828124999 0.4077993828125 0.8197072515624999 0.4015625 0.841402615625 0.4015625 0.8442703343750001 0.40856355781250003 0.9484369171875 0.4015625 0.9836720359375001 0.4015625 1 0.42589618281249997 1
1 0.5627174265625 1 0.5496850921875 0.9624340890624999 0.5462435296875 0.929112878125 0.5448631984375 0.8568815640625 0.541723465625 0.8309677593749999 0.5328771125 0.8120332453125 0.5227549078125 0.8065352625 0.5104812796875 0.8121635390625 0.5035894453124999 0.8284111796874999 0.5024796890625 0.8395313812499999 0.5053626875 0.8719296984374999 0.5110688609375 0.896902428125 0.516933315625 0.9385448531249999 0.518812378125 0.9718751546875 0.515318840625 1 0.5627174265625 1
1 0.646687984375 1 0.6471951828125 0.9378726515625001 0.643746253125 0.891585446875 0.6388627421875 0.8740170953125 0.6318052609375 0.8606290453125001 0.6146103953125001 0.847763046875 0.6000647890625 0.848773815625 0.592033284375 0.8562297046874999 0.5803481328125 0.8826928328125 0.5774946 0.9021584859375 0.580528515625 0.9382605078124999 0.5922187578125 1 0.646687984375 1
1 0.8617773578125 0.55 0.8496449734375 0.5901221171875 0.8493157203124999 0.5945898703125 0.8493157203124999 0.6803760390625 0.85704749375 0.7395140765624999 0.8625568843749999 0.75 0.888729640625 0.75 0.89715139375 0.735891428125 0.90625 0.6873105046875 0.90625 0.57908510625 0.899454940625 0.55 0.8617773578125 0.55
1 0.7719651296875 0.55 0.76149774375 0.59539205625 0.7622197734375 0.6726177546875001 0.7827824390625 0.759375 0.8125 0.759375 0.8125 0.5751941125 0.8052144859375 0.55 0.7719651296875 0.55
1 0.66875 0.55 0.66875 0.771875 0.68109579375 0.771875 0.6889006078125 0.7555162703125 0.6953125 0.69795029375 0.6953125 0.5941023921874999 0.6871470015625001 0.552319025 0.68730084375 0.55 0.66875 0.55
1 0.7004166671875 0.55 0.7004166671875 0.577678571875 0.7104166671875001 0.62529761875 0.7070833328124999 0.7443452374999999 0.7154166671875 0.753273809375 0.7304166671875001 0.75029761875 0.7404166671875 0.7324404765625 0.7470833328125 0.684821428125 0.7470833328125 0.583630953125 0.7392361109375 0.55 0.7004166671875 0.55