1 0.1042247609375 0.4195229625 0.1046875 0.399641809375 0.1046875 0.3704148625 0.09418159375 0.313458071875 0.08856467031250001 0.302802653125 0.069846996875 0.300649759375 0.0567193296875 0.343906340625 0.05216654375 0.3715249515625 0.051882289062499996 0.377604334375 0.051882289062499996 0.4191573453125 0.05295632812499999 0.43125 0.10087182343750001 0.43125 0.1042247609375 0.4195229625
1 0.1598270484375 0.340520078125 0.1541047828125 0.316257703125 0.1355490234375 0.313589009375 0.1160299140625 0.3687664578125 0.1160299140625 0.4359375 0.1581449421875 0.4359375 0.16376758125 0.4293498828125 0.165625 0.40278755000000005 0.165625 0.385867840625 0.1598270484375 0.340520078125
1 0.3734375 0.39542705312500004 0.3623308984375 0.3348605796875 0.3573861109375 0.3268368921875 0.3409798609375 0.3255937015625 0.3230799234375 0.38751535625 0.321454671875 0.410029409375 0.321454671875 0.43191323906249995 0.3238356296875 0.434375 0.3734375 0.434375 0.3734375 0.39542705312500004
1 0.4381079609375 0.3169972953125 0.4323327265625 0.3112224578125 0.428984428125 0.3112224578125 0.41642551250000004 0.312636240625 0.4023733921875 0.3803883015625 0.4045095140625 0.4328125 0.453125 0.4328125 0.453125 0.3727534 0.4381079609375 0.3169972953125
1 0.473273365625 0.3570871890625 0.473273365625 0.434375 0.5171875 0.434375 0.5171875 0.334067884375 0.510360490625 0.3025634015625 0.49004799062500004 0.3011430125 0.473273365625 0.3570871890625
2 0 0.509375 0.5296875 0.509375 0.5296875 0.45230126718749997 0 0.442117596875 0 0.509375
1 1 0 0.9491554546875001 0 0.9491554546875001 0.1181643953125 0.95338210625 0.15103021875 0.9599194828125001 0.183734740625 0.9631863671875 0.188965278125 0.9634296593750001 0.1890625 1 0.1890625 1 0
1 0.8012639234375 0 0.8012639234375 0.1578125 0.833755903125 0.1578125 0.8357010734375001 0.155673103125 0.841554021875 0.1389791640625 0.8540368796875001 0.09448017812500001 0.8661226843750001 0.033323615625000004 0.8671875 0.022680064062499998 0.8671875 0 0.8012639234375 0
1 0.6917091281250001 0 0.6917091281250001 0.04884468125 0.6944036875 0.07799847343750001 0.704779015625 0.1328125 0.739894053125 0.1328125 0.75555129375 0.0705790046875 0.7578125 0.0540017953125 0.7578125 0 0.6917091281250001 0
1 0.6275266281249999 0 0.628461534375 0.0327916359375 0.6346959062499999 0.0706454953125 0.6465300140625 0.1171875 0.6771887640625 0.1171875 0.6795474015625 0.10945413906250001 0.6828125 0.0904447296875 0.6828125 0 0.6275266281249999 0
1 0.8763301328124999 0 0.8763301328124999 0.1390625 0.8987737265625 0.1390625 0.9029035734375 0.130531246875 0.91879891875 0.0702578015625 0.9203125 0.0552165328125 0.9203125 0 0.8763301328124999 0
1 0.77721035625 0 0.77721035625 0.1234375 0.7895999890625001 0.1234375 0.79034719375 0.120011846875 0.7868976875 0.0818518734375 0.78593655625 0.0391228890625 0.7897041843749999 0 0.77721035625 0
1 0.9358404578125 0 0.9369791671875 0.0357638890625 0.9322916671874999 0.0829861109375 0.9338541671874999 0.10243055625 0.94140625 0.1325231484375 0.9588541671874999 0.1348379625 0.9598958328125 0.1265046296875 0.9526041671875 0.08391203750000001 0.9479166671874999 0.0385416671875 0.9479166671874999 0 0.9358404578125 0
1 0 0.509375 0 0.8328125 0.048759415625000004 0.8328125 0.07111891406250001 0.8094197421875 0.07321352187499999 0.689419740625 0.1046875 0.5979067687499999 0.1046875 0.5906244875 0.0723351546875 0.509375 0 0.509375
1 0.1419185375 0.509375 0.143282546875 0.514089853125 0.1037277265625 0.635124309375 0.0972928234375 0.6791258328125 0.099547365625 0.75088675625 0.1039251578125 0.7982316390624999 0.1457122890625 0.896875 0.18828852812500002 0.896875 0.207745796875 0.8951741734375 0.229605825 0.8857680578125 0.240625 0.8565095875000001 0.240625 0.60006870625 0.206742490625 0.5270582 0.20806811718749998 0.509375 0.1419185375 0.509375
1 0.19227928593750002 0.509375 0.191958090625 0.55246948125 0.22114466562500001 0.6922711953125 0.22301632656249998 0.7644662296875 0.2158050578125 0.815625 0.2276776484375 0.815625 0.2552666859375 0.74886395 0.2734375 0.7209333109375 0.2734375 0.6112451515625 0.263923640625 0.5441087203125 0.2525734609375 0.509375 0.19227928593750002 0.509375
1 0.24574414843749998 0.509375 0.27616551875 0.69375 0.2844862171875 0.69375 0.3098595625 0.67426916875 0.31875 0.615239371875 0.31875 0.5819811625 0.29879735625000003 0.509375 0.24574414843749998 0.509375
1 0.6709162359375 1 0.68744096875 0.9316460875000001 0.6929689625 0.8957259765625001 0.69375 0.8703550218749999 0.69375 0.8079239140624999 0.6915392953125 0.7779636078125 0.6779437109375 0.7125333453125 0.6726204078125 0.6724638609375 0.6736117640625 0.6298712703125 0.680285575 0.567120528125 0.6749353578124999 0.561805103125 0.6416020234375 0.560446875 0.63759879375 0.5644543734375 0.6326095781250001 0.5772263359375 0.6326203921875 0.64395666875 0.6280478578124999 0.6836229265625 0.60325624375 0.7632447 0.5975929546875001 0.7888397140625 0.5975929546875001 0.9712893953125 0.60128523125 1 0.6709162359375 1
1 0.5296875 0.9921875 0.5472112265625 0.9921875 0.5513410734375 0.983656246875 0.5672364187500001 0.9233828015625001 0.56875 0.9083415328125 0.56875 0.802038990625 0.5613095718750001 0.7546247609375 0.567592575 0.69739945625 0.5638412609375 0.6906266125 0.5609470078125 0.6908892625 0.5416761765625 0.689541715625 0.5368634078125 0.6952506625 0.5348064078125 0.7518414046874999 0.5296875 0.769755021875 0.5296875 0.9921875
1 0.6010416671875001 0.7888888890625 0.6135416671875 0.7361111109375 0.6182291671875 0.7240740734375001 0.61796875 0.7162037031249999 0.5986979171875 0.7208333328125001 0.5963541671875 0.7240740734375001 0.5947916671875 0.7370370375 0.5953125 0.7805555562500001 0.5864583328124999 0.8138888890625001 0.5838541671875 0.8398148140625 0.5854166671875001 0.8888888890625001 0.5807291671875 0.9361111109374999 0.5822916671875 0.95555555625 0.58984375 0.9856481484374999 0.6072916671875 0.9879629624999999 0.6083333328125 0.9796296296874999 0.6010416671875001 0.9370370375 0.5963541671875 0.8916666671875 0.5963541671875 0.83148148125 0.6010416671875001 0.7888888890625
1 0.7138541671875 1 0.7276041671875 0.9388888890625001 0.7328125 0.9064814812499999 0.7348958328125 0.8703703703125001 0.7333333328125 0.8231481484375 0.7114583328124999 0.7240740734375001 0.7151041671875 0.6611111109375 0.7125 0.6509259265624999 0.7140625 0.6379629625 0.7127604171875 0.6291666671875 0.7088541671875 0.6324074078125 0.7119791671875 0.646296296875 0.7106770828125 0.6513888890625 0.6841145828124999 0.6513888890625 0.6791666671875001 0.6611111109375 0.6817708328125 0.7074074078125 0.6927083328125 0.75555555625 0.6994791671875 0.8018518515625 0.7010416671875 0.8666666671875 0.6989583328125 0.9 0.6927083328125 0.94351851875 0.6802083328124999 0.9953703703125001 0.6797487734375001 1 0.7138541671875 1
1 0.7296568625 1 0.734375 0.9870370375 0.7479166671874999 0.91851851875 0.75 0.8759259265624999 0.7453125 0.827777778125 0.7369791671874999 0.797222221875 0.7322916671874999 0.7675925921875 0.734375 0.709259259375 0.73203125 0.7041666671875 0.7158854171875 0.7041666671875 0.7119791671875 0.7101851859374999 0.7125 0.7240740734375001 0.7291666671875 0.8018518515625 0.7359375 0.8629629624999999 0.7307291671874999 0.9203703703125001 0.7140625 0.997222221875 0.7144230765625 1 0.7296568625 1
1 0.7666666671875 0.8444444437499999 0.7572916671875 0.809259259375 0.7541666671874999 0.7888888890625 0.7552083328125001 0.7379629624999999 0.7361979171874999 0.7356481484375 0.7333333328125 0.7416666671875 0.7328125 0.7675925921875 0.7494791671875 0.85555555625 0.75 0.8990740734375 0.7489583328125 0.9138888890625001 0.7354166671875 0.978703703125 0.7348958328125 0.9888888890625 0.7479166671874999 0.990740740625 0.75234375 0.9893518515625 0.7557291671874999 0.9796296296874999 0.7651041671875 0.9379629625 0.7692708328125001 0.9074074078125001 0.7697916671874999 0.872222221875 0.7666666671875 0.8444444437499999