1 0.10619428125000001 0 0.096875 0.043391912500000004 0.096875 0.1040956359375 0.1019903796875 0.1432936 0.11344504062500001 0.18805629375 0.11884999999999998 0.19375 0.14448406875 0.19375 0.14705495 0.1904226609375 0.15861467499999998 0.1213501328125 0.15861467499999998 0.05309968281250001 0.15704445312499998 0.04215253125 0.146549875 0 0.10619428125000001 0
1 0.036069529687500004 0 0.0234375 0.040013346875 0.0234375 0.20292223125 0.028599871875 0.2109375 0.054932381249999995 0.2109375 0.059651071874999996 0.20492202499999998 0.06935607499999999 0.1690837328125 0.07931829375 0.098468653125 0.0771056046875 0.05108273906250001 0.0655294109375 0 0.036069529687500004 0
1 0 0 0 0.2296875 0.007306946875 0.2296875 0.011802475 0.22544243125 0.01966893125 0.1834255984375 0.020555134375 0.1740587984375 0.020555134375 0.087942175 0.018510728125 0.072282653125 0.00020804374999999997 0.0090941015625 0.0007914234375000001 0 0 0
1 0.8594765984375 0.3890625 0.8552666515624999 0.3722287359375 0.87603453125 0.1973754921875 0.85773425625 0.159838978125 0.8238715078125001 0.159838978125 0.802945603125 0.1896590984375 0.8098647671875 0.34371958281250004 0.8006723109375 0.38065040625 0.797455321875 0.3890625 0.8594765984375 0.3890625
1 0.7121996421875 0.3890625 0.7163363765625 0.2255733296875 0.7065480749999999 0.20763304843750002 0.6857493906250001 0.19644089375 0.667884446875 0.2057686125 0.6516361765625 0.2339499359375 0.661210528125 0.3877270046875 0.6608532890625 0.3890625 0.7121996421875 0.3890625
1 0.5605708765624999 0.3890625 0.5753742359375 0.258022271875 0.55725445625 0.2265371734375 0.5241321859375 0.2265371734375 0.50973716875 0.2538160578125 0.5184850421875 0.3890625 0.5605708765624999 0.3890625
1 0.9747586640625 0.3890625 0.9747586640625 0.35288581093750004 0.9647052671874998 0.2625 0.9645443531249999 0.2625 0.9484600640625 0.29021345 0.9610058531250001 0.3890625 0.9747586640625 0.3890625
1 0.7268877796875 0.3890625 0.7268877796875 0.29283683125 0.7264916250000001 0.2680931640625 0.7171875 0.3011657296875 0.7171875 0.34118872968749997 0.7248209156250001 0.3890625 0.7268877796875 0.3890625
1 0.41875 0.6083735625 0.4158455265625 0.5970862265625 0.4168764578125 0.5293875203125 0.41272236875 0.518898540625 0.40688544843749996 0.5145023562500001 0.39863831875 0.518545615625 0.39545763906250003 0.5274798578125 0.3954324828125 0.548797378125 0.4003534375 0.5810350046874999 0.4001989734375 0.59679696875 0.390752109375 0.6388880828125 0.3890625 0.65871508125 0.3890625 0.676397746875 0.390418028125 0.6917295265625001 0.401326765625 0.7348448203125 0.4019818453125 0.7359375 0.41875 0.7359375 0.41875 0.6083735625
1 0.37484479843749996 0.7501349578125 0.382646721875 0.7026800265625 0.382646721875 0.6666960171875 0.3820791703125 0.6559329859374999 0.3706245125 0.6111702953125 0.3693242671875 0.5889177625 0.37240984843749997 0.5408756984374999 0.367316478125 0.528231728125 0.3631174921875 0.5253327109375 0.3574098734375 0.5270178609375 0.35058871875 0.544868828125 0.3503587875 0.5698536734374999 0.35308146875 0.5801146312500001 0.3545002296875 0.6125523484375 0.3481351375 0.6919698125 0.34633915625 0.6942315875 0.34310641406250003 0.6848814 0.3421875 0.6893419984375 0.3421875 0.7005119515625 0.34268609687499996 0.7158771859374999 0.3511163984375 0.7244529953125 0.3550531328125 0.749559078125 0.3575508140625 0.753125 0.3719987921875 0.753125 0.37484479843749996 0.7501349578125
1 0.347747825 0.706652925 0.344677828125 0.700516184375 0.340625 0.7012665453125 0.340625 0.71875 0.34620251875 0.71875 0.347747825 0.706652925
1 0.35242045 0.5362912875 0.36002284218749997 0.5239359140625 0.3582825609375 0.5138143984375001 0.3516186015625 0.5052833781249999 0.34333375625 0.5084007140625 0.3395810453125 0.5173561796875 0.3394965859375 0.5423774 0.3447012765625 0.571816028125 0.3449275453125 0.5847789921875 0.334375 0.63389075625 0.334375 0.649284671875 0.3420111 0.6921875 0.34811063125 0.6921875 0.350936690625 0.6901647671875001 0.3542180875 0.6094182140625 0.3506280328125 0.5530428421875 0.35242045 0.5362912875
1 0.3312057078125 0.670822484375 0.3206686140625 0.618444840625 0.32495728281249997 0.5516690484375 0.323019409375 0.543408465625 0.3161417 0.5348577046875 0.30930621875000003 0.53879785 0.3041077890625 0.5533224890625 0.3025650984375 0.5820625703125 0.3045066171875 0.619934590625 0.2953125 0.6541451609375001 0.2953125 0.7454639203125 0.296482434375 0.7516161390625 0.300658371875 0.7625 0.32011414375 0.7625 0.3207676546875 0.7618724203125 0.3316978625 0.702267590625 0.3312057078125 0.670822484375
1 0.3030869640625 0.5598041078125 0.3062084765625 0.545156175 0.313920484375 0.533586409375 0.3140625 0.529519628125 0.3140625 0.52692123125 0.309538415625 0.5170656296875 0.3042354859375 0.5145136812500001 0.3014324859375 0.5145136812500001 0.2975592484375 0.51629796875 0.29217482031249997 0.5284808921875 0.2914311375 0.5497771874999999 0.29417161875 0.57593675 0.29281009999999996 0.599977446875 0.284375 0.6313974828125 0.284375 0.7030012953125 0.286031353125 0.7044068171875 0.28612475000000004 0.715625 0.286171621875 0.715625 0.2882047109375 0.6720661640625 0.303068584375 0.6201227984375001 0.3030869640625 0.5598041078125
1 0.16716459687500002 0.7151346109375 0.16716459687500002 0.6226996203125 0.1571434765625 0.5894516453125 0.158789696875 0.5404624265625 0.1574011046875 0.519154009375 0.1536572671875 0.5102789171875 0.144539 0.5035913484375 0.1399646859375 0.5062600265625 0.136046940625 0.5186569859375 0.14308097656250002 0.5891243328125 0.13677025468749998 0.6130286921874999 0.1328125 0.6422180171875 0.1328125 0.643165690625 0.13532004687500002 0.6795983781249999 0.1443472296875 0.722360690625 0.14713632031249999 0.7265625 0.162858003125 0.7265625 0.1652182921875 0.723771515625 0.16716459687500002 0.7151346109375
1 0.211201121875 0.7359375 0.22282760000000001 0.7359375 0.22282760000000001 0.614575609375 0.21649583125 0.5945683203125001 0.21440562968750002 0.5309345249999999 0.20940342968749998 0.517189734375 0.20440119218750002 0.5133106015625 0.199067784375 0.5133106015625 0.19623143125 0.5142750031250001 0.19375 0.5206678734375 0.19375 0.5461251953125 0.200879078125 0.59973183125 0.19375 0.6505959859375 0.19375 0.656183290625 0.199591421875 0.6980406312499999 0.21094806406250002 0.7357579109375 0.211201121875 0.7359375
1 0.2521362640625 0.5943661515625001 0.24777924218749997 0.5640868593749999 0.2483252328125 0.54271163125 0.2524398234375 0.5289502421875 0.2591900171875 0.5216029875 0.2591900171875 0.5212203843750001 0.2519010453125 0.5058020937500001 0.243068428125 0.507398946875 0.237933721875 0.5221651984375 0.24161184218749998 0.5905258515625 0.2318165546875 0.6404287171874999 0.23125 0.657683415625 0.23125 0.66987650625 0.23345936093750003 0.6796875 0.239801678125 0.6796875 0.24151121562500003 0.6758689015625 0.24305577031249997 0.6525628875 0.25196025 0.6092204328124999 0.2521362640625 0.5943661515625001
1 0.280093325 0.6734375 0.280093325 0.631856734375 0.27309368125 0.6103180640625 0.271070815625 0.5407675375000001 0.26510253281249996 0.5284115093749999 0.25401386718749996 0.5268779046875001 0.253125 0.5284740265625001 0.253125 0.579420190625 0.256796684375 0.6089360078125 0.253125 0.6342918578125 0.253125 0.6728765 0.274062515625 0.67015395 0.27893810625 0.6734375 0.280093325 0.6734375
0 0.25859375 0.6686921296875 0.2455729171875 0.6714699078125 0.23307291718749998 0.68350694375 0.221875 0.72008101875 0.221875 0.742303240625 0.22760416718749998 0.7774884265625 0.23828125 0.7936921296875 0.2536458328125 0.8024884265625001 0.2684895828125 0.7992476859375001 0.27786458281250004 0.7909143515625 0.2880208328125 0.77008101875 0.290625 0.7395254625 0.28854166718749996 0.7061921296875 0.28072916718749996 0.6867476859374999 0.2684895828125 0.6723958328125 0.25859375 0.6686921296875
1 0.8023356984374999 0.86875 0.80625 0.844056559375 0.80625 0.8440061109375 0.8060781609375001 0.8292382953124999 0.803919409375 0.8226476296874999 0.8048748828125 0.815294815625 0.8027161296875001 0.80870415 0.8036716046875 0.8013513343749998 0.797270765625 0.7880608234375 0.7963871625 0.7792235828124999 0.7895840062499999 0.7760909593750001 0.7818146031250001 0.7793852265625001 0.7723677328124999 0.7950839609375 0.7703125 0.803392621875 0.7703125 0.8379010125 0.7720371578125 0.8561404812500001 0.7749825484375 0.8632350515624999 0.7947957625 0.866124140625 0.799450940625 0.8635920265625 0.801022446875 0.86875 0.8023356984374999 0.86875
1 0.821669896875 1 0.821669896875 0.9928090203124998 0.8176150265625001 0.9752354125 0.818300715625 0.955549690625 0.80905065 0.9349131109375 0.8069778781250001 0.8950041453124999 0.8053779765625 0.8754115515625 0.8102407921874999 0.8386092609375 0.8074849687500001 0.8021174 0.7970448187500001 0.7794957515625001 0.7923317765625 0.7735870984375 0.772838559375 0.7879384796875 0.771580153125 0.8157817953125001 0.7690213296875 0.8368995515625001 0.7698278421875 0.8551687625 0.771727228125 0.8876283890625001 0.7745960249999999 0.9125921156250001 0.7709259296875001 0.9351108625 0.7637302359375 0.969974653125 0.761782075 1 0.821669896875 1
1 0.7611326875 1 0.7634660828125 0.9786481390624999 0.76884121875 0.9496942671875 0.7692830046875001 0.9443287874999999 0.7692830046875001 0.936442078125 0.7593206078125 0.9169220593750002 0.753291425 0.88966730625 0.7598566375 0.864809959375 0.760098415625 0.8201361140625 0.758267365625 0.7936804953125 0.7585773765624999 0.78759666875 0.7311126203125 0.78125 0.728496559375 0.78125 0.73133151875 0.8023745046874999 0.7304303171875001 0.8558299437500001 0.72641861875 0.9037790125 0.725 0.9229116812499999 0.725 1 0.7611326875 1
1 0.7093987375 1 0.70803470625 0.9811276453125 0.7059373796875 0.9547718249999999 0.703376378125 0.9206696421875 0.6991817250000001 0.867958 0.7046542671875 0.8465046265625 0.7079863203125 0.832706678125 0.7033872859375 0.7877110859374999 0.70167275625 0.7706448390625 0.689400353125 0.76875 0.68865949375 0.76875 0.6737116453125 0.789766859375 0.66648140625 0.8281652265624999 0.6681150578125 0.8467746843749999 0.67116131875 0.8716176093750001 0.6718460390625 0.8917399625 0.6708755234374999 0.91025848125 0.6640625 0.929388734375 0.6640625 1 0.7093987375 1
1 0.972393546875 1 0.9678321890625 0.9870818968750001 0.965234096875 0.9377699203125001 0.9594062203124999 0.9024883171875 0.9545541406249999 0.8733441828124999 0.959331484375 0.848440603125 0.9477834734374999 0.784050234375 0.943308509375 0.7765110390625 0.9268154531250001 0.777183078125 0.9176708968749999 0.8007203015624998 0.9209215484375001 0.8376512265624999 0.9284316640625001 0.8697756703125 0.9316284390625 0.903620175 0.9219660062500001 0.9472544984375 0.9169462296875001 0.958269190625 0.9125 0.9873912765625 0.9125 1 0.972393546875 1
1 0.9104494234375 1 0.9099341656250001 0.974328515625 0.9077166906249999 0.9482778781250001 0.9008184734375 0.9097225437500001 0.8942967515625 0.8751128578125 0.8973961375 0.825123759375 0.9013484312500001 0.8028164703125 0.8953584359375 0.7887739703125 0.8852609125 0.7804172250000001 0.8665334703124999 0.8071992734375 0.8652657031250002 0.803284746875 0.8654347687499999 0.8191140375 0.8654655453124999 0.8428657562499999 0.8675585609375001 0.8760465765625 0.8657653062499999 0.9022372687499999 0.8618821546875001 0.9205833468750001 0.859375 0.9304550093749999 0.859375 1 0.9104494234375 1
1 0.8615857312500002 1 0.8620674359375 0.9862057734375 0.8584410421875 0.96215291875 0.8555399296874999 0.9429106328125 0.8515232312500001 0.9172447328125 0.8506813187500001 0.890194253125 0.85011905 0.8679257843750001 0.8523135968750001 0.8434519328124999 0.8555654109375 0.8142817453125 0.8457277718749999 0.7890368406249999 0.84352725625 0.7881018046875 0.8415434765625001 0.7749439453125 0.8394333890624999 0.7749439453125 0.8271770343749999 0.783083959375 0.815313828125 0.7902638859375 0.8130056343750001 0.8052022671875001 0.8137092156250001 0.8362139625000001 0.8184235281250001 0.8674826750000001 0.8188751343749999 0.8929201140625 0.813730109375 0.9251450421874999 0.8096393703124999 0.9399691921875 0.809375 0.9407014265625001 0.809375 1 0.8615857312500002 1
1 0.671481559375 1 0.6733083843750001 0.9848292875 0.673550640625 0.9802686296874998 0.6753766640625 0.96204594375 0.6756791953125 0.961916178125 0.6756791953125 0.9248740796875001 0.672688325 0.9170814625 0.6708130765625 0.9025778796874999 0.667708359375 0.8789130875 0.6668453046874999 0.8682383093750001 0.6702672187500001 0.8576632625 0.6687583859374999 0.841646109375 0.6671874765625001 0.8241054109375 0.6662002640625 0.8103835453125001 0.6644431171875 0.7882722156249999 0.6531719859375 0.7743109890625 0.6510295015625001 0.7742611234375 0.6434717609374999 0.7778904609375 0.63903765625 0.7846367 0.634375 0.797724190625 0.634375 0.8270092921875001 0.63545375 0.8332604421875001 0.6367203218749999 0.8538382515624999 0.63816706875 0.8683318625 0.6389370046874999 0.8767213265624999 0.6367135218750001 0.8956958078125 0.6370299828125 0.9139683562500001 0.6353530968750001 0.9253450671875001 0.634375 0.9316999124999998 0.634375 0.9860248296874999 0.637811303125 0.99617986875 0.6379669609375 1 0.671481559375 1
1 0.6294205734375 1 0.6294205734375 0.93104885 0.626356359375 0.9197840812500001 0.62087635 0.8943657875 0.615458528125 0.869709265625 0.6175806578125 0.853991884375 0.6164964140625 0.8198520625000001 0.6146309296875 0.796998909375 0.603158240625 0.7796186125 0.599466515625 0.7796186125 0.5879883875 0.7834736609374999 0.5833506749999999 0.7944455265625 0.578125 0.8112717328125001 0.578125 0.8136813640625 0.5878628906250001 0.8288651687499999 0.5915599453125 0.8480843515625001 0.5915938625 0.8745714765624999 0.594640825 0.91189829375 0.58933266875 0.9250855187500001 0.5837271625 0.94505873125 0.580484609375 0.9939792734375 0.5812339421875 1 0.6294205734375 1
1 0.534331646875 1 0.534331646875 0.9478154406249999 0.5304203640624999 0.9357873218750001 0.5262270156250001 0.9216058828125 0.5228374687499999 0.9050741906249999 0.51994734375 0.891557115625 0.521646565625 0.872350471875 0.5201867390625 0.8465151703124999 0.5206359328125 0.82892948125 0.5207275484375 0.8144233484375001 0.522784346875 0.7921371484375 0.5103254484375 0.7732402281249999 0.5080943171875 0.7695937171875 0.49300531249999996 0.7852362859375 0.49003833124999996 0.8053021078124999 0.48960686875 0.82364956875 0.49040770624999996 0.8396143078125 0.49467197343749997 0.856842834375 0.494686740625 0.8759195984375001 0.491450834375 0.902873834375 0.48828881874999996 0.9145601703124999 0.4813944453125 0.93187113125 0.4795001859375 0.942698284375 0.4758180546875 0.9689232203125 0.4729929171875 0.9950832171874999 0.4727274421875 1 0.534331646875 1