2 0.55 0.17055955 0 0.17055955 0 0.2539900140625 0.015973965625 0.2528401109375 0.0298425203125 0.264524225 0.07600900000000001 0.2622357359375 0.1345300203125 0.26878991406249997 0.5315019921874999 0.2794057765625 0.54495294375 0.27022472343750004 0.55 0.2719346421875 0.55 0.17055955
1 0.7989232234375001 0.4390625 0.799094228125 0.3932593640625 0.7948376359375 0.32359208437500003 0.7708261359374999 0.221152690625 0.7736250359375 0.1503830234375 0.7806265734375 0.10758213593749999 0.78213511875 0.065947303125 0.77636998125 0.037914856250000004 0.7583378890625 0.01841676875 0.7409806859375 0.02743865625 0.7299610703124999 0.0540922359375 0.7285737421875 0.088782625 0.7351256 0.16132318125 0.7356698859375 0.2197201828125 0.7125 0.3167697265625 0.7125 0.4390625 0.7989232234375001 0.4390625
1 0.9128075140625 0 0.9125 0.02569444375 0.898828125 0.0361111109375 0.88984375 0.0645833328125 0.8984375 0.22152777812500002 0.87734375 0.31319444375 0.87421875 0.38125 0.8765625 0.43819444374999994 0.8767323375 0.4390625 0.9627887234374999 0.4390625 0.9640625 0.43125 0.965625 0.36319444375 0.9578125 0.30763888906250003 0.934375 0.22152777812500002 0.93359375 0.1576388890625 0.9390625 0.109027778125 0.9390625 0.0645833328125 0.934375 0.04375 0.91796875 0.02569444375 0.91796875 0 0.9128075140625 0
1 0.8390395218750001 0 0.83828125 0.03819444375 0.826953125 0.0486111109375 0.81875 0.0701388890625 0.82578125 0.209027778125 0.803125 0.32430555625 0.809375 0.43819444374999994 0.8095536390625 0.4390625 0.8754019468750001 0.4390625 0.87265625 0.3548611109375 0.878125 0.2979166671875 0.86171875 0.23125 0.8578125 0.19375 0.86328125 0.078472221875 0.85546875 0.04930555625 0.84375 0.036805556249999996 0.840625 0.0048611109375000005 0.8422656249999999 0 0.8390395218750001 0
1 0.55 0.4390625 0.6240492875 0.4390625 0.6234375 0.40208333281249997 0.61796875 0.3604166671875 0.58828125 0.24097222187499998 0.58828125 0.1604166671875 0.59609375 0.0895833328125 0.59453125 0.0548611109375 0.583984375 0.027777778125000003 0.566796875 0.013888889062500001 0.550390625 0.026388889062499997 0.55 0.0273706890625 0.55 0.4390625
1 0.7121333609375 0.4390625 0.7109375 0.37847222187499996 0.7140625 0.340972221875 0.72421875 0.2826388890625 0.7078125 0.2173611109375 0.7078125 0.1576388890625 0.7140625 0.1076388890625 0.71328125 0.06875 0.701953125 0.04305555625 0.687109375 0.034722221875 0.67109375 0.053472221875 0.665625 0.07291666718749999 0.675 0.21875 0.659375 0.30625 0.6546875 0.31736111093749997 0.6515625 0.39930555624999997 0.6591987421875001 0.4390625 0.7121333609375 0.4390625
1 0.6553645828125 0.4390625 0.6546875 0.43680555625000006 0.65 0.3951388890625 0.65390625 0.31875 0.659375 0.30625 0.66484375 0.2701388890625 0.65546875 0.22152777812500002 0.6546875 0.1979166671875 0.66015625 0.08541666718749999 0.6578125 0.071527778125 0.650390625 0.05694444375 0.638671875 0.0486111109375 0.624609375 0.058333332812500006 0.6171875 0.07986111093750001 0.6234375 0.22152777812500002 0.60703125 0.2951388890625 0.62421875 0.39930555624999997 0.6235887984375 0.4390625 0.6553645828125 0.4390625
1 0.2640625 0.4390625 0.2640625 0.5999812734375001 0.28342335625000004 0.67569526875 0.293752953125 0.696037734375 0.30984115 0.7015625 0.3121485296875 0.7015625 0.32182946874999996 0.69996151875 0.3340025796875 0.689338521875 0.345855059375 0.6522948 0.3629184859375 0.5705240640625 0.3660721671875 0.53914869375 0.3667671375 0.49933387656250006 0.3602129953125 0.4390625 0.2640625 0.4390625
1 0.178667884375 0.4390625 0.1822916671875 0.4675925921875 0.1942708328125 0.5111111109375 0.20729166718749997 0.5518518515624999 0.2140625 0.5583333328125 0.2309895828125 0.55694444375 0.2388020828125 0.5495370375 0.24114583281250002 0.54351851875 0.25052083281250004 0.475 0.2512301265625 0.4390625 0.178667884375 0.4390625
1 0 0.4390625 0 0.9278265109374999 0.0234375 0.9870370375 0.031103098437499997 1 0.1762801203125 1 0.1817708328125 0.9675925921874999 0.1854166671875 0.9120370375 0.1848958328125 0.8620370375 0.1786458328125 0.7981481484375 0.171875 0.7601851859375 0.1630208328125 0.7351851859374999 0.1598958328125 0.7138888890625 0.1541666671875 0.7009259265625 0.1515625 0.6870370375 0.1432291671875 0.671296296875 0.140625 0.6546296296875 0.1057291671875 0.577777778125 0.0869791671875 0.5572530859375 0.0748263890625 0.5140432109375 0.0635416671875 0.47083333281249995 0.061439185937499995 0.4390625 0 0.4390625
1 0.8919577203125 0.4390625 0.884375 0.45078125 0.8875 0.53046875 0.871875 0.58828125 0.8765625 0.64140625 0.890625 0.67578125 0.90859375 0.6765625 0.91875 0.66953125 0.9296875 0.62265625 0.928125 0.57265625 0.9125 0.52734375 0.915625 0.45078125 0.90390625 0.4390625 0.8919577203125 0.4390625
2 1 0.782265625 0.79140625 0.803125 0.790625 0.94609375 0.7984375 0.96015625 1 0.9382569984375 1 0.782265625