1 0.35703125 0.48981481406249994 0.34921875 0.4879629625 0.34322916718749996 0.49583333281249997 0.3416666671875 0.5023148140625 0.3453125 0.5726851859375001 0.3369791671875 0.6134259265625001 0.3359375 0.64398148125 0.3463541671875 0.7023148140625 0.34921875 0.70555555625 0.3614583328125 0.7050925921875 0.3661458328125 0.7004629625 0.36875 0.691203703125 0.3739583328125 0.6495370375 0.3739583328125 0.6300925921875 0.3708333328125 0.603240740625 0.3614583328125 0.5699074078125 0.3625 0.5023148140625 0.35703125 0.48981481406249994
1 0.53828125 0.48333333281249996 0.534375 0.49490740781250003 0.5369791671875 0.565277778125 0.5291666671875 0.5912037031249999 0.525 0.6199074078125 0.525 0.6365740734374999 0.5291666671875 0.6708333328125 0.5348958328125 0.69398148125 0.5403645828125 0.6981481484375001 0.5494791671875 0.6976851859375001 0.5546875 0.691203703125 0.5614583328125 0.6578703703125 0.5635416671875 0.616203703125 0.5520833328125 0.5615740734375 0.5546875 0.49583333281249997 0.5497395828125 0.4824074078125 0.54453125 0.4796296296875 0.53828125 0.48333333281249996
1 0.38046875 0.47592592656250005 0.3747395828125 0.48055555625 0.3713541671875 0.4893518515625 0.37552083281250004 0.55694444375 0.3682291671875 0.5865740734375 0.3739583328125 0.633796296875 0.3723958328125 0.6773148140624999 0.3768229171875 0.6898148140625 0.390625 0.690277778125 0.3942708328125 0.6875 0.3973958328125 0.6763888890625 0.3958333328125 0.6273148140625 0.4 0.5912037031249999 0.390625 0.553240740625 0.3916666671875 0.48842592656250006 0.38723958281250004 0.478703703125 0.38046875 0.47592592656250005
1 0.42291666718750004 0.54398148125 0.42369791718750005 0.4768518515625 0.4205729171875 0.48425925937500003 0.41015625 0.4824074078125 0.40416666718750005 0.49398148124999997 0.403125 0.5106481484375001 0.40625 0.5643518515625 0.40208333281249997 0.578240740625 0.3963541671875 0.6254629625 0.3984375 0.66805555625 0.40625 0.6986111109375 0.40911458281249996 0.7018518515625 0.4203125 0.7013888890625 0.42369791718750005 0.7 0.42760416718750005 0.690277778125 0.4328125 0.6625 0.4348958328125 0.6347222218749999 0.43072916718750004 0.5995370375 0.43177083281249995 0.578240740625 0.42552083281249997 0.5615740734375 0.42291666718750004 0.54398148125
1 0.45234375 0.47407407343749997 0.44296875 0.475 0.4375 0.48564814843750004 0.43958333281249995 0.5449074078125 0.43125 0.5921296296875 0.4348958328125 0.6226851859375 0.43385416718750003 0.6643518515625 0.4369791671875 0.6800925921875 0.44140625 0.6879629625 0.4546875 0.6875 0.459375 0.6763888890625 0.4625 0.6587962968750001 0.465625 0.60694444375 0.4625 0.5763888890625 0.45520833281249995 0.553240740625 0.4578125 0.48842592656250006 0.45494791718750005 0.4703703703125 0.45234375 0.47407407343749997
1 0.48671875 0.47407407343749997 0.48359375 0.48148148125 0.47369791718750004 0.4879629625 0.471875 0.49398148124999997 0.4713541671875 0.5115740734374999 0.47552083281249996 0.5578703703125 0.4713541671875 0.583796296875 0.4671875 0.5958333328125 0.4640625 0.6263888890625 0.46510416718750003 0.6504629625 0.47239583281249997 0.691203703125 0.4778645828125 0.6990740734374999 0.48645833281249995 0.6995370375000001 0.49036458281249995 0.6981481484375001 0.4953125 0.6856481484375 0.5015625 0.633796296875 0.5 0.603240740625 0.4947916671875 0.571759259375 0.490625 0.559722221875 0.4927083328125 0.49490740781250003 0.48671875 0.47407407343749997
1 0.5106770828125 0.47222222187499996 0.50546875 0.47222222187499996 0.4994791671875 0.4791666671875 0.4973958328125 0.4875 0.5010416671875 0.553240740625 0.49635416718750003 0.5708333328124999 0.49635416718750003 0.583796296875 0.5015625 0.6134259265625001 0.49791666718750005 0.678240740625 0.5018229171875 0.6870370375 0.5145833328125 0.6865740734375 0.5197916671875 0.68194444375 0.5255208328125 0.6560185187500001 0.525 0.6180555562500001 0.5270833328125 0.5930555562500001 0.5166666671875 0.5513888890625 0.51875 0.4875 0.5153645828125 0.4768518515625 0.5106770828125 0.47222222187499996
1 0.4869791671875 0.4699074078125 0.48046875 0.46388888906250003 0.47369791718750004 0.46666666718750005 0.4682291671875 0.48379629687500003 0.47083333281249995 0.54398148125 0.4635416671875 0.583796296875 0.4671875 0.5986111109375 0.47552083281249996 0.558796296875 0.475 0.5328703703125 0.471875 0.528240740625 0.47291666718750003 0.49120370312499995 0.47838541718750005 0.4824074078125 0.48671875 0.48518518593750004 0.4890625 0.48194444374999995 0.4869791671875 0.4699074078125
1 0.4244791671875 0.4763888890625 0.41953125 0.46666666718750005 0.4106770828125 0.465740740625 0.4046875 0.47453703750000004 0.40442708281249995 0.48981481406249994 0.41640625 0.48425925937500003 0.4244791671875 0.4921296296875 0.4244791671875 0.4763888890625
1 0.44453125 0.475 0.45078125 0.475 0.459375 0.4893518515625 0.459375 0.4754629625 0.45598958281249996 0.4611111109375 0.45130208281249995 0.45555555625000005 0.4466145828125 0.45555555625000005 0.440625 0.46157407343749995 0.4375 0.47453703750000004 0.4388020828125 0.4796296296875 0.44453125 0.475
0 0.5307291671875001 0.47361111093749997 0.5317708328124999 0.45231481406249996 0.5296875 0.4393518515625 0.5231770828125 0.425 0.5138020828125 0.41944444374999995 0.5080729171875 0.41111111093749997 0.49973958281249997 0.41111111093749997 0.49036458281249995 0.4175925921875 0.48229166718750005 0.43101851875 0.47760416718750004 0.45046296249999995 0.478125 0.4606481484375 0.48619791718750005 0.4675925921875 0.4895833328125 0.47453703750000004 0.4953125 0.508796296875 0.4973958328125 0.5050925921875 0.49791666718750005 0.4828703703125 0.50234375 0.47407407343749997 0.5138020828125 0.47407407343749997 0.5177083328125 0.48101851875 0.5192708328125 0.49490740781250003 0.5216145828125 0.4981481484375 0.5307291671875001 0.47361111093749997