2 0.4796875 0.3890822875 0.0130399125 0.3890822875 0.012948303125 0.3891872609375 0.0127952953125 0.3890822875 0.002036984375 0.3890822875 0.00214998125 0.3924823625 0.00058748125 0.3923548203125 0.0006827046875 0.3890822875 0 0.3890822875 0 0.5062311484375 0.0054512 0.5078125 0.005929659375 0.5078125 0.01788698125 0.50653416875 0.021802234375 0.4975725171875 0.0297763859375 0.49265469062499995 0.053348590625000004 0.48993824999999996 0.05751078750000001 0.48146081562500004 0.0574479609375 0.4656775625 0.0601284859375 0.45429480624999996 0.06922512656249999 0.44668423281249997 0.094386778125 0.44316940625 0.09824814375 0.436059609375 0.105216509375 0.4477659296875 0.139510684375 0.4533497140625 0.42816011875 0.47319946249999995 0.43948374218749997 0.47876442656249996 0.451489853125 0.4788163515625 0.455054859375 0.4818917375 0.46659401562499997 0.48004929531249996 0.47120069375 0.4832097109375 0.4796875 0.48048607812500005 0.4796875 0.3890822875
1 0.673199221875 0 0.6738443468749999 0.0830828578125 0.6625 0.1346565875 0.6625 0.22130328906250002 0.6633914437499999 0.22701711875 0.6668127421875 0.24400264843750002 0.67283245 0.25 0.688313121875 0.25 0.6917723296875 0.247432271875 0.70539046875 0.183111084375 0.7029794828125 0.1314033328125 0.692594346875 0.0846134078125 0.697282025 0.00424916875 0.696730003125 0 0.673199221875 0
1 0.734364434375 0 0.7359375 0.056973389062500004 0.725 0.1020418953125 0.725 0.1631530078125 0.73125 0.1955344953125 0.734375 0.20825301718749997 0.73984375 0.214190984375 0.7511108515625 0.215625 0.75209423125 0.215625 0.7578125 0.2112808140625 0.7703125 0.1496549015625 0.76640625 0.1007706375 0.75546875 0.059728034375 0.7565717140625 0 0.734364434375 0
1 0.6335959703125 0 0.6388686671875 0.033155229687499996 0.6443312359375 0.028635390625 0.6492516671875 0.03652454375 0.640437353125 0.038084596875 0.6410583109375001 0.05 0.652929621875 0.05 0.652929621875 0.0328977875 0.652704421875 0.0311965015625 0.652929621875 0.030743523437499996 0.652929621875 0 0.6335959703125 0
1 0.63046875 0.0658406078125 0.61875 0.1282042484375 0.61953125 0.1768244484375 0.6265625 0.2130173765625 0.6338296921875 0.2234375 0.63933386875 0.2234375 0.65078125 0.2216325234375 0.6625 0.167602215625 0.66171875 0.11481534687499999 0.65078125 0.064688075 0.645703125 0.061156765625 0.63046875 0.0658406078125
1 0.5418083640625 0 0.54296875 0.017534721875 0.53125 0.07864583281250001 0.53125 0.10086805624999999 0.5375 0.13836805624999998 0.54375 0.1619791671875 0.55078125 0.16753472187500001 0.561328125 0.166840278125 0.565625 0.16059027812499999 0.57421875 0.1064236109375 0.57265625 0.06753472187500001 0.56015625 0.017534721875 0.5603496484375 0 0.5418083640625 0
1 0.591391509375 0 0.59453125 0.0369791671875 0.590625 0.042534721875 0.5796875 0.098090278125 0.5828125 0.15086805625 0.58828125 0.17725694375 0.59609375 0.192534721875 0.610546875 0.19184027812499999 0.6171875 0.17586805625 0.62265625 0.0953125 0.61875 0.0703125 0.6078125 0.03836805625 0.6097745031249999 0 0.591391509375 0
1 0.6533522390625001 0 0.65 0.061979167187499996 0.66484375 0.1369791671875 0.67578125 0.08975694375 0.67421875 0.048090278125000004 0.6640625 0.005034721875 0.6643087640625 0 0.6533522390625001 0
1 0.7570434578125 0 0.75546875 0.05225694374999999 0.76640625 0.0994791671875 0.7703125 0.155034721875 0.77421875 0.1494791671875 0.78203125 0.10920138906250001 0.7828125 0.0717013890625 0.76875 0.0064236109375 0.768971221875 0 0.7570434578125 0
1 0.6974869796875 0 0.69921875 0.023090278125 0.69609375 0.085590278125 0.70859375 0.1369791671875 0.7125 0.18697916718750002 0.7171875 0.1828125 0.72265625 0.1592013890625 0.72734375 0.092534721875 0.715625 0.0369791671875 0.7166826671875001 0 0.6974869796875 0
1 0.7968071375 0 0.7984375 0.0342013890625 0.7859375 0.08975694375 0.7875 0.1342013890625 0.796875 0.1786458328125 0.803125 0.185590278125 0.814453125 0.186284721875 0.82109375 0.180034721875 0.83046875 0.1244791671875 0.8296875 0.0814236109375 0.815625 0.030034721874999996 0.8165465203125001 0 0.7968071375 0
1 0.8506178640625001 0 0.85078125 0.005034721875 0.83984375 0.0536458328125 0.83828125 0.0939236109375 0.8453125 0.13975694375 0.85234375 0.155034721875 0.866015625 0.15572916718750002 0.87109375 0.15086805625 0.88125 0.0967013890625 0.8796875 0.0494791671875 0.86796875 0.00225694375 0.8681067421875 0 0.8506178640625001 0
0 0.899609375 0.2390625 0.876953125 0.2557291671875 0.86328125 0.2828125 0.85703125 0.3092013890625 0.85625 0.34809027812500004 0.86171875 0.37447916718749996 0.876171875 0.4029513890625 0.89296875 0.41614583281249995 0.920703125 0.4154513890625 0.937109375 0.4015625 0.95 0.3786458328125 0.95703125 0.35225694375 0.9578125 0.323090278125 0.95 0.280034721875 0.934765625 0.25295138906250003 0.921484375 0.24184027812500003 0.899609375 0.2390625
0 0.88203125 0.21892361093749999 0.87421875 0.2453125 0.873828125 0.25711805625 0.900390625 0.2390625 0.926171875 0.24461805625 0.941796875 0.26267361093749997 0.95078125 0.2814236109375 0.959375 0.3244791671875 0.96796875 0.30225694375 0.97109375 0.26475694375000003 0.965625 0.23559027812500002 0.952734375 0.20711805625 0.940234375 0.1932291671875 0.919140625 0.186284721875 0.902734375 0.19184027812499999 0.88203125 0.21892361093749999
1 0.4796875 1 0.4796875 0.9967025140625001 0.46796875 0.9491876593749999 0.4671875 0.89635525 0.47265625 0.7953487734375 0.4671875 0.768577471875 0.45930894218749996 0.7593559671875 0.4504986875 0.7593559671875 0.434765625 0.7600603140625 0.42578125 0.778182065625 0.42421875 0.8086283609375 0.43046875 0.8826765140624999 0.43046875 0.9535098468750001 0.42037310312500004 1 0.4796875 1
1 0.40772552500000003 1 0.4003526203125 0.9781643203125 0.3951497828125 0.9239521515625 0.3915486140625 0.8131595609375001 0.3871764984375 0.7976997703125 0.376888321875 0.78120426875 0.3621509671875 0.7761026796875 0.3557590078125 0.7761026796875 0.34965794843750003 0.7810005640625001 0.3421875 0.8031747765624999 0.3421875 0.8143591265625 0.36129012031249996 0.9758891890625 0.3591980078125 1 0.40772552500000003 1
1 0.340513390625 1 0.341162109375 0.9967251453125 0.339599609375 0.9786514078125 0.327099609375 0.9354504046875001 0.325537109375 0.88126555625 0.330224609375 0.7757645453124999 0.326708984375 0.768084746875 0.291552734375 0.7690645578125 0.2875 0.7710759296875 0.2875 0.8080932546875002 0.294287109375 0.8267352625000001 0.297412109375 0.8489938468750001 0.291162109375 0.9780877875 0.29394120625000003 1 0.340513390625 1
1 0.290971521875 1 0.2890625 0.96493055625 0.29609375 0.846875 0.2890625 0.81631944375 0.274609375 0.8017361109374999 0.265234375 0.8017361109374999 0.254296875 0.81006944375 0.24453125 0.8385416671874999 0.24375 0.86493055625 0.2515625 0.9385416671875 0.25225390625 1 0.290971521875 1
1 0.24673394062499998 1 0.2390625 0.96493055625 0.2375 0.93993055625 0.24296875 0.8038194437499999 0.2390625 0.7857638890625 0.230859375 0.7725694437499999 0.206640625 0.7739583328124999 0.1984375 0.784375 0.1953125 0.7982638890625 0.2015625 0.96493055625 0.193399784375 1 0.24673394062499998 1
1 0.149072265625 1 0.14453125 0.9802083328125001 0.14375 0.9302083328125 0.14921875 0.8635416671874999 0.14921875 0.8260416671874999 0.1421875 0.8010416671874999 0.130078125 0.7892361109375 0.111328125 0.7947916671875 0.10234375 0.819097221875 0.1015625 0.8635416671874999 0.10703125 0.9940972218749999 0.10570312500000001 1 0.149072265625 1
1 0.10297049843749999 1 0.10625 0.984375 0.09921875 0.9107638890625 0.1 0.8274305562500001 0.1046875 0.79131944375 0.102734375 0.7822916671875 0.097265625 0.7795138890625 0.062109375 0.780902778125 0.0578125 0.7885416671875001 0.0640625 0.8802083328125001 0.06484375 0.946875 0.054656428125 1 0.10297049843749999 1