1 0.2786385921875 0.359375 0.27898353125 0.32973090625 0.28313575 0.2862123875 0.281864153125 0.2612123875 0.2750106734375 0.24593460781249998 0.2631069234375 0.2394531265625 0.252072459375 0.24778645937500002 0.24586200625000001 0.2667679421875 0.2464403828125 0.30658275625 0.2498060921875 0.3306568296875 0.250070221875 0.359375 0.2786385921875 0.359375
0 0.8922320484374999 0.31206597187499996 0.9046248234375 0.3203125 0.9218901734375 0.3203125 0.9337191031250001 0.30512152656249997 0.9446780875 0.2697048609375 0.942005603125 0.23081597187499997 0.930927975 0.20928819375000002 0.9193061921875 0.20095486093749998 0.9112606640625 0.2 0.9069576828125001 0.2 0.8910680624999999 0.21067708281250003 0.8810842624999999 0.22942708281250002 0.8796875 0.23687976875 0.8796875 0.28219971250000003 0.884182453125 0.2988715265625 0.8922320484374999 0.31206597187499996
1 0.9688895093750001 0 0.97265625 0.0390625 0.96484375 0.073784721875 0.9625 0.1154513890625 0.96953125 0.1529513890625 0.97734375 0.1598958328125 0.9875 0.15572916718750002 0.996875 0.10434027812499999 0.99375 0.073784721875 0.984375 0.0390625 0.986572265625 0 0.9688895093750001 0
1 0.96279296875 0 0.96484375 0.0182291671875 0.95390625 0.06961805625 0.959375 0.1223958328125 0.9640625 0.079340278125 0.971875 0.04600694375 0.9688784953124999 0 0.96279296875 0
1 0.96796875 0.0640625 0.967578125 0.0467013890625 0.9625 0.0626736109375 0.96328125 0.0751736109375 0.96796875 0.0640625
1 0.9625697546875 0 0.96328125 0.0029513890625 0.96328125 0.0251736109375 0.959375 0.04600694375 0.9671875 0.041840278125000005 0.96640625 0.0307291671875 0.9703125 0.0251736109375 0.9684655234375 0 0.9625697546875 0
1 0.9445996093750001 0 0.9453125 0.0126736109375 0.940234375 0.014756943750000001 0.93671875 0.023784721875 0.94140625 0.0307291671875 0.940625 0.040451389062499996 0.936328125 0.0314236109375 0.93515625 0.041840278125000005 0.946875 0.054340278124999995 0.946875 0.06961805625 0.95 0.06961805625 0.9484375 0.0529513890625 0.9453125 0.048784721875 0.9489232109374999 0 0.9445996093750001 0
1 0.93984375 0.14461805625 0.948046875 0.1369791671875 0.94921875 0.1432291671875 0.944140625 0.1592013890625 0.940234375 0.15086805625 0.9390625 0.1598958328125 0.934375 0.1640625 0.94609375 0.166840278125 0.95234375 0.154340278125 0.95859375 0.1223958328125 0.959375 0.09461805625 0.952734375 0.0717013890625 0.94921875 0.0779513890625 0.9546875 0.08767361093750001 0.95234375 0.1265625 0.943359375 0.1328125 0.93984375 0.123784721875 0.93984375 0.14461805625
1 0.9248242187500001 0 0.92734375 0.0223958328125 0.91484375 0.0779513890625 0.915625 0.10850694375 0.92421875 0.14600694375 0.925 0.10017361093749999 0.93359375 0.048784721875 0.931482871875 0 0.9248242187500001 0
1 0.8840391578125001 0 0.88671875 0.0390625 0.8796875 0.0779513890625 0.878125 0.12100694375000001 0.884375 0.1529513890625 0.88828125 0.15711805625 0.900390625 0.1578125 0.903125 0.1529513890625 0.91015625 0.1098958328125 0.90859375 0.0779513890625 0.89765625 0.0390625 0.9004028312500001 0 0.8840391578125001 0
1 0.8804173515624999 0 0.88125 0.0140625 0.884375 0.016840278125 0.875 0.04600694375 0.87109375 0.073784721875 0.87265625 0.10711805625 0.8765625 0.11961805625 0.878125 0.08350694374999999 0.88671875 0.040451389062499996 0.88359375 0.004340278125 0.8840515140624999 0 0.8804173515624999 0
1 0.8391370265625 0 0.840625 0.033506943750000004 0.83125 0.079340278125 0.8328125 0.116840278125 0.84140625 0.148784721875 0.854296875 0.1494791671875 0.85703125 0.14461805625 0.86484375 0.09322916718749999 0.8640625 0.0765625 0.85390625 0.033506943750000004 0.8554344390624999 0 0.8391370265625 0
1 0.79775390625 0 0.79921875 0.0182291671875 0.7875 0.073784721875 0.7890625 0.1057291671875 0.79765625 0.1390625 0.81171875 0.13628472187500001 0.8203125 0.08767361093750001 0.81796875 0.054340278124999995 0.80859375 0.019618056249999998 0.8098549109375 0 0.79775390625 0
1 0.3269250078125 0.8617513031249999 0.32985055625 0.8117513031249999 0.3279270015625 0.7756401921875 0.30707015625 0.68814019375 0.305879359375 0.65619575 0.310383575 0.6048068609375 0.3099740296875 0.572862415625 0.30124015625 0.5513346375 0.2872261375 0.5471679703125 0.274947071875 0.5617513046875 0.2716442984375 0.57702908125 0.277835165625 0.6492513046875 0.278799703125 0.7006401921875 0.2671875 0.7517365078125 0.2671875 0.8742085546875 0.27626239531249996 0.91869575 0.28620444843750004 0.9328125 0.29770255 0.9328125 0.30618699375 0.9318901921875 0.3153087390625 0.9200846390624999 0.3269250078125 0.8617513031249999
1 0.183203125 0.5397569437499999 0.166015625 0.5467013890625 0.16171875 0.561284721875 0.1703125 0.6335069437499999 0.171875 0.6751736109375 0.1609375 0.7348958328125 0.16015625 0.7932291671875 0.1703125 0.836284721875 0.178515625 0.8328125 0.194140625 0.8105902781250001 0.2203125 0.7585069437499999 0.2140625 0.72100694375 0.196875 0.666840278125 0.19609375 0.561284721875 0.191015625 0.5467013890625 0.183203125 0.5397569437499999
1 0.789634775 0.6205331296875001 0.782404078125 0.5705331296875 0.7704858796874999 0.5205331296875 0.769885953125 0.48257016718750007 0.776283115625 0.42516276093750005 0.7766278875 0.39553313125 0.76981750625 0.3765516484375 0.7579029859374999 0.37099609375 0.744785184375 0.3793294265625 0.7390955640625 0.3983109078125 0.738696921875 0.43257016718749997 0.7436934484375 0.49553313125000004 0.741297665625 0.5223849859375 0.7303853890625 0.5649775765625 0.7234375 0.600475440625 0.7234375 0.7008132796875 0.7248360859374999 0.706181278125 0.743037271875 0.7078125 0.7807854203125 0.7078125 0.783445996875 0.7047923890625001 0.7892684546875 0.652014615625 0.789634775 0.6205331296875001
1 0.6713541671875001 0.514409721875 0.6708333328125 0.5431134265625 0.6572916671875 0.59866898125 0.65 0.6403356484375 0.6489583328124999 0.695891203125 0.65 0.701446759375 0.6533854171875 0.7046875 0.6942708328125 0.7070023140625 0.7184895828125 0.7046875 0.7203125 0.6681134265625 0.7161458328125 0.6162615734375001 0.7 0.5449652781250001 0.7005208328125 0.49866898125 0.7052083328125 0.451446759375 0.7052083328125 0.42366898124999997 0.69921875 0.40190972187499996 0.69296875 0.395428240625 0.6841145828124999 0.39357638906250003 0.67421875 0.400983796875 0.6666666671875 0.42089120312499995 0.6661458328125 0.457928240625 0.6713541671875001 0.514409721875
2 0.609375 0.8212615734375 0.6122395828125 0.8222800921874999 0.64296875 0.8195023140625001 0.6731770828125 0.82320601875 0.8393229171875 0.82320601875 0.8653645828125001 0.8176504625 0.86953125 0.82413194375 0.88828125 0.8287615734374999 0.8927083328125001 0.8347800921874999 0.8989583328125 0.87366898125 0.9059895828125001 0.8907986109374999 0.9369791671875 0.9005208328125001 0.95859375 0.8982060187500001 0.98671875 0.883391203125 0.9895833328125001 0.8782986109375 0.9932291671875 0.8588541671875 0.9911458328125 0.8403356484375 0.9890625 0.74774305625 0.9861979171874999 0.7315393515624999 0.94765625 0.7167245375 0.9169270828125 0.7157986109375 0.86796875 0.7167245375 0.8611979171874999 0.7195023140625001 0.8549479171875 0.7167245375 0.6502604171875 0.7157986109375 0.609375 0.7180939328125 0.609375 0.8212615734375