1 0.4078125 0.5 0.4078125 0.44054811406249994 0.3978799609375 0.3965301078125 0.3959457546875 0.36454019843749996 0.4056065203125 0.255136225 0.3998791921875 0.23275488125 0.3868350359375 0.2191853546875 0.3720559296875 0.2243090015625 0.364103303125 0.24559809531250001 0.3629933171875 0.28444152031250003 0.3668455703125 0.3470324484375 0.3641084390625 0.38027485156249996 0.3597280015625 0.40652735 0.34619882031250004 0.45195150625 0.3396685671875 0.4948024734375 0.339803953125 0.5 0.4078125 0.5
1 0.325974675 0.5 0.3267074734375 0.48734779687499996 0.35163804062500004 0.40048429375000005 0.35426756406250004 0.369974203125 0.35973108125 0.3478883734375 0.3603943984375 0.26170906718750003 0.36875 0.21148544375 0.36875 0.19802325 0.362792584375 0.1818365890625 0.35590683749999996 0.177465334375 0.345605084375 0.1813364828125 0.33577194062500004 0.2053806203125 0.3342356046875 0.316559928125 0.3148790875 0.3867667921875 0.3148790875 0.5 0.325974675 0.5
1 0.346875 0.34778223750000004 0.346875 0.258235846875 0.341561621875 0.198107378125 0.3466717 0.1788930203125 0.346875 0.1786919984375 0.346875 0.145924046875 0.34193030625 0.140625 0.33709356874999996 0.140625 0.3289935984375 0.145208775 0.32588715 0.16009257500000001 0.3340377109375 0.250315721875 0.32318678749999996 0.319518515625 0.3224426421875 0.348903703125 0.32774648281249996 0.39462777656250003 0.3336127515625 0.4125 0.335020771875 0.4125 0.3375873484375 0.4093046203125 0.346875 0.34778223750000004
1 0.6097291765625 0 0.610521934375 0.008889392187500001 0.5867241812499999 0.111483 0.5849755875 0.1759859046875 0.6086778359375 0.27996161875 0.6118266718750001 0.2828125 0.65252439375 0.2828125 0.6632484625 0.2446615875 0.665625 0.2318929265625 0.665625 0.0972954203125 0.6430648703124999 0.013525081250000001 0.6437417265625001 0 0.6097291765625 0
1 0.5090423375 0 0.50958934375 0.015060901562500001 0.49090574218749994 0.0813184328125 0.49090574218749994 0.22506618281250002 0.4973990828125 0.2566492046875 0.5024132375 0.2578125 0.5382465859375001 0.2578125 0.541342371875 0.25238714375 0.5601695515625 0.1790592328125 0.5625 0.14151356406249999 0.5625 0.1276770203125 0.5593188765624999 0.0959242890625 0.54064605625 0.0215052390625 0.5423546406249999 0 0.5090423375 0
1 0.7192488406249999 0 0.7180328296875 0.0216782109375 0.7071781234375 0.1137873953125 0.71646931875 0.1802229625 0.726420903125 0.26659519062500003 0.7566228687500001 0.3140625 0.7684032140625 0.3140625 0.8078125 0.30163108437499997 0.8078125 0.0640495671875 0.7975046499999999 0.0475226140625 0.7858039296875 0.022648578125 0.7843503546875 0 0.7192488406249999 0
1 0.8305661125 0 0.8306905828125 0.003984234375 0.8081203703125001 0.0851932875 0.8081203703125001 0.2425839421875 0.8142224812500001 0.277156078125 0.8174062062499999 0.2796875 0.8546367203125002 0.2796875 0.8578865484375001 0.2777281015625 0.8770582749999999 0.2145246484375 0.8875 0.1426628734375 0.8875 0.1334694671875 0.881909525 0.083564709375 0.8648312515625001 0.0214160234375 0.8666328218749999 0 0.8305661125 0
1 0.9269437734375 0 0.9275014140625 0.016966021875 0.9070319874999999 0.08209423906249999 0.9070319874999999 0.206917771875 0.9155044421875 0.2531938421875 0.9205717218749999 0.25625 0.9504067484375 0.25625 0.958068871875 0.25060698124999997 0.9767671921875 0.1802126375 0.978125 0.14133009531250001 0.978125 0.09257694375 0.95900913125 0.0090404796875 0.9598430578125001 0 0.9269437734375 0
1 0.4390625 0 0.4390625 0.0025146359375 0.44119419843749996 0.0233164640625 0.4390625 0.0320932484375 0.4390625 0.22143175781250002 0.4438326609375 0.2426114359375 0.4476160078125 0.24375 0.4828125 0.24375 0.4828125 0.0734228046875 0.4701589359375 0.0327069328125 0.47029736875 0 0.4390625 0
1 0.640641740625 0 0.640264421875 0.0038984890624999997 0.644110578125 0.028025653125 0.6537259609375 0.053572062499999996 0.656610578125 0.072022246875 0.66045673125 0.09898789999999999 0.6681490390625 0.120276575 0.6719951921874999 0.147242228125 0.6719951921874999 0.15859619062500002 0.6748798078125 0.1869810890625 0.6787259609375 0.18130410937500002 0.690264421875 0.13588826874999999 0.681610578125 0.09756865625 0.6710336531250001 0.07344149062500001 0.665264421875 0.0464758375 0.6623798078125 0.0152524484375 0.6623798078125 0 0.640641740625 0
1 0.81168473125 0 0.8123798078125001 0.00957546875 0.81141826875 0.0393796125 0.806610578125 0.0592490421875 0.802764421875 0.0847954515625 0.7989182687499999 0.10040714531249999 0.795072115625 0.11318035 0.794110578125 0.14014600625 0.7960336531250001 0.1727886390625 0.81141826875 0.2167852328125 0.819110578125 0.2394931515625 0.8219951921875 0.2565240921875 0.8268028843749999 0.2394931515625 0.815264421875 0.19265806875 0.806610578125 0.154338453125 0.8162259609374999 0.1188573296875 0.8200721156250002 0.0847954515625 0.82391826875 0.0663452671875 0.8287259609375 0.05073357187500001 0.8344951921874999 0.035121878125 0.8373798078125001 0.0195101828125 0.8382610187499999 0 0.81168473125 0
2 0.4390625 0.5651309609374999 0.002907096875 0.55107070625 0.000245446875 0.55724114375 0.0028531 0.613547975 0.0180671578125 0.6140625 0.4390625 0.6140625 0.4390625 0.5651309609374999
1 0.130250403125 0.5 0.1282596828125 0.5065928296875 0.1282596828125 0.546875 0.1571377671875 0.546875 0.159375 0.5383239875 0.159375 0.5140505671875 0.156059990625 0.5 0.130250403125 0.5
1 0.0992268859375 0.5 0.0991291140625 0.5005545390624999 0.10051433750000001 0.5367749109375 0.10301682187500001 0.5453125 0.1203125 0.5453125 0.1203125 0.5 0.0992268859375 0.5
1 0.3535448359375 0.5 0.3535448359375 0.5515625 0.37917325625 0.5515625 0.3827327 0.5493481953125 0.384375 0.524096240625 0.384375 0.5079406609375 0.382785659375 0.5 0.3535448359375 0.5
2 0.4390625 0.6015625 0.7672311125 0.6015625 0.7703125 0.538531546875 0.7703125 0.5303789109375 0.7673382359375001 0.525966765625 0.5696819859375 0.520215553125 0.5206572406250001 0.513227878125 0.4390625 0.5082052874999999 0.4390625 0.6015625