1 0.0540684234375 0.24272908750000002 0.07917803906250001 0.2453125 0.0890625 0.2453125 0.0890625 0.187189859375 0.08797936875 0.1802720734375 0.08717265468749999 0.08003563124999999 0.0817686796875 0.0741898984375 0.05409435312500001 0.07422793125 0.049983001562500004 0.07854919375 0.049432471875 0.08506705 0.059071810937500004 0.15714376875 0.0613574765625 0.1941989953125 0.0540684234375 0.24272908750000002
1 0.12119140625 0.2145566578125 0.11650390625 0.24304203906250002 0.11805362500000001 0.24375 0.15935209374999998 0.24375 0.1609375 0.23762313906250002 0.1609375 0.2148887640625 0.1534830734375 0.178097703125 0.15817057343750002 0.0959086203125 0.15712890625 0.088452696875 0.1537434890625 0.08505427812500001 0.1365559890625 0.08332783125 0.1292643234375 0.08576599375 0.12744140625 0.08984775625 0.13056640625 0.1418451578125 0.13056640625 0.181659971875 0.12119140625 0.2145566578125
1 0.19873342031250002 0.22651085 0.19774388437499998 0.19967415156249999 0.203125 0.0987875828125 0.203125 0.0888477015625 0.19649679375 0.083447715625 0.16059161718749998 0.0863452421875 0.1583852453125 0.0942838078125 0.1587569734375 0.11558010468749999 0.1642040921875 0.15896223125 0.16563 0.210798928125 0.16254984374999998 0.24331241874999998 0.1675813171875 0.2484375 0.20221382499999999 0.2484375 0.19873342031250002 0.22651085
1 0.220982271875 0.198404340625 0.2113737125 0.24397223281249997 0.21314236874999998 0.2484375 0.2546875 0.2484375 0.2546875 0.2317276875 0.2481140953125 0.20307596874999997 0.2478429828125 0.15774201875 0.252146240625 0.10625436875000001 0.25091063125 0.09507041875 0.246394653125 0.089668253125 0.21830197812500002 0.0895534140625 0.2150539390625 0.097187053125 0.220319628125 0.1604413765625 0.220982271875 0.198404340625
1 0.3256967703125 0.2546875 0.34316488125 0.253792996875 0.345736728125 0.24805534062499998 0.3465144359375 0.202612128125 0.353125 0.1269413015625 0.353125 0.090932515625 0.3512110296875 0.08769720156250001 0.3141612875 0.08769720156250001 0.3007809140625 0.0886328484375 0.2984375 0.094561334375 0.2984375 0.12555317500000002 0.30481545 0.19997019062500002 0.3051009546875 0.2490442640625 0.30903683125 0.25386370625 0.3155001125 0.2546875 0.3256967703125 0.2546875
1 0.2978632875 0.1005753921875 0.2951291265625 0.0953125 0.276558590625 0.0953125 0.27585546562499996 0.11246858281250001 0.2808846859375 0.1818220890625 0.2679145671875 0.2434606484375 0.2698829859375 0.24756365625 0.2792709 0.2515625 0.28402292500000004 0.2515625 0.2932055734375 0.2509209625 0.303125 0.2496082390625 0.303125 0.1640818390625 0.2978632875 0.1005753921875
1 0.4015625 0.2232234546875 0.39822143125 0.190531065625 0.4015625 0.14402861718749999 0.4015625 0.0973779421875 0.39874360468750003 0.094749246875 0.36027739531249997 0.0961526234375 0.35862425781249996 0.1002980796875 0.35949201406250003 0.121594378125 0.367982734375 0.2022105375 0.3675520921875 0.22997013437499997 0.3647740171875 0.2512240078125 0.3652427640625 0.2515625 0.4015625 0.2515625 0.4015625 0.2232234546875
1 0.406690009375 0.2361311671875 0.41139703125000004 0.2515625 0.428125 0.2515625 0.428125 0.21390934218750002 0.4265302984375 0.2088974859375 0.42289261875 0.174656409375 0.42352962187500004 0.10047323906250001 0.42125065 0.0944865421875 0.40600615781249993 0.0928983328125 0.40286630937499995 0.096198165625 0.40401045 0.138827125 0.4019000359375 0.1935658484375 0.406690009375 0.2361311671875
1 0.4381030703125 0.25 0.4453125 0.25 0.4453125 0.2044464203125 0.4417116421875 0.1849560671875 0.442177403125 0.10470090000000001 0.425601315625 0.10040879843749999 0.422204584375 0.10988069687499999 0.41967811718750003 0.170624665625 0.423278696875 0.209613684375 0.4286099796875 0.23210292031250002 0.43648395625 0.24368130312499997 0.4381030703125 0.25
2 0 0.3796875 0.559375 0.3796875 0.559375 0.273428984375 0.45910712187499997 0.26960056250000003 0.446328915625 0.2740029140625 0.37653725 0.2727846953125 0.34925981250000004 0.26860825 0.346328915625 0.27225740625 0.3276274421875 0.27285605 0.3023362875 0.26686411875 0.28993333906249996 0.26849778125 0.256878209375 0.2632954078125 0.24300981250000003 0.2667536484375 0.22269731250000002 0.2663990921875 0.20735051875 0.26150581875 0.176294621875 0.264664053125 0.158343659375 0.2597253234375 0.12141301874999999 0.2600057734375 0.1107537234375 0.255194321875 0.06677404375 0.2599771265625 0.0314900046875 0.25196060937500003 0.00261449375 0.257007059375 0 0.2568814875 0 0.3796875
1 0.6480627109375 0.3796875 0.655300621875 0.3377043671875 0.659375 0.2927527125 0.659375 0.2819032140625 0.6576143734375 0.2601268484375 0.649978971875 0.2136055328125 0.6534753140625 0.1636055328125 0.659375 0.1299221453125 0.659375 0.1014666765625 0.6486578375 0.0804934546875 0.6385001609375001 0.0774572828125 0.6299078375 0.081695009375 0.6211579328125 0.09930859843749999 0.6193735859375 0.19897483437500002 0.616108371875 0.21950950625 0.616108371875 0.3796875 0.6480627109375 0.3796875
1 0.559375 0.3796875 0.56875 0.3796875 0.56875 0.12133050000000001 0.56819493125 0.10264446406250001 0.560386509375 0.0857421828125 0.559375 0.0851182046875 0.559375 0.3796875
1 0.6158153234375 0.3796875 0.6171875 0.2901025390625 0.6171875 0.2536442359375 0.609375 0.2168220265625 0.6088541671875001 0.198279246875 0.6140625 0.11333664531250001 0.60703125 0.0940276765625 0.59140625 0.0886703015625 0.5815104171875001 0.0946908796875 0.5760416671875 0.1097139453125 0.5791666671875 0.21448912187500002 0.5723958328125 0.2419515453125 0.5697916671875001 0.26590432656249996 0.5671875 0.333684284375 0.5671875 0.3559682171875 0.5686029265625 0.3796875 0.6158153234375 0.3796875
1 0.7109375 0.3796875 0.7109375 0.23458025781249997 0.70425984375 0.2087452609375 0.703419415625 0.1605971125 0.705700340625 0.14226069375 0.7056070140624999 0.107111928125 0.6987976 0.089527046875 0.68413345625 0.08387765 0.673341415625 0.09144616093749999 0.66921333125 0.10826621875 0.6695365718749999 0.12678473750000002 0.6737157546875 0.1575952328125 0.6756624984374999 0.209519925 0.6698973609375 0.2368606609375 0.6700589828125001 0.24611992031250002 0.6767938453125 0.27433474062499996 0.6799152 0.304146471875 0.676811575 0.3796875 0.7109375 0.3796875
1 0.7666137953125001 0.3796875 0.7671875 0.370478215625 0.7671875 0.2751702796875 0.7572053921874999 0.20483455 0.757473040625 0.1612796125 0.760935721875 0.129543190625 0.7607956625 0.10546911562500001 0.758126853125 0.09454010625 0.7520807078125 0.085236715625 0.7436879609375 0.084166996875 0.73716328125 0.084166996875 0.7286701421874999 0.09150525468750001 0.7238164953125 0.1080549515625 0.728972653125 0.188282725 0.7285972671875001 0.21331914375 0.7169467 0.2706382921875 0.7135863703125 0.31996730625 0.716975328125 0.36511915625 0.7200045703125 0.3796875 0.7666137953125001 0.3796875
1 0.783476296875 0.3796875 0.7852665828125 0.3733209296875 0.7991853265625 0.3612466890625 0.80625 0.33729693125 0.80625 0.21824694843749998 0.8018925359375 0.199844571875 0.79958635 0.17860283906250002 0.7991371640625 0.15080687343750002 0.8013891421875 0.1256977453125 0.8002897875 0.0942162640625 0.7926603546875001 0.077332171875 0.7878940109375 0.075 0.7859218796875 0.075 0.7749196890625 0.07702463281250001 0.768227946875 0.08699239375 0.7664679546875 0.0963244046875 0.767308640625 0.120398478125 0.7720538296875 0.15175264375 0.7740943625 0.195252975 0.767704559375 0.23626653437499998 0.777162609375 0.298048940625 0.7786176421875 0.33971560625 0.776200503125 0.3750281078125 0.7768570515625 0.3796875 0.783476296875 0.3796875
1 0.8178564390625 0.102909375 0.818799653125 0.1260575234375 0.8236528015625 0.1557295765625 0.8267999015624999 0.1946366453125 0.8242859265625 0.22237200000000001 0.8159369671875 0.2602198140625 0.8153324156250001 0.30926358593750003 0.8178459437499999 0.31345752656250003 0.846861696875 0.31009320625000003 0.8609996531250002 0.3121086890625 0.8640088546874999 0.3140625 0.8640625 0.3140625 0.8640625 0.2392210671875 0.85366423125 0.2023531359375 0.8518606249999999 0.17086559375000002 0.8534764828125001 0.13386491875 0.8510011296875 0.09866761406249999 0.8485782374999999 0.0903100375 0.8422679640625 0.082369971875 0.8276846296875 0.0822002796875 0.8200455921875001 0.09275449062499999 0.8178564390625 0.102909375
1 0.9515625 0.3796875 0.9515625 0.20328373281249998 0.9490858296875 0.1954393890625 0.9461093078125 0.16304107031249998 0.945515696875 0.11391245000000001 0.9425796453124999 0.0889306328125 0.9361637015625 0.076526090625 0.9275497187500001 0.07296784375000001 0.9199477046875 0.0758819890625 0.915230509375 0.082454384375 0.912341615625 0.0959484953125 0.915107646875 0.12556903125000002 0.9249763999999999 0.1800986578125 0.9249574734374999 0.200496303125 0.9151154921875 0.27020439218750003 0.9159277484375 0.287806075 0.9240235125 0.339585196875 0.9352083671875 0.3796875 0.9515625 0.3796875
1 1 0.3796875 0.9763322249999999 0.3796875 0.9751087375 0.39718418125 0.9778581140625 0.43572261562500003 0.9762070640625 0.45933372656250004 0.9653566796875002 0.500015034375 0.9653566796875002 0.5796875 1 0.5796875 1 0.48279024843750007 0.9979892281249999 0.47038184843749997 1 0.44881266249999996 1 0.3796875
2 1 0.5812861765624999 0.559375 0.5812861765624999 0.559375 0.680236271875 0.56494055 0.6798935531250001 0.6341115265624999 0.6830483046875 1 0.6729871296875001 1 0.5812861765624999