0 0.3449869828125 0.253112165625 0.3449869828125 0.21826818593750003 0.3418203734375 0.2071929484375 0.326952215625 0.18626271562500002 0.31096666562499997 0.18626271562500002 0.309524984375 0.186415325 0.2995843734375 0.2031005609375 0.296875 0.21648047187500002 0.296875 0.2243241953125 0.2994769046875 0.244667096875 0.308016921875 0.2660010796875 0.31437204375 0.271875 0.3340206625 0.271875 0.3436149140625 0.2585818359375 0.3449869828125 0.253112165625
1 0.909933275 0.4890625 0.909933275 0.442418615625 0.899121453125 0.399670653125 0.8980867625 0.3700410234375 0.900349209375 0.3008969640625 0.89787786875 0.28965234687499997 0.892622778125 0.28053897499999997 0.8867599265624999 0.276767040625 0.8819708296875 0.276767040625 0.8749467765624999 0.2803300984375 0.869099209375 0.29889437343749997 0.87509845 0.39628347812500003 0.8640625 0.4458303859375 0.8640625 0.4890625 0.909933275 0.4890625
1 0.8358065078125 0.4890625 0.8197916671875 0.41956018593750005 0.8192708328125 0.38715277812500004 0.8234375 0.3297453703125 0.8229166671874999 0.300115740625 0.81640625 0.2829861109375 0.8091145828125 0.27743055625 0.80234375 0.27743055625 0.79609375 0.2820601859375 0.7880208328125 0.30289351875000003 0.7875 0.32881944375 0.7927083328125001 0.384375 0.7921875 0.41678240781250003 0.7875 0.443634259375 0.7770833328125001 0.4825231484375 0.77622504375 0.4890625 0.8358065078125 0.4890625
1 0.7300220421875 0.4890625 0.7197916671875 0.44826388906250003 0.7192708328124999 0.3927083328125 0.7244791671875 0.34363425937500003 0.7239583328125 0.30196759218749997 0.7169270828125 0.2829861109375 0.7096354171875 0.2765046296875 0.7002604171875 0.2765046296875 0.6934895828125 0.28113425937500003 0.6838541671875 0.30289351875000003 0.6828125 0.3362268515625 0.6890625 0.40567129687500003 0.6890625 0.42881944375 0.6864583328125 0.45381944374999994 0.6786458328125 0.484375 0.677843353125 0.4890625 0.7300220421875 0.4890625
1 0.7622930015625 0.4890625 0.7583333328125 0.4547453703125 0.7458333328125001 0.39733796250000003 0.7453125 0.368634259375 0.7494791671875 0.30196759218749997 0.746875 0.29085648124999997 0.7419270828125001 0.2820601859375 0.7299479171875001 0.2792824078125 0.7229166671875 0.288078703125 0.725 0.356597221875 0.7192708328124999 0.42696759218749997 0.7223958328125 0.45659722187499996 0.730385334375 0.4890625 0.7622930015625 0.4890625
1 0.6770389437500001 0.4890625 0.6765625 0.4797453703125 0.6614583328125 0.41956018593750005 0.6609375 0.38807870312500004 0.665625 0.3297453703125 0.6651041671875 0.3010416671875 0.6580729171875 0.2839120375 0.6502604171875 0.2792824078125 0.63828125 0.2839120375 0.6307291671875 0.3047453703125 0.6302083328125 0.3241898140625 0.6354166671875 0.39085648125 0.6348958328125 0.41585648124999997 0.6197916671875 0.4853009265625 0.6195031375 0.4890625 0.6770389437500001 0.4890625
1 0.6190184015625 0.4890625 0.6229166671875 0.455671296875 0.6088541671875001 0.39548611093749997 0.6119791671875 0.2991898140625 0.6065104171875 0.28483796250000004 0.59609375 0.2792824078125 0.58984375 0.2820601859375 0.5838541671875 0.293634259375 0.5859375 0.3204861109375 0.5859375 0.3982638890625 0.58125 0.42696759218749997 0.58125 0.463078703125 0.584590775 0.4890625 0.6190184015625 0.4890625
1 0.58378763125 0.4890625 0.5807291671875 0.4760416671875 0.5802083328125 0.41770833281249997 0.5848958328125 0.3575231484375 0.5833333328125 0.3010416671875 0.57734375 0.2857638890625 0.5700520828125 0.27743055625 0.5559895828125 0.274652778125 0.5440104171875 0.2829861109375 0.5390625 0.2949810609375 0.5390625 0.396198359375 0.5421875 0.42696759218749997 0.5427083328125 0.463078703125 0.5411458328125 0.4890046296875 0.5411353328125 0.4890625 0.58378763125 0.4890625
1 0.42366677968750005 1 0.425 0.9454861109374999 0.42005208281249995 0.9339120375000001 0.4106770828125 0.9302083328125 0.4015625 0.93993055625 0.3994791671875 0.950115740625 0.4022456359375 1 0.42366677968750005 1
2 0.5390625 0.7608514765625 0.4986979171875 0.7589120375 0.41640625 0.7616898140625 0.2877604171875 0.7598379625 0.19921875 0.7542824078125 0.1721354171875 0.7579861109375 0.16848958281249998 0.7616898140625 0.16067708281249998 0.7607638890625 0.1588541671875 0.7640046296875 0.1619791671875 0.7723379625 0.1609375 0.781597221875 0.1630208328125 0.79085648125 0.1640625 0.8334490734375001 0.17239583281249998 0.855671296875 0.17239583281249998 0.86493055625 0.1783854171875 0.8737268515625001 0.1924479171875 0.87835648125 0.2153645828125 0.875578703125 0.23151041718749998 0.862615740625 0.23958333281250002 0.8491898140625 0.2416666671875 0.838078703125 0.24973958281250003 0.821875 0.40234375 0.831134259375 0.51484375 0.8329861109374999 0.5390625 0.8353780859375 0.5390625 0.7608514765625
0 0.6367023234375 0.8026307687500001 0.6351406546875 0.7834810937500001 0.628682228125 0.7696713390625 0.6200902203124999 0.76172990625 0.615835365625 0.7609205328125 0.61168441875 0.7609205328125 0.6051153890625 0.764465690625 0.5984375 0.774093828125 0.5984375 0.815752471875 0.5989340140625 0.8181150234375 0.6069423640625 0.8328125 0.62649583125 0.8328125 0.631207771875 0.827112121875 0.6367023234375 0.8067202078125 0.6367023234375 0.8026307687500001