1 0.33465925625000004 0 0.323600721875 0.029043025 0.315903184375 0.06866082968750001 0.307778234375 0.149034528125 0.3031195765625 0.3267971515625 0.29917923750000003 0.384128784375 0.2898617625 0.47095365781250004 0.27778565624999996 0.5419468578125 0.24537910468750002 0.6355123296875 0.22648743593749998 0.6796875 0.40049675156250003 0.6796875 0.3955443015625 0.5879947249999999 0.39989771875 0.5353078734375 0.40804782656249994 0.47624562499999995 0.43578121875000003 0.33714308125 0.45577758125 0.26174756875 0.47344994375000005 0.1742392484375 0.478125 0.1373253890625 0.478125 0.0381433515625 0.4699943828125 0.009212267187500001 0.4648592015625 0 0.33465925625000004 0
1 0.741271971875 0.6796875 0.7427083328125 0.659259259375 0.7354166671875 0.6231481484375 0.7369791671874999 0.575 0.7346354171874999 0.56805555625 0.7268229171874999 0.565277778125 0.7213541671874999 0.5759259265625001 0.7223958328125001 0.6268518515625 0.7145833328125001 0.6611111109375 0.7145833328125001 0.6796875 0.741271971875 0.6796875
1 0.7720079203125 0.6796875 0.771875 0.6768518515624999 0.7635416671874999 0.6398148140625 0.7661458328125 0.5879629625 0.76328125 0.5754629625 0.75546875 0.5699074078125 0.7479166671874999 0.58055555625 0.7489583328125 0.6425925921875 0.7427083328125 0.66851851875 0.7419230140625 0.6796875 0.7720079203125 0.6796875
1 0.8112630218750001 0.6796875 0.803125 0.64351851875 0.8052083328125 0.5879629625 0.80078125 0.5745370375000001 0.79453125 0.571759259375 0.7895833328125 0.5768518515625 0.7875 0.5851851859375 0.7890625 0.6453703703125 0.781249225 0.6796875 0.8112630218750001 0.6796875
1 0.8509397640625 0.6796875 0.8494791671874999 0.672222221875 0.840625 0.65 0.8380208328125001 0.5935185187500001 0.8325520828125 0.58194444375 0.82578125 0.58194444375 0.8203125 0.5925925921874999 0.8203125 0.6046296296875 0.8265625 0.6481481484375 0.8230914578125 0.6796875 0.8509397640625 0.6796875
1 0.8985546875000001 0.6796875 0.890625 0.64444444375 0.8921875 0.5861111109375 0.8888020828125001 0.5763888890625 0.8809895828125001 0.5736111109375 0.8739583328125 0.5861111109375 0.8770833328125001 0.64444444375 0.8694239765624999 0.6796875 0.8985546875000001 0.6796875
1 0.9391646250000001 0.6796875 0.9322916671874999 0.640740740625 0.9338541671874999 0.5833333328125 0.93046875 0.5745370375000001 0.9236979171874999 0.5708333328124999 0.91953125 0.5736111109375 0.915625 0.5851851859375 0.9171875 0.64351851875 0.9088541671874999 0.6796296296875 0.9088514546875001 0.6796875 0.9391646250000001 0.6796875
1 0.9658212687500001 0.6796875 0.9661458328125001 0.6731481484375 0.9578125 0.6296296296875 0.9588541671874999 0.5740740734374999 0.9533854171874999 0.565277778125 0.9486979171875 0.565277778125 0.9432291671874999 0.575 0.9447916671875 0.621296296875 0.9432291671874999 0.6370370375000001 0.9375 0.6564814812499999 0.9391921046875 0.6796875 0.9658212687500001 0.6796875
1 0 0.8335905312499999 0.0041666671875 0.8615740734375 0.0020833328125000002 0.8921296296874999 0.0020833328125000002 0.8995370375 0.0041666671875 0.9004629625 0.0078125 0.8976851859374999 0.0114583328125 0.883796296875 0.0140625 0.86898148125 0.0140625 0.853240740625 0.008854167187500001 0.8245370375000001 0.009375 0.784722221875 0.0028645828125 0.7796296296875 0 0.784722221875 0 0.8335905312499999
1 0.0302083328125 0.903240740625 0.0348958328125 0.8921296296874999 0.0380208328125 0.8625 0.0322916671875 0.8291666671875 0.0328125 0.7884259265625 0.0268229171875 0.7814814812499999 0.021875 0.7893518515625 0.0229166671875 0.8254629625 0.0171875 0.8504629625 0.0161458328125 0.8652777781250001 0.0208333328125 0.896759259375 0.02421875 0.902777778125 0.0302083328125 0.903240740625
1 0.059375 0.896759259375 0.0645833328125 0.8736111109374999 0.06510416718749999 0.8541666671874999 0.060416667187499995 0.8245370375000001 0.0609375 0.7865740734375001 0.0575520828125 0.7805555562500001 0.05338541718749999 0.7814814812499999 0.05 0.7884259265625 0.0515625 0.8245370375000001 0.0458333328125 0.8513888890625001 0.0458333328125 0.8699074078125 0.05 0.8949074078125001 0.059375 0.896759259375
1 0.346875 0.8615740734375 0.3411458328125 0.834722221875 0.3421875 0.79398148125 0.3361979171875 0.7879629625 0.33125 0.79398148125 0.3317708328125 0.834722221875 0.3260416671875 0.85694444375 0.3255208328125 0.8800925921874999 0.3317708328125 0.909722221875 0.3401041671875 0.909722221875 0.3458333328125 0.8865740734375 0.346875 0.8615740734375
1 0.27371542187500003 0.8791666671874999 0.279965421875 0.916203703125 0.2888195890625 0.91805555625 0.29454875468749997 0.9023148140625 0.29715292187500003 0.8745370375 0.2950695890625 0.85601851875 0.2903820890625 0.8393518515625 0.292465421875 0.7995370375 0.288559171875 0.7916666671875 0.2833508390625 0.7916666671875 0.2794445890625 0.7995370375 0.2810070890625 0.8384259265624999 0.2742362546875 0.866203703125 0.27371542187500003 0.8791666671874999
1 0.2245574109375 0.9139965968749999 0.22742199375 0.9172373374999999 0.2339324109375 0.9167743734375 0.24070324375 0.8936262265625 0.24226574374999998 0.8714040031250001 0.23549491093750002 0.83714474375 0.23757824374999997 0.79918178125 0.2341928265625 0.7913114109375 0.22898449375 0.7903854859375 0.22507824375 0.7973299296875 0.2261199109375 0.8362188187499999 0.2193490765625 0.8649225218750001 0.21882824374999998 0.8825151140624999 0.2245574109375 0.9139965968749999
1 0.2533595515625 0.8417637125 0.248715421875 0.859722221875 0.24715292187500001 0.8865740734375 0.251840421875 0.91805555625 0.2606945890625 0.9226851859374999 0.2648612546875 0.9208333328125 0.2685070890625 0.9069444437499999 0.27111125468749997 0.890277778125 0.27111125468749997 0.871759259375 0.264340421875 0.8384259265624999 0.2653820890625 0.7995370375 0.2599133390625 0.7916666671875 0.2539237546875 0.7995370375 0.2528820890625 0.8236111109375 0.2533595515625 0.8417637125
1 0.5 0.6796875 0.5 0.78266356875 0.5032398015624999 0.7828125 0.5152009890625 0.7828125 0.5201413046875001 0.7749181765625 0.521875 0.7635152453125 0.521875 0.6796875 0.5 0.6796875