1 0.5995775531249999 0.4296875 0.6034506000000001 0.417015415625 0.6052878421875 0.39341339531249997 0.5961875812499999 0.369747740625 0.5961605828125001 0.33849546875000003 0.587243609375 0.366223246875 0.579414946875 0.3675666859375 0.5718557046875 0.3793290625 0.5696350812500001 0.4296875 0.5995775531249999 0.4296875
1 0.51102225 0.4296875 0.5227283593750001 0.3885365828125 0.5227283593750001 0.37278791093749997 0.5202326140625 0.338082 0.5138694890625 0.3185284609375 0.51970739375 0.247804221875 0.514544425 0.23313225 0.5098407640625 0.23027265 0.49891942499999997 0.2328595125 0.49544824218750005 0.2404370375 0.49431399843749996 0.31402087343749996 0.48581721250000004 0.33053753750000003 0.4828125 0.34489693906249996 0.4828125 0.4030366328125 0.48715600468750003 0.4263845078125 0.4896750390625 0.4296875 0.51102225 0.4296875
1 0.447708315625 0.4296875 0.447539978125 0.42906285781250003 0.45208748906249996 0.3762532640625 0.4508698625 0.351257809375 0.44560991406249995 0.3408706875 0.430693434375 0.336790378125 0.42198785625 0.35281486875 0.42717899218750005 0.42640325468749996 0.42614357812500003 0.4296875 0.447708315625 0.4296875
1 0.395447709375 0.4125 0.4115786625 0.4125 0.411698740625 0.41191590156249996 0.411698740625 0.3149034671875 0.40457786562500003 0.2975585875 0.40310000468749996 0.2322808109375 0.39734265 0.2176974765625 0.3925904609375 0.2163085875 0.3841260890625 0.219086365625 0.3828125 0.22431523750000001 0.3828125 0.24780061875 0.3871316109375 0.2920030328125 0.3828125 0.30391732656250003 0.3828125 0.3719706796875 0.38436980625 0.3836697015625 0.3934113875 0.4100585875 0.395447709375 0.4125
1 0.46218629843750003 0.3203125 0.4681830984375 0.3203125 0.4681830984375 0.19010349531249998 0.466238196875 0.1555016453125 0.45967583906250004 0.1430971046875 0.4544504671875 0.11467260937499998 0.45318281562499996 0.14042841875 0.4484375 0.151860346875 0.4484375 0.1624790171875 0.45420638125 0.2057880203125 0.4539805125 0.22109307031249997 0.449483859375 0.2322996375 0.45016075312500003 0.2489799421875 0.45755583125 0.3156193328125 0.46218629843750003 0.3203125
1 0.41531209062499996 0.111731 0.41249689843750004 0.11541042187499999 0.41253463281249997 0.1472956671875 0.409375 0.1578923921875 0.409375 0.2375 0.42277607812499995 0.2375 0.4244958953125 0.2365078515625 0.43227065937500003 0.2040306109375 0.4329171953125 0.17625283281249998 0.4250992875 0.1435706953125 0.4265593984375 0.11434482812499999 0.41531209062499996 0.111731
1 0.374775359375 0.3078125 0.3788306828125 0.3034563453125 0.381617959375 0.27376982656250004 0.381617959375 0.2361906265625 0.3810668171875 0.22708563750000002 0.3714655609375 0.2075866515625 0.37086759687500004 0.1561977625 0.36356160625 0.13254574531250002 0.36052825 0.1068353921875 0.357834278125 0.1102917046875 0.3581090171875 0.1339028171875 0.35625 0.13776025 0.35625 0.1874705546875 0.3573222546875 0.20056039375 0.35625 0.2079047171875 0.35625 0.287317209375 0.35681023125 0.29082908125 0.364337496875 0.3078125 0.374775359375 0.3078125
1 0.3054166515625 0.3203125 0.3078038640625 0.3203125 0.30976979843749997 0.3123457390625 0.303125 0.29133961249999996 0.303125 0.315926140625 0.3054166515625 0.3203125
1 0.29555954375 0.355738153125 0.2921738578125 0.33814131718749996 0.29315405 0.327066571875 0.29555954375 0.3224125109375 0.29555954375 0.21169007187500002 0.2891554796875 0.19865799374999998 0.280343365625 0.1942913046875 0.2765625 0.2030519875 0.2765625 0.242012925 0.2820660640625 0.264384734375 0.2813091484375 0.33927563125 0.2884520359375 0.3713473640625 0.2940750109375 0.38125 0.29555954375 0.38125 0.29555954375 0.355738153125
1 0.332409375 0.4296875 0.3321484140625 0.4284564875 0.3197830609375 0.4071222609375 0.313532884375 0.32686270156249997 0.302191259375 0.31380260781249997 0.29317309062499997 0.25950389218750003 0.29098428125 0.278461090625 0.2937187484375 0.31862046875 0.2875 0.3332675609375 0.2875 0.352481225 0.2877786375 0.356653265625 0.29680351250000003 0.3977279359375 0.2974501140625 0.4199501578125 0.295707328125 0.4296875 0.332409375 0.4296875
1 0.21150056093749997 0.4296875 0.20706100156249999 0.40474622968749996 0.190156290625 0.3774840453125 0.1880781921875 0.3063232265625 0.18372846874999998 0.2956700421875 0.1795956171875 0.29422302031249997 0.1708808671875 0.29422302031249997 0.16400298124999999 0.2975381375 0.1609375 0.303915146875 0.1609375 0.3468302859375 0.1665202671875 0.36802270625 0.16789709531250002 0.3931682546875 0.1609375 0.41996740312499997 0.1609375 0.4296875 0.21150056093749997 0.4296875
1 0.9604552343750001 0.4296875 0.9388455453125001 0.362028978125 0.9378195921875001 0.33190006250000004 0.94062928125 0.29233167656250003 0.9469170531250001 0.2514874375 0.9468253546875001 0.2175862203125 0.9426281234375 0.20631005937500002 0.936230196875 0.19787184375 0.929642540625 0.192887690625 0.9190877515625001 0.18981004375 0.9091096703125 0.1911237140625 0.897719240625 0.1974680828125 0.8873472703124999 0.21918787499999998 0.8868841796875 0.2499532671875 0.892063534375 0.2888473625 0.8951154421874999 0.3490993828125 0.887185225 0.3817916453125 0.870871046875 0.4296875 0.9604552343750001 0.4296875
1 0.8372447062500001 0.4296875 0.8289538796875 0.40670793749999995 0.8209919921875001 0.3753206171875 0.8199453484375001 0.3313783703125 0.826904621875 0.2660927453125 0.8253842578124999 0.2334499328125 0.8212995031249999 0.2208950046875 0.81562555625 0.2117926828125 0.807303940625 0.204887471875 0.7960992765625 0.2004932484375 0.7875992765625 0.2004932484375 0.7739501296875 0.20802620468750002 0.7658287406250001 0.2215227515625 0.76370883125 0.2296834546875 0.7642876703125 0.263581759375 0.7722144046875 0.3156847109375 0.7731703765625 0.36841540781250004 0.769486075 0.3966639953125 0.7573320812500001 0.4296875 0.8372447062500001 0.4296875
1 0.7693659109375 0.4296875 0.775229953125 0.4113928828125 0.775229953125 0.29843583281249997 0.76857556875 0.26011430625 0.766823821875 0.23436798125 0.7690606453125 0.2198687203125 0.775229953125 0.2078295640625 0.775229953125 0.195178775 0.7728146109375 0.1883679453125 0.7652133390625 0.17875569375 0.7526641359374999 0.1726876921875 0.742719053125 0.1734899875 0.7322133390625 0.1793317109375 0.724869534375 0.18983353125 0.7226933437499999 0.1993020921875 0.7232803296875 0.22318263593749998 0.73642001875 0.3046849375 0.7373914515625 0.3329597078125 0.7340939921875 0.352507121875 0.71875 0.41106072187500003 0.71875 0.4296875 0.7693659109375 0.4296875
1 0.658405490625 0.853881878125 0.6577193703125 0.8233202625 0.6498600984375 0.782531040625 0.6543247640625001 0.7121818796875 0.652837684375 0.7056913093749999 0.64693968125 0.69778609375 0.6391056328125 0.699592490625 0.63349143125 0.7120606765625 0.6337465859375 0.7796593281249999 0.625 0.8094739140625 0.625 0.9005291109375001 0.6250435109375 0.90091320625 0.6275399375 0.9101876140625 0.631395459375 0.9140625 0.645592584375 0.9140625 0.6473100546875 0.9121546109375 0.658405490625 0.853881878125
1 0.468951959375 0.8797744171874999 0.4729193125 0.8455878875 0.47282234843750004 0.8289212218750001 0.4684886875 0.8001447875000001 0.4605253546875 0.7740824953125001 0.46272011874999996 0.70375758125 0.4587465328125 0.692115321875 0.4524749859375 0.688302525 0.44728281406250003 0.690989390625 0.44241300624999996 0.7043289500000001 0.4453996421875 0.770115146875 0.4359375 0.8163447046875 0.4359375 0.8546396390624998 0.436584878125 0.8662478015625 0.4435496375 0.8996993203125001 0.44628399218750003 0.903125 0.46295300937499995 0.903125 0.463357465625 0.9028225625000001 0.468951959375 0.8797744171874999
1 0.6267079703125 0.8431211906249999 0.6304738609375 0.806839246875 0.6304738609375 0.7915500124999999 0.6238040171875 0.7662784281249999 0.6267908484375 0.6986615953124999 0.62325189375 0.6898849953124999 0.617441915625 0.685288696875 0.6107195671875 0.688105865625 0.6064621875 0.6978538453125 0.6086352015625 0.7626625984375 0.603125 0.7867070859374999 0.603125 0.824769315625 0.6047198359375 0.8367669734375 0.6040139265625 0.8858501390625001 0.60731250625 0.896875 0.625587778125 0.896875 0.6290300890625 0.8866306171874999 0.6267079703125 0.8431211906249999
1 0.5953838765625 0.77421875 0.5960075859375 0.720515046875 0.59418965625 0.703848378125 0.587661003125 0.6922743062500001 0.5773305875 0.69412615625 0.5738605812500001 0.68671875 0.5777684437499999 0.753848378125 0.5759836671875 0.7714409718749999 0.5734375 0.7791936484375 0.5734375 0.8725582875000001 0.579894803125 0.9001446765625001 0.5840333265625001 0.909375 0.600670021875 0.909375 0.600670021875 0.7909223765625001 0.6001974296875 0.7881076375 0.5953838765625 0.77421875
1 0.559884915625 0.8953125 0.5656499968750001 0.8953125 0.5656499968750001 0.7618713703125 0.5638428734375001 0.7550462359375001 0.5607416921875 0.6957506140625 0.5543413484374999 0.6851979203124999 0.5453125 0.6844700703125 0.5453125 0.7352041625 0.5489469453125 0.7636523046875 0.5453125 0.7797149250000001 0.5453125 0.8316256328125 0.5508901921875 0.8693351374999999 0.55555434375 0.886873184375 0.559884915625 0.8953125
1 0.52658686875 0.8050773328125 0.5227003671875 0.7933560296875 0.519137134375 0.7677458328125001 0.5243813578125 0.7211338046875 0.524269996875 0.7035806796875 0.5225871625 0.69770029375 0.5128421890625 0.6919686734375 0.509889596875 0.6847980640625 0.5034151140625001 0.7060852609375 0.503989865625 0.770742209375 0.4995430328125 0.7830949781250001 0.496875 0.79741 0.496875 0.8983345093749999 0.49991516875 0.90625 0.5154696359375001 0.90625 0.5191587671875 0.9008423671875001 0.5273986828125 0.8595491 0.52900068125 0.835396090625 0.52658686875 0.8050773328125
1 0.499242571875 0.8911842218749999 0.499242571875 0.8680138484375 0.4962021671875 0.8232122875 0.499242571875 0.8047085624999999 0.499242571875 0.7746269453125001 0.4960226828125 0.7630301296875001 0.498903553125 0.6973106 0.49672325156249997 0.688965146875 0.4906528625 0.6819858546875001 0.48544453125000003 0.6819555546875 0.4808109 0.6865579140625 0.47754938593749996 0.6971863671875 0.48037613281249997 0.761087375 0.471875 0.7967000171875 0.471875 0.817765578125 0.4728185359375 0.8277055624999999 0.47273944375 0.8656654937500001 0.478770284375 0.8916247500000001 0.482934659375 0.8953125 0.4974527046875 0.8953125 0.499242571875 0.8911842218749999
1 0.51907959375 0.74205445625 0.51765340625 0.767971290625 0.5245756874999999 0.8078125 0.524629978125 0.8078125 0.528759553125 0.7931803875 0.522858253125 0.7532382953125 0.5275641296875 0.6930985671875 0.5226935593750001 0.6758734796875 0.5170797734375 0.6734375 0.5154962046875 0.6734375 0.509375 0.67881574375 0.509375 0.6940557625 0.5174563828125 0.6915324 0.5226179578125 0.700424153125 0.5223662625000001 0.7374793734375 0.51907959375 0.74205445625
1 0.59375 0.6935547703125 0.593045184375 0.6834026953125 0.5865946078125 0.6744669890624999 0.5777889671875001 0.6751868328125 0.5734375 0.6846057249999999 0.5734375 0.6864526375000001 0.5739837125 0.696875 0.577824646875 0.696875 0.5818359546874999 0.692852159375 0.5902964265625 0.696875 0.59375 0.696875 0.59375 0.6935547703125
1 0.557033834375 0.6704932937500001 0.5508691328124999 0.664928640625 0.5461816328125 0.6652838375 0.5421875 0.6705001703125 0.5421875 0.6921875 0.5431817109375 0.6921875 0.5472682390625 0.6846888171875 0.5535182390625 0.68421521875 0.5593821171875 0.6884107187499999 0.560003921875 0.6856133015625 0.560003921875 0.6812859343750001 0.557033834375 0.6704932937500001
0 0.49348384999999995 0.691428790625 0.4924507546875 0.7136752703125 0.49413661875 0.7171875 0.4943440578125 0.7171875 0.5023999078125 0.6834835890625 0.506270928125 0.676696821875 0.5148294453125 0.6701283796874999 0.5160624968749999 0.6599674515625 0.512734684375 0.640304684375 0.5056006015625 0.6265027562500001 0.49667883125 0.6195846281249999 0.4883454953125 0.6191964953125 0.48203360625 0.6272629890625 0.4722701265625 0.632381896875 0.4671875 0.64188468125 0.4671875 0.7004406375000001 0.4687176078125 0.70560281875 0.471287971875 0.702471240625 0.4738216796875 0.688655128125 0.47821353125000005 0.6818926171874999 0.489671865625 0.6824262984375 0.49348384999999995 0.691428790625
1 0.6937883031250001 0.4296875 0.694523334375 0.44997749843749996 0.693366825 0.5046040984375 0.69032091875 0.5425519109375 0.685256325 0.574932046875 0.66875 0.6529841078125 0.66875 1 0.8313719953125001 1 0.8351493390625 0.987869028125 0.8485004953124999 0.9147936046874999 0.8520887828125 0.8749969703125 0.85130201875 0.8083212124999999 0.842278890625 0.7332636406249999 0.81505524375 0.6108747609374999 0.80626204375 0.56082021875 0.8059674687499999 0.5413727453125 0.8108022546875 0.551123753125 0.812152821875 0.5469646609375001 0.8114667015625001 0.516403046875 0.8075586156250001 0.4941565828125 0.7985283843750001 0.4644724125 0.7947495874999999 0.4311148375 0.7948127515625 0.4296875 0.6937883031250001 0.4296875
1 0.9214927390625001 0.4296875 0.9132499703124999 0.460061709375 0.9078125 0.49285866250000004 0.9078125 0.56807729375 0.90791391875 0.5721411671875 0.9197205265624999 0.6517101937499999 0.9242849859375 0.6595548093750001 0.9339569937500001 0.6640625 0.9505778390625 0.6640625 0.9551856781250001 0.654281925 0.9733251640624999 0.5893549953124999 0.975698725 0.574348075 0.975698725 0.47236480937499997 0.967290934375 0.4296875 0.9214927390625001 0.4296875