1 0.348846840625 0.253492009375 0.34308715 0.24064155625 0.3353393015625 0.24291868593750002 0.3326363546875 0.2496795609375 0.3355134734375 0.306261171875 0.33125 0.3313317328125 0.33125 0.3795664609375 0.33257161874999996 0.3809607828125 0.338943546875 0.38125 0.3568717234375 0.38125 0.3568717234375 0.33963457343750003 0.348534309375 0.307095584375 0.348846840625 0.253492009375
2 0.6 0.37898242656250003 0.49424344218750005 0.3762517328125 0.109375 0.3762517328125 0.109375 0.44756100312499997 0.29499244999999996 0.44699607031250005 0.3475966171875 0.44852669218749996 0.351682459375 0.45142571093750006 0.362206890625 0.44802510156249997 0.4058491234375 0.4530018 0.42892744218749995 0.44811305 0.473719109375 0.44941635468749996 0.4764041 0.44671435 0.5440854921875 0.44961038750000004 0.5518171671875 0.452615484375 0.575362434375 0.4495937453125 0.578406609375 0.45246244999999996 0.5878861953125 0.453125 0.6 0.453125 0.6 0.37898242656250003
1 0.9601019687499999 0.2393527734375 0.9621762859375 0.29495839375 0.959375 0.3080290484375 0.959375 0.3515625 0.984614359375 0.3515625 0.984614359375 0.344855365625 0.9761418046875001 0.29169289374999996 0.9781030453125 0.241893153125 0.9763896093750001 0.23668805 0.96159258125 0.23668805 0.9601019687499999 0.2393527734375
1 0.740625 0.29722222187499997 0.74296875 0.2416666671875 0.740234375 0.23680555625 0.725 0.240277778125 0.72734375 0.29722222187499997 0.71875 0.33055555625 0.71796875 0.3625 0.72734375 0.40416666718750005 0.7421875 0.40138888906250003 0.74921875 0.3611111109375 0.7484375 0.33194444375 0.740625 0.29722222187499997
1 0.697265625 0.23541666718749998 0.688671875 0.23541666718749998 0.68515625 0.24444444375000002 0.68671875 0.30416666718749996 0.678125 0.34027777812500004 0.67734375 0.3736111109375 0.684375 0.4125 0.6953125 0.4166666671875 0.699609375 0.415972221875 0.70625 0.4 0.7109375 0.3513888890625 0.70078125 0.30555555624999997 0.70234375 0.24305555625 0.697265625 0.23541666718749998
1 0.6524821640625 0.24532670156249997 0.6461441390625 0.25158391562500004 0.64543990625 0.2962187515625 0.63792815 0.32458481093749997 0.635815484375 0.3525337234375 0.63675445 0.386322703125 0.640625 0.41805555625 0.6484375 0.427777778125 0.66171875 0.4236111109375 0.6717310390625 0.391745625 0.6707920421875 0.35628805625000004 0.66539298125 0.32041332968749997 0.6609328875 0.30205881875 0.6628108171875 0.2782813875 0.6628108171875 0.2607611703125 0.660698153125 0.24949818124999998 0.6524821640625 0.24532670156249997
1 0.6 0.4341666671875 0.60078125 0.4361111109375 0.612109375 0.43680555625000006 0.61953125 0.43194444374999996 0.62734375 0.3861111109375 0.62421875 0.34027777812500004 0.6171875 0.309722221875 0.61953125 0.2791666671875 0.61796875 0.24722222187499998 0.613671875 0.23541666718749998 0.609765625 0.23263888906250002 0.601953125 0.23541666718749998 0.6 0.24087301718749998 0.6 0.26203703749999996 0.6015625 0.3 0.6 0.3075396828125 0.6 0.4341666671875
2 1 0.358992346875 0.925390625 0.3576388890625 0.91796875 0.3611111109375 0.91484375 0.39305555625 0.91640625 0.42222222187499997 0.922265625 0.4298611109375 0.953515625 0.4270833328125 0.966015625 0.41875 1 0.41931818125 1 0.358992346875
1 0.48871579374999996 1 0.4890552125 0.9995850453124999 0.49160748437499996 0.9898698546875 0.49160748437499996 0.8559990875000001 0.478257915625 0.8038141546875 0.47803527343749996 0.7048735875000001 0.47166854531249996 0.6882860531249999 0.46480852500000003 0.6836104 0.4580598 0.6836104 0.45287544375 0.6852326484375 0.44628599375 0.7037635453125001 0.4467170171875 0.7222820640625 0.4537608015625 0.7791306875 0.4542780296875 0.8013529078125 0.442244946875 0.8652999359375 0.4421875 0.8661714546875 0.4421875 0.9067608578125 0.44321114218749996 0.9291554484375 0.4509086765625 0.9694041562500001 0.4588013828125 1 0.48871579374999996 1
1 0.2529263953125 1 0.25873219999999997 0.9579550984375 0.25852572500000004 0.9292210828125 0.25491589375 0.8920476531249999 0.241509053125 0.8332748343749999 0.24108704531249997 0.8119482296874999 0.24768740625 0.74634388125 0.24786705625 0.722254653125 0.24190894687500003 0.7030837375 0.2346690203125 0.6976114546875001 0.2330856640625 0.6976114546875001 0.22165032812500002 0.700640853125 0.2130251078125 0.7193874375 0.21180378906250003 0.743446353125 0.2153147953125 0.8019312359375 0.2145873703125 0.8269312359375001 0.2113635453125 0.84815175625 0.203125 0.8786009953124999 0.203125 1 0.2529263953125 1
1 0.1949497765625 1 0.20052083281250002 0.9653356484375 0.2036458328125 0.8986689812499999 0.20052083281250002 0.8718171296874999 0.1885416671875 0.8273726859374999 0.184375 0.7995949078125 0.1885416671875 0.745891203125 0.18802083281249998 0.7134837968750001 0.18307291718750002 0.7000578703125 0.1736979171875 0.6945023140625001 0.1638020828125 0.69913194375 0.1572916671875 0.7162615734375001 0.1578125 0.745891203125 0.1625 0.79866898125 0.1619791671875 0.8190393515625001 0.1505208328125 0.8681134265624999 0.146875 0.9051504625 0.1484375 0.945891203125 0.153125 0.9745949078125001 0.160486703125 1 0.1949497765625 1
0 0.404633246875 1 0.40416666718750005 0.9875578703125001 0.4088541671875 0.9671875 0.40989583281249997 0.9440393515625001 0.4067708328125 0.9051504625 0.403125 0.889409721875 0.3953125 0.870891203125 0.37942708281250004 0.850983796875 0.3721354171875 0.84820601875 0.3361979171875 0.84913194375 0.3216145828125 0.8620949078125001 0.31302083281250004 0.8782986109375 0.30520833281250004 0.9032986109374999 0.30520833281250004 0.9607060187500001 0.3125 0.995891203125 0.3142082765625 1 0.404633246875 1
1 0.37161458281250004 0.8472800921874999 0.38203125 0.8528356484374999 0.3888020828125 0.8593171296875 0.40052083281249995 0.8810763890625001 0.40625 0.8986689812499999 0.41041666718750003 0.9310763890625001 0.40989583281249997 0.9690393515625001 0.4067708328125 0.994965278125 0.41223958281249995 0.9945023140625 0.4192708328125 0.9801504624999999 0.42083333281249996 0.9625578703125001 0.41979166718750005 0.9366319437499999 0.4213541671875 0.9320023140625 0.4192708328125 0.9255208328125001 0.4192708328125 0.9097800921874999 0.4036458328125 0.8495949078125001 0.38125 0.8023726859375 0.3770833328125 0.782928240625 0.3723958328125 0.7273726859374999 0.36875 0.7097800921874999 0.3596354171875 0.6945023140625001 0.34453125 0.6926504625 0.33645833281250004 0.7032986109375 0.334375 0.72366898125 0.3505208328125 0.7995949078125 0.35208333281250004 0.8144097218749999 0.35 0.8440393515625001 0.35234375 0.84820601875 0.37161458281250004 0.8472800921874999
1 0.8821764234374999 0.9095880328125 0.8821764234374999 0.8107974468750001 0.8699910921875 0.7639893078125001 0.86693435 0.7443779796875 0.8691578078125 0.6835005046875 0.868055090625 0.6584671296875 0.864378734375 0.64575018125 0.85578394375 0.6391960296875 0.8512176296874999 0.6391960296875 0.842503734375 0.6443483671875 0.8393877078124999 0.65570549375 0.8392978984375 0.674190634375 0.8457310437500001 0.7494910265625 0.8354149171875 0.7978308140625 0.8328125 0.8235974734375 0.8328125 0.8595349750000001 0.83355783125 0.87444903125 0.845289121875 0.93159804375 0.851176259375 0.94375 0.8714624843750001 0.94375 0.8776669921875 0.9373710921875 0.8821764234374999 0.9095880328125
1 0.6 0.8797448515624999 0.6018236156250001 0.86344300625 0.6075707796875001 0.845076034375 0.6335317421875 0.7948623781249999 0.6381025328125001 0.781094728125 0.6382013578125 0.7597832765625 0.6335632734375001 0.7489911593749999 0.622787421875 0.7431173546875 0.6131968890625 0.7502519765625 0.6062149921875 0.766266246875 0.6 0.789758990625 0.6 0.8797448515624999