1 0.418515259375 0 0.4171875 0.006793706250000001 0.4171875 0.01507335625 0.418147025 0.036076425 0.42386947187499996 0.0625 0.4369593890625 0.0625 0.43738188750000007 0.062323653125 0.4404626859375 0.0420046671875 0.4404626859375 0.002052740625 0.44003542656250005 0 0.418515259375 0
1 0.459375 0 0.459375 0.0440237640625 0.460448665625 0.051012749999999996 0.46681862343749997 0.0703125 0.4789058828125 0.0703125 0.4789058828125 0 0.459375 0
1 0.5604271421875 0 0.5562332 0.015797687499999997 0.5546875 0.031381078125 0.5546875 0.055622559375000005 0.5605218953125 0.0765625 0.5741771124999999 0.0765625 0.5754169953125 0.0747240703125 0.5802741828125 0.0453664046875 0.5796707 0.014842679687499999 0.5755351546874999 0 0.5604271421875 0
1 0.49246197656249996 0 0.4921875 0.0025640718749999998 0.4921875 0.0130651640625 0.49345255000000005 0.045586103125 0.5031256015625 0.07807685156250001 0.5053971234375 0.0796875 0.5164626 0.0796875 0.5164626 0.0104202015625 0.5134788640625 0 0.49246197656249996 0
1 0.5329970203125 0 0.5330012046875 0.0007481171875000001 0.5314025499999999 0.010328325 0.528125 0.019203131249999998 0.528125 0.067017403125 0.5289002921875 0.0712606625 0.5327285125000001 0.0876157984375 0.5386049765625 0.090625 0.5500517703125001 0.090625 0.5520658796875 0.085742828125 0.5522801328125 0.083982 0.5522801328125 0.029433732812500002 0.5471450171875001 0.0102328796875 0.5457138109375 0 0.5329970203125 0
1 0.5265625 0 0.5265625 0.0520493484375 0.5310331781250001 0.06875 0.5356512359375001 0.06875 0.5342294187500001 0.054440842187500005 0.529231340625 0.03367569375 0.5350207671875 0 0.5265625 0
1 0.5502727078125 0 0.55 0.0023933421875 0.55 0.0195928421875 0.5522080640625 0.040625 0.5545332671875001 0.040625 0.555633434375 0.038673610937500005 0.55692119375 0.015126167187500001 0.5606120640625 0 0.5502727078125 0
1 0.609375 0 0.59352854375 0 0.590625 0.01976033125 0.590625 0.0265937328125 0.5922739171875 0.04584678125 0.5981988234375 0.0692122296875 0.6004563125 0.0734375 0.609375 0.0734375 0.609375 0
1 0.2742186140625 0 0.2734375 0.0057159578125 0.2734375 0.01932729375 0.2775270203125 0.046380134375 0.28146095625 0.060451031249999995 0.28322254375 0.0625 0.29479530625 0.0625 0.29479530625 0 0.2742186140625 0
1 0.2446649453125 0 0.247520884375 0.071875 0.25285151093749997 0.071875 0.25456827187500003 0.0703842859375 0.25625 0.05673513125 0.25625 0.0099244359375 0.25349481093750004 0 0.2446649453125 0
0 0.5154388859375 0.240881934375 0.5200113234375 0.21811245625 0.5200113234375 0.21034745 0.5150128421875 0.18390112187500002 0.5038597046875 0.1667854921875 0.49033594843749995 0.160150171875 0.4704114578125 0.17173406093750002 0.4643285953125 0.187860846875 0.4625 0.2038062015625 0.4625 0.211614978125 0.4685638859375 0.2419729609375 0.47971702499999996 0.259088590625 0.48303181874999995 0.2609375 0.50333006875 0.2609375 0.506279525 0.25847034375 0.5154388859375 0.240881934375
1 0.6953125 0 0.6953125 0.0724893484375 0.7049063578125 0.12317890000000001 0.711930465625 0.141997671875 0.7156943640625 0.173561040625 0.7177748390625001 0.1810503359375 0.7260715140625 0.192094271875 0.737709634375 0.196875 0.759198553125 0.196875 0.7656239031250001 0.1900157234375 0.7708379484375 0.17552845781249998 0.77267088125 0.1660748796875 0.77267088125 0 0.6953125 0
1 0.7708779203125 0 0.7715642828125 0.018839379687499998 0.7695331249999999 0.099458603125 0.7728707187499999 0.10625 0.8045095984374999 0.10625 0.8103889140625 0.10288524218749999 0.8127784531250001 0.0949193703125 0.8113667843750001 0.0690571109375 0.824516903125 0.0463043296875 0.8317697703124999 0 0.7708779203125 0