1 0 0.3350821453125 0.0142580484375 0.32117707812499996 0.0226441125 0.2989093046875 0.025 0.265808278125 0.025 0.10292802968749999 0.0198882140625 0.086706840625 0 0.086706840625 0 0.3350821453125
1 0.24556340156249998 0.3375 0.2552041171875 0.334201284375 0.26173969375 0.3250962359375 0.27942305625 0.23321139531249999 0.28125 0.2132601 0.28125 0.10375171875 0.28006988125 0.0873507875 0.27293212968749997 0.075 0.2550445546875 0.075 0.1850267953125 0.0780386390625 0.180818809375 0.0857275265625 0.1787174765625 0.10658813125 0.1788250921875 0.1829861109375 0.196394946875 0.28279520625 0.20540888750000003 0.3188063203125 0.2105920609375 0.327775009375 0.221626528125 0.3359810734375 0.24093247031249998 0.3375 0.24556340156249998 0.3375
1 0.0945761453125 0.24942420781250002 0.101402690625 0.253125 0.11574280156250001 0.253125 0.11842437187499999 0.2529254796875 0.12859298749999998 0.242930475 0.146534940625 0.17590009375 0.1520531640625 0.13694300937499998 0.153125 0.1160369671875 0.153125 0.0814794046875 0.149235303125 0.071209471875 0.10280142968749999 0.07671733124999999 0.0967472609375 0.0983701359375 0.09615565468750001 0.12471355937499999 0.0945761453125 0.11763763437500001 0.0945761453125 0.130590878125 0.0953682203125 0.1295860390625 0.0962566609375 0.1330241609375 0.0945761453125 0.14470511875 0.0945761453125 0.24942420781250002
1 0.309375 0.0702606203125 0.2826379765625 0.0736253625 0.281073928125 0.0805826859375 0.281073928125 0.0973135375 0.28308033906249996 0.1296521578125 0.281073928125 0.16143391875 0.281073928125 0.2152321015625 0.2817455515625 0.21973861874999998 0.28701070156249997 0.2338436546875 0.2930906921875 0.2375 0.2930935234375 0.2375 0.309375 0.23662939375 0.309375 0.0702606203125
1 0.0904679765625 0.12436396093749999 0.0953125 0.0890953296875 0.0953125 0.0801805 0.092366740625 0.07636534843750001 0.061294748437500005 0.07140235625 0.0548370609375 0.09257503593750001 0.0546875 0.09490890156250001 0.0546875 0.1538803921875 0.05558859687499999 0.1665685609375 0.060888670312500004 0.190625 0.086482540625 0.190625 0.08784728593749999 0.1897509984375 0.0904679765625 0.12436396093749999
1 0.1734375 0.08324930781249999 0.1711139734375 0.079534040625 0.16017647343750002 0.07857713281249999 0.1563777203125 0.0831306671875 0.15764216874999998 0.1153485125 0.15625 0.13070764375 0.15625 0.1625 0.16076385625 0.1625 0.1725668125 0.115258284375 0.1734375 0.10030915468749999 0.1734375 0.08324930781249999
1 0.6222466953125 0.346875 0.634375 0.346875 0.634375 0.3174984375 0.626017546875 0.2798068796875 0.6304032921875 0.22556747656249998 0.6270977906249999 0.2166215265625 0.6153790406249999 0.216894284375 0.6101877703125 0.2218735921875 0.6118580687499999 0.28430085625 0.602089709375 0.3226601546875 0.602089709375 0.3457494375 0.6222466953125 0.346875
1 0.978125 0.2830733765625 0.975492728125 0.26313588125 0.978125 0.24262401875 0.978125 0.21268054531249997 0.9660723765625001 0.21145035625 0.9621599421875 0.2164137609375 0.9609891000000002 0.2594011203125 0.9512569718750001 0.289523359375 0.9512569718750001 0.3890625 0.9649583609375 0.3890625 0.967859565625 0.385289903125 0.9766037921875 0.354552490625 0.978125 0.3436542359375 0.978125 0.2830733765625
1 0.9313965171875 0.3467579640625 0.9375 0.30842322968749997 0.9375 0.3036882296875 0.931961325 0.253702409375 0.9358036734375 0.216202409375 0.9216339843749999 0.21273018437500002 0.9186161734375 0.216202409375 0.9174576984375001 0.249535740625 0.9095387796875001 0.2738732359375 0.9095387796875001 0.3765625 0.9187653765625001 0.3765625 0.9238870343750001 0.3717579640625 0.9313965171875 0.3467579640625
2 0.7796875 0.3494540671875 0.7796875 0.348804234375 0.37458769375 0.348804234375 0.3440045234375 0.35149700156249997 0.3370526375 0.359677959375 0.3367475734375 0.4053837484375 0.3399807953125 0.4078125 0.383146946875 0.4078125 0.5212813015625001 0.40554735624999994 0.7617703453125 0.3796871921875 0.7784367875 0.3624076265625 0.7796875 0.3494540671875
1 0.1703125 1 0.1703125 0.9372169796875 0.15916143124999999 0.8818025125 0.1660938578125 0.8076072140624999 0.1660255984375 0.7881748921874999 0.1608908921875 0.773950328125 0.15229871875 0.7700885296875001 0.15021801875000002 0.7700885296875001 0.143182559375 0.774362490625 0.1373151125 0.7916194093750001 0.13834965 0.8813614859375001 0.1229764671875 0.941665440625 0.1229764671875 1 0.1703125 1