2 0.119347121875 0.31815763124999996 0.0981274984375 0.319663634375 0.09487862968750001 0.32748676875 0.0994322140625 0.36875 0.180780234375 0.36875 0.202729165625 0.3677517765625 0.3280470390625 0.3590969984375 0.3296875 0.3558959234375 0.3296875 0.31815763124999996 0.119347121875 0.31815763124999996
1 0.234375 0.321875 0.234375 0.2708319421875 0.2310745375 0.26001907968750004 0.230036134375 0.2073231453125 0.21942497031250002 0.1937876796875 0.21215638750000002 0.20808455312500002 0.2186635421875 0.26097145781250003 0.2122058875 0.2940046921875 0.21206745312500003 0.3161723484375 0.216928378125 0.321875 0.234375 0.321875
1 0.2765625 0.29623713125 0.2765625 0.28803092812500003 0.27074937499999996 0.23885805468750002 0.275909621875 0.1985120828125 0.2731224 0.18819771093749998 0.2670666421875 0.1856017890625 0.2588192421875 0.1976233 0.25727816875 0.25311065625 0.253419046875 0.26646169375 0.253419046875 0.315625 0.273492753125 0.315625 0.2765625 0.29623713125
1 0.31849373281250004 0.318620578125 0.3203125 0.3160249765625 0.3203125 0.2663441015625 0.31578954375 0.2398683078125 0.3198793296875 0.18969070937500002 0.3167274640625 0.1795404421875 0.30896346406249997 0.1787435484375 0.3035215828125 0.18954500937500002 0.304803540625 0.2420859890625 0.2964513390625 0.27324307812500004 0.2964513390625 0.31875 0.315594171875 0.31875 0.31849373281250004 0.318620578125
1 0.898158390625 0 0.8968338796875 0.0087661109375 0.8979620828125 0.05601562812500001 0.9097551593750002 0.1546529703125 0.9126687125 0.22314419375 0.90474525625 0.28014429218750003 0.8916458 0.338343275 0.8848321671875 0.38229852656249996 0.8853285796874999 0.48616600468750004 0.89078511875 0.5378267859375 0.9095733796874999 0.61875 0.9828125 0.61875 0.9828125 0.3197505109375 0.9678019109375 0.2629253265625 0.9607470484375 0.22526261718749999 0.9586095125 0.178993615625 0.9645317468750001 0.0497439984375 0.9617742015624999 0 0.898158390625 0
1 0.7096670265625 0.5328125 0.71165325 0.528122153125 0.707078103125 0.48205317656249996 0.7077788921874999 0.44229898125 0.710309740625 0.42097237656250003 0.722401259375 0.37441844999999996 0.721351025 0.35227200000000003 0.7231639421875 0.326346075 0.7265625 0.300829221875 0.7265625 0.24845231562499998 0.7215362109375001 0.2418435953125 0.7143092937500001 0.24112983593749998 0.7083858843749999 0.24407431562499998 0.7013279765625 0.259526371875 0.6999035390625 0.2798967421875 0.7015479296875 0.32327886875 0.6994112765625 0.35383442187499997 0.6903995203125 0.38336909375 0.6903995203125 0.5328125 0.7096670265625 0.5328125
1 0.8014388125 0.11842332343749999 0.7950773890624999 0.12952533593749999 0.792085215625 0.140833778125 0.7906301843750001 0.182500446875 0.7946168015625 0.2468416625 0.792870759375 0.2968416625 0.7746404234375 0.3660281359375 0.7746404234375 0.5802602625 0.7768270328125 0.5926461640625 0.7821280406250001 0.603125 0.8069205203125 0.603125 0.8168197750000001 0.6002356671875 0.8221718687500001 0.5882866640625 0.8405452640625001 0.5083989671875 0.8421875 0.49716421874999994 0.8421875 0.3775711625 0.84204403125 0.376228359375 0.8272457609374999 0.29423688124999997 0.8289594656249999 0.245162809375 0.8365963390625 0.1900990484375 0.8381483734374999 0.145654603125 0.83047614375 0.11991691093750001 0.8229546515624999 0.112175571875 0.82056728125 0.111746353125 0.8101348265624999 0.111746353125 0.8014388125 0.11842332343749999
1 0.7437237359375001 0.3106473375 0.7434183859375001 0.329147665625 0.728666090625 0.4036020296875 0.7255589625 0.44977101093750005 0.7296788578125 0.4906390671875 0.742922271875 0.554964465625 0.745137325 0.5578125 0.777567609375 0.5578125 0.778094684375 0.5575810375 0.778125 0.5574666125000001 0.778125 0.4609112578125 0.7770137203124999 0.442312353125 0.778125 0.42908008437499995 0.778125 0.37036879843750004 0.7699701125 0.3291493234375 0.770397653125 0.276407921875 0.7731886546875 0.2478133453125 0.772366146875 0.22186923125 0.7645824203125 0.2016980984375 0.7525062859375 0.1929464453125 0.7406240859375 0.20086145625000001 0.7363640015625 0.2150587109375 0.7373050250000001 0.2511880109375 0.7437237359375001 0.3106473375
1 0.8390625 0.286127709375 0.8448536265625 0.3452461671875 0.8549810953125 0.385291309375 0.8603995171874999 0.421523646875 0.8602773140625001 0.4900300421875 0.8545781859375001 0.53125 0.86875 0.53125 0.86875 0.463838390625 0.8683682359375 0.44855733593749997 0.86875 0.4345689046875 0.86875 0.3795205296875 0.8641998765625001 0.35865766093749996 0.8635659171875 0.3392010953125 0.866270740625 0.2670516078125 0.86228099375 0.2526088390625 0.8575611734375 0.2469441796875 0.8502587343750001 0.2449226125 0.8435202203125 0.25032057343749997 0.8391550875 0.2608656828125 0.8390625 0.26611759375 0.8390625 0.286127709375
1 0.9833333328125 0.534375 0.9885416671874999 0.538078703125 0.9924479171874999 0.5366898140624999 0.99375 0.52881944375 0.98828125 0.4922453703125 0.9833333328125 0.534375
1 0.9947916671874999 0.334375 0.9994791671875 0.2732638890625 0.9979166671874999 0.2603009265625 0.99453125 0.25335648125 0.98984375 0.2487268515625 0.9825520828125001 0.2487268515625 0.9734375 0.2612268515625 0.971875 0.2982638890625 0.9739583328125001 0.32789351875 0.9885416671874999 0.41956018593750005 0.9963541671874999 0.3825231484375 0.9947916671874999 0.334375
1 0.13237346249999998 0.8409281109375 0.137448378125 0.865625 0.138764834375 0.865625 0.14009989375 0.8604670265625 0.1448843953125 0.8629991406249999 0.1625 0.8604192718749999 0.1625 0.789561725 0.1538564953125 0.7762602265625 0.145914659375 0.772965959375 0.139240828125 0.7760985828125 0.1387667515625 0.7849358234375 0.132969428125 0.798226334375 0.13426976875000002 0.80557915 0.132412771875 0.812169815625 0.1337131109375 0.8195226296874999 0.1318561171875 0.8261132953124999 0.13237346249999998 0.8409281109375
1 0.18125 1 0.18125 0.94030266875 0.17860684843750002 0.9312917578125 0.172984471875 0.908797421875 0.1736643453125 0.8838203796874999 0.17272405 0.8513540953125001 0.1719332421875 0.833082665625 0.1675404578125 0.8119826609375 0.1638564921875 0.7841504421875001 0.14318007500000002 0.7699144703125 0.13899947031249998 0.7758497531249999 0.1305707640625 0.7985291078125 0.1310095796875 0.8350320625000001 0.1390670390625 0.8718010671875 0.139182778125 0.8914003171875 0.1406004484375 0.9313159375 0.13318434375 0.952003565625 0.1355856734375 0.9716826296875001 0.1315513421875 1 0.18125 1
1 0.202293603125 1 0.2050882546875 0.952507340625 0.2035561671875 0.9309252171875 0.20306798750000002 0.8998510359375 0.20185903125000002 0.8519019671875 0.204076371875 0.798446528125 0.2078125 0.779016396875 0.2078125 0.7773220234375 0.2055266796875 0.7773220234375 0.17773844375 0.7836686921875 0.17769317812500002 0.7897525187500001 0.17432259375 0.8162081375 0.171959009375 0.8608819828125001 0.1770636375 0.8857393296874999 0.1694554453125 0.9129940859375001 0.167359984375 0.9166844921875 0.167359984375 1 0.202293603125 1
1 0.2640625 1 0.2640625 0.944988865625 0.258608578125 0.9287516421875001 0.2524724859375 0.9061297156249999 0.25311916874999996 0.8876111968749999 0.2555558484375 0.8674179140625 0.26075836875 0.8423976671875 0.26400921718750003 0.8236818171875001 0.2601481359375 0.7854962343749999 0.2479498703125 0.7664086250000001 0.239442940625 0.7664086250000001 0.23393898281249997 0.7674736046875 0.230742025 0.7846462421875 0.22223476875 0.8299255484374999 0.224353925 0.8436171046875 0.22793974062500003 0.86489315625 0.219163034375 0.9178885109374999 0.21363717499999998 0.952168015625 0.2122208453125 0.9607200718750001 0.2122208453125 1 0.2640625 1
1 0 1 0.021875 1 0.021875 0.9519014718750001 0.017748671875 0.9434041421874999 0.0068292140625 0.899830509375 0.00903833125 0.86597083125 0.015605679687499999 0.8338059281250001 0.0177788828125 0.79685983125 0.0079609171875 0.7733782390625 0 0.7731002375 0 1
1 0.07477820156250001 1 0.075 0.99870035625 0.075 0.9297177765625 0.071944315625 0.9171483171875 0.0682732140625 0.8988437578124999 0.066784203125 0.8726686328125 0.0692644375 0.8394566749999999 0.06957180156250001 0.81569976875 0.06992525468750001 0.7998652890625 0.068611390625 0.803795384375 0.0501881921875 0.7772261109375 0.039989253125 0.7857022171875 0.033833307812500005 0.7998173734374999 0.0375274546875 0.8220831453125002 0.0400460109375 0.872046296875 0.03311863125 0.9067390156249999 0.0257686578125 0.9453825765625 0.0232469390625 0.9714643500000001 0.0223420796875 1 0.07477820156250001 1
1 0.12084559531250001 1 0.1219955859375 0.988414903125 0.1277888609375 0.9646476234375001 0.1202130390625 0.94088034375 0.1166479484375 0.9258277328125001 0.11263721874999999 0.893345784375 0.113974128125 0.8679940187499999 0.119767403125 0.83709655625 0.1215499484375 0.8061990921875001 0.119767403125 0.79114648125 0.10818085468750001 0.783224053125 0.0943661234375 0.7729248984375 0.091692303125 0.7871852671874999 0.089464121875 0.7879775109375 0.0787688453125 0.8125370328124999 0.08099702812500001 0.8418500109375 0.0823339375 0.8664095328125001 0.08099702812500001 0.8885923281250001 0.07921448125 0.9155285781250001 0.0743124796875 0.94088034375 0.0707473890625 0.9598941671875 0.0662910234375 0.9836614484374999 0.0662910234375 1 0.12084559531250001 1
1 0.307963125 1 0.307963125 0.9940520140625001 0.311391096875 0.9826254375 0.312248090625 0.9643429140625 0.31181959375 0.955201653125 0.31181959375 0.9452986203125 0.307534628125 0.9232072390624999 0.30539214375 0.9117806609375 0.3049636484375 0.8934981390625 0.301964171875 0.8744538437500001 0.30239266875 0.866074353125 0.3032496609375 0.8516006890625001 0.30367815781249996 0.8310328515625001 0.30710613124999997 0.8051326109374999 0.2981077015625 0.7822794578125001 0.2933942390625 0.7754235109375001 0.28568129999999997 0.7716146515625 0.283538815625 0.7716146515625 0.27282639999999997 0.78532654375 0.2719694078125 0.8074179265625 0.2715409109375 0.82112981875 0.2706839171875 0.83865056875 0.26982692343750003 0.8546477765624999 0.27368339375 0.8653125828124999 0.27325489687500004 0.8759773875000001 0.2711124140625 0.8995923125 0.26982692343750003 0.9140659765624999 0.2663989515625 0.9239690109375001 0.26254248125 0.93691913125 0.26254248125 0.95139279375 0.26382797187499996 0.956725196875 0.26896993125 0.9590105125000001 0.2715409109375 0.9772930359374999 0.2719694078125 0.9818636671875 0.2745403875 0.9978608734375 0.2745403875 1 0.307963125 1
1 0.37293613125 1 0.3730946125 0.99633733125 0.36581017031249996 0.9468221640625 0.35852572656250004 0.9262543265625001 0.352098278125 0.9125424328125 0.352098278125 0.8752156156249999 0.34995579375 0.8485536031249999 0.352098278125 0.8295093078125 0.36109670625 0.814273871875 0.3538122640625 0.7952295781250001 0.34824180781249997 0.7838030015624999 0.333244425 0.7777088265625001 0.32253200937500004 0.7952295781250001 0.32253200937500004 0.81808273125 0.324245996875 0.8523624625 0.32767396875 0.8683596687499999 0.324245996875 0.8927363671874999 0.3208180234375 0.9178748359375 0.31696155312499996 0.937680903125 0.3101056078125 0.9559634265625 0.307963125 0.9955755578125001 0.308487071875 1 0.37293613125 1
1 0.45 1 0.45 0.9050350203124999 0.44722452968750004 0.8957834531250001 0.44336806093750003 0.8691214421875 0.44293956406249996 0.8500771468749999 0.44679603281249997 0.8325563953125 0.44722452968750004 0.8165591875 0.4463675375 0.7982766640625 0.44293956406249996 0.7784705984375 0.42751368437500004 0.7639969343749999 0.4253712015625 0.7678057921875 0.41337329531250006 0.787611859375 0.4159442765625 0.8097032421874999 0.416372771875 0.82417690625 0.41722976562499997 0.84169765625 0.416372771875 0.867597896875 0.41851525624999997 0.8866421921875001 0.4159442765625 0.9003540843750001 0.4129448 0.9171130640625 0.4090883296875 0.931586728125 0.4043748671875 0.9475839359375 0.4018038875 0.9704370890625 0.401375390625 0.9917667 0.40149726562500004 1 0.45 1