1 0.3390625 0.36875 0.3390625 0.22871493906249998 0.3308941578125 0.19987504843749998 0.32976260625 0.1609861578125 0.33568912812499996 0.069019390625 0.332160003125 0.055239632812499995 0.321699625 0.0438085875 0.3169812625 0.0438085875 0.304984609375 0.0485419671875 0.29740787812499997 0.0703562015625 0.3030654578125 0.1841632453125 0.28649773437500003 0.259818009375 0.28326508437500003 0.30998169999999997 0.2919704703125 0.36875 0.3390625 0.36875
1 0.287076384375 0.141344046875 0.28290305312499997 0.027673675 0.274546634375 0.0125713578125 0.26618167656249997 0.0109375 0.263060284375 0.0109375 0.2537297890625 0.021485690625 0.25218707500000004 0.033821796875 0.26241261250000003 0.1327060625 0.2522465046875 0.1803884546875 0.25107959375 0.21072548906250002 0.25676592343750004 0.238776421875 0.275308271875 0.27325699062500003 0.2875 0.3061265109375 0.2875 0.142907071875 0.287076384375 0.141344046875
1 0.4259689671875 0.36875 0.4280336171875 0.3664058046875 0.43761062500000003 0.33097318593749997 0.4453125 0.275529240625 0.4453125 0.22958106250000002 0.43538254062500004 0.17704331874999998 0.4356087890625 0.1381544296875 0.442906690625 0.0917882984375 0.4447196796875 0.0486143453125 0.43971023750000005 0.0371935875 0.43835158906249994 0.036387646875 0.42067603125 0.036387646875 0.41268842968749997 0.051041528125 0.410199234375 0.07621912656249999 0.4105360671875 0.1525488171875 0.3897791484375 0.230476896875 0.3850439484375 0.2631562609375 0.3850439484375 0.30010496249999996 0.39367477812499996 0.36623280937499997 0.3964193609375 0.36875 0.4259689671875 0.36875
1 0.0036305765625 0 0 0.0047727421875 0 0.2890625 0.01021698125 0.2890625 0.0158752296875 0.279253496875 0.024717757812499998 0.240815190625 0.0265625 0.210983678125 0.0265625 0.18134015781249999 0.0156959765625 0.1148639609375 0.022373859375 0.0219586 0.0158252796875 0.0027329843749999997 0.006849412500000001 0 0.0036305765625 0
0 0.1649908578125 0.36875 0.182465834375 0.31651759375 0.184375 0.29340255000000004 0.184375 0.27964841093750004 0.175008921875 0.2172136359375 0.155802328125 0.1926042 0.1411450140625 0.188467584375 0.1317516625 0.188467584375 0.10461661250000001 0.20220997343749997 0.0878591 0.2224732890625 0.07538786875 0.24953865468749997 0.07538786875 0.30244384375 0.076324415625 0.306849090625 0.07602636406249999 0.3387116484375 0.08663920625 0.3637714640625 0.08979378906249999 0.36875 0.1649908578125 0.36875
1 0.6466652640625 0.2893203296875 0.6572310703124999 0.3523804234375 0.6612652078125001 0.35625 0.6755055078125001 0.35625 0.6798792406249999 0.3520525234375 0.6870720968749999 0.32374195 0.6890625 0.3127460359375 0.6890625 0.2462807421875 0.67921365625 0.19800425625 0.6843536546875 0.1198712796875 0.68011738125 0.1097802125 0.6719106828125 0.1070286609375 0.6691125437500001 0.1070286609375 0.66371113125 0.11102340468750001 0.6593455734375 0.1231545578125 0.6620180765625 0.2006955359375 0.6500326750000001 0.2474168640625 0.6466652640625 0.2893203296875
1 0.1734375 0.692151509375 0.1734375 0.5641945921875 0.16869580625 0.5563369578125 0.15253329375 0.554175503125 0.15211935625 0.554175503125 0.14603955625 0.5571281296875 0.13986367500000002 0.573332246875 0.1400119140625 0.6053039734375 0.148727078125 0.689807940625 0.150474209375 0.6921875 0.1734216796875 0.6921875 0.1734375 0.692151509375
1 0.1890625 0.8208227359375 0.183514046875 0.8174913203124999 0.12657179999999998 0.8148921937499999 0.123387475 0.8319528406250001 0.126819059375 0.8612287656250001 0.14961381406250002 0.9499306328125 0.1524815859375 0.9546875 0.18508814843750002 0.9546875 0.187806059375 0.9512186296875 0.1890625 0.9427891500000001 0.1890625 0.8208227359375
2 0.6296875 0.68603705625 0 0.68603705625 0 0.8036477125000001 0.16132319687500002 0.793373646875 0.2769077953125 0.7915565515625 0.6296875 0.7678530968749999 0.6296875 0.68603705625
1 0.6296875 0.9994633515625001 0.642578653125 0.9544499406250001 0.650896415625 0.909705240625 0.6524603578125 0.8828533890625 0.6514925203125 0.8459801265625 0.6419770734375 0.786477334375 0.6428044640625 0.7633564828124999 0.65277556875 0.6991400437499999 0.653125 0.6931405421875001 0.653125 0.666311384375 0.650389284375 0.655417871875 0.63828925625 0.64746163125 0.6365936828125001 0.64746163125 0.6296875 0.6526274296875 0.6296875 0.9994633515625001
1 0.7 0.9702546296874999 0.7083333328125 0.9554398140625 0.7177083328125 0.912847221875 0.7213541671875 0.88414351875 0.721875 0.843402778125 0.7104166671875001 0.78414351875 0.7078125 0.7545138890625 0.7135416671875 0.6989583328125001 0.7140625 0.6674768515625 0.71015625 0.6540509265625 0.7028645828125 0.6457175921875 0.6971354171875 0.6447916671874999 0.6872395828125 0.6540509265625 0.6828125 0.6674768515625 0.6822916671875 0.6980324078125 0.6848958328125 0.72210648125 0.684375 0.74710648125 0.6864583328125 0.7535879624999999 0.6692708328125 0.82210648125 0.665625 0.844328703125 0.665625 0.8619212968750001 0.6671875 0.911921296875 0.6765625 0.961921296875 0.6830729171875001 0.9697916671875 0.7 0.9702546296874999