1 0.3310561875 0 0.3341320171875 0.020244551562499997 0.3378242484375 0.08280832187500001 0.3352764578125 0.111656125 0.3190393375 0.19749803125 0.3171875 0.22399303124999997 0.3171875 0.2622581515625 0.3214775515625 0.3166873828125 0.336301353125 0.3843106421875 0.354772646875 0.4466972109375 0.3611171875 0.4575921765625 0.3648768578125 0.459375 0.397753996875 0.459375 0.40393705625000004 0.451444403125 0.40393705625000004 0.1788117796875 0.37961862968750004 0.09452161875000001 0.3762498390625 0.038902290625 0.3782264359375 0 0.3310561875 0
1 0.20324797499999997 0 0.1921875 0.0761378515625 0.1921875 0.13583073437499998 0.196194659375 0.16576695624999999 0.21518346562500001 0.23698788125 0.22204007812499998 0.25 0.24747250625 0.25 0.24984707031250003 0.249393396875 0.2509389875 0.24664429999999998 0.2509389875 0.04916445625 0.2353709109375 0 0.20324797499999997 0
0 0.5075520828125 0.3726851859375 0.49765625 0.3708333328125 0.49244791718750003 0.3736111109375 0.48802083281249997 0.38055555625 0.4838541671875 0.396296296875 0.48333333281249996 0.409259259375 0.4869791671875 0.42592592656250006 0.4973958328125 0.4388888890625 0.50703125 0.4393518515625 0.5122395828124999 0.4356481484375 0.5208333328125 0.4138888890625 0.5213541671875 0.40092592656250003 0.5192708328125 0.3898148140625 0.5138020828125 0.378240740625 0.5075520828125 0.3726851859375
1 0.3332193625 0.7838755625 0.32037098125 0.70614744375 0.32777041093750003 0.63146630625 0.325522965625 0.6224810015625 0.2960818625 0.6224810015625 0.2977047546875 0.6708371515625 0.29530629375 0.7054955984375 0.2828125 0.753376571875 0.2828125 0.909932046875 0.290585265625 0.91875 0.3106105625 0.91875 0.311254884375 0.918711215625 0.319385840625 0.8956740609375 0.33154244843749997 0.8367171125 0.3332193625 0.7838755625
1 0.23142972031250003 0.9149149171875 0.23985426875 0.9370485375 0.24083608124999997 0.9375 0.269314215625 0.9375 0.270320746875 0.931084471875 0.270320746875 0.7747441015625001 0.257723640625 0.72750691875 0.255718296875 0.6844513640625001 0.2583357609375 0.6403895546875 0.25677825 0.6236591171875 0.25330591406249997 0.621380871875 0.2499071 0.621380871875 0.221875 0.62217290625 0.221875 0.62355155 0.229937046875 0.6823468578125 0.23155425937500002 0.7170690796875 0.22699115 0.7360671156249999 0.221875 0.7391561703125 0.221875 0.8690689359375 0.23142972031250003 0.9149149171875
1 0.1862368484375 0.903694403125 0.1862368484375 0.7592697968750001 0.17078347031250002 0.7027380187500001 0.17230123125000002 0.634382075 0.17191309999999999 0.626048740625 0.169081690625 0.6241406328125 0.14066309999999999 0.62805133125 0.147604725 0.70979551875 0.1375 0.7749602687499999 0.1375 0.85922375 0.1451414234375 0.89244086875 0.15424769375 0.919717996875 0.15844163125 0.921875 0.179403371875 0.921875 0.18315394375 0.917865603125 0.1862368484375 0.903694403125
1 0.06015625 0.62743055625 0.0609375 0.6829861109375 0.0484375 0.72881944375 0.04140625 0.771875 0.04140625 0.809375 0.04765625 0.8579861109374999 0.05546875 0.8899305562500001 0.0609375 0.8982638890625001 0.078515625 0.8989583328125 0.08671875 0.8913194437499999 0.103125 0.8065972218749999 0.10234375 0.762152778125 0.0859375 0.6815972218749999 0.084765625 0.62256944375 0.06015625 0.62743055625
1 0 0.8689160625 0.0046875 0.86493055625 0.01953125 0.784375 0.01640625 0.721875 0 0.659375 0 0.8689160625
1 0.14375 0.7010416671875 0.1421875 0.646875 0.137109375 0.62256944375 0.13359375 0.6302083328125 0.1328125 0.6635416671875001 0.11484375 0.7510416671875 0.1171875 0.8065972218749999 0.125 0.8357638890625001 0.12734375 0.7857638890625 0.14375 0.7010416671875
1 0.22265625 0.631597221875 0.219921875 0.6239583328125 0.215625 0.62743055625 0.21640625 0.687152778125 0.203125 0.7357638890625 0.19765625 0.7704861109375 0.1984375 0.8232638890625001 0.20703125 0.862152778125 0.21171875 0.762152778125 0.225 0.7302083328125 0.22734375 0.709375 0.22265625 0.631597221875
1 0.30078125 0.674652778125 0.294140625 0.6239583328125 0.28984375 0.631597221875 0.2859375 0.671875 0.275 0.7135416671875 0.26953125 0.7510416671875 0.26953125 0.8010416671874999 0.278125 0.846875 0.28046875 0.8454861109374999 0.28125 0.7899305562500001 0.3 0.7010416671875 0.30078125 0.674652778125
1 0.37109375 0.624652778125 0.37109375 0.6829861109375 0.35625 0.7440972218749999 0.35234375 0.774652778125 0.353125 0.81631944375 0.3609375 0.8677083328125 0.368359375 0.8920138890625001 0.38046875 0.899652778125 0.394921875 0.8989583328125 0.4 0.8899305562500001 0.41171875 0.837152778125 0.4140625 0.8107638890625001 0.4125 0.7552083328125 0.396875 0.687152778125 0.3984375 0.6302083328125 0.394921875 0.6239583328125 0.37109375 0.624652778125
1 0.46875 0.6727083328125 0.4671875 0.66631944375 0.4671875 0.631597221875 0.460546875 0.62256944375 0.44375 0.624652778125 0.44140625 0.6635416671875001 0.4234375 0.7482638890625 0.4234375 0.7871527781250001 0.428125 0.819097221875 0.4375 0.86493055625 0.446875 0.874652778125 0.466796875 0.875347221875 0.46875 0.872943375 0.46875 0.6727083328125
0 0.14651692656249998 1 0.1421875 0.9802083328125001 0.127734375 0.950347221875 0.116796875 0.937847221875 0.101171875 0.9295138890625001 0.075390625 0.9295138890625001 0.057421875 0.9434027781250001 0.040625 0.9746527781250001 0.034816260937499996 1 0.14651692656249998 1
1 0.5109375 0.5890625 0.5109375 0.9972806515624999 0.5121885609375 1 0.6366335140625 1 0.63707320625 0.999027934375 0.6522071953124999 0.9547204453125 0.6632176484375 0.9091469078125 0.671965615625 0.8447997624999999 0.6740754484375 0.788275765625 0.6713717296875 0.745300534375 0.66454114375 0.6899056296875 0.6411993296875 0.5890625 0.5109375 0.5890625
1 0.8715320906249999 0.5890625 0.8703125 0.600335371875 0.8703125 0.7149379703125 0.8855754609375002 0.8208578046875001 0.8940116203125001 0.8404557562499999 0.9037747515625 0.849554365625 0.9092989984375001 0.8515625 0.9280882125 0.8515625 0.92825391875 0.85155258125 0.93524370625 0.8456663140625 0.9654952140624999 0.7766492890625 0.9774352046875 0.7356181515625 0.9774352046875 0.5890625 0.8715320906249999 0.5890625