1 0.2296875 0.323283946875 0.2296875 0.297050846875 0.227568525 0.27620259062499997 0.2296875 0.26079274531249996 0.2296875 0.2163999078125 0.2281722140625 0.21144524687500002 0.22455234375000002 0.21144524687500002 0.22153775625 0.2122951328125 0.216415359375 0.22437604218749999 0.215068525 0.2770036265625 0.21068523906249997 0.29308470781249996 0.21068523906249997 0.3375 0.21142696718749998 0.3375 0.213772396875 0.3344672890625 0.2296875 0.323283946875
1 0.2453125 0.3120175625 0.2453125 0.2877688125 0.240673659375 0.25335070000000004 0.2453125 0.21407443124999997 0.2453125 0.20457166875000002 0.23210918593750002 0.2027267078125 0.230498125 0.2107988078125 0.230498125 0.2128501765625 0.234220846875 0.2339517109375 0.230498125 0.265471365625 0.230498125 0.301863090625 0.2326926328125 0.32281332812499997 0.24130002031250003 0.3296875 0.243213203125 0.3296875 0.2453125 0.3120175625
0 0.2525880265625 0.421875 0.26309481875 0.41384038749999996 0.2640625 0.40922089218749996 0.2640625 0.3543497046875 0.2636604171875 0.35281112187499997 0.2517463109375 0.33227664687499997 0.234437575 0.3275097796875 0.223702134375 0.334072278125 0.214401253125 0.3497034765625 0.21138408125 0.38012262343750003 0.21515568125 0.4024539734375 0.2246048015625 0.41873993593750003 0.2308784671875 0.421875 0.2525880265625 0.421875
1 1 0.11171611875000001 0.9826833859375 0.10682998749999999 0.9600206437499998 0.129142159375 0.9541325734375 0.14591642031250002 0.9541325734375 0.213664703125 0.9565499921875 0.2740737875 0.9541325734375 0.3086444921875 0.9541325734375 0.4862777203125 0.9597923843749999 0.5136024031249999 0.9551712640625001 0.5796875 1 0.5796875 1 0.3373891359375 0.9990789781250001 0.332973884375 1 0.3227962125 1 0.11171611875000001
1 0.6434151703125 0 0.640643325 0.009623478125 0.66286233125 0.265096784375 0.610973371875 0.4719202125 0.6084731296875 0.5796875 0.7953125 0.5796875 0.7953125 0.46730328906249996 0.7529389921874999 0.338321309375 0.7381596734375 0.2547044953125 0.7515995078125 0.007219221874999999 0.7484312875000001 0 0.6434151703125 0
1 0.4796875 0.5796875 0.596722996875 0.5796875 0.5954383703125 0.5027987765625 0.6125 0.41346821718750004 0.6125 0.38763637812499996 0.584327259375 0.28746959375 0.584327259375 0.20462935624999998 0.6021050375 0.055664925 0.5887717046875001 0.015021384374999999 0.573894084375 0.0023354203125 0.52979280625 0.0023354203125 0.504327259375 0.0465669328125 0.51766059375 0.285435325 0.4796875 0.4393146875 0.4796875 0.5796875
1 0.6017921015625001 0.1193448125 0.60157689375 0.1193448125 0.584967646875 0.19042529531250002 0.584967646875 0.3379851109375 0.5922431390625 0.3703125 0.5925146156250001 0.3703125 0.5942549890625 0.26528995625 0.6125 0.16670033906249998 0.6125 0.1567416640625 0.6017921015625001 0.1193448125
1 0.7874594531250001 0.28513296875 0.790625 0.23078263125 0.790625 0.20850344999999998 0.7813303421875 0.10851285625 0.7801416484375 0.10851285625 0.7658258124999999 0.12458657656250001 0.75667234375 0.1527368640625 0.75667234375 0.181902415625 0.762171325 0.2633290453125 0.75667234375 0.310916921875 0.75667234375 0.384375 0.7580623359375 0.384375 0.7874594531250001 0.28513296875
1 0.9046980890625 0.5796875 0.90625 0.56158129375 0.90625 0.54227190625 0.9006247593750001 0.4663143015625 0.8640681953125 0.345641375 0.8618779953125 0.1914069296875 0.8775356468750001 0.11230185156250001 0.87694905625 0.055959404687500006 0.8613584640624999 0.0180064328125 0.8260611656249999 0.007059815625 0.7931072125 0.030331015625000003 0.780963071875 0.065186825 0.792887009375 0.267405696875 0.7738436421875 0.35106245625 0.7738436421875 0.4570451703125 0.781813953125 0.49495748749999996 0.7832019499999999 0.5796875 0.9046980890625 0.5796875
1 0.9546875 0.5796875 0.9546875 0.5004022796875 0.9517742640625 0.47064418124999996 0.9133130671874999 0.3039315234375 0.9338201250000001 0.0884993859375 0.9183858234375 0.0679081296875 0.9006080453124999 0.0664569421875 0.8810555749999999 0.075270084375 0.86673734375 0.1580828171875 0.86673734375 0.37684094375 0.88605556875 0.4504093296875 0.8929956015624999 0.5164050796875 0.8889402796875 0.5796875 0.9546875 0.5796875
1 0.1910972234375 0.8775236 0.19375 0.8395871343750001 0.19375 0.8385043765625 0.1880014984375 0.8272547046875001 0.1821949703125 0.83799679375 0.18152798125 0.88090215625 0.175940684375 0.8983428609375 0.175940684375 0.960664509375 0.1787362546875 0.965625 0.1881863546875 0.965625 0.19375 0.9474589984375001 0.19375 0.89222571875 0.1910972234375 0.8775236
1 0.22467201406249998 0.8224326671875 0.2218230515625 0.8228666390624999 0.21829122500000003 0.829917921875 0.2177213578125 0.8715709515625001 0.2121726234375 0.889830128125 0.2121726234375 0.9609375 0.2218635296875 0.9609375 0.228125 0.943078365625 0.228125 0.8247807609375 0.22467201406249998 0.8224326671875
1 0.25306682187499996 0.9246544906249999 0.2586471671875 0.9484375 0.27262679843750004 0.9484375 0.2734375 0.9452539609375 0.2734375 0.885796503125 0.267694921875 0.8641162968749999 0.269607546875 0.8225587578125 0.265047990625 0.8133809296875001 0.25879799062500003 0.8131626765625001 0.2555046328125 0.820678796875 0.25607040937500003 0.8401232421875001 0.259101171875 0.8638161984374999 0.2528377609375 0.8899595484375 0.2518814484375 0.9107383171875 0.25306682187499996 0.9246544906249999
1 0.28249489375 0.9109312375 0.28900931406249997 0.940625 0.3015625 0.940625 0.3015625 0.8678663015625 0.2979314171875 0.8563312375000001 0.299572115625 0.8161899671875 0.288964634375 0.8121034593750001 0.286290865625 0.8154164234374999 0.285655075 0.8237042531250001 0.29002194531250003 0.8503206546875 0.2834998015625 0.8790777984375 0.282131246875 0.8900979046874999 0.28249489375 0.9109312375
1 0.1578125 0.8703299203124999 0.15 0.9055071703124999 0.14921875 0.9208304500000001 0.1515625 0.9387494984375 0.15546875 0.94824420625 0.1566038625 0.95625 0.1700747734375 0.95625 0.17421875 0.9388188109375001 0.17578125 0.9303944734374999 0.17578125 0.9067833593750001 0.1671875 0.8697838890625 0.1703125 0.8279352124999999 0.165234375 0.8192032000000001 0.16239355625000002 0.818358590625 0.1611300203125 0.818358590625 0.15546875 0.8274108734375 0.1578125 0.8703299203124999
1 0.1375 0.929717471875 0.1375 0.875803928125 0.1348181828125 0.8632033625 0.1375 0.839297071875 0.1375 0.8144400359375 0.13735151406249999 0.8140625 0.1356723171875 0.8140625 0.1287055296875 0.81463119375 0.12560713437499998 0.8211043984374999 0.1254431828125 0.8639686359375001 0.1197616015625 0.8817723796875001 0.1197616015625 0.9493696390625 0.12279531562499998 0.953125 0.12406089218750001 0.953125 0.1296409953125 0.9520922515624999 0.13403260625 0.9434400546875 0.1375 0.929717471875
1 0.10713111875 0.93691308125 0.11216988125 0.9171954859374999 0.1140625 0.8952390484375 0.1140625 0.8863734953125 0.1087788421875 0.855187159375 0.11268725312500001 0.8148001203125 0.10139957656250001 0.814897815625 0.0990015375 0.8226732796875 0.0993229484375 0.8572316125 0.094018146875 0.874570225 0.094018146875 0.9422609109375 0.09613933125 0.9452894796875 0.10282040156250001 0.9441306781249998 0.10713111875 0.93691308125
1 0.194668940625 0.880763596875 0.20143071406250002 0.9173297343750001 0.20000597031249998 0.9421875 0.202718625 0.9421875 0.20398993906250001 0.9369561890625 0.20559285312500003 0.9356583046875 0.2078125 0.9154739640624999 0.2078125 0.8948882906250001 0.207626890625 0.8926482531250001 0.2007438796875 0.8602487812499999 0.20496001874999997 0.8229307921875 0.20092582499999997 0.8136527515624999 0.194675825 0.8132887296875 0.1911399921875 0.819069675 0.1911399921875 0.8284497562500001 0.19369921875 0.8334048656249999 0.1950192421875 0.8418292062500001 0.194668940625 0.880763596875
1 0.17152134218749998 0.9157971437500001 0.175 0.9051453921875 0.175 0.882812346875 0.17117525312499998 0.859922725 0.1727773265625 0.834922725 0.175 0.8241895781250002 0.175 0.822858259375 0.17471562812500002 0.8169309421875 0.172114759375 0.8146244046875001 0.16186950625000002 0.8151842437500001 0.1619486171875 0.8200772453124999 0.1653307359375 0.82244755625 0.1683568390625 0.830373421875 0.164302225 0.8691347640625 0.1707693671875 0.9203125 0.171231984375 0.9203125 0.17152134218749998 0.9157971437500001
1 0.4764591875 0.9335358218750001 0.478125 0.9101359062500001 0.478125 0.8857802937500001 0.47377582656249995 0.8653347968749999 0.478125 0.8240208828125001 0.478125 0.820095471875 0.4760419859375 0.814631259375 0.469864775 0.8130969015625 0.4633866953125 0.8247660796874999 0.46276553906249995 0.8664691140624999 0.4585002546875 0.8820404015625 0.4585002546875 0.9519997328125 0.46178441875000004 0.953125 0.47205221249999996 0.953125 0.47231514687500004 0.9529075312499999 0.4764591875 0.9335358218750001
1 0.4326141625 0.940625 0.44375 0.940625 0.44375 0.8680539984375001 0.4406073390625 0.857475509375 0.4403624953125 0.8128808718750001 0.43386836406249996 0.8091845750000001 0.43182869375 0.8091845750000001 0.4262999953125 0.8137820390625 0.43193269531249995 0.856637334375 0.4262766359375 0.88069903125 0.4260893265625 0.9044102703125001 0.4326141625 0.940625