1 0.42356176874999996 0.55 0.41989561875000003 0.52657648125 0.42460629375 0.45887463124999994 0.420154321875 0.44857247187500005 0.411907240625 0.44730334687499995 0.4055510875 0.45559255 0.4036867078125 0.46218329062499997 0.40431374375000007 0.5267431625000001 0.3983819921875 0.55 0.42356176874999996 0.55
1 0.5390625 0.55 0.5390625 0.4441461890625 0.5353433187500001 0.44157154531250004 0.52991926875 0.44488058124999996 0.5247102140625 0.45797104843750003 0.5241680390625 0.5211708046875 0.5176012796875 0.5437415375 0.5176012796875 0.55 0.5390625 0.55
1 0.47949885312499996 0.55 0.4756186515625 0.5271017171875 0.47687999531249997 0.5067464984375001 0.4796875 0.4892559515625 0.4796875 0.4487936125 0.47202977031250004 0.44639386875 0.465953459375 0.4534974390625 0.463060046875 0.46281731718749997 0.46075750937500004 0.524763425 0.4559092515625 0.540262346875 0.4559092515625 0.55 0.47949885312499996 0.55
1 0.45625 0.55 0.45625 0.52167419375 0.45560943125 0.519691628125 0.4527813921875 0.45480405937499996 0.44865926875 0.44520006093750003 0.44264945468750005 0.44169642343750004 0.43615926875 0.44563656875 0.433130053125 0.457347053125 0.4406051234375 0.514645334375 0.4374815140625 0.55 0.45625 0.55
1 0.39355073906250004 0.55 0.3883633125 0.52679754375 0.39159415625 0.46114169218749995 0.3873529375 0.4503131546875 0.37958892187500004 0.4472170421875 0.37537376875 0.4498250421875 0.370744659375 0.461218725 0.37220131875 0.527065578125 0.36760369531250003 0.542938503125 0.36760369531250003 0.55 0.39355073906250004 0.55
1 0.324755425 0.55 0.32134015625 0.5257123265625 0.325 0.495933821875 0.325 0.4509764609375 0.3238133078125 0.44863424218750003 0.31980077812499996 0.4484375 0.315782534375 0.4484375 0.31280564375000003 0.45032499374999996 0.3069105328125 0.46317098437500004 0.3052644859375 0.5259154265625 0.3029975125 0.5346389703125001 0.3029975125 0.55 0.324755425 0.55
1 0.3671875 0.55 0.3671875 0.539677896875 0.3650043890625 0.5329867953125 0.36477891093750003 0.46342106093749996 0.3604765109375 0.453880775 0.35330019375 0.45087105000000005 0.35214511875 0.45087105000000005 0.3459686359375 0.45641185625 0.3430548265625 0.46814360937500005 0.34874537031249997 0.5309610218749999 0.34541710625 0.55 0.3671875 0.55
1 0.34498944531250003 0.55 0.3483712109375 0.5278012171875 0.3444289015625 0.46380314531250005 0.3480522625 0.45428564062500004 0.3546875 0.45153831875000006 0.3546875 0.4508144234375 0.3514017359375 0.444291525 0.34210756249999996 0.44657798125000003 0.33801725 0.4579200421875 0.34193261875 0.5209921890625 0.3370117015625 0.5484697140625 0.33754911249999997 0.55 0.34498944531250003 0.55
1 0.296875 0.55 0.296875 0.533165234375 0.2951589953125 0.5264824796875 0.296875 0.501648003125 0.296875 0.453160665625 0.29558570781250004 0.44928447968749996 0.2863184734375 0.44618155625 0.27960599531249997 0.4535432046875 0.2767054703125 0.46389527499999994 0.2783486765625 0.514620940625 0.2774506609375 0.52761728125 0.27276670468750003 0.5460199546875 0.27276670468750003 0.55 0.296875 0.55
1 0.2609375 0.55 0.2609375 0.5451495140625 0.2583474203125 0.5144616234375 0.2609375 0.49250610781250004 0.2609375 0.44854860625 0.25598099375 0.4444602796875 0.2479417484375 0.4471471484375 0.2432418796875 0.4568239171875 0.23958917500000002 0.5207309890625 0.23410599375 0.5392143640625 0.23410599375 0.55 0.2609375 0.55
0 0.8166577359375001 0.55 0.8206499218750001 0.5382004593749999 0.8252445187499999 0.5175751484375 0.8265625 0.489277590625 0.8265625 0.44250686093749997 0.8234795921875 0.42171589374999996 0.8132254515625 0.38551651875 0.8024770296874999 0.36550264375 0.7868022546875 0.3453717921875 0.7781264999999999 0.3419685828125 0.7303327187499999 0.3419685828125 0.7072043328125 0.360166925 0.6845796203125 0.3945123140625 0.6769893984375 0.4125783703125 0.6700958375 0.4379789921875 0.666502603125 0.4544595703125 0.666502603125 0.49729924375 0.6817631984375 0.4828471890625 0.69938195625 0.47238606406250006 0.71656945625 0.4711841953125 0.719936634375 0.48248511875 0.7173789187499999 0.49281598437499996 0.7088531812500001 0.5031027203125 0.6928400515625001 0.512528659375 0.682015353125 0.5275907046875 0.6806718078125 0.534145028125 0.7220100406250001 0.5215638203124999 0.7317764999999999 0.5236496125000001 0.7346659703125 0.5340610296875 0.7311329390625 0.5486131921874999 0.728881628125 0.55 0.8166577359375001 0.55
1 0.023728303125 0.55 0.023806582812499998 0.5553677312499999 0.006860853124999999 0.6179894906250001 0.006860853124999999 0.83485553125 0.040388760937500004 0.8375 0.0449647359375 0.8375 0.05628029062499999 0.8022827250000001 0.054347759375000006 0.7039025546875 0.0640625 0.6203463640625 0.0640625 0.603120103125 0.0556688296875 0.55 0.023728303125 0.55
1 0.0804947953125 0.55 0.07010425625 0.589165040625 0.07010425625 0.8453125 0.10563183125 0.8453125 0.1105693625 0.8376920562500001 0.1278740609375 0.7660081671875 0.13125 0.732850509375 0.13125 0.62894059375 0.11718871718749999 0.554972415625 0.11758246562500001 0.55 0.0804947953125 0.55
1 0.1558732984375 0.55 0.1558341734375 0.551109784375 0.15127132031249999 0.567103803125 0.15127132031249999 0.8328125 0.15300665156249998 0.8328125 0.16057616875 0.8322307312499999 0.1719060546875 0.8145036093750001 0.18465388437500002 0.76194030625 0.1953125 0.6401117640625 0.1953125 0.63968889375 0.18310329375 0.5561154859374999 0.18386666093749998 0.55 0.1558732984375 0.55
1 0.2515076421875 0.55 0.2384522796875 0.644531896875 0.240470965625 0.7144134578125 0.26911018750000004 0.8329147828125001 0.2953125 0.8358514296875 0.2953125 0.5887401718749999 0.28438054375 0.55 0.2515076421875 0.55
0 0.8508782546875 0.7125 0.8559811484375001 0.7125 0.8607987078124999 0.7119197953125 0.8653336046875 0.7092954062500001 0.8730333031249999 0.6944518828125 0.875 0.687267853125 0.875 0.6547883234375 0.870999696875 0.643372565625 0.8644876171875 0.6382904734375 0.8572390765625 0.6378744328125 0.8476053218749999 0.644085546875 0.8428547953125 0.6513395671875 0.83978576875 0.6608854453124999 0.83978576875 0.695890565625 0.840177678125 0.6976722843750001 0.84662673125 0.709680609375 0.8508782546875 0.7125