1 0.0890625 0.56875 0.0890625 0.495291890625 0.0816934890625 0.45160657656250003 0.07669745781250001 0.4355989953125 0.078389334375 0.43289399375000004 0.07920539843749999 0.40416602968750004 0.0890625 0.3342283265625 0.0890625 0.29046082968750003 0.0887627765625 0.2886193546875 0.08378997187500001 0.2777164953125 0.0788403921875 0.271918359375 0.0716349765625 0.2697268921875 0.060395596875 0.2756989515625 0.050831518750000006 0.2961320234375 0.0489771140625 0.3359468390625 0.0518500109375 0.36391868125000004 0.0476170421875 0.43238868437500005 0.0275976078125 0.492656040625 0.0275976078125 0.56875 0.0890625 0.56875
1 0.2296875 0.56875 0.2296875 0.5081596859374999 0.2202859609375 0.4709277796875 0.2178931828125 0.3941851140625 0.2207470953125 0.36294929531250003 0.21792432968750003 0.3055691828125 0.2074884828125 0.2824063234375 0.1971612171875 0.27448029687500003 0.1893487171875 0.274070859375 0.178375746875 0.281803684375 0.173060275 0.2930638625 0.170565409375 0.3215492 0.17940544687499999 0.3930911578125 0.18501262499999999 0.4626174890625 0.1680451671875 0.5457303265625 0.165342665625 0.56875 0.2296875 0.56875
1 0.269157921875 0.56875 0.2703125 0.560276128125 0.2703125 0.5552448109375 0.26848150312499997 0.503620771875 0.257278684375 0.42751303281249997 0.259616090625 0.3784328984375 0.26635289375000004 0.34330225625 0.2685285125 0.2969999 0.2660506609375 0.2858524265625 0.260573403125 0.27698643437500003 0.2515774796875 0.2734375 0.25045209687500003 0.2734375 0.2390035203125 0.280441659375 0.2307588671875 0.301193178125 0.22860170468750002 0.3382302140625 0.2306466828125 0.38365512812499997 0.2275372546875 0.4280935140625 0.2188249609375 0.456999515625 0.2188249609375 0.56875 0.269157921875 0.56875
1 0.12264622656249999 0.56875 0.123246084375 0.5652753078125 0.13423305624999998 0.5257944234374999 0.14318754218750002 0.5048715234375 0.14693369375 0.48434328750000005 0.1460005921875 0.45772823437500004 0.137220634375 0.400421025 0.1406218546875 0.358754359375 0.1479629921875 0.3195497390625 0.15 0.2945953625 0.15 0.28776993281249996 0.14860888125 0.27993225625 0.1428116296875 0.27027925625 0.1305276046875 0.27027925625 0.1255534171875 0.27385760625 0.116897140625 0.29429781093749996 0.11148129843750001 0.3986906421875 0.1067690625 0.4183718859375 0.10332704374999999 0.42764830312499996 0.10332704374999999 0.56875 0.12264622656249999 0.56875
1 0.3109375 0.56875 0.3109375 0.44635536875000004 0.3088978671875 0.44031410312499997 0.3016780640625 0.3987565296875 0.3006184515625 0.3756174734375 0.3032549859375 0.309804003125 0.30184695 0.29408144375 0.29495938593750004 0.27799138125 0.2849773484375 0.274460409375 0.2767517703125 0.27923549687500004 0.27111778124999997 0.2946178234375 0.2766780640625 0.39919290625000003 0.2718109421875 0.43632994687500004 0.291695946875 0.5295393625 0.29341123125 0.56875 0.3109375 0.56875
1 0.340625 0.56875 0.340625 0.39847356562499997 0.33687885156249997 0.38681562187499996 0.3342547828125 0.3507136015625 0.3356355984375 0.311761075 0.33398225312499996 0.2923257203125 0.3265820078125 0.2771615828125 0.317773609375 0.275 0.3154904375 0.275 0.3115317703125 0.278351153125 0.306898921875 0.2927984609375 0.31541682656250003 0.3853365078125 0.310874096875 0.40580688125000003 0.3107492265625 0.42156580468750005 0.319550903125 0.44736445312499995 0.3273478328125 0.49171798593749994 0.32923535 0.5241253921875 0.32754941875 0.566790715625 0.32953281875 0.56875 0.340625 0.56875
1 0.0438372421875 0.5376476593749999 0.047410690625 0.52777820625 0.051916503125 0.48940237968750006 0.0609375 0.4498127890625 0.0609375 0.36255161406249997 0.057566071875 0.34602352812500003 0.05363069375 0.3051643859375 0.0561979484375 0.286922134375 0.0609375 0.2770453453125 0.0609375 0.2744881203125 0.057597939062500006 0.2708960296875 0.0468222265625 0.27284501250000004 0.041147709375 0.286703534375 0.04946835625 0.385049015625 0.040544685937500005 0.427699271875 0.036343990625 0.462410859375 0.0381960359375 0.503112134375 0.04355715625 0.540625 0.044010653125 0.540625 0.0438372421875 0.5376476593749999
2 0.4890625 0.1395479484375 0.69578770625 0.15265365625 0.761585209375 0.1520064890625 0.765579371875 0.15590425937500002 0.7790347875 0.1583868234375 0.7844358609375 0.1859375 0.8469471796875 0.1859375 0.8515625 0.1652777421875 0.8515625 0.0704389953125 0.8501002765625 0.06704742500000001 0.8409840296875 0.061055221874999996 0.8125571515625 0.0662267640625 0.781741728125 0.066647378125 0.4890625 0.0511854515625 0.4890625 0.1395479484375
1 0.126504090625 0.56875 0.11086509687499999 0.6106584875000001 0.11086509687499999 0.8040973546875 0.118120315625 0.8498632718750001 0.13113885 0.8515625 0.1812516609375 0.8515625 0.1897673765625 0.8177599859375 0.2140625 0.715890025 0.2140625 0.6698857359375 0.1969677125 0.56875 0.126504090625 0.56875
1 0.0171430890625 0.56875 0 0.6249410734375 0 0.7488065468749999 0.027096184375 0.8421875 0.08857685781249999 0.8421875 0.0921875 0.814042125 0.0921875 0.6284050359375 0.074635453125 0.56875 0.0171430890625 0.56875
1 0.30499300625000003 0.56875 0.286623115625 0.641956625 0.2908262453125 0.7141215734374999 0.3335504828125 0.8546875 0.3984375 0.8546875 0.3984375 0.578538171875 0.3947427765625 0.56875 0.30499300625000003 0.56875
1 0.4890625 0.56875 0.4398836140625 0.56875 0.4235079296875 0.6093681765625 0.4235079296875 0.8272306265625 0.42961710625 0.8509952937499999 0.43996006875000004 0.8515625 0.4890625 0.8515625 0.4890625 0.56875
1 0.22008268125 0.56875 0.2453125 0.6543137 0.2453125 0.607838740625 0.23062707031250002 0.56875 0.22008268125 0.56875
1 0.2453125 0.7884853 0.23550308437499998 0.8375 0.2453125 0.8375 0.2453125 0.7884853
1 0.4890625 1 0.514219603125 1 0.5081227125 0.967180678125 0.5161706921875 0.8840414109375001 0.5160346640625 0.86454845 0.509194159375 0.8489189281249999 0.4999485328125 0.8457045031250001 0.49352603281249996 0.8491171078124999 0.4890625 0.856253484375 0.4890625 1
1 0.6100599203125 1 0.60464950625 0.9671403578125 0.6063900125 0.964271575 0.6101611375 0.9216183125 0.6157057234375001 0.8917763375 0.6171875 0.86865354375 0.6171875 0.8673952078125 0.6148948296875 0.8558472359374999 0.6099897703125 0.8473694578125001 0.6029665203125 0.8452326734375 0.5987917265625 0.8452326734375 0.5904222578125 0.8531214859375 0.5845546328125 0.8677615203125001 0.5820756640625 0.97122254375 0.5737401890625 1 0.6100599203125 1
1 0.7335904546875 1 0.7314289046875 0.987565603125 0.730530528125 0.9320828859375 0.733238675 0.905485975 0.7317154859375 0.87674585 0.7240537234375 0.8581986234375 0.711327384375 0.8508430562499999 0.7032203906250001 0.8567418140624999 0.697308153125 0.8734161921875 0.6976603375 0.8983797718750001 0.70493805 0.9580032328125 0.7059080703125 0.9857810109375 0.70270086875 1 0.7335904546875 1
1 0.6703125 1 0.6703125 0.9950967515624999 0.6607358156250001 0.96127090625 0.6596557921875 0.9159824249999999 0.6611459046875 0.9059064234375 0.658880884375 0.867017534375 0.6504929031250001 0.8522698953125 0.64043528125 0.8489734984374999 0.6324077859375 0.858245340625 0.63014565 0.8728963796875 0.6360565046875 0.9119763390625 0.63916593125 0.9564480796874999 0.6382690375 0.9767092671875 0.633704378125 1 0.6703125 1
1 0.7570215734375 1 0.7524790953125 0.970178109375 0.7534682765625 0.9442461234374999 0.759375 0.908210459375 0.759375 0.8593806718749999 0.7583580828125001 0.8558171671875 0.7545149906249999 0.8502131296875 0.7468642765625 0.84734444375 0.73763260625 0.8537228984375 0.73059140625 0.8717087578125 0.729656553125 0.9003277671875001 0.729656553125 0.918233434375 0.731234228125 0.9412077453125001 0.729656553125 0.9682953718749999 0.729656553125 1 0.7570215734375 1
1 0.7866713484375 1 0.7811263078125 0.9606255203125 0.7890625 0.9010860125000001 0.7890625 0.8539786250000001 0.78476526875 0.84946584375 0.778590853125 0.8490135140625 0.7676409843750001 0.8595053296875002 0.7631554968750001 0.8764087937499999 0.762179878125 0.9027693906250001 0.762179878125 1 0.7866713484375 1
1 0.8613268578125 1 0.8588620234375 0.989514834375 0.8628491515625001 0.8921835187500001 0.8619403968749999 0.8755259421874999 0.8544457984375 0.8557412671875 0.84392615625 0.8497733406249999 0.8428572953125 0.8497733406249999 0.8315506812500001 0.8570672046875 0.8255251671874999 0.878014178125 0.8261717031250001 0.9057919546875001 0.8333663453125 0.968654915625 0.8324288296875 0.9955340406250001 0.8314602359375 1 0.8613268578125 1
1 0.890753734375 1 0.8875882031250001 0.9845966234375 0.88481648125 0.8743478015624999 0.8772005187499999 0.8554799578125 0.8712017062499999 0.8509503328125 0.863910040625 0.8510776078125 0.8572832578125 0.85814478125 0.862744221875 0.880294275 0.8639306609374999 0.9006646453125 0.8620119984375 0.9572370390625 0.8631629671875001 0.9859498375000001 0.8651697328125 1 0.890753734375 1
1 0.9171875 1 0.9171875 0.9992608046874999 0.9097802875 0.9725105609375 0.9077664578124999 0.9290315078125 0.9095787031250001 0.8978262906250001 0.9075478562499999 0.8718608984374999 0.8984233234375001 0.8531936140624999 0.8894612984375 0.850670834375 0.8823676125000001 0.8579689421874999 0.8876852453125 0.8869489093749999 0.8862334875 0.9421492671875 0.8886602953124999 0.983815934375 0.8930700781249999 1 0.9171875 1
1 0.9288981109375001 1 0.9203125 0.96336805625 0.9244791671874999 0.8902199078125002 0.9239583328125001 0.8689236109374999 0.9190104171875 0.8564236109374999 0.9065104171874999 0.8527199078125001 0.9026041671874999 0.8578125 0.9057291671875 0.8717013890625 0.90625 0.8948495375000001 0.9026041671874999 0.9281828703125001 0.9020833328125001 0.9717013890625001 0.9052083328125 0.98836805625 0.9099338109375001 1 0.9288981109375001 1