1 0.31875 0.1176250703125 0.31411560625 0.10180379218749999 0.31151139375 0.0285343046875 0.30646128125 0.0190699296875 0.29840352187499997 0.0171875 0.29650315156249996 0.0171875 0.2934404484375 0.01982830625 0.289755065625 0.0316602296875 0.29738960468750003 0.10184858906250001 0.28949143125 0.1580715171875 0.2912847046875 0.1942129640625 0.3043978734375 0.252000265625 0.3080667265625 0.2546875 0.3121038234375 0.2546875 0.31875 0.2540843296875 0.31875 0.1176250703125
1 0.39683554062500004 0.11554066562500001 0.399277178125 0.1526261859375 0.3979834078125 0.1804039625 0.38835144375 0.21622918281249998 0.38835144375 0.3590434046875 0.38855486093749997 0.359375 0.412442171875 0.359375 0.41747662031250005 0.3436820703125 0.4265625 0.30348328125 0.4265625 0.2227935390625 0.42633733749999997 0.220570284375 0.41829590781250003 0.1806403203125 0.41958967812500003 0.1528625421875 0.42478803750000005 0.119571634375 0.42547472343750004 0.09363964531249999 0.4192412984375 0.07642820156249999 0.4094317171875 0.0744612015625 0.4019907734375 0.08317568125 0.3983051390625 0.09517635625000001 0.39683554062500004 0.11554066562500001
1 0.6158326234375 0.253125 0.628125 0.253125 0.628125 0.025210860937500003 0.624618790625 0.017567125 0.616752409375 0.01621591875 0.6109379453125 0.02261826875 0.6082170703124999 0.0367074171875 0.6132818734375001 0.10317382343749999 0.602892265625 0.1585711140625 0.6028743859375 0.1938230515625 0.61501531875 0.2524147796875 0.6158326234375 0.253125
0 0.089930571875 0.3142561765625 0.1119784375 0.33125 0.1503253953125 0.33125 0.1610943546875 0.3169634484375 0.16875 0.2969739171875 0.16875 0.248308446875 0.1683215015625 0.24390226093749998 0.1531922375 0.22005658437500003 0.1342375296875 0.2033372875 0.11917885937499999 0.1998669109375 0.11697791718749999 0.1998669109375 0.103562234375 0.2093981484375 0.09359453125 0.2260748890625 0.086582990625 0.2504885765625 0.08483365625 0.2792893125 0.089930571875 0.3142561765625
0 0.6796875 0.10059198124999999 0.6651963453125 0.10059198124999999 0.6508631703125001 0.107480165625 0.6385969265625 0.1234755375 0.6255958500000001 0.15773240625 0.6255958500000001 0.22471950624999998 0.637702378125 0.2511989453125 0.6481834125 0.265625 0.6637604140625 0.265625 0.6796875 0.258547275 0.6796875 0.10059198124999999
1 0.8315781484375 0 0.8269883015625 0.029557353125 0.8235445796875001 0.09149215625 0.824042090625 0.1206766953125 0.8268221859375 0.1640594546875 0.8304340218749999 0.1947162 0.8407640171875 0.2530927859375 0.8610784312499999 0.330179784375 0.8755928281250001 0.37673748749999997 0.8793109890625 0.3812061125 0.8877804734375001 0.3828125 0.8905307593749999 0.3828125 0.923131453125 0.38168545625 0.9328125 0.380168603125 0.9328125 0 0.8315781484375 0
1 0.9198342281249999 0 0.9198940765625 0.0002102421875 0.9225538703125 0.0171192 0.9294506984375 0.045369190625 0.9309780609375 0.0590342140625 0.9338027484375001 0.0665949015625 0.9371948968750001 0.0994036953125 0.9389331296875 0.131190628125 0.938775865625 0.1647141859375 0.9360175671875 0.20989726250000001 0.9281645671875 0.2641087734375 0.9227017390625001 0.288538853125 0.9219834109375 0.2973634515625 0.9196111640625 0.305166190625 0.9205588468749999 0.3078125 0.9642494062499999 0.3078125 0.9646600078125 0.307738303125 0.968298253125 0.302898553125 0.9717198609375 0.2912008140625 0.9890625 0.1999097359375 0.9890625 0.02858361875 0.9845669062500001 0.0076375390625 0.9824804171875 0 0.9198342281249999 0
1 0.682009375 0 0.682009375 0.3359375 0.7132091218750001 0.3359375 0.723393328125 0.333907359375 0.72889510625 0.327267875 0.7537202265625 0.24094036874999997 0.7560768046875 0.2189218296875 0.75488765625 0.1736229265625 0.757753509375 0.12095722499999999 0.7625865859375 0.0790992171875 0.771875 0.0312974390625 0.771875 0.019687465625 0.7693686328125 0.0015815953125000001 0.7690485703125 0 0.682009375 0
1 0.6796875 0.28573414218750004 0.6884026265625 0.250739634375 0.6886761484374999 0.2370109140625 0.6844365421874999 0.216417834375 0.6801969359375 0.22438049218749997 0.6796875 0.22871230156250003 0.6796875 0.28573414218750004
2 0 0.4796875 0 0.5718687734375 0.00496003125 0.5718073546875 0.008817796875 0.567458753125 0.1136345875 0.573693965625 0.1909460140625 0.56731384375 0.3046906140625 0.5682694921875 0.414399675 0.5582959640625 0.415625 0.548363025 0.415625 0.528188690625 0.4126055953125 0.5048783234374999 0.41298675156250003 0.4796875 0 0.4796875
1 0.6796875 0.846875 0.697389765625 0.846875 0.6988961437500001 0.845246928125 0.7015625 0.83156894375 0.7015625 0.725295728125 0.69024753125 0.6617136015625 0.6910602671875 0.6218866656250001 0.6976021734375 0.58212639375 0.6997584578125 0.5358300984375 0.6981063796875 0.526546596875 0.693047325 0.517686665625 0.6797212874999999 0.5128994640625 0.6796875 0.5129151000000001 0.6796875 0.846875
1 0.7690776203125 0.8459298203125 0.7921875 0.8432931531250001 0.7921875 0.750811790625 0.7899915421875 0.7397648703125 0.7747525484375 0.6822993265624999 0.77328875625 0.6499252953125 0.7762699875 0.60891754375 0.7753629125 0.55981009375 0.7672046406249999 0.53946071875 0.7578220375 0.5359375 0.7524222546875 0.5359375 0.7437671406249999 0.5409626609375 0.7395690625 0.5491167328125 0.7369020703125 0.56505773125 0.7455319984375001 0.6823165609374999 0.7306345421875 0.7621216890625 0.7283088531249999 0.8077256937499999 0.7303743046875 0.8428441281250001 0.7323093484375 0.846875 0.7330418953125 0.846875 0.7690776203125 0.8459298203125
0 1 0.8586809578124999 0.6796875 0.8586809578124999 0.6796875 0.9565940828125001 0.68528256875 0.9564418875000001 0.7637003578125 0.9509557578125001 0.7978135140625 0.9450825796875 0.8101192718749999 0.9470593234375 0.8898715203125 0.9410267874999999 0.8931907593750001 0.9380487515624999 0.9845984390625 0.9358781890625 1 0.9328799906250002 1 0.8586809578124999