1 0.42783454687500005 0.45 0.42783454687500005 0.435622684375 0.4117122453125 0.39116130625 0.4071099484375 0.3411461515625 0.40633076093750004 0.2552168984375 0.402122865625 0.22276402499999998 0.38988809375 0.197005546875 0.3810256828125 0.190281590625 0.3764139125 0.1896703421875 0.3713054953125 0.1896703421875 0.35983092499999997 0.197978425 0.35486170625 0.210304146875 0.353125 0.222889078125 0.353125 0.23255654374999998 0.35596933750000004 0.2620650703125 0.37283526875 0.3604708484375 0.3750354109375 0.39378902656250003 0.3689645328125 0.45 0.42783454687500005 0.45
1 0.342526071875 0.45 0.3461494375 0.42368444062500005 0.33144753125 0.3630599796875 0.33274060156249996 0.3075044234375 0.3382003375 0.2515843328125 0.33719816874999997 0.22764695937499999 0.3343533328125 0.215883325 0.32859003750000004 0.20668512187500002 0.316740178125 0.20217760937499998 0.30615110156249997 0.2104963578125 0.299285090625 0.22634372187500001 0.2982075328125 0.27264001875 0.3027298328125 0.3239906328125 0.3017384796875 0.36658322499999996 0.2963613421875 0.39662295937500003 0.290625 0.4186523953125 0.290625 0.45 0.342526071875 0.45
1 0.4390625 0.45 0.4390625 0.20105126874999998 0.432680234375 0.20304497187499998 0.425866303125 0.21096544218750002 0.421355725 0.225652759375 0.4207002203125 0.24884037343749998 0.4246406359375 0.28741353125 0.42538602656249996 0.33826052500000003 0.41310519375 0.391020103125 0.4109375 0.405980159375 0.4109375 0.45 0.4390625 0.45
1 0.30391422343749996 0.45 0.30451924375 0.4413105328125 0.30451924375 0.2819494125 0.2997283296875 0.22087716249999997 0.29577921875 0.2119034453125 0.28719161875 0.2054688890625 0.284862615625 0.2054688890625 0.276330378125 0.208115725 0.2703125 0.22576910468750003 0.2703125 0.2355269984375 0.27066056875 0.2451926421875 0.2790137125 0.294539671875 0.2822508140625 0.32885352343749996 0.279310440625 0.3720717890625 0.27442516875 0.3930405375 0.273271446875 0.43173835625 0.274979696875 0.45 0.30391422343749996 0.45
1 0.271111690625 0.45 0.271111690625 0.3200430046875 0.269573975 0.3103109578125 0.267371925 0.23528065312500002 0.2639963890625 0.22327392031249998 0.2590649484375 0.21545506250000002 0.2530984390625 0.211818025 0.24442227968750002 0.21469882812500002 0.2421875 0.22180253749999998 0.2421875 0.2605293671875 0.2451739078125 0.28742946875 0.2485494421875 0.2994362015625 0.250151515625 0.3244362015625 0.2424774984375 0.3754893984375 0.2421875 0.381486821875 0.2421875 0.40914417031249994 0.2440729984375 0.43292104531250003 0.24757492499999997 0.45 0.271111690625 0.45
2 1 0 0.548323384375 0 0.55162826875 0.03700268125 0.5440466390625 0.042786303125 0.5140625 0.0427735828125 0.5140625 0.0894239765625 0.517108975 0.09788796250000001 0.5347705828125 0.120109440625 0.5515966609375 0.12891256874999998 0.56662524375 0.128426128125 0.5848379218749999 0.116023890625 0.5926971437499999 0.0945449921875 0.5983424828125 0.0873194421875 0.6000987515625 0.0642773765625 0.6044042125 0.0565509765625 0.6089405484375 0.054835515625 0.7968184609375 0.0649208390625 0.8660219578125 0.072476815625 0.9253969578125 0.0742044515625 0.9376784546875001 0.0782567109375 0.9410219578125 0.07465909062500001 0.9503969578125 0.0749318765625 0.9722046203125 0.081108775 1 0.081010596875 1 0
1 0.9432555812500001 0.12486597031249999 0.941290759375 0.10465346718749999 0.9359001203125 0.0916419421875 0.8994471734375 0.0934786625 0.8984375 0.09676635156249999 0.8984375 0.19994726406250002 0.9036274578124999 0.225048171875 0.9062525578125001 0.23125 0.9282174921875 0.23125 0.93981275625 0.179732396875 0.9430885875000001 0.153569678125 0.9432555812500001 0.12486597031249999
1 0.8877364875 0.0893990953125 0.8546875 0.085941340625 0.8546875 0.234375 0.873162559375 0.234375 0.8778603484375 0.2231650859375 0.8875254546875 0.1862977640625 0.8916130234375 0.163210228125 0.8932150968750001 0.138210228125 0.892450346875 0.10944591249999999 0.8877364875 0.0893990953125
1 0.8549049484375001 0.12670664843749999 0.8490657703124999 0.09541795 0.8435541609375001 0.08636234375 0.8285499156250001 0.0851262859375 0.8119563781250001 0.0851262859375 0.8097065906250001 0.0887411421875 0.809375 0.0907774734375 0.809375 0.1763197859375 0.8206309921875 0.22681328750000002 0.82616418125 0.240625 0.8505266890625001 0.240625 0.8532193390625 0.23313525156249998 0.8549049484375001 0.2212634734375 0.8549049484375001 0.12670664843749999
1 0.0473180296875 0.8250549796875 0.038544340625 0.7982590984375 0.0354701875 0.7796951156249999 0.0343199578125 0.7528735734375 0.0363703078125 0.7270688828124999 0.03357375 0.6928096234375 0.028647132812499997 0.6801959625 0.020229971875 0.672561234375 0.011602554687499999 0.6750813859375 0.0078125 0.6808644046875 0.0078125 0.7405624328125 0.015174178125000002 0.7920367328125 0.0078125 0.8474695000000001 0.0078125 0.90544779375 0.0105753859375 0.9078125 0.0473180296875 0.9078125 0.0473180296875 0.8250549796875
2 0 1 0.2965259078125 1 0.29686639375 0.9707387828125 0.3010078390625 0.9280188734374999 0.2962269203125 0.9138398078125001 0.2801349578125 0.909774003125 0 0.9205979421875 0 1
1 0.6300773515625 0.8423313171875 0.631734915625 0.84375 0.635086421875 0.84375 0.635086421875 0.69609813125 0.6289724718749999 0.6760283625 0.6238335375 0.5844298921875 0.6136587359375 0.569585140625 0.6058462359375 0.56935781875 0.6 0.5838589093750001 0.6 0.6005940953125 0.6094412218749999 0.6754600609375 0.6026861921875 0.7168312109375 0.62023855 0.7408969625 0.6310997781250001 0.7689247921875 0.6349421265624999 0.8064475281250001 0.6300773515625 0.8423313171875
1 0.6735117453124999 0.6565277328125 0.6801388515625 0.5727842984375 0.6787703109375001 0.564587665625 0.6738053296875 0.5601708328124999 0.6589292515625 0.5628583812500001 0.65523583125 0.5708048484375 0.6530914484375 0.595941546875 0.65495570625 0.6498348125 0.64375 0.7053642609375 0.64375 0.811267528125 0.6458375046875 0.821875 0.6721987859375 0.821875 0.6736034390625 0.8200748671875001 0.686970853125 0.748216278125 0.6855322515625 0.7095324406250001 0.6735117453124999 0.6565277328125
1 0.742277453125 0.6969808828125 0.7293355765625 0.6396539406249999 0.7254535671875 0.6357832734375 0.7294014890625 0.5612113171875001 0.7047719140625001 0.5665483265625 0.7092412453125 0.603693128125 0.7090473171875 0.6370264625 0.6986567375 0.6780738359375 0.696875 0.691202065625 0.696875 0.76340345 0.7026574109375 0.79577419375 0.70656701875 0.8046875 0.7267685359375 0.8046875 0.7323125890625001 0.799080165625 0.7428324546875 0.735810571875 0.742277453125 0.6969808828125
1 0.7927701515625 0.6762616296875 0.7794025828125 0.6170304828125 0.78161153125 0.5614203640625 0.7742300578125001 0.55820731875 0.75895528125 0.5622115375 0.7606849062500001 0.61490746875 0.75 0.6542414109375001 0.75 0.760947409375 0.7540903859375 0.7789600484375001 0.7585549593750001 0.7828125 0.7777884203125 0.7828125 0.7814341359375 0.77800518125 0.7922853171875 0.7179282984375 0.7927701515625 0.6762616296875
1 0.5419708546875001 0.561685359375 0.53342373125 0.561685359375 0.5300866953125001 0.57184095625 0.5266451828125 0.6621732859374999 0.51875 0.6885841078125 0.51875 0.7609375 0.51877761875 0.7609375 0.52634845625 0.740060165625 0.5555612906249999 0.7115299328125 0.5465324484374999 0.657072325 0.5555119296875001 0.5779965765625 0.5522386015625 0.56192434375 0.5419708546875001 0.561685359375
1 0.4810572546875 0.5597839625 0.4570066203125 0.5629789187500001 0.45628465937499996 0.635246596875 0.446875 0.6690304109375 0.446875 0.803125 0.4664752671875 0.803125 0.469130678125 0.8007970921875 0.48407336093750003 0.7384243609375 0.4856952203125 0.700915271875 0.474520421875 0.6312890125 0.48330210781250005 0.56745466875 0.4810572546875 0.5597839625
1 0.60695503125 0.56799904375 0.603731134375 0.560391971875 0.582637384375 0.5606374187500001 0.5809957734375 0.56552125625 0.5887984140625 0.6140778234375001 0.5894412296875 0.6363091359374999 0.5796875 0.707376634375 0.5796875 0.7102810359375 0.590281015625 0.715625 0.601352675 0.715625 0.6076151328125 0.6766058140625001 0.6076151328125 0.676082440625 0.5989150921874999 0.5889414640625 0.60695503125 0.56799904375
1 0.6390841015625 0.6121775015625 0.6296875 0.6521173625 0.6296875 0.721096534375 0.6341362953124999 0.7484375 0.6345875578125 0.7484375 0.6549085171875 0.6454153859375 0.65366509375 0.5600146265625 0.6368076109375 0.5635845703125 0.6390841015625 0.6121775015625
1 0.5296875 0.6006944437499999 0.53125 0.5618055562500001 0.528515625 0.559722221875 0.5140625 0.5631944437499999 0.5171875 0.6173611109375 0.503125 0.6881944437499999 0.50546875 0.73680555625 0.51875 0.78680555625 0.521875 0.78125 0.51796875 0.76180555625 0.51953125 0.7201388890625 0.5328125 0.65625 0.5296875 0.6006944437499999
0 0.554296875 0.7194444437499999 0.541796875 0.7333333328125 0.5328125 0.753472221875 0.528125 0.78125 0.528125 0.80069444375 0.53359375 0.83125 0.548828125 0.8583333328125 0.5671875 0.8756944437499999 0.574609375 0.8763888890625001 0.597265625 0.859722221875 0.6109375 0.8340277781250001 0.6171875 0.79930555625 0.61640625 0.7729166671875 0.60703125 0.740972221875 0.592578125 0.722222221875 0.575390625 0.7125 0.554296875 0.7194444437499999