1 0.20576598281249997 0 0.20145949062500002 0.0030248609375 0.19771036250000001 0.01554455625 0.196462103125 0.040547585937500005 0.19832978437499998 0.1016374859375 0.19515984375 0.12109708125 0.183704590625 0.1635569515625 0.183704590625 0.276357109375 0.1864759125 0.2942664390625 0.192784265625 0.30117300937499997 0.198910815625 0.3015625 0.21324053906249998 0.3015625 0.2188753453125 0.29037486874999996 0.2296875 0.2396836484375 0.2296875 0.15871440781249999 0.2295257828125 0.15700214375 0.21949535937500003 0.10799473281250001 0.2263651359375 0.0329674609375 0.22638313906250002 0.014451973437499998 0.22333449062500002 0.0028975953125 0.218896646875 0 0.20576598281249997 0
1 0.5390625 0.349472015625 0.5349201296875 0.313777878125 0.5273069453125 0.2792912984375 0.51961834375 0.25776767968750003 0.508020796875 0.23659336562500002 0.47829643437499997 0.1972960453125 0.47316352031250003 0.1841815359375 0.459451165625 0.1235871734375 0.45303501874999996 0.10719403593750002 0.44370311406249996 0.09951384375 0.43273329218749995 0.10475115156249999 0.4277234296875 0.1152553296875 0.42707869687500005 0.1365364703125 0.431164559375 0.150546596875 0.45534745 0.2021847953125 0.46044804531250005 0.2208548609375 0.46577319531250005 0.29046600625 0.4795609640625 0.33809740312500003 0.48498392656249995 0.3461269 0.4964045515625 0.352941784375 0.5234134328125 0.3640625 0.5390625 0.3640625 0.5390625 0.349472015625
1 0.5390625 0 0.5390625 0.2420831828125 0.5391073625 0.2421293484375 0.5396686609375 0.2421875 0.5694475421874999 0.2421875 0.5782020046875 0.23937707656249999 0.56345548125 0.155302034375 0.5623285109375 0.10312887343749999 0.56761935625 0.05765124218749999 0.585445378125 0 0.5390625 0
1 0.7035353609375 0 0.6709745093749999 0.102121059375 0.6647640640625 0.17417314687500002 0.6647640640625 0.1940066828125 0.6701028140625 0.2519527078125 0.702515378125 0.365709525 0.716465334375 0.3796875 0.7679017937499999 0.3796875 0.77455145625 0.3770663875 0.7846043140625 0.35462777343749996 0.7757074453125 0.29206879531249996 0.7748254375 0.21627273281249998 0.7830851578125 0.16094810312500002 0.8046875 0.09018568437499999 0.8046875 0.081759434375 0.7781672374999999 0 0.7035353609375 0
1 0.8269151578124999 0 0.8298115078125001 0.026909721874999997 0.7861607140625 0.1599063546875 0.7795469578125 0.201993896875 0.77822420625 0.2659669609375 0.787483465625 0.3316235265625 0.8135621375 0.41875 0.907195234375 0.41875 0.9382771156249999 0.30300399843750003 0.9422453703125001 0.22556292031249997 0.9343088625 0.151488846875 0.893303571875 0.030276724999999997 0.893303571875 0 0.8269151578124999 0
1 0.597271190625 0 0.581134259375 0.057212753125 0.5798115078125 0.1498053453125 0.587748015625 0.20536089999999999 0.61552579375 0.29795349375 0.6360284390625 0.313946759375 0.66579034375 0.3131050078125 0.6843088625 0.2996369953125 0.66579034375 0.2188289140625 0.6671130953125 0.12286931875 0.697536375 0.0218592171875 0.6988591265624999 0.0016571968749999999 0.6982968640625 0 0.597271190625 0
1 0.8946263234374999 0 0.8946263234374999 0.0336437296875 0.9382771156249999 0.1649568609375 0.943568121875 0.26091645625000004 0.9290178578124999 0.351825546875 0.9290178578124999 0.363610059375 0.9382771156249999 0.363610059375 0.9488591265625 0.3535090484375 0.9766369046874999 0.2659669609375 0.987218915625 0.2003103953125 0.9885416671874999 0.144754840625 0.980605159375 0.0757312703125 0.9552431640624999 0 0.8946263234374999 0
1 1 0 0.9572512421875 0 0.981927909375 0.079098275 0.9885416671874999 0.188525884375 0.9766369046874999 0.2693339640625 0.9858961640625001 0.27270096875 1 0.2315647796875 1 0
1 0 0.828844975 0.003125 0.82890625 0.01875 0.82421875 0.0328125 0.78671875 0.0421875 0.74453125 0.0453125 0.68359375 0.00625 0.56328125 0.0125 0.44921875 0 0.43377757343749995 0 0.828844975
1 0.36953125 0.4359375 0.35390625 0.4328125 0.33828125 0.4390625 0.3265625 0.45859375 0.3359375 0.53046875 0.3359375 0.56640625 0.328125 0.59296875 0.35625 0.67265625 0.3546875 0.72890625 0.3390625 0.79140625 0.38125 0.79453125 0.3921875 0.78515625 0.409375 0.73046875 0.415625 0.67109375 0.4109375 0.64296875 0.378125 0.55703125 0.384375 0.45234375 0.36953125 0.4359375
1 0.315625 0.56484375 0.321875 0.44609375 0.30703125 0.428125 0.28671875 0.4234375 0.265625 0.43515625 0.2578125 0.45703125 0.2703125 0.55390625 0.2546875 0.61796875 0.2765625 0.68671875 0.2765625 0.73359375 0.2625 0.79921875 0.27421875 0.8171875 0.315625 0.81796875 0.32265625 0.8171875 0.3328125 0.80234375 0.3515625 0.73203125 0.3546875 0.68671875 0.3484375 0.64765625 0.315625 0.56484375
1 0.187109375 0.41875 0.18359375 0.4203125 0.1703125 0.43828125 0.18125 0.57109375 0.165625 0.61953125 0.184375 0.66328125 0.19375 0.71015625 0.1921875 0.75859375 0.1765625 0.83046875 0.18984375 0.8421875 0.2328125 0.84140625 0.246875 0.83203125 0.2625 0.78828125 0.275 0.72890625 0.275 0.68984375 0.2640625 0.64453125 0.2328125 0.56796875 0.2390625 0.43984375 0.2223329734375 0.41875 0.187109375 0.41875
1 0.05625 0.80390625 0.04453125 0.75 0.0375 0.78515625 0.0421875 0.79765625 0.05625 0.80390625
1 0.0484375 0.67734375 0.0828125 0.58984375 0.0875 0.55703125 0.06953125 0.4375 0.04765625 0.4421875 0.034375 0.46640625 0.0453125 0.56953125 0.0296875 0.62421875 0.0484375 0.67734375
1 0.08293850781249999 0.41875 0.075 0.43046875 0.0875 0.56796875 0.05 0.68046875 0.046875 0.74140625 0.059375 0.79765625 0.0890625 0.86953125 0.14375 0.87265625 0.159375 0.86640625 0.1765625 0.81953125 0.190625 0.75859375 0.1921875 0.70703125 0.1859375 0.67265625 0.1484375 0.58515625 0.14375 0.56171875 0.1515625 0.43046875 0.1436239921875 0.41875 0.08293850781249999 0.41875
1 0.767759203125 0.6787075578125 0.7628373734375 0.7188489406249999 0.7640685796875 0.7758388484375001 0.77388545625 0.8344676984374999 0.7812305687500001 0.8478780968749999 0.7830578906250001 0.8484375 0.8048219031249999 0.8484375 0.8105557250000001 0.8438694375000001 0.8185217515625001 0.8177078703125 0.8290092937499999 0.7610589421875 0.83125 0.7316866609374999 0.83125 0.7208929375 0.8301703187499999 0.695803896875 0.8172607640624999 0.6315285625 0.8150705390624999 0.605071478125 0.824302634375 0.495599309375 0.822804778125 0.48444273593750004 0.8107883265625 0.46811816406249995 0.7943497546875 0.473196346875 0.7860133046875 0.4958743265625 0.7877348703125 0.602886965625 0.767759203125 0.6787075578125