1 0 0.54375 0.0164071515625 0.54375 0.0164071515625 0.348423353125 0.0049244250000000005 0.3139712625 0 0.20900983125 0 0.54375
1 0.8752599218749999 0.39118433750000003 0.8824540171875 0.43148484062500003 0.89848098125 0.48433079531249995 0.9086101359375001 0.49375 0.9237453500000001 0.49375 0.9237453500000001 0.2802524375 0.9160213546874999 0.25609280624999997 0.9102821859375 0.19842421875 0.9073983625 0.12483128750000001 0.8972111921875001 0.1004780078125 0.8770120671875 0.1017487203125 0.871875 0.1066400265625 0.871875 0.18548495468749998 0.8770409265625 0.21211312031250001 0.8822585937500002 0.2677599140625 0.8730439750000001 0.3162070625 0.871875 0.333797734375 0.871875 0.3497173375 0.8752599218749999 0.39118433750000003
1 0.726304709375 0.37324089374999997 0.7377487281249999 0.42094061875 0.7427662500000001 0.43156420625 0.7450775265624999 0.4328125 0.767632690625 0.4328125 0.7760542187499999 0.41833379531250003 0.7841737734375 0.36587435 0.783699571875 0.313064740625 0.7822178765625 0.2991121859375 0.759208634375 0.2245460703125 0.75554479375 0.182720234375 0.7552079609375 0.1062995125 0.7455514203125 0.0871515921875 0.738363428125 0.0855792125 0.737608984375 0.0855792125 0.7247796125 0.0981135609375 0.721875 0.1142354890625 0.721875 0.11868032656250001 0.7305043906249999 0.18864600625 0.7318406421875 0.2275985640625 0.7221343499999999 0.28416100625 0.721875 0.296001509375 0.721875 0.3389666359375 0.726304709375 0.37324089374999997
1 0.766796875 0.0614583328125 0.754296875 0.055902778125 0.74375 0.069097221875 0.74140625 0.0857638890625 0.75546875 0.10659722187500001 0.75625 0.17881944375 0.76015625 0.224652778125 0.784375 0.3079861109375 0.78828125 0.294097221875 0.7875 0.24826388906250002 0.7703125 0.171875 0.771875 0.07743055625 0.766796875 0.0614583328125
1 0.462109375 0.1045138890625 0.448046875 0.105902778125 0.440625 0.121875 0.44296875 0.16354166718750002 0.45 0.1982638890625 0.45078125 0.2427083328125 0.44294956250000006 0.31372758125 0.44294956250000006 0.38817959375 0.467237378125 0.31372758125 0.491525190625 0.27812009375 0.4796875 0.2427083328125 0.4765625 0.2079861109375 0.4765625 0.1260416671875 0.469140625 0.11006944375000001 0.462109375 0.1045138890625
0 0.60703125 0.29131944375 0.59765625 0.31215277812500003 0.59296875 0.33298611093749997 0.59296875 0.38576388906250003 0.59765625 0.409375 0.616015625 0.4447916671875 0.627734375 0.4545138890625 0.64296875 0.45798611093749997 0.664453125 0.453125 0.683984375 0.4322916671875 0.690625 0.4232638890625 0.7046875 0.37881944375 0.7046875 0.3260416671875 0.69765625 0.2982638890625 0.680859375 0.2697916671875 0.660546875 0.255902778125 0.638671875 0.255902778125 0.622265625 0.2697916671875 0.60703125 0.29131944375
0 0.1435433203125 0.8061670453125 0.1435433203125 0.76624195625 0.1392602734375 0.7544196921874999 0.1263699921875 0.7399996625 0.1092580734375 0.7408255953125 0.1068091953125 0.7459015234375 0.10625 0.754073265625 0.10625 0.7627196625 0.11262081718750001 0.810719365625 0.1178415171875 0.820467346875 0.1215430078125 0.821875 0.13352113906250002 0.821875 0.13970827187499998 0.814116159375 0.1435433203125 0.8061670453125
1 0.909703140625 1 0.909703140625 0.9422249140625001 0.90738790625 0.9344452515625001 0.8976185015624999 0.916804178125 0.9010636968749999 0.8761028296875001 0.8980156546875001 0.8196304359375001 0.89406336875 0.812666296875 0.8828991187499999 0.8098248859374999 0.871875 0.8114131609375 0.871875 0.8502788953125 0.8759963625000001 0.8815099078124999 0.88415241875 0.9176513203125 0.8763646546875 0.9370412234375 0.8729703046874999 0.95923314375 0.871875 0.9752392499999999 0.871875 1 0.909703140625 1
1 0.8430600421874999 1 0.8327228234374999 0.9506422750000001 0.8250234468750002 0.9308794953125 0.8303718390625001 0.9070176453125001 0.8349371359374999 0.8386689046875 0.8324514796875 0.8181924234375 0.829101078125 0.812035959375 0.8240526093749999 0.809375 0.8195335234375001 0.809375 0.8093147984375001 0.8103035828125 0.805905140625 0.8143323062500001 0.80324171875 0.8244113796875 0.8048456187500002 0.906903675 0.8088830015624999 0.9292956765625 0.802541425 0.94478175 0.799227884375 0.977061821875 0.7939874390624999 1 0.8430600421874999 1
1 0.7045958718750001 1 0.7005208328125001 0.9804398140625 0.6942708328125 0.9646990734375 0.7010416671874999 0.9026620375000001 0.7026041671875 0.8609953703125001 0.6994791671874999 0.843402778125 0.6940104171874999 0.83460648125 0.6872395828125001 0.8299768515625001 0.6763020828125 0.83460648125 0.6682291671874999 0.8517361109374999 0.6671875 0.8804398140625 0.6739583328125001 0.965625 0.6677083328125001 0.9804398140625 0.66424455 1 0.7045958718750001 1
1 0.6258954890625 1 0.6171875 0.9517361109374999 0.6223958328125001 0.8739583328125 0.621875 0.8387731484375 0.6190104171874999 0.828125 0.60859375 0.8170138890625 0.5958333328125001 0.83414351875 0.5927083328125 0.8452546296874999 0.5973958328125001 0.949884259375 0.5848958328125 0.9952546296874999 0.5848958328125 1 0.6258954890625 1
1 0.5845466390625 1 0.5869791671875 0.9841435187500001 0.596875 0.9526620375 0.5932291671875 0.8415509265625 0.6041666671874999 0.812847221875 0.5986979171875 0.806828703125 0.58515625 0.806828703125 0.58046875 0.8105324078125001 0.5786458328125 0.8165509265625 0.5802083328125001 0.856365740625 0.5875 0.9026620375000001 0.5875 0.9165509265624999 0.5786458328125 0.93414351875 0.5677083328125001 0.9924768515625001 0.5674262156250001 1 0.5845466390625 1
1 0.47858072968750004 1 0.46979166718750004 0.9461805562500001 0.4609375 0.9165509265624999 0.46770833281249996 0.8452546296874999 0.4682291671875 0.815625 0.46380208281249996 0.8040509265625 0.44609375 0.8012731484375 0.4388020828125 0.8040509265625 0.4359375 0.811921296875 0.44114583281249997 0.9165509265624999 0.4359375 0.936921296875 0.4328125 0.965625 0.425 0.9980324078125001 0.424947296875 1 0.47858072968750004 1