1 0.1428183265625 0.2650151453125 0.1433814078125 0.3025333296875 0.1453224140625 0.3046621234375 0.1492852265625 0.29503081875000003 0.1672378140625 0.2982268265625 0.1760242234375 0.3324637171875 0.17594342031250002 0.3463526046875 0.16958029375 0.3656515796875 0.1467786 0.39012425 0.1908762578125 0.4140625 0.2046875 0.4140625 0.2046875 0.377667190625 0.20467190156249998 0.3775809609375 0.17782105312500002 0.2922223078125 0.1732249765625 0.14209502031250001 0.162795265625 0.12171065 0.144053346875 0.11988535 0.13183488593749998 0.13835350156249998 0.129602240625 0.1653602265625 0.129602240625 0.17091138749999998 0.1428183265625 0.2650151453125
1 0.90576410625 0 0.90827980625 0.019401820312500002 0.9004083375 0.06322265 0.9005971109375001 0.09106420312499999 0.9086153906250001 0.1265625 0.9234375 0.1265625 0.9234375 0.039745851562500004 0.9194598062499999 0.02545344375 0.9197968484375 0 0.90576410625 0
1 0.8609803015625002 0 0.862282571875 0.0348073 0.8526894031250001 0.07208909375 0.8524636749999999 0.0781742640625 0.8524636749999999 0.1010936203125 0.8585677078125 0.13612345312500002 0.8605396500000001 0.1390625 0.8734149796875 0.1390625 0.8796875 0.11646388125 0.8796875 0.0611168796875 0.874774490625 0.036487129687499995 0.8760401296874999 0 0.8609803015625002 0
1 0.675307571875 0 0.677691315625 0.028338276562499997 0.6728256406249999 0.0666351703125 0.6736230437499999 0.087409303125 0.68480334375 0.13244574375 0.686054803125 0.1328125 0.690625 0.1328125 0.690625 0.031864178124999996 0.690296559375 0.030674359374999998 0.6890472625 0 0.675307571875 0
1 0.81845703125 0 0.8203125 0.04288194375 0.81171875 0.07760416718749999 0.81015625 0.0984375 0.81875 0.1498263890625 0.83125 0.151215278125 0.83515625 0.1470486109375 0.83828125 0.1317708328125 0.840625 0.09149305625000001 0.83203125 0.04149305625 0.8331982421875 0 0.81845703125 0
1 0.70548001875 0 0.7078125 0.0359375 0.69921875 0.0734375 0.6984375 0.0984375 0.70703125 0.14149305625 0.71875 0.14288194375000002 0.72265625 0.138715278125 0.72890625 0.10954861093749999 0.73046875 0.0817708328125 0.71953125 0.0345486109375 0.7217522328125 0 0.70548001875 0
1 0.7397583 0 0.7421875 0.0345486109375 0.7328125 0.08038194374999999 0.73203125 0.10538194375000001 0.73984375 0.1498263890625 0.75 0.1526041671875 0.75546875 0.1484375 0.7625 0.11788194375000001 0.7640625 0.09288194375 0.753125 0.0373263890625 0.754977596875 0 0.7397583 0
1 0.7727238578125 0 0.775 0.052604167187499995 0.765625 0.108159721875 0.771875 0.1526041671875 0.776171875 0.16024305625 0.784375 0.1609375 0.790234375 0.157465278125 0.79375 0.145659721875 0.79765625 0.0984375 0.78671875 0.0484375 0.78984375 0.00399305625 0.788667225 0 0.7727238578125 0
1 0.7551843984375 0 0.753125 0.04149305625 0.7609375 0.07899305625 0.76015625 0.0970486109375 0.75703125 0.10399305625 0.75859375 0.1317708328125 0.76171875 0.133159721875 0.76640625 0.12482638906250001 0.765625 0.0901041671875 0.771875 0.0623263890625 0.765625 0.0276041671875 0.7661102296875001 0 0.7551843984375 0
1 0.7871495859375 0 0.790625 0.0095486109375 0.78671875 0.0484375 0.79765625 0.0970486109375 0.79921875 0.13038194375 0.80625 0.0984375 0.80546875 0.076215278125 0.796875 0.0359375 0.7985595703125 0 0.7871495859375 0
1 0.8342871093750001 0 0.83203125 0.0401041671875 0.83984375 0.07899305625 0.83984375 0.126215278125 0.8421875 0.12899305625 0.84921875 0.0970486109375 0.85 0.0692708328125 0.83984375 0.024826389062500002 0.8411529546875001 0 0.8342871093750001 0
0 0.75703125 0.25815972187499997 0.76171875 0.27899305625 0.769921875 0.29635416718749996 0.781640625 0.3046875 0.79296875 0.30538194375 0.805859375 0.29774305624999997 0.81171875 0.2845486109375 0.82109375 0.2595486109375 0.82109375 0.2359375 0.8140625 0.2123263890625 0.802734375 0.1963541671875 0.783203125 0.1907986109375 0.76328125 0.2123263890625 0.7578125 0.23454861093749999 0.75703125 0.25815972187499997
1 0.15 1 0.15 0.8768934546875 0.1358695140625 0.8321228406250001 0.097749465625 0.7725563937500001 0.0853084328125 0.7303936578125001 0.07229061875000001 0.6492782609375001 0.0636051 0.6249159890625 0.051289384375000004 0.6120579875 0.0376934609375 0.6120579875 0.0337989640625 0.6127241375000001 0.021563103125 0.632526390625 0.0192141203125 0.6550037046874999 0.028336149999999997 0.691865975 0.051563946875 0.7512552203125 0.0588809703125 0.7813005921875 0.0618067328125 0.797775940625 0.0646145625 0.900617490625 0.0759296046875 0.9554077718750001 0.08978763437500001 0.9932762937499999 0.093355378125 1 0.15 1
1 0.13559005156249998 0.8178103359375001 0.13559005156249998 0.8603379656250001 0.152482328125 0.9577247812499999 0.15846777031249998 0.9640625 0.1802200640625 0.9640625 0.1884359890625 0.9557834578125 0.1972398265625 0.9198723671875001 0.2015625 0.8849811093749999 0.2015625 0.7909906390625 0.188882946875 0.7446541625 0.1852110265625 0.7042854671875001 0.1912777203125 0.601634975 0.18319983906249998 0.57991626875 0.161373321875 0.5710737874999999 0.15149861250000002 0.5895964921875001 0.15055575625 0.617356084375 0.1555720078125 0.69526115 0.1362079015625 0.8003802953125 0.13559005156249998 0.8178103359375001
1 0.1291908046875 0.7169186796875 0.1442166546875 0.7511992078125 0.15 0.7569825531250001 0.15 0.6242922421875 0.1465080140625 0.6174241796875 0.1374286671875 0.5283576890624999 0.1307799640625 0.5174970265625001 0.1151549640625 0.5163130359375 0.1077411671875 0.5261081062499999 0.10712585937500001 0.5384897078125 0.12395700937500001 0.617096278125 0.1198280359375 0.6651153953125 0.1227141625 0.6929523718749999 0.1291908046875 0.7169186796875
1 0.700928078125 0.8373419078125 0.725271646875 0.9361612312500001 0.740684240625 0.9421875 0.7455914765625 0.9421875 0.7658783140625001 0.939798709375 0.779959146875 0.9316971281249999 0.7859375 0.908636096875 0.7859375 0.7427657703125 0.7646731453125 0.68092874375 0.76664446875 0.5504146343749999 0.756122328125 0.5295480171875 0.7450427703125 0.526797609375 0.730848740625 0.526797609375 0.72481180625 0.5303658296875 0.7133195718750001 0.5565055484375 0.7243085609375 0.6842236749999999 0.7014745234374999 0.7782038578125 0.700928078125 0.8373419078125
1 0.5007455890625 0.7886212046875001 0.5359220046875001 0.7859732703125 0.5735234140625 0.796875 0.5916327171875 0.796875 0.5921875 0.7906741828125 0.5921875 0.7849454890625001 0.5683725640625 0.6922617 0.5770118609375 0.5503291546875 0.5595799375 0.5247900359375001 0.537444521875 0.524274828125 0.523686940625 0.5386879828125 0.5197000265625 0.55246188125 0.5254138968750001 0.689528490625 0.4986387671875 0.7787696484375 0.4986387671875 0.78460268125 0.5007455890625 0.7886212046875001
1 0.9154947921875 0.5382338609375 0.8946614578125001 0.533034553125 0.87578125 0.5581645359375 0.8822916671875 0.6760154890625 0.8614583328125001 0.7401402734375 0.8549479171875 0.8111974656250001 0.8588541671875 0.85279191875 0.8744791671875 0.9117173953125001 0.9018229171875 0.9186498046875 0.9180989578125001 0.9177832531250001 0.9265625 0.9082511921875 0.9447916671875 0.8337277953125 0.9473958328125001 0.792133340625 0.93828125 0.7401402734375 0.91875 0.6812147968750001 0.9252604171875 0.5564314343750001 0.9154947921875 0.5382338609375
1 0.8373697921875 0.5399669625 0.8243489578125001 0.5365007578125 0.8139322921875 0.541700065625 0.8041666671875 0.561630740625 0.8106770828125001 0.66041756875 0.7885416671875001 0.73667406875 0.7846354171875001 0.7713361140625 0.78984375 0.830261590625 0.8015625 0.8770553515625 0.8126302078125001 0.888320515625 0.8393229171875 0.8874539640624999 0.8471354171875 0.8822546578124999 0.85625 0.8475926125000001 0.8549479171875 0.7817347265625 0.86015625 0.7332078640624999 0.8419270828125001 0.6690830812499999 0.8484375 0.56336384375 0.8373697921875 0.5399669625
1 0.653125 0.5581645359375 0.6583333328125001 0.6742823875 0.6375 0.7401402734375 0.6309895828125001 0.8111974656250001 0.6348958328125001 0.8389271015624999 0.6661458328125001 0.9047849875 0.6869791671875 0.9082511921875 0.6986979171875 0.8995856796874999 0.6895833328125001 0.8493257156249999 0.6895833328125001 0.7938664421875 0.7052083328125001 0.7262754546875 0.6934895828125001 0.6742823875 0.7 0.5581645359375 0.6876302078125001 0.5382338609375 0.670703125 0.53476765625 0.653125 0.5581645359375
1 0.6296875 0.830261590625 0.6322916671875 0.7696030109375 0.6479166671875 0.705478228125 0.6375 0.6673499781250001 0.6440104171875 0.5650969453125 0.635546875 0.5434331671875 0.6186197921875 0.5382338609375 0.608203125 0.54516626875 0.6010416671875 0.561630740625 0.60625 0.6690830812499999 0.5854166671875 0.7453395796875 0.5971354171875 0.8025319546875 0.6296875 0.830261590625
1 0.3953125 0.8146636703125001 0.4096354171875 0.8631905328125 0.4174479171875 0.8666567374999999 0.42786458281249995 0.8510588171875 0.42005208281249995 0.8059981578125001 0.4213541671875 0.7574712953125 0.44348958281249995 0.6812147968750001 0.4408854171875 0.5460328203125 0.4350260421875 0.5399669625 0.42200520781249995 0.541700065625 0.40833333281249995 0.56336384375 0.41484375 0.6656168765625 0.39140625 0.748805784375 0.3953125 0.8146636703125001
1 0.42265625 0.8285284875000001 0.4265625 0.8441264078125 0.4330729171875 0.8458595109375 0.4526041671875 0.8198629765625001 0.4565104171875 0.7644037046875 0.47864583281249995 0.6933465125 0.47734375 0.5477659234375001 0.4662760421875 0.5365007578125 0.451953125 0.5382338609375 0.43958333281249995 0.5598976390625 0.4447916671875 0.6742823875 0.42395833281249995 0.741873375 0.42005208281249995 0.7713361140625 0.42265625 0.8285284875000001
1 0.4565104171875 0.8163967718749999 0.49817708281249995 0.7886671359375 0.5229166671875001 0.700278921875 0.5190104171875001 0.67948169375 0.5229166671875001 0.6222893203125001 0.5203125 0.5408335140625 0.5053385421875001 0.52956835 0.487109375 0.53476765625 0.47734375 0.55469833125 0.48125 0.6812147968750001 0.45520833281249995 0.773069215625 0.4526041671875 0.8094643625 0.4565104171875 0.8163967718749999
0 0.6760791765625 1 0.6778645828125001 0.9619773609374999 0.6674479171875 0.9134504984374999 0.6505208328125001 0.8718560437499999 0.6055989578125001 0.8137971187499999 0.5470052078125 0.7895336875 0.5001302078125 0.7912667890625 0.4545572921875 0.8224626296875 0.41614583281249995 0.8718560437499999 0.3953125 0.9411801343749999 0.3953125 1 0.6760791765625 1