1 0.43714560625 0.4894173484375 0.43854319999999997 0.535442 0.446178421875 0.571170475 0.4597358921875 0.6120080953125 0.46896433593750003 0.6234375 0.478125 0.6234375 0.478125 0.4577972703125 0.470677515625 0.4377451375 0.46261559375 0.32934803281249997 0.45478454218750003 0.31530676875 0.44479517343749997 0.313046165625 0.44075602968750005 0.313046165625 0.43069771718750005 0.3333516109375 0.44396453906250005 0.40916654062499996 0.446458765625 0.4397220984375 0.43714560625 0.4894173484375
1 0.3923498609375 0.37729806875 0.3932110890625 0.42329529218750006 0.41154689375000003 0.4834230578125 0.41354758125 0.4859375 0.4234375 0.4859375 0.4234375 0.35000678281250003 0.415513140625 0.3268295265625 0.41192825156249996 0.2531091546875 0.4052433515625 0.2417133265625 0.40132306875 0.23996195937499998 0.3953113734375 0.23996195937499998 0.38981259218750003 0.2455837109375 0.386341240625 0.257689734375 0.399199725 0.34053139374999997 0.3923498609375 0.37729806875
1 0.5265625 0.452805684375 0.5265625 0.24569425156250002 0.522372384375 0.2375729546875 0.5146407796875 0.2387345234375 0.5080682875 0.25310189843750003 0.5168281515625 0.33654889374999997 0.50694443125 0.394495784375 0.5099907 0.43340740625 0.5209923609375 0.4671875 0.521699771875 0.4671875 0.524566246875 0.45601607031249997 0.5265625 0.452805684375
1 0.4741664265625 0.3438247578125 0.47727 0.3994166984375 0.47920476718750005 0.4 0.4859375 0.4 0.4859375 0.2764964265625 0.483765665625 0.2681333984375 0.48193323125000004 0.20830201406249998 0.47602958125 0.196732975 0.4662661 0.19161406718750001 0.4601553515625 0.21070974687500002 0.4680435453125 0.2674722546875 0.463630265625 0.3164472390625 0.4696817390625 0.3245258609375 0.4741664265625 0.3438247578125
1 0.270370225 0.5952078734375 0.2774728796875 0.6015625 0.283654028125 0.6015625 0.28571378125 0.592148275 0.284044553125 0.56457075625 0.274892828125 0.5014829046875 0.279347446875 0.46105493124999997 0.28837792812499996 0.4521708859375 0.2933760078125 0.4310872296875 0.2953125 0.369329753125 0.2953125 0.3184293625 0.28989144843750003 0.3124668390625 0.287575934375 0.3124668390625 0.274698903125 0.3194698265625 0.2680042984375 0.3373583 0.2680042984375 0.3705973296875 0.275062740625 0.4239554515625 0.2738981203125 0.44617767343750003 0.2680042984375 0.47004744687500005 0.2680042984375 0.588869990625 0.270370225 0.5952078734375
1 0.14357629375 0.6390625 0.11933793125 0.5965179640625 0.11673364687500001 0.58581431875 0.11834690625 0.46844615 0.10709669375 0.448643896875 0.09562096718749999 0.4449095265625 0.086957884375 0.4539940203125 0.07174959843749999 0.4569490015625 0.062270596874999994 0.470862721875 0.06033016249999999 0.4767761265625 0.06033016249999999 0.5274455546875 0.0729836453125 0.5822430375 0.0748070359375 0.624356115625 0.07147423281250001 0.6390625 0.14357629375 0.6390625
1 0.35152978749999997 0.6390625 0.3327787515625 0.598198784375 0.3294220578125 0.574587671875 0.3331558578125 0.5148654515625 0.3319112171875 0.46764322968750005 0.321116484375 0.4447265625 0.30526519687500003 0.45444878437499997 0.2990798484375 0.45167100781249997 0.2874769484375 0.4634765625 0.284796440625 0.4761939328125 0.284796440625 0.499546271875 0.2859899171875 0.5273654515625 0.2952410171875 0.566254340625 0.2983391 0.6009765625 0.29629169843750003 0.6218098953125 0.2921406390625 0.6390625 0.35152978749999997 0.6390625
1 0.5390625 0.4392032265625 0.5386681953125 0.4388120890625 0.535692584375 0.42620935 0.534759675 0.42620935 0.5322077078125 0.4420269078125 0.5198129515625001 0.441512103125 0.5076348015625001 0.46377739218749997 0.5025831015625 0.5304440578125 0.506141309375 0.57578571875 0.5039918906249999 0.5938959046875001 0.4936795046875 0.6241503921875 0.4936795046875 0.6390625 0.5390625 0.6390625 0.5390625 0.6267482531249999 0.5359017421875001 0.6137690234375001 0.5356021656250001 0.5972116187500001 0.5390625 0.571953059375 0.5390625 0.4392032265625
1 0.6153663421875 0.15670725000000002 0.613983459375 0.1937776625 0.6176365046875001 0.23792171875 0.6170151265625 0.286962415625 0.5975628109375 0.3660584859375 0.5975628109375 0.48284054843749996 0.6037896796875 0.49768162499999996 0.6058981703125 0.5188110359375 0.6091004 0.526464459375 0.612884859375 0.528125 0.640060059375 0.528125 0.6429114640625 0.526146840625 0.6470009 0.518026146875 0.6544829218749999 0.4870366953125 0.6609375 0.44590317500000004 0.6609375 0.3659379515625 0.6579095578125 0.33981447343750004 0.6456609609375 0.28512670625 0.645502890625 0.247230496875 0.6520042937499999 0.1913411765625 0.652280853125 0.15711529375 0.6446066359375 0.1405030015625 0.638742909375 0.1386913984375 0.6292329171875 0.1386913984375 0.621646865625 0.14382341875 0.6153663421875 0.15670725000000002
1 0.6911030046875 0.1893708125 0.6931437375 0.21437081249999998 0.7066496734375 0.30274951875 0.6956008609375 0.3922005171875 0.6988838968750001 0.45811131875 0.707946946875 0.5049083890625 0.7212522453125001 0.5522912609375 0.7276549203125 0.55625 0.74375 0.55625 0.74375 0.350795709375 0.7435436390625 0.35007105781250003 0.7349849296875 0.29018348125000004 0.72987141875 0.1890024625 0.721509228125 0.1668487171875 0.712936946875 0.1631903296875 0.7027965093749999 0.1631903296875 0.6968788953125 0.166995084375 0.692724596875 0.1771212015625 0.6911030046875 0.1893708125
0 0.8028459796874999 0.3442018140625 0.803879075 0.36646045625 0.79787949375 0.3929326859375 0.802997365625 0.45863700625000003 0.8090416984375001 0.48519749531249995 0.8212684250000001 0.5178388468749999 0.8296298453125001 0.5288848265625 0.8356761078125 0.53125 0.8474781124999999 0.53125 0.87959604375 0.5286474375 0.8920003515625 0.52266255 0.8979294734375 0.5101520484375001 0.9 0.5081961484375 0.9 0.36722708437499996 0.8981499078125001 0.359868396875 0.8930120359375 0.346270871875 0.8876432640624999 0.3405983453125 0.87944228125 0.3355890921875 0.8680486953125 0.3373162625 0.8571816562500001 0.3241193578125 0.8562399828124999 0.3238569140625 0.8180436343749999 0.3238569140625 0.814799915625 0.3242916171875 0.8028459796874999 0.3442018140625
1 0.20751997968749997 0.8375377187499999 0.209245325 0.87794304375 0.2248311609375 0.9339946671874999 0.2311800640625 0.9390625 0.234375 0.9390625 0.234375 0.7885791578125 0.23413401406249998 0.78782835625 0.2319057 0.7027234953125 0.224969271875 0.690007346875 0.22106101093750002 0.6878388765625 0.21627890156250001 0.6878388765625 0.20945764531250002 0.69267169375 0.206237821875 0.7062168890625 0.21616526406249997 0.7892951312500001 0.20751997968749997 0.8375377187499999
1 0.1597315125 0.80627425625 0.173092740625 0.8513973953124999 0.1742959828125 0.8515625 0.184375 0.8515625 0.184375 0.7406538828125 0.17919564062499999 0.7253594203125 0.1775617328125 0.6570853421875 0.1715609609375 0.6442459953124999 0.1644651375 0.64139833125 0.1623355328125 0.64139833125 0.1554924890625 0.6558372125 0.163667759375 0.727840915625 0.15759914375 0.764552959375 0.1597315125 0.80627425625
1 0.49172486875 1 0.49375 0.9904904703125 0.49375 0.925640825 0.49337328437499994 0.9244318796875 0.480171846875 0.9053295328125 0.4708777421875 0.9064456374999998 0.4585927359375 0.896382434375 0.4480597046875 0.9030086296875 0.44086774687499997 0.920131053125 0.439441515625 0.9492067921875 0.4419923203125 1 0.49172486875 1