1 0.3302783875 0.359375 0.3302783875 0.3428559265625 0.3202038234375 0.3081419078125 0.31847520937499996 0.22484493749999998 0.312799253125 0.21228736406249998 0.30372936875 0.20848063125 0.297174253125 0.21210555000000003 0.29375 0.22133278750000002 0.29375 0.23322647500000002 0.3005200171875 0.3097634625 0.29375 0.35148133593750003 0.29375 0.359375 0.3302783875 0.359375
1 0.2792727546875 0.359375 0.2792727546875 0.34446971875 0.270827253125 0.31001319375 0.2663153140625 0.223012521875 0.2623335171875 0.21508305781249998 0.2547759484375 0.20866555937500003 0.254281771875 0.20866555937500003 0.24566685000000002 0.21479214062500002 0.24256746875 0.2253721046875 0.2429992125 0.24479836875 0.25141609531250003 0.30782496875 0.242720003125 0.359375 0.2792727546875 0.359375
1 0.1503104625 0.359375 0.144547946875 0.3080843875 0.1541057203125 0.22302049375 0.1509930890625 0.213116334375 0.14532014375 0.207394309375 0.1448274234375 0.207394309375 0.135519253125 0.21053673593750002 0.12955096875 0.222806284375 0.1266953171875 0.24497998906250001 0.1277878328125 0.2636197984375 0.12468069687500001 0.30808850312499997 0.1171875 0.3310480546875 0.1171875 0.359375 0.1503104625 0.359375
1 0.272366253125 0.359375 0.27279088125 0.3569199515625 0.26396321562499997 0.2997041875 0.2707539 0.221200740625 0.26651755625 0.20560588750000003 0.2597966109375 0.2015625 0.2565724484375 0.2015625 0.253125 0.20460644218750001 0.253125 0.208106146875 0.26100734375 0.2117536046875 0.26493848125 0.222685453125 0.258887584375 0.30773713125 0.26510775781249996 0.353641525 0.26650368750000003 0.359375 0.272366253125 0.359375
1 0.2059881046875 0.359375 0.1996816390625 0.3106188515625 0.20420010937500002 0.2679473234375 0.20808917968750001 0.2520092515625 0.2099869921875 0.22241908906250002 0.2059082765625 0.212145871875 0.1962391921875 0.21011795625000002 0.187523821875 0.218600053125 0.18326508125000002 0.232725740625 0.180561971875 0.3102272546875 0.178125 0.3185191078125 0.178125 0.359375 0.2059881046875 0.359375
1 0.1746234890625 0.3298780046875 0.170118803125 0.2973918140625 0.169786496875 0.279781040625 0.1775085359375 0.214076659375 0.1726520265625 0.19780326406249998 0.1640625 0.19598145312499998 0.1640625 0.2145624078125 0.1648142953125 0.21670898906249997 0.1640625 0.22524333125 0.1640625 0.343962971875 0.165521615625 0.35 0.16730583125 0.35 0.1746234890625 0.3298780046875
1 0.17804731875 0.359375 0.178125 0.35847441562500004 0.178125 0.3492918359375 0.17631462656250002 0.335477628125 0.17259337187499998 0.32922978125 0.164446875 0.3010267265625 0.16307121093750002 0.27238977656249996 0.1665015609375 0.253637621875 0.1660813703125 0.21752651093750003 0.15992478906250002 0.2035584875 0.15156990625 0.20224066093749998 0.147945621875 0.2043261484375 0.146875 0.20866567812499998 0.146875 0.21178118437500001 0.15118913750000001 0.214311075 0.15626095625 0.22464214531249999 0.15462646093750002 0.30814236093749997 0.1563828953125 0.3247088984375 0.164636890625 0.359375 0.17804731875 0.359375
1 0.21626248593750003 0.2672374609375 0.21936114999999998 0.3237098515625 0.2258155390625 0.34324520625 0.229817390625 0.3488644015625 0.2310442390625 0.353125 0.23125 0.353125 0.23125 0.32044618593749996 0.2237717328125 0.29511524218749996 0.22369258749999998 0.24516978906250003 0.22127300156250002 0.21553106875 0.2131025046875 0.2015625 0.206506240625 0.2015625 0.20348554531250002 0.201809678125 0.2015625 0.20295935312500002 0.2015625 0.2035431171875 0.21415934218750002 0.21818156875 0.2174557796875 0.2533849375 0.21626248593750003 0.2672374609375
1 0.23062601875 0.359375 0.23071266875 0.355881321875 0.2178517453125 0.2948646546875 0.2200034171875 0.216874296875 0.2144511703125 0.202968859375 0.2050600078125 0.200956353125 0.203125 0.2025375171875 0.203125 0.21176718437500003 0.2061770921875 0.213834284375 0.21119234687500002 0.22500446406250002 0.211402434375 0.261115575 0.2088575203125 0.2715133375 0.2074674 0.30127051250000003 0.21830155 0.359375 0.23062601875 0.359375
2 1 0.359375 1 0.32329573906250003 0.67849928125 0.3150539234375 0.6569294015625 0.31110174218750003 0.65008288125 0.3 0.6495167390625 0.3 0.6392026109375 0.3016424890625 0.634066659375 0.3117610078125 0.6013620171875 0.313231053125 0.536562971875 0.308775853125 0.5326120171875 0.312431075 0.5225004703125 0.308612221875 0.525948325 0.3007873046875 0.5252068125 0.3 0.506269171875 0.3 0.5051689203125 0.3014708140625 0.5115629703125 0.3084849515625 0.49301022968749997 0.30271728124999997 0.485575234375 0.30910785625 0.46572963749999996 0.3079516328125 0.4625 0.31226900625 0.4625 0.359375 1 0.359375
1 0.2088331078125 0.7351918796875 0.2088331078125 0.5980330734375 0.19978103281249998 0.563019696875 0.1998136203125 0.50102508125 0.1992204015625 0.49083989531250005 0.19611313749999998 0.48663989843749994 0.17527980468749998 0.48639747812500006 0.1727118296875 0.4914567390625 0.179161975 0.5396473109375 0.179989365625 0.5627893984375 0.1703125 0.6229254531249999 0.1703125 0.6601159265625001 0.17272192656250002 0.6792924328125001 0.18317694843750001 0.7247537109375 0.18632040625 0.734043271875 0.18988364062500002 0.7375 0.20688525625 0.7375 0.2088331078125 0.7351918796875
1 0.7558839125000001 1 0.7558839125000001 0.9347148359374999 0.7386050328125 0.8793693265625 0.734426253125 0.821026903125 0.7376299828125 0.7822016484375001 0.7356608515625 0.734988515625 0.7234556578125 0.7063935703124999 0.7145912015625 0.7 0.7115314546875 0.7 0.7006376203125 0.7033521625000001 0.6910210203125 0.7192016625 0.6931519390625 0.769192571875 0.705873425 0.8803764078124999 0.690625 0.9762045296874999 0.690625 1 0.7558839125000001 1