1 0.3078125 0.0844996953125 0.307418159375 0.0713556640625 0.3051444390625 0.06528259374999999 0.300668871875 0.0693462203125 0.300442615625 0.0887906640625 0.295974275 0.114619609375 0.29731051875 0.134100421875 0.29745981875 0.134375 0.3071422328125 0.134375 0.3078125 0.1294837765625 0.3078125 0.0844996953125
1 0.3159383171875 0.10888446874999999 0.3187669703125 0.109375 0.32178301875000004 0.109375 0.3234375 0.102505646875 0.3234375 0.0464871671875 0.31934702812500004 0.04375 0.3191691546875 0.04375 0.31344188906250003 0.0903356484375 0.3159383171875 0.10888446874999999
1 0.2496811265625 0.06403181718749999 0.245913103125 0.0981455734375 0.2460962609375 0.11388631406250001 0.2488970125 0.1265625 0.2555633921875 0.1265625 0.25625 0.124827334375 0.25625 0.0649453734375 0.2519763921875 0.059946996875000005 0.2496811265625 0.06403181718749999
1 0.278125 0.1015625 0.278125 0.040306284375 0.2735354734375 0.0381844578125 0.271280734375 0.08954456093749999 0.27447078125 0.1015625 0.278125 0.1015625
1 0.2875 0.08125 0.2875 0.0252592828125 0.2830105015625 0.0287322296875 0.280469278125 0.066376221875 0.2822816125 0.08125 0.2875 0.08125
1 0.29572866875 0.013179434374999998 0.290810421875 0.0424348265625 0.290810421875 0.065625 0.2980855671875 0.065625 0.3 0.054417132812500005 0.3 0.049254503125 0.2989393640625 0.0324704875 0.3 0.0220567921875 0.3 0.0182058640625 0.29572866875 0.013179434374999998
1 0.3142234859375 0 0.31197916718749996 0.013145126562500001 0.3114583328125 0.0344293 0.3128856703125 0.040625 0.31868695156250004 0.040625 0.3213541671875 0.027252221875 0.3200031359375 0 0.3142234859375 0
1 0.5785979203125 0.3390625 0.5794153234375 0.268815015625 0.5916457187499999 0.157958478125 0.5890055546875 0.11621907499999999 0.573067978125 0.0755594375 0.5465701234375 0.069385634375 0.5251693109375 0.0952835609375 0.5185637640625 0.1256936453125 0.5254261984374999 0.3390625 0.5785979203125 0.3390625
1 0.7971713859375 0.3390625 0.8066666999999998 0.22167469374999998 0.8054920562500001 0.15498984531249999 0.7877253140625 0.12005853749999999 0.7658503140625 0.1198039984375 0.7509015203125 0.13768683125 0.7428950921874999 0.17092925781249999 0.74941948125 0.3390625 0.7971713859375 0.3390625
1 0.928219221875 0.3390625 0.9269331921875 0.33282710937500004 0.9260928109375002 0.2606048890625 0.9418581265625001 0.13898286875000002 0.9395522109375001 0.07503941562500001 0.9209854984374999 0.02302304375 0.88495103125 0.0134347453125 0.859509165625 0.0417011109375 0.85055435625 0.0774848390625 0.8498645609375 0.152430275 0.860176909375 0.2333132140625 0.8628383703125 0.32781222187500003 0.8606217656249999 0.3390625 0.928219221875 0.3390625
1 0.9730438109375001 0.3390625 0.9743854109375001 0.206176828125 0.9604102140624999 0.16305309375000002 0.939875196875 0.1546888390625 0.9396514046875 0.1546888390625 0.930674259375 0.23646876093750002 0.9340613828125001 0.3309041171875 0.9361104046875 0.3390625 0.9730438109375001 0.3390625
2 0.3296875 0.7244257859375001 0.3054489234375 0.7247233203125 0.29910195625 0.7329111828125 0.292927375 0.7262842296875001 0.2825430328125 0.7232640031249999 0.005948209375 0.7196047171875 0 0.7184727078125 0 0.822747746875 0.014808715625 0.8234375 0.0278207703125 0.8234375 0.0771696625 0.822215675 0.08656085 0.8234375 0.3296875 0.8234375 0.3296875 0.7244257859375001
1 0 0.703125 0.053125 0.703125 0.053125 0.66763135625 0.0393619578125 0.605479790625 0.0386219578125 0.55361581875 0.043176481249999996 0.4869976375 0.039106778125000005 0.4702824859375 0.0347201 0.463286528125 0.0211945875 0.460351178125 0.012028829687500001 0.469041415625 0.0072443656250000005 0.4856535390625 0.0112585078125 0.6014488234375 0 0.6523904546875 0 0.703125
1 0.09773308593749999 0.453626309375 0.0929521671875 0.4678053765625 0.0933292625 0.5002127828124999 0.10057047968749999 0.5856162234375001 0.09701084062500001 0.5928963171875 0.0851680640625 0.6489412906250001 0.0823555109375 0.6756840125 0.0826248640625 0.6988321625 0.0832103421875 0.7044059031250001 0.08594038281250001 0.7078125 0.1375 0.7078125 0.1375 0.650623040625 0.13495257968750002 0.6321688078125 0.1295503125 0.6153202625 0.12616673437499998 0.5929889109375 0.122966315625 0.5863983046875 0.1250677734375 0.49854446875 0.123681334375 0.4688784640625 0.11699314375 0.45337333593749995 0.1059909984375 0.44743583437499995 0.09773308593749999 0.453626309375
1 0.26033769375000004 0.43183761875000004 0.25883019687500003 0.43784553125 0.26220109687500004 0.4822960375 0.2698712921875 0.5193664046875 0.27095180937499996 0.5499189296875 0.266846615625 0.5610027687500001 0.25852950468749997 0.6109391359374999 0.2570543796875 0.6424024390625 0.2588498328125 0.6766616984375 0.26257009062500003 0.6979731453125 0.26888762499999996 0.7046875 0.289812684375 0.7046875 0.29231259062500003 0.7041628640625 0.2987793203125 0.6884645453125 0.3015625 0.6855827546875 0.3015625 0.57967500625 0.3007622578125 0.572307809375 0.294910140625 0.5500583156250001 0.2961329625 0.543585925 0.292289753125 0.500058315625 0.293861928125 0.47044686718750006 0.2921150015625 0.437113534375 0.28997666718750004 0.4310844109375 0.283581090625 0.42827027031250003 0.26435878437500004 0.4290840828125 0.26033769375000004 0.43183761875000004
1 0.10915404843750001 0.43364373437500003 0.10690459375000001 0.436679421875 0.1071201265625 0.4440868296875 0.11799927343750001 0.4519653984375 0.1245411625 0.4714709 0.1263371953125 0.497487959375 0.12623860625 0.5833712359375001 0.1407681765625 0.6363622624999999 0.1482106984375 0.6875 0.1484375 0.6875 0.1484375 0.587952625 0.1431566875 0.5756156890625 0.13902590625 0.5586300515625 0.137364578125 0.537242621875 0.1346257046875 0.5323851546875 0.138953903125 0.484738246875 0.138729309375 0.44131086249999996 0.13675821562499998 0.436058784375 0.13149599843749998 0.43375126250000007 0.10915404843750001 0.43364373437500003
1 0.62691645625 0.3390625 0.6135455109375 0.3902875828125 0.61334765 0.3931377203125 0.61334765 0.44579351093749997 0.6172094687499999 0.47835964999999997 0.624741840625 0.5026155593749999 0.625315478125 0.503125 0.6542731671875 0.503125 0.65706583125 0.50058938125 0.663595959375 0.47666077500000004 0.6671875 0.4606035765625 0.6671875 0.390146975 0.66424950625 0.375722728125 0.652301925 0.3390625 0.62691645625 0.3390625
1 0.9118875953125001 0.3390625 0.8957277999999999 0.3943827109375 0.8948782234374999 0.4108942921875 0.8948782234374999 0.4418213625 0.8958877093750001 0.45642580781250003 0.904483309375 0.5009732796875 0.9087430031250001 0.5046875 0.9287508140625 0.5046875 0.9368072968749999 0.4957934703125 0.9453125 0.4662625734375 0.9453125 0.3724328234375 0.9383047453125 0.3390625 0.9118875953125001 0.3390625
1 0.956531015625 0.3390625 0.9538449453125001 0.3481602453125 0.9519663203125 0.36568008750000003 0.9551953859375001 0.4194747296875 0.9608239109374999 0.45576772031249996 0.9659209484375001 0.4640625 0.984224875 0.4640625 0.98822691875 0.4618151765625 0.9930401578125 0.4504138875 0.9953125 0.43700211875 0.9953125 0.3406676796875 0.9949384390624999 0.3390625 0.956531015625 0.3390625