1 0.3405172609375 0.6390625 0.34518743125 0.595370990625 0.3459560609375 0.5528087312500001 0.34357275625 0.51469409375 0.339540759375 0.49130326562500004 0.3267461765625 0.45165599843750004 0.313006890625 0.395281396875 0.31164370468749997 0.36093113125 0.3076828671875 0.3565978421875 0.279151434375 0.3565978421875 0.27675864375 0.3570468296875 0.274937571875 0.40140026874999996 0.2546875 0.5007664953125001 0.2546875 0.63158666875 0.2562755921875 0.6390625 0.3405172609375 0.6390625
1 0.44708624375 0.617495125 0.46257079843750004 0.55744933125 0.4696851046875 0.51583720625 0.4687726375 0.45096784687499997 0.4661699140625 0.424067515625 0.45333220937499996 0.3581328390625 0.44873483125 0.3520567453125 0.4279014984375 0.351814328125 0.4204118515625 0.359602884375 0.4082864703125 0.406716015625 0.4078125 0.40943905 0.4078125 0.6189785125 0.40868790625000007 0.6235341937500001 0.41479385625000004 0.6305543953125 0.41761173593749995 0.63125 0.4308200765625 0.63125 0.43666885625 0.6308089359375 0.44708624375 0.617495125
1 0.5607173453125001 0.5389144531250001 0.5714733843750001 0.48106628437500004 0.5747976984375 0.4469525734375 0.5729837109375 0.40055924374999996 0.5653651375 0.3668620375 0.56050071875 0.35227973281249997 0.5480113484375 0.346928315625 0.5275765609375 0.346928315625 0.5193441109375 0.3522151859375 0.5121593343749999 0.37827659062499996 0.509375 0.3984659671875 0.509375 0.45743617968750006 0.5115883250000001 0.4764247390625 0.5257891921875 0.542844709375 0.5360389703124999 0.5515625 0.5388032484374999 0.5515625 0.5525717078125 0.55103845 0.5607173453125001 0.5389144531250001
1 0.61050585625 0.4953125 0.6124574921875 0.4953125 0.6208220734375 0.4891357921875 0.6371176968750001 0.4306777765625 0.640788265625 0.41137901250000003 0.642845490625 0.373343209375 0.6413077281249999 0.35368024375 0.633801678125 0.3461712859375 0.625979384375 0.3453125 0.603526909375 0.3453125 0.592798765625 0.3479601390625 0.5921875 0.3500074796875 0.5921875 0.48436822187499995 0.59328936875 0.48953854375 0.6031054953125 0.49441540625 0.61050585625 0.4953125
1 0.40298081249999995 0.5255121609375 0.4029521671875 0.47824436718749996 0.41028350625 0.39140418593750004 0.4010630203125 0.36069734375 0.39606661875000004 0.3569635640625 0.36430656093749997 0.36066907812500004 0.36048111718750003 0.367955275 0.3546875 0.3987485609375 0.3546875 0.48253132499999996 0.3556425265625 0.48979837187499997 0.370437665625 0.5515310265625 0.3716366796875 0.553125 0.3988124703125 0.553125 0.404704925 0.5392643453125 0.40298081249999995 0.5255121609375
1 0.2697916671875 0.36607888125 0.2674479171875 0.3618167140625 0.2575520828125 0.35863571250000004 0.24296875 0.3589674125 0.23697916718749998 0.366593725 0.221875 0.4326449453125 0.21770833281250002 0.4843270171875 0.21875 0.52325835 0.2244791671875 0.5697880921875 0.23697916718749998 0.6193715015625 0.24296875 0.6293377828125 0.24358923125 0.6296875 0.25516956875 0.6296875 0.2515625 0.5727435062499999 0.2526041671875 0.5283415078125 0.2578125 0.48873891562500005 0.2677083328125 0.4465495453125 0.2744791671875 0.3949735859375 0.2697916671875 0.36607888125
1 0.22141815625 0.55379335625 0.2180130390625 0.5055724703125 0.21879075 0.460226346875 0.2227742609375 0.42884184531249997 0.2359375 0.37229205468750004 0.2359375 0.36810099687500003 0.2346340703125 0.3638489453125 0.2184882359375 0.36347315 0.2034110046875 0.367751225 0.2000659890625 0.374616871875 0.19375 0.4129204421875 0.19375 0.4526401671875 0.193817684375 0.4642740984375 0.199246878125 0.5023582828125 0.210453721875 0.5489091515625 0.215094484375 0.5546875 0.2203905375 0.5546875 0.22141815625 0.55379335625
1 0.200826390625 0.47665159375000005 0.1995919546875 0.4712992296875 0.19576149062499998 0.42781101875000005 0.1959592640625 0.406469259375 0.20029732031249997 0.3683092890625 0.1924782234375 0.3643623640625 0.17286456562500002 0.36771601875000004 0.1703125 0.37825255625 0.1703125 0.41648124218750004 0.17116365312499998 0.42667143906250005 0.17658956718750002 0.4543431359375 0.19003237343749999 0.5012622624999999 0.19564463125 0.5078125 0.200826390625 0.5078125 0.200826390625 0.47665159375000005
2 0.7796875 0 0 0 0 0.375 0.3495341109375 0.375 0.4070415109375 0.37232155312500004 0.45964567812499996 0.3646225421875 0.514333178125 0.3670238265625 0.52631234375 0.36005423125 0.5414165109375 0.3575869328125 0.56849984375 0.3629648515625 0.6179790109375001 0.3535413265625 0.6429790109375 0.3580782078125 0.669020678125 0.3570170921875 0.7773540109375 0.3433435859375 0.7796875 0.343248503125 0.7796875 0
1 0.8268371906249999 0.318686221875 0.822584759375 0.31079706875 0.819790178125 0.310634303125 0.8154085203125 0.310634303125 0.812001521875 0.3164327828125 0.8140382203125001 0.36934706875 0.809375 0.3882092921875 0.809375 0.44951493749999993 0.813079834375 0.4625 0.8264144906249999 0.4625 0.8332220156249999 0.43020685625 0.8326023734374999 0.402383575 0.8249838015625001 0.368595215625 0.8268371906249999 0.318686221875
1 0.7796875 0.45804476875000005 0.783521278125 0.45729665625000004 0.7926557609375 0.4212673609375 0.79333059375 0.3962582703125 0.787459540625 0.3628340296875 0.7906868499999999 0.3140625 0.788504634375 0.3140625 0.7796875 0.31616803125000004 0.7796875 0.45804476875000005
1 1 0.3072212796875 0.98719128125 0.3114456609375 0.9900738734375001 0.353257875 0.9828125 0.385409153125 0.9828125 0.4329053125 0.9863751687500001 0.4517234375 0.9883764906250001 0.4546875 0.9992437515624999 0.4546875 1 0.45445431718749996 1 0.35613217656249996 0.9994488734375 0.353694525 1 0.348707884375 1 0.3072212796875
0 0.912361828125 0.38996051875000004 0.9065812328125 0.3854575203125 0.9011023250000001 0.3854575203125 0.890713575 0.38565309375 0.88125 0.3965732875 0.88125 0.4658390265625 0.884382465625 0.4703125 0.9054072671875 0.4703125 0.9150663140624999 0.45789525 0.9195518015624999 0.4414471046875 0.9185932749999999 0.40506284375 0.912361828125 0.38996051875000004
1 0.6557489578125 0.6390625 0.6553199390625 0.6635099656250001 0.6457833328125 0.6907417109375 0.6359375 0.7396827625 0.6359375 0.8258539718750001 0.6361103625 0.8309667546874999 0.6426118484375001 0.87765740625 0.64846406875 0.901617375 0.657949971875 0.9078125 0.6831362359375001 0.9078125 0.6898891703125 0.900788271875 0.700065125 0.8532164921875001 0.7049627125 0.81737839375 0.70533979375 0.7525635828125 0.7003146140625 0.7207787484375 0.6860491046875 0.6652997375 0.686830859375 0.6390625 0.6557489578125 0.6390625
1 0.314821065625 0.6390625 0.31740491249999997 0.69276290625 0.3134340625 0.725146071875 0.2984375 0.774427609375 0.2984375 0.8117786499999999 0.30852724062500003 0.7959703140625 0.32600284375 0.782275359375 0.341843559375 0.778753471875 0.3490280890625 0.7672551515625 0.3424389421875 0.7282632375 0.342691571875 0.7060288921875 0.3526479578125 0.6390625 0.314821065625 0.6390625
1 0.2122334609375 0.6390625 0.2141987125 0.6620780953125001 0.212426125 0.6981164343749999 0.19379294062500002 0.766711840625 0.19375 0.7670530859375 0.19375 0.8753915640625 0.2058441359375 0.9339849609374999 0.21150382343750002 0.9453125 0.24001940937500002 0.9453125 0.24808550624999998 0.9266906171875 0.260978746875 0.8596802218749999 0.26337990625 0.8051476234375 0.2599333875 0.7707185562500001 0.24211901249999998 0.698573225 0.24020805625000002 0.6688465609375001 0.242784340625 0.6390625 0.2122334609375 0.6390625
1 0.11109274375 0.6390625 0.10909570937499999 0.6635272078125001 0.0921875 0.7092054171875 0.0921875 0.9109375 0.116894990625 0.9109375 0.12113946406250001 0.9074155078124999 0.1464060640625 0.8160612 0.1506551859375 0.7511735453125 0.1377415421875 0.6655303203125 0.1399020921875 0.6390625 0.11109274375 0.6390625
1 0.3976416546875 0.6390625 0.4006623328125 0.6674903624999999 0.3984999046875 0.7056811609375 0.3828125 0.7784385765625 0.3828125 0.7910123671875 0.3830794875 0.79183874375 0.397325146875 0.806349175 0.4076914921875 0.8235161765625 0.4168688828125 0.8505193109375 0.42026323593750003 0.8733940578125001 0.4211827125 0.907607753125 0.41520065937500006 0.946875 0.433332440625 0.946875 0.43337013593749996 0.9468602703125001 0.44161372656250003 0.9160158265625 0.44913919687500004 0.8648260390625 0.44913919687500004 0.79026061875 0.441779265625 0.7510187421875 0.42763425 0.7003516296875001 0.42614006875 0.6615538765625 0.42858775156249995 0.6390625 0.3976416546875 0.6390625
1 0.47950399218750006 0.6390625 0.4793294265625 0.646813896875 0.48141275937500005 0.6663432312500001 0.478287759375 0.7217714515625 0.48089192656249996 0.728359046875 0.48089192656249996 0.7413220093749999 0.475162759375 0.7475700453125 0.46917317656249996 0.7644556171875 0.46136067656249996 0.7687669109375 0.4609375 0.770003525 0.4609375 0.7920830046875 0.46162109375 0.797944190625 0.4609375 0.804296540625 0.4609375 0.8223376328124999 0.46162109375 0.8247960421875 0.4609375 0.8399591531249999 0.4609375 0.8486802250000001 0.46318359375 0.8535634125 0.46422525937500003 0.874902153125 0.470475259375 0.9029345984375 0.47676924375 0.9109375 0.48383372031249994 0.9109375 0.48453775937500004 0.90721130625 0.48037109375 0.8644489359375 0.48037109375 0.8496341203125001 0.48453775937500004 0.8201742671875 0.48401692656249995 0.79885675 0.48662109375 0.785999896875 0.49235025937500004 0.7816037125 0.49651692656249996 0.766032753125 0.50380859375 0.7163298640625 0.50380859375 0.6746632 0.500162759375 0.666181309375 0.49755859375 0.6429270484375 0.49655488593749997 0.6390625 0.47950399218750006 0.6390625
1 0.49758243125 0.6390625 0.49886861250000003 0.6492702875 0.5052694453125001 0.6753416828125001 0.50452944375 0.727169290625 0.49893495000000004 0.7501840890625 0.48239218125 0.771092465625 0.4796875 0.78591438125 0.4796875 0.8018349671875 0.48076134687499994 0.8488217531250001 0.48574512500000006 0.8998567812499999 0.49485786093749995 0.944507309375 0.50389518125 0.9761948734375 0.5044941640625 0.9765625 0.5331174171875 0.9765625 0.5333195703125 0.976416834375 0.54489556875 0.9521525531249999 0.5456310296875 0.9443003671875001 0.5534165953125 0.9398525750000001 0.5573470875 0.9441101609375 0.559375 0.9298991515624999 0.559375 0.8009244859375 0.5579776562500001 0.7839613437499999 0.5519099640625 0.770396009375 0.5432919734375 0.7660293203124999 0.533180665625 0.7287619546874999 0.5318965890625 0.6870710421874999 0.5370316890625 0.6390625 0.49758243125 0.6390625
0 0.393666996875 1 0.403196659375 0.9870976718750001 0.4181247453125 0.955641684375 0.4181247453125 0.8486922671875 0.40733025625 0.8195361312499999 0.3848882578125 0.7909680765625 0.3582400375 0.7741180625 0.3503813921875 0.781767946875 0.33747923125 0.7839986640625 0.32799875 0.7907680875 0.3121166421875 0.8116385625 0.300361653125 0.8439846062499999 0.2984375 0.8745063890625 0.2984375 0.9027543281250001 0.3026494234375 0.93668328125 0.312360675 0.9660855906249999 0.3355468625 1 0.393666996875 1
1 0.7796875 1 1 1 1 0.6390625 0.9404536109375 0.6390625 0.7882163125 0.730815353125 0.7796875 0.738800959375 0.7796875 1