2 0.4296875 0 0.19807043124999998 0 0.09471307968750001 0.007235542187500001 0.081557571875 0.0178555796875 0.0716617390625 0.0175100109375 0.067713575 0.013678989062499999 0.0634039890625 0.018144928125 0.0599766578125 0.0143320984375 0.0568599015625 0.020686265625 0.0420580671875 0.02386251875 0.03946626875 0.0334665203125 0.0422449625 0.11204290937500001 0.0498032296875 0.20463550156250002 0.05212155625 0.2139493234375 0.0565946765625 0.221030178125 0.07303998125 0.2296875 0.108709153125 0.2296875 0.11426425468750001 0.227660478125 0.1252017546875 0.22804242187499998 0.1285302359375 0.2296875 0.1504286359375 0.2296875 0.16276909374999998 0.223814584375 0.16661281562500002 0.20409814843750002 0.163799765625 0.15691230312499999 0.1673576484375 0.1464187515625 0.174346984375 0.142969678125 0.4296875 0.136743653125 0.4296875 0
1 0.47227099843750003 0 0.4576436765625 0.0620633359375 0.4488131421875 0.12685353125 0.4488131421875 0.2475620734375 0.4603289515625 0.3163528453125 0.46104984531250004 0.31875 0.6349842828125001 0.31875 0.6384108578125 0.3092200375 0.6496500203125001 0.25647536406250004 0.65722719375 0.20680607499999998 0.6578125 0.18709615 0.6578125 0.1516187171875 0.6551940359375 0.1088705046875 0.6396623078125 0.0046329234375 0.638749675 0 0.47227099843750003 0
1 0 0.95625 0.0090251984375 0.95625 0.0112267765625 0.9534801078124999 0.0140625 0.9356427374999999 0.0140625 0.8994892015625 0.0075503171875 0.8695609703125001 0.008308171875000001 0.8287777140625 0 0.8227137203125 0 0.95625
1 0.026907059374999997 0.8582409640625001 0.024411459375 0.884929125 0.0254022796875 0.9034294562500002 0.028125 0.9136124734374999 0.028125 0.8103582656250001 0.02468630625 0.8087675843749998 0.021422509375000003 0.8165015453125001 0.026907059374999997 0.8582409640625001
1 0.0927083328125 0.8756365734374999 0.0869791671875 0.8932291671874999 0.0859375 0.9145254625 0.0875 0.9339699078125001 0.09375 0.9598958328125 0.0966145828125 0.9640625 0.10364583281249999 0.9635995375 0.10625 0.9598958328125 0.1098958328125 0.9395254625 0.1109375 0.9117476859375 0.10833333281249999 0.8913773140625001 0.10364583281249999 0.8756365734374999 0.103125 0.8311921296874999 0.09713541718749999 0.8260995375 0.0901041671875 0.8339699078125001 0.0927083328125 0.8756365734374999
1 0.0614583328125 0.8441550921874998 0.05989583281250001 0.8617476859375 0.061979167187499996 0.879340278125 0.05625 0.9006365734374999 0.05625 0.92008101875 0.0645833328125 0.9589699078125001 0.0713541671875 0.9617476859374999 0.07760416718749999 0.9561921296874999 0.0822916671875 0.9182291671874999 0.0734375 0.8645254625 0.0739583328125 0.8311921296874999 0.0705729171875 0.8242476859375 0.0674479171875 0.8242476859375 0.0627604171875 0.829803240625 0.058333332812500006 0.829340278125 0.0614583328125 0.8441550921874998
1 0.0333333328125 0.8784143515625 0.028125 0.898784721875 0.0276041671875 0.9182291671874999 0.0348958328125 0.95711805625 0.0447916671875 0.9589699078125001 0.0473958328125 0.955266203125 0.051041667187499994 0.9339699078125001 0.051041667187499994 0.917303240625 0.04375 0.8747106484374999 0.0442708328125 0.8311921296874999 0.04140625 0.8251736109374999 0.03515625 0.823321759375 0.03125 0.8348958328125 0.034375 0.8654513890625001 0.0333333328125 0.8784143515625
1 0.0880208328125 0.848784721875 0.0869791671875 0.8089699078125001 0.0927083328125 0.797858796875 0.0916666671875 0.7904513890625 0.08723958281250001 0.786284721875 0.08203125 0.7872106484375 0.0791666671875 0.79508101875 0.08125 0.8367476859374999 0.07552083281250001 0.8654513890625001 0.07864583281250001 0.8904513890625001 0.0822916671875 0.8811921296874999 0.0880208328125 0.848784721875
1 0.061979167187499996 0.8024884265625001 0.05598958281250001 0.7973958328124999 0.051302082812500004 0.7992476859375001 0.0494791671875 0.804340278125 0.05208333281250001 0.848784721875 0.0463541671875 0.8802662031249999 0.051041667187499994 0.9024884265625002 0.059375 0.860821759375 0.05729166718749999 0.8210069437499999 0.061979167187499996 0.8089699078125001 0.061979167187499996 0.8024884265625001
1 0.09713541718749999 0.8038773140625001 0.08984375 0.8001736109375 0.08645833281250001 0.805266203125 0.0848958328125 0.823784721875 0.0875 0.8265625 0.0934895828125 0.8159143515625 0.09895833281250001 0.8126736109374999 0.09713541718749999 0.8038773140625001
1 0.06015625 0.811284721875 0.0557291671875 0.8228587968750001 0.05625 0.8376736109374999 0.058854167187499994 0.8469328703125001 0.060416667187499995 0.83211805625 0.06640625 0.8242476859375 0.0703125 0.823784721875 0.06979166718749999 0.8163773140625 0.06328125 0.810358796875 0.06015625 0.811284721875
1 0.05859375 0.854803240625 0.05208333281250001 0.897858796875 0.053125 0.9210069437499999 0.054166667187499996 0.9274884265625001 0.05625 0.9274884265625001 0.056770832812500005 0.9098958328125001 0.0625 0.8756365734374999 0.05859375 0.854803240625
1 0.0859375 0.90804398125 0.08645833281250001 0.8932291671874999 0.090625 0.8747106484374999 0.090625 0.83211805625 0.09765625 0.8251736109374999 0.1013020828125 0.8288773140625001 0.103125 0.8256365734374999 0.1020833328125 0.817303240625 0.09505208281250001 0.8020254625 0.0921875 0.8024884265625001 0.08984375 0.8131365734374999 0.08541666718749999 0.8154513890625001 0.08645833281250001 0.8311921296874999 0.0890625 0.8367476859374999 0.0869791671875 0.8441550921874998 0.0880208328125 0.8515625 0.0848958328125 0.855266203125 0.08203125 0.8686921296874999 0.078125 0.8617476859375 0.07760416718749999 0.8839699078125001 0.0802083328125 0.8913773140625001 0.0817708328125 0.910821759375 0.08333333281250001 0.910821759375 0.0859375 0.90804398125
1 0.7813053062499999 0.4038940375 0.7816375984375 0.43625893125 0.7865334921875 0.489537484375 0.7863503375 0.5210189640625 0.76949346875 0.602905515625 0.76949346875 0.6734684453125 0.7713020390625001 0.6916113203125 0.785030553125 0.747870815625 0.7899195828125001 0.75625 0.8105214999999999 0.75625 0.8178215046874999 0.7488960578125 0.8306662656250001 0.6886164328125 0.8328125 0.6685947765625 0.8328125 0.6021704171875 0.831253434375 0.587690509375 0.8124297125 0.5124117203124999 0.8131444734375 0.47903587031249995 0.8186275390625 0.4313884984375 0.8188268531249999 0.3971292375 0.8113798140625 0.3796901515625 0.8018143453125 0.3760524453125 0.795152290625 0.3760524453125 0.7879423140625 0.3816033375 0.7813053062499999 0.4038940375
2 0.4296875 0.6818252359375 0.57171095 0.6352606609375 0.7300539031250001 0.590009359375 0.7577254078125 0.58543595 0.77440031875 0.5924812562499999 0.7766265718750001 0.5879425671874999 0.778125 0.58817028125 0.778125 0.4954516765625 0.7684718875 0.49440585937500003 0.6329452828125 0.5201416218749999 0.4296875 0.5722308671875 0.4296875 0.6818252359375