1 0.24234189218750002 0.5 0.24234189218750002 0.4938774515625 0.2197933265625 0.425447921875 0.2151321640625 0.36903319218749997 0.21541560624999997 0.2918475734375 0.21174996406250002 0.2428068765625 0.20831509218750002 0.23001079687499998 0.2008256296875 0.215150228125 0.1871521015625 0.20579945156249999 0.176735434375 0.206466984375 0.165349628125 0.21649390156249998 0.1609375 0.22654744531249998 0.1609375 0.2968477046875 0.1768080765625 0.3993809625 0.1783640046875 0.43182174531250006 0.174559971875 0.4785519359375 0.169454159375 0.5 0.24234189218750002 0.5
1 0.22583351562499998 0.5 0.22823550781250002 0.46567008750000005 0.23812996718749999 0.4078984796875 0.2266029203125 0.3461009625 0.22979388437499998 0.29432194843750004 0.23489227812500002 0.26358429375000003 0.236412178125 0.23862071718750003 0.2317452921875 0.222835840625 0.22178212187500002 0.218008690625 0.212474459375 0.2241833921875 0.2071025921875 0.23606703593749997 0.20625 0.257431409375 0.20625 0.5 0.22583351562499998 0.5
1 0.140957415625 0.5 0.14601113593749998 0.48639905937499994 0.1555015171875 0.423945978125 0.1499882203125 0.3725101703125 0.1544145 0.2308070828125 0.15035925781249998 0.21984936406250002 0.1418127765625 0.21318208906249997 0.132612928125 0.21318208906249997 0.1237320875 0.2198437828125 0.119551 0.22744100312499999 0.115258484375 0.24570458125 0.11474462968750002 0.27537063125 0.11885709062500001 0.3220675484375 0.11766771250000001 0.3860292796875 0.103125 0.4416098796875 0.103125 0.5 0.140957415625 0.5
1 0.10170438281250001 0.5 0.10260416718750001 0.4842923328125 0.1208333328125 0.400322421875 0.12291666718750001 0.3780274484375 0.1213541671875 0.32345238125 0.115625 0.2662450390625 0.11614583281249999 0.24400463125 0.1203125 0.22534060937499997 0.11432291718750001 0.21953125 0.1018229171875 0.2236714640625 0.0953125 0.23917659218749998 0.0947916671875 0.2762318171875 0.1 0.34642030625000003 0.0994791671875 0.3621792359375 0.08333333281250001 0.4331134296875 0.0802083328125 0.46655589218750004 0.0802083328125 0.49896330000000005 0.0803147390625 0.5 0.10170438281250001 0.5
1 0.090445059375 0.5 0.089361046875 0.49213523124999997 0.088818346875 0.446855996875 0.099477028125 0.383927715625 0.099477028125 0.319025778125 0.09692789375000001 0.2924851828125 0.0950166953125 0.25262479843749996 0.096453346875 0.2342885484375 0.0890825890625 0.2239511734375 0.07775359375 0.2266524 0.0711911875 0.239463171875 0.0714787046875 0.2625657546875 0.07843307656250001 0.3130214234375 0.08005326874999999 0.3445484703125 0.06929930625 0.3934548625 0.0671875 0.414024190625 0.0671875 0.4362195421875 0.070873209375 0.4831329796875 0.07507153125 0.5 0.090445059375 0.5
1 0.3837942546875 0.5 0.368994140625 0.43355387343749996 0.368994140625 0.389109428125 0.374462890625 0.3228571609375 0.374462890625 0.30063493750000003 0.37074843749999997 0.29375 0.331994246875 0.29375 0.331494140625 0.29460118281250003 0.332275390625 0.34049371562499997 0.338525390625 0.41041175625 0.336181640625 0.4380119359375 0.322119140625 0.49111300937499996 0.320584490625 0.5 0.3837942546875 0.5
1 0.11813285 0.5 0.11920572812500001 0.5329828515624999 0.1046875 0.5730177046875 0.1046875 0.62135445625 0.1165853890625 0.65625 0.142287415625 0.65625 0.1525390609375 0.6132864781249999 0.1525390609375 0.577175365625 0.14003906093750002 0.5373392828125 0.143719096875 0.5 0.11813285 0.5
1 0.071821009375 0.6335581968749999 0.07189348906250001 0.569814809375 0.059456110937499994 0.5541368984374999 0.0577516734375 0.5540773765625 0.0467443984375 0.5540773765625 0.03856015625 0.568650784375 0.049082350000000004 0.6355357046875 0.0359375 0.6837875890625 0.0359375 0.68711489375 0.042990640625 0.73509919375 0.0635761609375 0.765625 0.0786642671875 0.765625 0.0888943203125 0.762778403125 0.0888943203125 0.66873261875 0.071821009375 0.6335581968749999
1 0.171875 0.5 0.171875 0.5508605421875 0.18382606562499998 0.5734375 0.202220309375 0.5734375 0.20623532031249997 0.572638040625 0.20701356718750002 0.5689898203125 0.20701356718750002 0.5 0.171875 0.5
1 0.0375 0.5 0.0375 0.5576690765625 0.046901167187499995 0.55701168125 0.0525574859375 0.5671875 0.0577847140625 0.5671875 0.06934303750000001 0.5485375875 0.07460084375 0.50950301875 0.072481196875 0.5 0.0375 0.5
1 0.26875 0.5 0.2618202890625 0.5 0.259303165625 0.524297371875 0.2375 0.5779612515625 0.2375 0.646410678125 0.247443415625 0.65625 0.25095584843749996 0.65625 0.26743806875 0.650171459375 0.26875 0.6462362984375 0.26875 0.5
1 0.18170572812500002 0.8069237890625001 0.1671223921875 0.76576638125 0.1775390609375 0.701513734375 0.1577473921875 0.678593765625 0.137955728125 0.7001182359375 0.14003906093750002 0.7667121531250001 0.1212890609375 0.8007002515625 0.1171875 0.8227184718749999 0.1171875 0.847783596875 0.1233723921875 0.8867386109375 0.1371961125 0.9046875 0.1595626671875 0.9046875 0.169205728125 0.8934714078124999 0.1837890609375 0.8457399265625 0.18170572812500002 0.8069237890625001
1 0.2423230046875 0.6696199468749999 0.233477390625 0.61370256875 0.242148015625 0.564613909375 0.2285623640625 0.5461698921875 0.22684379375 0.5461698921875 0.2087176828125 0.5589198421875 0.20886539843750002 0.6226264625 0.190625 0.6745025015625 0.190625 0.7233669203125 0.1920091484375 0.734692671875 0.21134078750000002 0.7609375 0.224400146875 0.7609375 0.23435483437500002 0.757782478125 0.2423230046875 0.7194849171875 0.2423230046875 0.6696199468749999
1 0.8610660953124999 1 0.8619502406249999 0.9940907687500001 0.8619502406249999 0.93859433125 0.8588310140625002 0.929769184375 0.8512954078125 0.9224727703125 0.8434829078125 0.9231105015625001 0.8385712546875 0.9281652812499999 0.834375 0.9445495562499999 0.834375 0.9648087046875 0.8366301593750001 1 0.8610660953124999 1
1 0.8150725718749999 0.9984375 0.820034040625 0.9951346453125 0.8273257062500001 0.994582115625 0.8311477 0.996368071875 0.8311477 0.9547546687499999 0.8230214562499999 0.9292846046874998 0.8208848046874999 0.89872905 0.8230357406250001 0.8920502375 0.8237593859375 0.8724479265625 0.821619878125 0.8493392453125 0.8169042906249999 0.83806116875 0.8108513859375 0.83386566875 0.800823203125 0.8402105531250001 0.7978586421875 0.8464856031250001 0.796875 0.85745211875 0.796875 0.8608064390625 0.804085784375 0.9055869953125001 0.8046627953125001 0.9288140765625 0.8019205656249999 0.949500178125 0.8042514578125001 0.9828335124999998 0.80875950625 0.9984375 0.8150725718749999 0.9984375
1 0.6044191156250001 1 0.6044191156250001 0.9299308312499999 0.6014907109375001 0.9159453750000001 0.6003633265625 0.8983527828125 0.603639953125 0.88419688125 0.602631240625 0.868456140625 0.5984381937500001 0.8519897328124999 0.58597774375 0.8411666296875 0.577367515625 0.8496210890625001 0.5765625 0.8570888734375 0.5765625 0.8697024734374998 0.5775982875000001 0.88586570625 0.58406586875 0.9133430953125 0.5864129281249999 0.9336467125000001 0.5820880625 0.98041028125 0.5822331140625 0.9989955515624999 0.5825346046875 1 0.6044191156250001 1
1 0.5320298609374999 1 0.5299957875000001 0.9738154187500001 0.5307681046875 0.9516660375000001 0.5337584312500001 0.9404092453124999 0.5415118390625 0.927898746875 0.5431664109375001 0.9139734359375 0.5413345625 0.8920061546875001 0.5354665984375 0.8845910374999999 0.5303338484375001 0.8840293125 0.5248987671875 0.88717129375 0.521875 0.8920502875 0.521875 1 0.5320298609374999 1
1 0.4905524171874999 0.8937003296875 0.491102096875 0.8779595890625 0.49083644843749996 0.8556645281249999 0.4865334671875 0.829374396875 0.48688914062500005 0.8191892124999999 0.4953125 0.7987613390625 0.4953125 0.7981413578125001 0.49181391406249997 0.790295696875 0.48567673593750005 0.78708914375 0.48565372187500006 0.78708914375 0.47994966093749997 0.7936429109375001 0.4796875 0.79659434375 0.4796875 0.8286729749999999 0.4824061109375 0.8578595828125 0.4796875 0.8757498671875 0.4796875 0.9260162781249999 0.4818757234375 0.9375 0.483271275 0.9375 0.4905524171874999 0.8937003296875
1 0.6323078671875 1 0.624837240625 0.9812053671874998 0.6232747406250001 0.8979265984375001 0.6193684906250001 0.8855630078125 0.6099934906250001 0.8803348312499999 0.6019205734374999 0.8866352640624999 0.6015625 0.8881331093749999 0.6015625 0.9440628859375 0.6050455734375 0.9744890984375001 0.6050455734375 0.9893039156250001 0.6027092296875 1 0.6323078671875 1
1 0.6655687078125 1 0.6641846859375 0.9407183546875 0.657661590625 0.92491655625 0.6532347375 0.9210089281249999 0.6453313749999999 0.9210089281249999 0.6379022609375 0.9241109359374999 0.6359375 0.93053840625 0.6359375 0.9691394562500001 0.6376117234375 0.9827021796875 0.642295734375 0.9978815296875 0.6423697125000001 1 0.6655687078125 1
1 0.56819385625 1 0.56875 0.9902777781250001 0.5677083328125001 0.9578703703125001 0.5661458328125001 0.9458333328125 0.5622395828125001 0.9361111109374999 0.5559895828125001 0.9296296296875 0.5486979171874999 0.928703703125 0.5401041671875 0.9384259265625001 0.5369791671874999 0.9495370375000001 0.5369791671874999 0.9671296296874999 0.5420010296875001 1 0.56819385625 1
1 0.68056175625 1 0.684375 0.98101851875 0.671875 0.9263888890625 0.671875 0.8550925921874999 0.6669270828125 0.840740740625 0.6606770828125 0.8361111109374999 0.6515625 0.8439814812499999 0.6494791671875 0.871759259375 0.6520833328125001 0.91898148125 0.6609375 0.934722221875 0.6635416671875 0.946759259375 0.662496971875 1 0.68056175625 1
1 0.7108207609375 1 0.7067708328125 0.98101851875 0.7072916671875 0.9458333328125 0.7052083328125 0.9384259265625001 0.7080729171875 0.9277777781250001 0.7125 0.93101851875 0.7130208328125 0.9245370375 0.7098958328125 0.91805555625 0.7046875 0.8856481484375 0.6966145828125 0.8759259265624999 0.68828125 0.88055555625 0.6822916671875 0.8958333328125001 0.6854166671875 0.9828703703125001 0.6821089859375 1 0.69088541875 1 0.6940104171875 0.9981481484374999 0.7028645828125 0.9981481484374999 0.7046998999999999 1 0.7108207609375 1
1 0.7968631625 1 0.7927083328125 0.98194444375 0.7921875 0.9662037031249999 0.7942708328125 0.93194444375 0.7973958328124999 0.9199074078125001 0.7973958328124999 0.8958333328125001 0.79140625 0.8768518515625001 0.7846354171875001 0.8740740734375001 0.7752604171875 0.8768518515625001 0.7708333328125 0.8921296296874999 0.771963371875 0.94207140625 0.7723958328125 0.9745370375 0.7643610265625 1 0.7968631625 1
1 0.7570362578125 1 0.7588541671875 0.94398148125 0.753125 0.9273148140625 0.74765625 0.921296296875 0.7377604171875001 0.9231481484374999 0.7291666671875 0.9393518515625001 0.7317708328125 0.9893518515625 0.731548996875 1 0.7570362578125 1
1 0.875739584375 1 0.871875 0.9754629625 0.8807291671874999 0.9115740734374999 0.88125 0.8949074078125001 0.8796875 0.8865740734375 0.8705729171875 0.875 0.86484375 0.875 0.8596354171874999 0.8796296296874999 0.8546875 0.891203703125 0.853125 0.9041666671874999 0.8541666671874999 0.9226851859374999 0.8604166671875 0.9328703703125001 0.8635416671874999 0.953240740625 0.8569661453125 1 0.875739584375 1
1 0.829357121875 1 0.8328125 0.941203703125 0.8354166671875 0.93101851875 0.8421875 0.9199074078125001 0.8364583328125 0.8893518515625001 0.8411458328125001 0.8208333328125 0.8385416671874999 0.8106481484374999 0.8341145828125001 0.8046296296875 0.8252604171875 0.80648148125 0.8208333328125 0.81898148125 0.8208333328125 0.88101851875 0.8161458328125001 0.9050925921874999 0.8166666671874999 0.9328703703125001 0.825 0.9662037031249999 0.8288020843750001 1 0.829357121875 1
1 0.76484375 1 0.7703125 0.98194444375 0.7723958328125 0.9662037031249999 0.7708333328125 0.891203703125 0.7776041671875 0.8495370375 0.7776041671875 0.8254629625 0.7760416671875 0.816203703125 0.76796875 0.8046296296875 0.7596354171875 0.8074074078125001 0.7546875 0.821759259375 0.7557291671875 0.8921296296874999 0.7484375 0.91898148125 0.75625 0.93194444375 0.759375 0.9458333328125 0.758516725 1 0.76484375 1
1 0.7308854171875 1 0.7291666671875 0.9541666671875 0.7302083328125 0.9328703703125001 0.73671875 0.9231481484374999 0.7463541671875 0.91805555625 0.7484375 0.853240740625 0.74296875 0.8379629625 0.7372395828125 0.8333333328125001 0.73046875 0.8361111109374999 0.725 0.8486111109374999 0.7239583328125 0.8800925921874999 0.7260416671875001 0.8865740734375 0.7265625 0.9291666671875 0.71875 0.958796296875 0.7145833328125 0.9884259265625002 0.7145833328125 1 0.7308854171875 1
1 0.5729817703125001 1 0.5723958328125001 0.9986111109374999 0.5729166671874999 0.98101851875 0.5802083328125001 0.940277778125 0.5807291671874999 0.9236111109374999 0.5744791671874999 0.878240740625 0.5755208328125001 0.83194444375 0.5705729171874999 0.8175925921874999 0.5627604171874999 0.815740740625 0.5552083328125 0.8291666671875 0.5598958328125001 0.9013888890625001 0.55625 0.9263888890625 0.5635416671875 0.9375 0.5671875 0.9495370375000001 0.5699795078125 1 0.5729817703125001 1
1 0.52702724375 1 0.5276041671874999 0.9958333328125001 0.5276041671874999 0.9773148140625001 0.5197916671874999 0.9254629624999999 0.51875 0.903240740625 0.5213541671874999 0.89305555625 0.5286458328125001 0.8828703703125 0.5291666671874999 0.8763888890625001 0.5265625 0.85694444375 0.52109375 0.8481481484375 0.5158854171874999 0.8462962968750001 0.5091145828125001 0.8509259265625 0.5052083328125001 0.8625 0.50625 0.8893518515625001 0.5119791671874999 0.91898148125 0.5130208328125001 0.9393518515625001 0.5067708328125 0.9902777781250001 0.5067708328125 1 0.52702724375 1
1 0.5073459203125 1 0.5078125 0.9800925921874999 0.5135416671874999 0.94305555625 0.5125 0.91805555625 0.50625 0.8884259265625 0.5046875 0.8634259265625 0.51015625 0.8490740734375001 0.5145833328125 0.8458333328125001 0.5151041671875 0.834722221875 0.5075520828125001 0.8240740734375 0.4997395828125001 0.8259259265625 0.49479166718749995 0.840277778125 0.5020833328125001 0.9106481484375 0.49739583281250005 0.946759259375 0.496875 0.9689814812499999 0.5033031796875 1 0.5073459203125 1
1 0.4890625 0.8125 0.4880208328125001 0.81805555625 0.48958333281250005 0.8421296296874999 0.49427083281250006 0.8550925921874999 0.49479166718749995 0.8828703703125 0.49010416718749994 0.9236111109374999 0.49010416718749994 0.94398148125 0.4958333328125001 0.965277778125 0.5026041671874999 0.91805555625 0.5020833328125001 0.896759259375 0.5041666671874999 0.8893518515625001 0.5 0.878240740625 0.4953125 0.8412037031249999 0.49921875 0.827777778125 0.50625 0.8245370375000001 0.5046875 0.8106481484374999 0.49609375 0.8027777781250001 0.4890625 0.8125
1 0.9476256124999999 1 0.9473958328125001 0.9930555562500001 0.9505208328125001 0.9800925921874999 0.9471354171874999 0.9601851859374999 0.9453125 0.9763888890625001 0.939314515625 1 0.9476256124999999 1
1 1 0.8138888890625001 0.99453125 0.8138888890625001 0.9890625 0.8236111109375 0.9875 0.8356481484374999 0.9885416671874999 0.8773148140625 0.9734375 0.9245370375 0.9703125 0.946759259375 0.9708333328125001 0.9671296296874999 0.9864583328125001 0.9254629624999999 0.9921875 0.8986111109374999 0.990625 0.8643518515625 0.9927083328125 0.8486111109374999 0.9986979171874999 0.8388888890625001 1 0.8384509515625 1 0.8138888890625001
1 1 0.8386059671874999 0.9971354171875 0.8388888890625001 0.990625 0.85601851875 0.9895833328125001 0.9115740734374999 0.9734375 0.9615740734374999 0.9703125 0.98194444375 0.9703125 1 0.9745279953124999 1 0.9895833328125001 0.965277778125 0.99375 0.9421296296874999 0.9963541671874999 0.8856481484375 1 0.8810871062500001 1 0.8386059671874999
1 0.946875 0.7995370375 0.9479166671874999 0.8106481484374999 0.953125 0.8208333328125 0.9520833328125 0.8643518515625 0.95 0.878240740625 0.9541666671875 0.89305555625 0.9520833328125 0.9273148140625 0.9546875 0.9495370375000001 0.9625 0.91898148125 0.9588541671874999 0.853240740625 0.9651041671874999 0.80601851875 0.9591145828125001 0.790740740625 0.9513020828125001 0.7916666671874999 0.946875 0.7995370375
1 0.8909455125000001 1 0.8927083328125001 0.9949074078125001 0.9 0.9625 0.9 0.9226851859374999 0.8942708328125001 0.8856481484375 0.8994791671875 0.8375 0.8994791671875 0.8171296296874999 0.89609375 0.8074074078125001 0.8924479171874999 0.8046296296875 0.88671875 0.8055555562500001 0.8822916671875 0.8106481484374999 0.8791666671874999 0.8328703703125001 0.8822916671875 0.85694444375 0.8802083328125001 0.8773148140625 0.8817708328125 0.8995370375 0.8786458328125001 0.934722221875 0.8838541671875 0.9662037031249999 0.88425864375 1 0.8909455125000001 1
1 0.8546875 0.791203703125 0.84921875 0.784259259375 0.8408854171875 0.7870370375 0.8369791671875 0.7986111109375 0.8411458328125001 0.8291666671875 0.8369791671875 0.891203703125 0.8411458328125001 0.915277778125 0.8447916671875 0.921759259375 0.8526041671875 0.91898148125 0.8536458328125001 0.89305555625 0.8583333328125 0.8773148140625 0.8572916671874999 0.8625 0.8533854171874999 0.8638888890625 0.8520833328125 0.8578703703125001 0.85625 0.7986111109375 0.8546875 0.791203703125
1 0.79296875 0.7870370375 0.78515625 0.7824074078125001 0.7791666671875 0.790277778125 0.7770833328125 0.8023148140625 0.7791666671875 0.85601851875 0.7760416671875 0.8726851859375 0.78671875 0.8731481484374999 0.7942708328125 0.8791666671874999 0.79375 0.8476851859375 0.796875 0.8013888890625 0.79296875 0.7870370375
1 0.8098958328125001 0.7699074078125 0.8065104171874999 0.765740740625 0.7997395828125 0.7666666671875 0.7947916671875 0.7754629625 0.79375 0.7865740734375001 0.7963541671875001 0.8004629624999999 0.7958333328125 0.8356481484374999 0.7973958328124999 0.8384259265624999 0.8080729171875 0.83148148125 0.8098958328125001 0.8245370375000001 0.8125 0.7865740734375001 0.8098958328125001 0.7699074078125
1 0.8265625 0.7726851859374999 0.8255208328125001 0.7578703703125 0.8221354171874999 0.747222221875 0.81328125 0.7518518515625 0.8098958328125001 0.7625 0.8119791671875 0.7949074078125 0.809375 0.828240740625 0.8177083328125001 0.8375 0.8239583328125001 0.80694444375 0.8265625 0.7726851859374999
1 0.8359375 0.8004629624999999 0.8395833328125001 0.7513888890625 0.8341145828125001 0.7388888890625 0.82734375 0.740740740625 0.8239583328125001 0.7513888890625 0.8265625 0.7643518515625 0.8239583328125001 0.7958333328125 0.825 0.8050925921874998 0.83359375 0.8046296296875 0.8359375 0.8004629624999999
1 1 0.8832535125 0.996875 0.8884259265625 0.9932291671875 0.9504629625 0.9880208328125001 0.971759259375 0.9776041671875 0.99398148125 0.975708334375 1 0.992534721875 1 0.9932291671875 0.9958333328125001 0.9958333328125001 0.9356481484374999 1 0.9295105812500001 1 0.8832535125
1 0.946875 1 0.9442708328125 0.9745370375 0.9463541671875 0.9726851859375 0.9479166671874999 0.94305555625 0.9432291671874999 0.9273148140625 0.9377604171874999 0.921296296875 0.9278645828125001 0.922222221875 0.9229166671875 0.93194444375 0.9223958328125 0.940277778125 0.91875 0.9486111109375 0.9171875 0.9680555562500001 0.9119791671874999 0.9736111109374999 0.9114583328125001 0.978240740625 0.9122395828125001 0.9879629624999999 0.92421875 0.9861111109374999 0.9330729171875 0.9925925921874998 0.9372395843749999 1 0.946875 1
1 0.9083333328125001 0.79398148125 0.9013020828125 0.7879629625 0.8966145828125001 0.790740740625 0.8927083328125001 0.7995370375 0.8994791671875 0.81898148125 0.8947916671874999 0.8875 0.9005208328125001 0.93101851875 0.9 0.9745370375 0.9020833328125001 0.9615740734374999 0.9088541671874999 0.9486111109375 0.9119791671874999 0.9226851859374999 0.9114583328125001 0.8986111109374999 0.90625 0.8634259265625 0.90625 0.846759259375 0.9114583328125001 0.80694444375 0.9083333328125001 0.79398148125
1 0.8755208328125 0.7643518515625 0.8734375 0.7550925921875 0.8700520828125 0.7518518515625 0.86328125 0.753703703125 0.859375 0.7643518515625 0.8651041671874999 0.778240740625 0.8609375 0.81805555625 0.8609375 0.8365740734375 0.8734375 0.828240740625 0.8713541671874999 0.8143518515625001 0.8755208328125 0.7643518515625
1 0.8817708328125 0.8504629625 0.8786458328125001 0.834722221875 0.8716145828125 0.8296296296874999 0.8643229171875 0.8361111109374999 0.8609375 0.8439814812499999 0.8598958328125 0.8745370375 0.87109375 0.875 0.8765625 0.88101851875 0.8807291671874999 0.878240740625 0.8817708328125 0.8504629625
1 0.9080729171874999 0.7675925921875 0.9 0.7754629625 0.8989583328125 0.7865740734375001 0.90546875 0.7898148140625001 0.9114583328125001 0.8078703703125001 0.9067708328125 0.8430555562500001 0.90625 0.8634259265625 0.9119791671874999 0.9050925921874999 0.9161458328125001 0.9041666671874999 0.9177083328125001 0.8865740734375 0.9119791671874999 0.840277778125 0.9125 0.8171296296874999 0.9166666671874999 0.7856481484375 0.9145833328125 0.7736111109375 0.9080729171874999 0.7675925921875
1 0.85703125 0.765740740625 0.8518229171874999 0.76851851875 0.8479166671874999 0.7773148140625 0.8479166671874999 0.7837962968750001 0.8536458328125001 0.790277778125 0.8557291671874999 0.7986111109375 0.8515625 0.8578703703125001 0.8567708328125001 0.8800925921874999 0.8604166671875 0.8708333328125001 0.8609375 0.8208333328125 0.865625 0.7800925921874999 0.86328125 0.771296296875 0.85703125 0.765740740625
1 0.6359375 1 0.6359375 0.9930555562500001 0.6307291671874999 0.946759259375 0.6377604171875 0.9268518515625 0.64609375 0.922222221875 0.6473958328125 0.91805555625 0.6395833328125 0.8884259265625 0.6395833328125 0.8245370375000001 0.6361979171875 0.8148148140625 0.6294270828125 0.8101851859375 0.62421875 0.8120370375 0.6197916671874999 0.8199074078125002 0.61875 0.85694444375 0.6234375 0.8958333328125001 0.6239583328125 0.9680555562500001 0.6255208328125 0.98101851875 0.6324841484375 1 0.6359375 1
1 0.6838541671875 0.828240740625 0.6864583328125 0.8773148140625 0.68828125 0.88148148125 0.6924479171875 0.8759259265624999 0.7013020828125 0.877777778125 0.7067708328125 0.8865740734375 0.7072916671875 0.9754629625 0.7114583328124999 0.9930555562500001 0.7145833328125 0.983796296875 0.7177083328125 0.953240740625 0.7161458328125 0.9365740734374999 0.7083333328125 0.9125 0.7140625 0.891203703125 0.7145833328125 0.8699074078125001 0.7083333328125 0.8495370375 0.7052083328125 0.81898148125 0.7002604171875 0.809259259375 0.6940104171875 0.80648148125 0.6880208328124999 0.8106481484374999 0.6838541671875 0.828240740625
1 0.7236979171875 0.7861111109375 0.7182291671875001 0.8004629624999999 0.7171875 0.828240740625 0.7197916671875 0.8328703703125001 0.7203125 0.85601851875 0.7125 0.8958333328125001 0.7114583328124999 0.9134259265625001 0.7192708328124999 0.9523148140625001 0.7260416671875001 0.9328703703125001 0.7270833328124999 0.9208333328125 0.7270833328124999 0.883796296875 0.7244791671875 0.8773148140625 0.7239583328125 0.8652777781250001 0.725 0.8513888890625001 0.73046875 0.8361111109374999 0.7364583328125 0.83194444375 0.7385416671875 0.8134259265624999 0.7380208328125 0.7995370375 0.7315104171875 0.784259259375 0.7236979171875 0.7861111109375
1 0.66484375 0.7824074078125001 0.6578125 0.8004629624999999 0.6578125 0.83101851875 0.65859375 0.8351851859374999 0.6658854171874999 0.8388888890625001 0.671875 0.8523148140625001 0.6713541671875001 0.9134259265625001 0.6760416671875 0.94305555625 0.6786458328125 0.9393518515625001 0.6822916671875 0.9125 0.6817708328125 0.8865740734375 0.6770833328125 0.866203703125 0.6744791671875 0.8634259265625 0.678125 0.80694444375 0.6760416671875 0.7976851859374999 0.66484375 0.7824074078125001
1 0.6526041671874999 0.7791666671874999 0.64921875 0.7731481484375 0.6424479171874999 0.771296296875 0.6364583328125001 0.7819444437499999 0.6354166671874999 0.80694444375 0.6401041671875 0.8300925921874999 0.640625 0.8958333328125001 0.6484375 0.91898148125 0.6515625 0.916203703125 0.6489583328125 0.8541666671874999 0.653125 0.8356481484374999 0.6541666671874999 0.7958333328125 0.6526041671874999 0.7791666671874999
1 0.6059895828125 0.7916666671874999 0.6010416671875 0.7986111109375 0.5994791671874999 0.8078703703125001 0.6005208328125 0.8495370375 0.6036458328125001 0.86898148125 0.6026041671875 0.8791666671874999 0.6138020828125 0.8796296296874999 0.6213541671874999 0.8856481484375 0.6182291671875 0.8634259265625 0.6182291671875 0.803240740625 0.61328125 0.7916666671874999 0.6059895828125 0.7916666671874999
1 0.6 0.79305555625 0.5955729171874999 0.777777778125 0.58671875 0.775 0.5817708328125001 0.7884259265625 0.5838541671874999 0.8263888890625001 0.5859375 0.8384259265624999 0.596875 0.8504629625 0.5979166671874999 0.859722221875 0.6 0.859722221875 0.6 0.79305555625
1 0.7614583328125 0.778240740625 0.75546875 0.7675925921875 0.74765625 0.7703703703125 0.74375 0.7791666671874999 0.7432291671875 0.7865740734375001 0.7453125 0.8393518515625 0.7484375 0.853240740625 0.7473958328125 0.9060185187500001 0.7510416671875 0.9060185187500001 0.7557291671875 0.890277778125 0.7552083328125 0.8171296296874999 0.7609375 0.8050925921874998 0.7619791671875 0.796759259375 0.7614583328125 0.778240740625
1 0.7802083328125 0.7708333328125001 0.778125 0.7550925921875 0.7705729171875 0.7490740734375001 0.7635416671875 0.758796296875 0.7625 0.7643518515625 0.7630208328125 0.7921296296875 0.7653645828125 0.803703703125 0.7744791671875 0.8125 0.7802083328125 0.7865740734375001 0.7802083328125 0.7708333328125001
1 0.48194444374999995 1 0.4828125 0.9745370375 0.4802083328125001 0.95601851875 0.47708333281250004 0.94305555625 0.46953125 0.9361111109374999 0.45859375 0.9388888890625001 0.4515625 0.9541666671875 0.45208333281249996 0.9773148140625001 0.4556034484375 1 0.48194444374999995 1
1 0.3393461671875 1 0.33645833281250004 0.9680555562500001 0.32890625 0.9546296296874999 0.3200520828125 0.9546296296874999 0.3114583328125 0.9671296296874999 0.3104166671875 0.9828703703125001 0.31197916718749996 0.9958333328125001 0.3129166671875 1 0.3393461671875 1
1 0.30244565312500005 1 0.2979166671875 0.9884259265625002 0.290625 0.9300925921874998 0.28515625 0.9203703703125001 0.2783854171875 0.91851851875 0.2723958328125 0.9263888890625 0.2697916671875 0.940277778125 0.27395833281250004 0.9606481484374999 0.2796875 0.9708333328125001 0.2837890625 1 0.30244565312500005 1
1 0.3781723484375 1 0.378125 0.9995370375 0.3697916671875 0.9736111109374999 0.3578125 0.9476851859375 0.3515625 0.883796296875 0.34713541718749996 0.8759259265624999 0.33828125 0.875 0.3328125 0.883796296875 0.33125 0.8976851859374999 0.33515625 0.909259259375 0.3421875 0.916203703125 0.3453125 0.9273148140625 0.3536458328125 0.9949074078125001 0.3564208984375 1 0.3781723484375 1
1 0.357096353125 1 0.35208333281250004 0.9902777781250001 0.3427083328125 0.91805555625 0.33671875 0.9101851859375 0.3283854171875 0.9111111109374999 0.3213541671875 0.9254629624999999 0.3234375 0.9486111109375 0.33359375 0.9601851859374999 0.3369791671875 0.9680555562500001 0.34072265625 1 0.357096353125 1
1 0.431575521875 1 0.4296875 0.9865740734374999 0.41614583281249995 0.9523148140625001 0.41510416718750004 0.94305555625 0.41770833281249997 0.9328703703125001 0.4114583328125 0.91805555625 0.40598958281249997 0.89444444375 0.39947916718750004 0.9041666671874999 0.40416666718750005 0.9143518515625001 0.41041666718750003 0.98101851875 0.4145833328125 0.996759259375 0.41613005000000003 1 0.431575521875 1
1 0.46484375 0.8981481484374999 0.46666666718750005 0.8958333328125001 0.46510416718750003 0.8680555562500001 0.46119791718750003 0.8583333328125 0.45286458281249997 0.8546296296874999 0.4453125 0.8634259265625 0.44322916718750005 0.8699074078125001 0.4447916671875 0.8986111109374999 0.45234375 0.8916666671875 0.46119791718750003 0.8925925921874999 0.46484375 0.8981481484374999
1 0.47395833281250005 0.9328703703125001 0.4661458328125 0.8986111109374999 0.46171875 0.8925925921874999 0.45026041718750004 0.8925925921874999 0.44375 0.9041666671874999 0.44322916718750005 0.9273148140625 0.4453125 0.9421296296874999 0.44895833281249997 0.9495370375000001 0.45286458281249997 0.95 0.45911458281249995 0.9379629625 0.47395833281250005 0.9328703703125001
1 0.45078125 0.85648148125 0.4614583328125 0.8578703703125001 0.4604166671875 0.8421296296874999 0.45286458281249997 0.83055555625 0.4440104171875 0.8361111109374999 0.440625 0.8439814812499999 0.44114583281249997 0.8606481484374999 0.4447916671875 0.8652777781250001 0.45078125 0.85648148125
1 0.44453125 0.8351851859374999 0.45416666718750004 0.83101851875 0.453125 0.821759259375 0.44921875 0.8138888890625001 0.44348958281249995 0.8120370375 0.4369791671875 0.81898148125 0.43541666718750005 0.8375 0.4369791671875 0.8449074078125001 0.44453125 0.8351851859374999
1 0.4153645828125 1 0.4145833328125 0.9986111109374999 0.4140625 0.9902777781250001 0.41041666718750003 0.98194444375 0.4018229171875 0.9129629625 0.39947916718750004 0.94398148125 0.4057291671875 0.9736111109374999 0.40767588749999994 1 0.4153645828125 1
1 0.40625 0.8495370375 0.40078125 0.840740740625 0.39140625 0.8416666671874999 0.3859375 0.85601851875 0.38645833281249997 0.866203703125 0.39036458281249997 0.86944444375 0.39869791718750003 0.8648148140625 0.4057291671875 0.8754629625 0.4078125 0.871759259375 0.40625 0.8495370375
1 0.5703125 0.815277778125 0.5692708328125 0.7615740734375 0.5669270828125 0.753703703125 0.5591145828125 0.7518518515625 0.5546875 0.7597222218749999 0.55625 0.796759259375 0.56171875 0.8138888890625001 0.5703125 0.815277778125
1 0.5309895828125001 0.7703703703125 0.5236979171874999 0.76851851875 0.5208333328125001 0.771759259375 0.51875 0.7828703703125 0.5223958328125 0.834722221875 0.5182291671874999 0.8421296296874999 0.5265625 0.85601851875 0.5307291671875 0.871759259375 0.5328125 0.86898148125 0.5359375 0.8495370375 0.5307291671875 0.80694444375 0.5307291671875 0.7921296296875 0.5348958328125001 0.7791666671874999 0.5309895828125001 0.7703703703125
1 0.5372395828125001 0.7805555562500001 0.5307291671875 0.7921296296875 0.5302083328125 0.8078703703125001 0.5348958328125001 0.8365740734375 0.5348958328125001 0.8578703703125001 0.53125 0.878240740625 0.53359375 0.8833333328125 0.5421875 0.8893518515625001 0.5458333328125 0.8828703703125 0.5463541671875 0.866203703125 0.5421875 0.8125 0.5479166671875 0.79305555625 0.5434895828125 0.7824074078125001 0.5372395828125001 0.7805555562500001
1 0.5583333328125001 0.8023148140625 0.5533854171874999 0.797222221875 0.5450520828125001 0.7990740734375 0.5411458328125001 0.8134259265624999 0.5458333328125 0.8625 0.54375 0.8921296296874999 0.5463541671875 0.9254629624999999 0.5479166671875 0.9273148140625 0.5567708328125001 0.9254629624999999 0.559375 0.9060185187500001 0.559375 0.883796296875 0.5546875 0.8356481484374999 0.5604166671874999 0.8125 0.5583333328125001 0.8023148140625
1 0.6020833328125 0.7921296296875 0.6140625 0.791203703125 0.6151041671874999 0.7578703703125 0.6096354171874999 0.7453703703125 0.60234375 0.747222221875 0.5994791671874999 0.7550925921875 0.5979166671874999 0.7763888890625 0.6020833328125 0.7921296296875
1 0.5822916671874999 0.7865740734375001 0.5864583328125 0.7726851859374999 0.58359375 0.7648148140625001 0.5783854171874999 0.7611111109375 0.5708333328125 0.765277778125 0.56875 0.7837962968750001 0.5697916671875 0.80694444375 0.5776041671875 0.8430555562500001 0.5848958328125 0.8375 0.5822916671874999 0.7865740734375001
1 0.6419270828125001 0.7148148140625 0.6369791671874999 0.7171296296875 0.6364583328125001 0.73101851875 0.6309895828125001 0.734259259375 0.628125 0.7402777781250001 0.628125 0.75601851875 0.6328125 0.765277778125 0.6333333328125 0.778240740625 0.6372395828125 0.7787037031249999 0.6416666671875 0.7708333328125001 0.64375 0.7606481484375001 0.64375 0.7449074078125 0.6463541671874999 0.7393518515624999 0.646875 0.7236111109375 0.6419270828125001 0.7148148140625
1 0.6171875 0.7699074078125 0.6239583328125 0.7541666671874999 0.6244791671875 0.7365740734375 0.6200520828125 0.7240740734375001 0.6138020828125 0.7231481484375 0.6098958328125 0.7300925921875 0.609375 0.74398148125 0.6171875 0.7699074078125
1 0.6666666671874999 0.7606481484375001 0.6651041671875 0.7754629625 0.6661458328125001 0.7837962968750001 0.6716145828125 0.7879629625 0.6760416671875 0.7986111109375 0.675 0.85601851875 0.6802083328124999 0.8819444437499999 0.6828125 0.883796296875 0.6848958328125 0.8828703703125 0.6864583328125 0.8671296296875 0.684375 0.8143518515625001 0.6869791671875001 0.8004629624999999 0.6833333328125 0.7865740734375001 0.68125 0.7606481484375001 0.67734375 0.7546296296875 0.67265625 0.753703703125 0.6666666671874999 0.7606481484375001