1 0.7671875 0.25347222187499996 0.7734375 0.196527778125 0.77265625 0.15625 0.76875 0.140972221875 0.761328125 0.1291666671875 0.741015625 0.125 0.72734375 0.140972221875 0.72109375 0.165972221875 0.72109375 0.20069444375 0.72890625 0.271527778125 0.72890625 0.32847222187499997 0.70234375 0.44097222187499996 0.69921875 0.5048611109375 0.70546875 0.5673611109375 0.725 0.6576388890625 0.731640625 0.6638888890625 0.7625 0.6631944437499999 0.768359375 0.6625 0.775 0.6520833328125 0.79140625 0.5729166671875 0.796875 0.51875 0.796875 0.46180555625 0.79140625 0.4201388890625 0.7671875 0.32847222187499997 0.7671875 0.25347222187499996
1 0.6296875 0.26875 0.63515625 0.228472221875 0.63515625 0.18680555625 0.625390625 0.15694444375 0.607421875 0.147222221875 0.593359375 0.15555555625 0.584375 0.18402777812499999 0.584375 0.22430555624999998 0.590625 0.2770833328125 0.5921875 0.33125 0.590625 0.35069444375000003 0.5640625 0.46458333281249997 0.5609375 0.5298611109375 0.56640625 0.590972221875 0.58515625 0.68125 0.591796875 0.6888888890625 0.62109375 0.6895833328125 0.63203125 0.684027778125 0.6421875 0.6451388890625 0.6546875 0.57430555625 0.6578125 0.5201388890625 0.65078125 0.44236111093749997 0.62890625 0.3548611109375 0.62734375 0.3326388890625 0.6296875 0.26875
1 0.51953125 0.384027778125 0.515625 0.35069444375000003 0.52265625 0.21597222187499998 0.5140625 0.17430555625 0.513671875 0.15694444375 0.508984375 0.165277778125 0.478515625 0.1666666671875 0.4796875 0.17430555625 0.471875 0.1923611109375 0.46953125 0.2173611109375 0.4765625 0.2951388890625 0.47734375 0.3770833328125 0.45546875 0.4673611109375 0.44921875 0.5395833328124999 0.4546875 0.6104166671875 0.47421875 0.703472221875 0.481640625 0.7138888890625 0.51484375 0.71319444375 0.521484375 0.709722221875 0.52578125 0.69930555625 0.53984375 0.6270833328125 0.54609375 0.57430555625 0.54609375 0.5173611109375 0.534375 0.43263888906250003 0.5296875 0.409027778125 0.51953125 0.384027778125
1 0.3859375 0.33680555624999997 0.3859375 0.2979166671875 0.39375 0.21319444375000002 0.39296875 0.18125 0.378515625 0.1513888890625 0.360546875 0.14861111093749999 0.34609375 0.16458333281249998 0.34140625 0.18819444375 0.3421875 0.22430555624999998 0.35 0.29930555625 0.3484375 0.3479166671875 0.32265625 0.46180555625 0.3203125 0.546527778125 0.328125 0.6104166671875 0.3453125 0.6854166671875 0.353515625 0.690277778125 0.37890625 0.6895833328125 0.388671875 0.6875 0.39296875 0.678472221875 0.4078125 0.6076388890625 0.415625 0.5423611109375 0.415625 0.4895833328125 0.4078125 0.43958333281249995 0.38828125 0.36319444375 0.3859375 0.33680555624999997
1 0.26875 0.278472221875 0.27578125 0.20347222187499997 0.275 0.1604166671875 0.2703125 0.14375 0.261328125 0.13055555624999998 0.244921875 0.1263888890625 0.2296875 0.14375 0.225 0.16319444375 0.225 0.20208333281250002 0.23359375 0.27430555624999997 0.2328125 0.31180555625 0.22890625 0.3423611109375 0.20390625 0.45069444374999995 0.20234375 0.5145833328125 0.2078125 0.5729166671875 0.22578125 0.65625 0.236328125 0.665277778125 0.26796875 0.6645833328124999 0.27265625 0.6604166671875 0.27734375 0.6451388890625 0.29296875 0.5673611109375 0.29765625 0.5298611109375 0.2984375 0.4770833328125 0.29296875 0.428472221875 0.26953125 0.32847222187499997 0.26875 0.278472221875
1 0.15 0.18402777812499999 0.14921875 0.1395833328125 0.139453125 0.115277778125 0.116796875 0.109722221875 0.108203125 0.115277778125 0.1 0.1395833328125 0.1 0.18125 0.10859375 0.2604166671875 0.1078125 0.30763888906250003 0.08203125 0.4173611109375 0.078125 0.4826388890625 0.08359375 0.5451388890625 0.1 0.628472221875 0.107421875 0.640277778125 0.13125 0.640972221875 0.145703125 0.6388888890625 0.15234375 0.6243055562500001 0.1703125 0.5243055562500001 0.1734375 0.46319444374999996 0.16875 0.41041666718750003 0.14453125 0.30763888906250003 0.1421875 0.271527778125 0.15 0.18402777812499999
1 0.346875 0.35069444375000003 0.345703125 0.34027777812500004 0.33359375 0.3923611109375 0.33046875 0.41180555625000004 0.33359375 0.41319444375 0.3421875 0.37986111093749997 0.346875 0.35069444375000003
1 0.345703125 0.1611111109375 0.361328125 0.14861111093749999 0.375390625 0.15 0.3875 0.16458333281249998 0.39296875 0.18819444375 0.396875 0.153472221875 0.3921875 0.12847222187500001 0.386328125 0.1166666671875 0.379296875 0.1111111109375 0.361328125 0.1111111109375 0.353125 0.11875 0.346875 0.1354166671875 0.345703125 0.1611111109375
1 0.4171875 0.5048611109375 0.41953125 0.44930555625 0.41640625 0.415972221875 0.3890625 0.3048611109375 0.388671875 0.28055555625 0.3859375 0.31597222187499996 0.3875 0.353472221875 0.409375 0.446527778125 0.4171875 0.5048611109375
1 0.515625 0.37013888906250003 0.51953125 0.3923611109375 0.53828125 0.45208333281249996 0.53046875 0.40069444374999996 0.517578125 0.3583333328125 0.515625 0.37013888906250003
1 0.495703125 0.125 0.478515625 0.13333333281249998 0.4671875 0.16319444375 0.4671875 0.19375 0.47109375 0.20347222187499997 0.47734375 0.18402777812499999 0.487890625 0.172222221875 0.505078125 0.1708333328125 0.517578125 0.1833333328125 0.51796875 0.1604166671875 0.5140625 0.1451388890625 0.507421875 0.13333333281249998 0.495703125 0.125
1 0.475390625 0.3166666671875 0.446875 0.4479166671875 0.44453125 0.51180555625 0.4484375 0.5395833328124999 0.45078125 0.5006944437499999 0.4578125 0.4604166671875 0.478125 0.37152777812500004 0.484375 0.37013888906250003 0.48046875 0.35208333281250004 0.48359375 0.33680555624999997 0.47890625 0.334027778125 0.475390625 0.3166666671875
1 0.606640625 0.1125 0.596875 0.1270833328125 0.59296875 0.15069444375000002 0.596484375 0.1541666671875 0.612109375 0.147222221875 0.622265625 0.15277777812499999 0.6296875 0.16458333281249998 0.63515625 0.18680555625 0.634375 0.24097222187499998 0.628125 0.2951388890625 0.628125 0.3423611109375 0.65078125 0.43680555625000006 0.65625 0.4770833328125 0.659375 0.5423611109375 0.6640625 0.5048611109375 0.6640625 0.43263888906250003 0.6375 0.30902777812500004 0.6359375 0.26319444375 0.64296875 0.18125 0.64296875 0.1395833328125 0.632421875 0.11388888906250001 0.606640625 0.1125
1 0.88046875 0.171527778125 0.8796875 0.134027778125 0.869921875 0.1125 0.845703125 0.1111111109375 0.837890625 0.115277778125 0.82890625 0.1395833328125 0.8296875 0.196527778125 0.83828125 0.2520833328125 0.8390625 0.28125 0.8375 0.303472221875 0.81171875 0.4048611109375 0.8078125 0.43680555625000006 0.8078125 0.4798611109375 0.81328125 0.54375 0.83125 0.6298611109375 0.837109375 0.6375 0.8625 0.63819444375 0.875390625 0.6361111109375 0.884375 0.61875 0.8984375 0.53680555625 0.903125 0.45625 0.89453125 0.384027778125 0.8734375 0.30069444375 0.87265625 0.2479166671875 0.88046875 0.171527778125