1 0.0375 0.44031601093750006 0.04186733125 0.4902348328125 0.052734789062499995 0.5432672765625 0.0731159140625 0.616062503125 0.0783241296875 0.6266542515625 0.08105295312500001 0.628125 0.10216720937499998 0.628125 0.10216720937499998 0.3227745859375 0.0933626203125 0.29581395625 0.0869746625 0.2139013453125 0.0872012375 0.13641007031250002 0.0826702703125 0.11131456875000001 0.0732781140625 0.0929406796875 0.073781675 0.085349540625 0.0431914125 0.08271914531249999 0.0388166640625 0.0758343796875 0.0378814921875 0.0758343796875 0.0389031140625 0.09154000625 0.0375 0.1032552921875 0.0375 0.1582919890625 0.052772642187499996 0.2678652265625 0.05178268125 0.3010393921875 0.043813648437500005 0.32562555625 0.041191853125 0.3490456671875 0.0375 0.421266265625 0.0375 0.44031601093750006
1 0.22887985312499998 0.5086292109375 0.22887985312499998 0.376515496875 0.203076003125 0.268956640625 0.2009478625 0.22040009375 0.20788765625 0.145127275 0.208248715625 0.10898888124999999 0.20328647656249998 0.08554146093750001 0.188647496875 0.070073953125 0.17071106875 0.07347921406249999 0.156605409375 0.1038450390625 0.1561958671875 0.135816765625 0.1649942 0.220266171875 0.1654467125 0.259155059375 0.1634100265625 0.2856257921875 0.144767640625 0.362696728125 0.1390625 0.4023628125 0.1390625 0.472659028125 0.14672314375 0.530752284375 0.1623911140625 0.6010672609375 0.16418616875 0.6046875 0.21048640624999998 0.6046875 0.22644296718749998 0.5307473140625001 0.22887985312499998 0.5086292109375
1 0.33776665 0.5769372046875 0.34926616093749996 0.5168527734375 0.34926616093749996 0.3489822453125 0.3273358046875 0.26312104999999997 0.322718365625 0.23265641406249998 0.32106429375 0.1951745984375 0.32797705312500003 0.12275235312499999 0.327071903125 0.0838634640625 0.3219318296875 0.0645281234375 0.30629337031250004 0.047521596875 0.28998409999999997 0.052070123437500004 0.2813068296875 0.06547368125 0.27700725 0.08224945 0.2772281296875 0.1253231890625 0.2860050234375 0.200159534375 0.2863875375 0.25017771875 0.2652775625 0.3507232328125 0.2640625 0.3643768890625 0.2640625 0.4597029 0.2685102375 0.48961212187500003 0.2859455359375 0.5670262234375001 0.2909886296875 0.5821948984375 0.291716875 0.5828125 0.33121755468749997 0.5828125 0.33776665 0.5769372046875
1 0.21097993437499998 0.3296875 0.2146329875 0.3296875 0.2131638265625 0.3122288859375 0.2078125 0.27762171874999997 0.2078125 0.3120262734375 0.21097993437499998 0.3296875
1 0.20457812187500002 0.07940644218750001 0.20457812187500002 0.055953379687500006 0.1971623046875 0.039394453125 0.1883803390625 0.031612378125 0.1704115890625 0.0312987328125 0.1638013140625 0.036731557812499996 0.1588365109375 0.0484348375 0.15625 0.071509875 0.15625 0.0744524984375 0.16251855937499998 0.1078125 0.162632521875 0.1078125 0.166260346875 0.08462776875 0.17726466406250002 0.0702558046875 0.19122192031250002 0.069112378125 0.20457812187500002 0.07940644218750001
1 0.16048549375 0.2007178234375 0.1602362765625 0.22501656093750003 0.13353895 0.3356503859375 0.13125 0.361638653125 0.13125 0.3823150796875 0.13314768906250002 0.421875 0.1336152125 0.421875 0.1407479671875 0.36632867343750003 0.1620815859375 0.27365494375 0.16342591875 0.23618221718750002 0.16048549375 0.2007178234375
1 0.0283983328125 0.313294815625 0.0338585109375 0.291414346875 0.0327309125 0.27943791406249996 0.0171875 0.3198665140625 0.0171875 0.3416966359375 0.0283983328125 0.313294815625
1 0.0836723390625 0.115625 0.0836723390625 0.07922690624999999 0.0718525828125 0.052735967187499996 0.058200973437500005 0.045220106249999996 0.050478800000000004 0.045220106249999996 0.0429463328125 0.050207 0.0372693875 0.0614315765625 0.0359375 0.0689126171875 0.0359375 0.08983840625 0.036871546875 0.0993184421875 0.04835118125 0.08791204999999999 0.0656520546875 0.09080465 0.077162609375 0.103532940625 0.0819031015625 0.115625 0.0836723390625 0.115625
1 0.065625 0.2900568796875 0.067862865625 0.2906398765625 0.082998178125 0.38023809375 0.0876835140625 0.42076140781250004 0.087761521875 0.459375 0.08783361875 0.459375 0.093286365625 0.432090775 0.0946637203125 0.3681200390625 0.0740491140625 0.2375 0.0733656140625 0.2375 0.0692657421875 0.2531125953125 0.065625 0.2550751953125 0.065625 0.264046303125 0.066651625 0.2711135859375 0.065625 0.274824103125 0.065625 0.2900568796875
1 0.9679711890625 0.47335069531249996 0.9650946609375 0.4289062515625 0.9528882296875001 0.37057291718749996 0.96087285 0.2640914359375 0.954056475 0.24603588125 0.9422659484375 0.2414062515625 0.9316380921875 0.2529803265625 0.9279471640625001 0.266869215625 0.9271548625000001 0.2863136578125 0.929404740625 0.3205729171875 0.9281900578125001 0.3631655109375 0.9253898812500001 0.38075810468750004 0.9171875 0.40623158281249994 0.9171875 0.5780951421875 0.9194899328125 0.5830729171875 0.9256720375 0.5859375 0.9440125671875 0.5859375 0.9490867953125001 0.5789062515625 0.9615785359375 0.5279803265624999 0.9679711890625 0.47335069531249996
1 0.8733982687499999 0.35974699062500004 0.8850165593749999 0.268019721875 0.881559253125 0.2504816703125 0.8726684265625 0.23994564375 0.8589325203125 0.24288099062500002 0.8517422578125 0.25267896875 0.84784029375 0.26382644375000003 0.8449209625 0.2906904171875 0.845979771875 0.3350863765625 0.8420949484375001 0.39064193125 0.8356592765624999 0.41569647656250003 0.834375 0.41929869999999997 0.834375 0.6390625 0.851144790625 0.6390625 0.858788290625 0.6282170234375 0.8756910890625 0.5651086125 0.8841310609375 0.5039490203125 0.88359594375 0.4669483453125 0.87119686875 0.3912284734375 0.8733982687499999 0.35974699062500004
1 0.800467734375 0.4585360109375 0.8134880953125 0.500584678125 0.8189654515625 0.5421875 0.8195073718749999 0.5421875 0.8195073718749999 0.38429802031250004 0.814403946875 0.3686866078125 0.81147621875 0.3233586828125 0.811719715625 0.28461835 0.8093357000000001 0.26330083125 0.8013266328124999 0.24590592187500002 0.790413746875 0.24188500937500002 0.7898235015624999 0.24188500937500002 0.7836183015625 0.2451843625 0.7796875 0.2579965015625 0.7796875 0.274960284375 0.789913340625 0.3556945640625 0.788257925 0.38422848906249996 0.7849475609375001 0.39977823125 0.7854798296875 0.41179404531249997 0.7961738328125 0.4509800453125 0.800467734375 0.4585360109375
1 0.7788895984375 0.706158040625 0.7921332640625 0.6352965968750001 0.794747615625 0.6092751953125 0.794747615625 0.51607535625 0.7909517875 0.488982115625 0.771318309375 0.41371095156250004 0.7708011515625001 0.36926650781250003 0.775395359375 0.3163068515625 0.775323615625 0.26536273593750004 0.7715053968750001 0.2506752375 0.7659342921875 0.2420699140625 0.7528272671875 0.235117203125 0.7450470890625001 0.23816779999999999 0.738362446875 0.2458116515625 0.73106355625 0.267834634375 0.7308982703125 0.29840837656249997 0.7375540109375001 0.377837940625 0.737485690625 0.41674501875000003 0.718250603125 0.5100469375000001 0.715625 0.5391188312499999 0.715625 0.578057165625 0.7167777187500001 0.6073601 0.7318314375 0.6920542109375 0.7385734984375001 0.7117342703125 0.7420026125 0.715625 0.7728868921875 0.715625 0.7788895984375 0.706158040625
1 0.7186136281250001 0.5825797734375 0.7176653749999999 0.5418390328125 0.720165390625 0.514914446875 0.7273130999999999 0.47186224687499995 0.7273130999999999 0.42883519999999997 0.7160634609375001 0.383457209375 0.7150253984375 0.3612471109375 0.7195297546875 0.286101640625 0.7184916921875001 0.26389154062500003 0.7121249625 0.24782724531250003 0.7015143375 0.23973636250000002 0.690163759375 0.2446326875 0.6825757453125 0.265653921875 0.688480846875 0.38502563125 0.6734951671875 0.45763577343749995 0.671875 0.480042171875 0.671875 0.517866446875 0.6745224125 0.54654890625 0.6863614578125 0.6074175671875001 0.693343896875 0.625 0.719550971875 0.625 0.7226222265625 0.620470003125 0.7186136281250001 0.5825797734375
1 0.6691580796875 0.43454793125 0.6652823156250001 0.4092078078125 0.6548081031249999 0.3685001734375 0.6553144875 0.32498165625 0.6599875359375 0.2818032578125 0.6596929593749999 0.2623162984375 0.6538811499999999 0.246549596875 0.6465990484375 0.2432438421875 0.6393176671875 0.2432438421875 0.6332489750000001 0.2499628359375 0.6335041312499999 0.317640459375 0.6328125 0.3305718609375 0.6328125 0.4816290578125 0.6501459578125 0.5609375 0.656253690625 0.5609375 0.66058429375 0.544137903125 0.6618054453125 0.4839952328125 0.669028790625 0.4456590421875 0.6691580796875 0.43454793125
1 0.6105935359375 0.43327215937499997 0.6140017999999999 0.38138997343750003 0.6182494000000001 0.3667571671875 0.6270764859375 0.312400553125 0.630584609375 0.2661042578125 0.6262991578125 0.2398143109375 0.6214969515625001 0.23069949531249997 0.6144770218750001 0.22499108437499998 0.5968508531250001 0.22499108437499998 0.5902469515625001 0.228879390625 0.5798343640625 0.24547815625 0.5755867640625001 0.26011096093749997 0.572008478125 0.3073331828125 0.5733066375 0.3799497609375 0.5681550812499999 0.4410305375 0.557916590625 0.47949473437499995 0.5546875 0.48931227968749996 0.5546875 0.79375 0.5900879031249999 0.79375 0.6096360359374999 0.7289603421875 0.62295090625 0.6637049625 0.62883378125 0.59987674375 0.6284154234375 0.55707180625 0.612304515625 0.4659222484375 0.6105935359375 0.43327215937499997
1 0.5380270875 0.468378759375 0.5383482046875 0.479480778125 0.5354039953124999 0.4886764 0.534375 0.49996464218750003 0.534375 0.5286198093750001 0.5392655453125 0.587686834375 0.5447356046875 0.6118245484375 0.5672959171875 0.6898932421875 0.57117986875 0.6953125 0.580591790625 0.6953125 0.580591790625 0.607107590625 0.5801010328125 0.591173725 0.580591790625 0.58551525625 0.580591790625 0.393101253125 0.57955896875 0.3849558875 0.577993853125 0.33684410468750003 0.579213696875 0.2980279453125 0.5766878484375 0.2646946125 0.5663751171875 0.241859421875 0.5553269890625 0.233344265625 0.5475144890625 0.233207896875 0.540643796875 0.23863617656249997 0.534375 0.2534846171875 0.534375 0.27030340937499997 0.534481421875 0.2843013234375 0.542056353125 0.3362168125 0.5474157828124999 0.35203028281250004 0.54964205625 0.402003009375 0.5477502859375 0.4250875203125 0.5380270875 0.468378759375
1 0.517664175 0.6015625 0.5186612796875 0.6003044453124999 0.5138391062500001 0.577074478125 0.51340276875 0.5020744781250001 0.518546459375 0.491054278125 0.5205166671875 0.4716461984375 0.527700596875 0.45325495625 0.5343152109375 0.42652129062500005 0.5374007984375 0.3985249078125 0.5374007984375 0.3543284703125 0.53144539375 0.2912997390625 0.5312999484375001 0.26629973906250004 0.5358581625000001 0.24415933750000002 0.5298443390625 0.23988812343750002 0.5251568390625 0.239806303125 0.5168666 0.24706825000000002 0.5114975078125 0.2641024234375 0.5122822984375001 0.309481884375 0.5172122078125 0.351230371875 0.5168799140625 0.3836286890625 0.5102706875 0.4112882796875 0.5056262828125 0.4186138671875 0.5041661328125 0.4361791859375 0.498577025 0.4601532578125 0.496875 0.4901480359375 0.496875 0.4968324 0.4984332734375 0.52495898125 0.5031477078125001 0.52967043125 0.5021491359375 0.5370596562500001 0.5059835109375 0.569530703125 0.5141944328125 0.6015625 0.517664175 0.6015625
1 0.50640809375 0.3061842875 0.5092569640625 0.265443546875 0.5134179171875 0.25090213281249996 0.5084995171875 0.2425533078125 0.4967821953125 0.2452545375 0.489724284375 0.26000829531249997 0.4865069328125 0.3584754140625 0.4796875 0.380592596875 0.4796875 0.4768137640625 0.480623521875 0.4650935953125 0.491411528125 0.41573153281249997 0.50377060625 0.38886509375 0.5078610984375 0.360343659375 0.5090912921874999 0.34275106875 0.50640809375 0.3061842875