1 0.40625 0.5890625 0.40625 0.399012834375 0.38001783125 0.319265790625 0.37514687812499997 0.281432953125 0.3745501359375 0.2123152234375 0.3819453359375 0.12144355312499999 0.37767295624999997 0.0710644296875 0.3586248140625 0.0257519921875 0.3391593171875 0.0110514390625 0.314714871875 0.010340178125 0.2916908921875 0.030871496874999998 0.2802795828125 0.077653346875 0.2811545625 0.12636315781250002 0.2957253140625 0.2115921171875 0.300638365625 0.277694515625 0.29253842343750003 0.3512705859375 0.2676217140625 0.44791428125 0.26467095937499996 0.5389152703125 0.27142078125 0.5890625 0.40625 0.5890625
1 0.5 0.5890625 0.5 0 0.45001747343750004 0 0.446976440625 0.004628946875 0.440517096875 0.0297409296875 0.440315046875 0.08946996562500001 0.45101941874999996 0.1665527765625 0.45201088125 0.2278606015625 0.44078012187500004 0.28909732187500004 0.419714165625 0.353420515625 0.41494274999999997 0.389545253125 0.437994265625 0.4902776125 0.44114831875 0.5890625 0.5 0.5890625
1 0.1416684828125 0 0.12765769531249999 0.0434171203125 0.1258002140625 0.08578575468750001 0.1331847328125 0.1540420015625 0.13345115937500002 0.21345365 0.1177338734375 0.29597241093750004 0.11694691406249999 0.29794535624999996 0.11694691406249999 0.5890625 0.20103700781249997 0.5890625 0.20787346874999998 0.4768215234375 0.228125 0.3963772625 0.228125 0.3506862234375 0.22487522968749998 0.3285176125 0.2083935609375 0.27971865625 0.198127134375 0.2210647625 0.20008292968750002 0.1614847234375 0.21180719374999998 0.0886525109375 0.2130916703125 0.022867359375 0.20643262187500003 0 0.1416684828125 0
1 0.38343085625 0.36080938906250004 0.3875 0.3690934359375 0.3875 0.29465652656249997 0.3684003921875 0.231988303125 0.3649233046875 0.2435315453125 0.3705627265625 0.3097828921875 0.38343085625 0.36080938906250004
1 0.2890625 0.24325131562500002 0.285669534375 0.233828925 0.26309723281249997 0.3102706515625 0.259375 0.359123865625 0.259375 0.3660449234375 0.26007000156250004 0.379310634375 0.26239846093749997 0.3828125 0.2652249953125 0.3828125 0.2877429296875 0.29454152499999997 0.2890625 0.2554630046875 0.2890625 0.24325131562500002
1 0.2920868984375 0 0.29127238125 0.0296875 0.2929215203125 0.0296875 0.302441971875 0.017026578125 0.318879890625 0.0091649421875 0.3422589734375 0.0107372671875 0.3609375 0.0266931578125 0.3609375 0 0.2920868984375 0
1 0.41247594843749996 0 0.42273155781250005 0.1131323859375 0.41492783125 0.1759091109375 0.39128104375 0.262076803125 0.4112425328125 0.365625 0.412210340625 0.365625 0.44239215468750004 0.262671534375 0.44885216874999995 0.2250261859375 0.447821909375 0.163718359375 0.4384099 0.0850244359375 0.4408227921875 0.0269000484375 0.4521941625 0 0.41247594843749996 0
1 0.200141203125 0 0.20986276718750002 0.0347431671875 0.20824391250000002 0.0916190375 0.1949743265625 0.16654654062500002 0.1908581296875 0.22638566875000002 0.19854084375 0.27927015 0.219643034375 0.3609375 0.2246903 0.3609375 0.230382259375 0.32462535625 0.2453125 0.2728572640625 0.2453125 0.259671059375 0.24253010625 0.23693783906250002 0.22887915468750003 0.188316840625 0.222847165625 0.1165644328125 0.2365294328125 0.036919946875 0.2389134578125 0 0.200141203125 0
1 0.028423990625 0 0.0268532984375 0.0107681203125 0.032927221875 0.05465087187499999 0.0590962078125 0.1494235703125 0.06294791093749999 0.1934487265625 0.0613816171875 0.23940222812499998 0.050354942187499994 0.3049356828125 0.0566721140625 0.3899125484375 0.07535969375 0.46302868437500005 0.10917952187499999 0.5430808125000001 0.1246287703125 0.559375 0.1375 0.559375 0.1375 0.21345312500000002 0.1318261734375 0.20168394687500002 0.1204718171875 0.1613018640625 0.1117736109375 0.10019471875 0.10989025937500001 0.0275828625 0.1027211015625 0 0.028423990625 0
1 0.717627940625 0.5890625 0.71875 0.5856876015625 0.71875 0.4732001265625 0.7016573968750001 0.44925971875000004 0.6926798875 0.362989484375 0.6848335640625 0.3523568625 0.6715523140624999 0.3519704171875 0.6637736375000001 0.3621483984375 0.6604899093750001 0.377312515625 0.6648599531249999 0.40795899843749994 0.6736345296875 0.43179742968749996 0.6769403609375 0.4554767375 0.6700443953125 0.49689335156250003 0.6706213765625 0.5302039546875 0.6815809765624999 0.5693656265625 0.6951031375 0.5890625 0.717627940625 0.5890625
1 0.7506735671875 0.3311155578125 0.75007674375 0.36443525625 0.7562200156250001 0.3922403046875 0.768686075 0.42147060156249994 0.7742303359375 0.4234375 0.78125 0.4234375 0.78125 0.3091762125 0.7736354859375 0.292372115625 0.7711412515625 0.22987666093749998 0.764590384375 0.2166481265625 0.751381925 0.2179597484375 0.7475581734375 0.22696252656250002 0.747577596875 0.24223576093750002 0.7547932765625001 0.275600909375 0.756249046875 0.3033786859375 0.7506735671875 0.3311155578125
1 0.8325712968750001 0.5640625 0.8325803531249999 0.56406160625 0.8420280765625 0.5516161484375 0.8507915125000001 0.5224994781250001 0.853125 0.48576984687499997 0.853125 0.46303590625 0.8481513312500001 0.43914796406249995 0.8404438765625001 0.42104695625 0.843256284375 0.3405050375 0.8324480703124999 0.3182191828125 0.8318769078124999 0.282103525 0.82781388125 0.2734375 0.827614065625 0.2734375 0.8254087390624999 0.3195671640625 0.816750346875 0.3306282796875 0.8135526234375 0.3431100984375 0.8186092781250001 0.41397524687500004 0.8050371359374999 0.46389797968749996 0.8040862000000001 0.4930601015625 0.8078389234374999 0.5194717140625 0.8201288359374999 0.55565555 0.8255160171875 0.5640625 0.8325712968750001 0.5640625
1 0.955694446875 0.532767759375 0.9638773640625 0.5319301249999999 0.975 0.5108731718749999 0.975 0.40018027656250005 0.9748819234375 0.3997265828125 0.975 0.39858040781250004 0.975 0.3034730625 0.9727534703125 0.29971294843749996 0.9705644875000001 0.2379142109375 0.9661801703125 0.28871093124999997 0.9528046828125 0.31256750312500003 0.9539632375 0.3792478078125 0.9431335624999999 0.4100079140625 0.935711775 0.4504356953125 0.938244175 0.48374175468749997 0.9480098890625002 0.5238695296875 0.955694446875 0.532767759375
1 0.9546946984375001 0.3125 0.9548027625 0.3125 0.955691996875 0.306742021875 0.965625 0.2986338734375 0.965625 0.267594178125 0.9651744640625001 0.2657762640625 0.9535691171875001 0.30175575 0.9546946984375001 0.3125
1 0.9786261203125001 0.3220694171875 0.971029228125 0.37022994531250003 0.971062203125 0.3703125 0.9762585218750001 0.3703125 0.9853018234375 0.35307555625 0.9890625 0.3297450546875 0.9890625 0.3207257015625 0.9841216781250001 0.2529253625 0.9890625 0.2277049984375 0.9890625 0.1896102703125 0.980608621875 0.18528889531249998 0.9754577703125001 0.1912134734375 0.9747035187499999 0.222438440625 0.9719340656250001 0.19168262656249999 0.9700556859375 0.1961091375 0.9700556859375 0.2051009203125 0.9703662421875 0.22563530625 0.97267766875 0.22856327968749998 0.9702909484374999 0.2992964828125 0.9786261203125001 0.3220694171875
1 0.870683790625 0.3984375 0.88318505 0.3984375 0.8875 0.38963388125 0.8875 0.286842615625 0.8856043031249999 0.2814344609375 0.8875 0.222275796875 0.8875 0.21722919531249998 0.8776703874999999 0.1967122390625 0.8767004875 0.16337890625 0.8737842546875001 0.15712890625 0.8738045515625 0.198101128125 0.8649145 0.2147677953125 0.8675547281250001 0.278656684375 0.859647990625 0.30226779531250003 0.8568732921875 0.341156684375 0.8635544171875 0.38282335 0.870683790625 0.3984375
1 0.9073738234375 0.29375 0.9109375 0.288675740625 0.9109375 0.124366421875 0.9061352281249999 0.11461582343750001 0.9057740859375001 0.093092590625 0.9031072296874999 0.1173572390625 0.8958282421874999 0.13254410781249998 0.8978652859375 0.1908774421875 0.8901445562500001 0.2157774453125 0.8883775859374999 0.25462997187499997 0.8909586078124999 0.28381481875 0.9023337234375 0.29375 0.9073738234375 0.29375
1 0.8125 0.225619659375 0.8084825890625 0.2008640921875 0.8125 0.170248571875 0.8125 0.13942773749999998 0.8084297015624999 0.1295205765625 0.8096273125 0.10234158125 0.7956695203124999 0.1494610875 0.7946631140625 0.196938403125 0.7944536937500001 0.1976154859375 0.7944536937500001 0.309375 0.797636446875 0.309375 0.8059315437500001 0.29297716875 0.8125 0.23441865625 0.8125 0.225619659375
1 0.8546875 0.131998059375 0.85338828125 0.1278459 0.8514962671875 0.0972402796875 0.839204621875 0.09593294999999999 0.8412528171875 0.1328136015625 0.837190034375 0.15821412031249998 0.8396896093749999 0.195764184375 0.8491393265625 0.2234375 0.8546875 0.2234375 0.8546875 0.131998059375
1 0.049069010937500004 0.5890625 0.046687867187499996 0.606550846875 0.047219301562499996 0.6578942718749999 0.05578960937500001 0.715020571875 0.0749689109375 0.7835535015625 0.0856080515625 0.80625 0.1168727140625 0.80625 0.11875 0.8020277609375001 0.11875 0.5890625 0.049069010937500004 0.5890625
1 0.42783893125 0.5890625 0.41257706406250005 0.669445084375 0.41052937656250005 0.73469104375 0.4198559171875 0.8083339734375 0.44448237187500006 0.905669825 0.4565693546875 0.9203125 0.48449971718749996 0.9203125 0.4890625 0.918184634375 0.4890625 0.5947229093749999 0.48749431093749995 0.5890625 0.42783893125 0.5890625
1 0.5 1 0.553125 1 0.553125 0.926717434375 0.5451523484375 0.8979399875 0.5432598453125 0.8618288765625 0.5456051609375 0.8072295468749999 0.544282015625 0.7720473921875 0.5393389390625 0.7572083359375 0.533978553125 0.7493091796875 0.526965090625 0.7446401578125 0.519152590625 0.74459470625 0.51220060625 0.751033765625 0.50616413125 0.7699743421875 0.5071961218750001 0.7996009421875 0.5136564484374999 0.85332585625 0.5154648484375001 0.89776726875 0.5010206890625 0.9698834390625001 0.5 0.9932651968750001 0.5 1
1 0.5971206140625 1 0.5975736078125 0.99666249375 0.6092420296875 0.9606180453125 0.6125 0.9461287734375 0.6125 0.8991983953125 0.609206015625 0.8772816796875 0.6125 0.8147857734375 0.6125 0.76813519375 0.6080645390624999 0.7601414453124999 0.6018414734374999 0.755475453125 0.5924556984375 0.757272765625 0.5869465468749999 0.76418539375 0.5837622921875 0.774352396875 0.5826075000000001 0.79379078125 0.5849746453125 0.834546671875 0.5846945265625 0.8826948203124999 0.5703088140625 0.9381685624999999 0.5653896781250001 0.9779561078124999 0.566543765625 1 0.5971206140625 1
1 0.6734375 1 0.6734375 0.9839580234374999 0.6600092453124999 0.9237045015625001 0.6586532187499999 0.895009890625 0.663906259375 0.8069105593749999 0.6629902421875 0.7754290765625 0.6542303125 0.75195888125 0.6430503375 0.7438164625 0.634717003125 0.743961921875 0.6260783703125 0.7515238796875 0.6208925078125 0.7613415609375 0.61811775 0.7734331421875 0.6189978843749999 0.8215903828125001 0.62472716875 0.8752213578125 0.6250864703125 0.923387684375 0.607542528125 1 0.6734375 1
1 0.7058487140625 1 0.706125315625 0.9966897640625 0.704745628125 0.9645586218750001 0.6951506734375 0.901735325 0.69799954375 0.860994584375 0.7067689640625 0.80967399375 0.7078125 0.794750753125 0.7078125 0.76996399375 0.707207909375 0.7663528078125 0.702875090625 0.7579314421875 0.6984265953125 0.754074578125 0.689292871875 0.754074578125 0.6820417578125 0.7595100968749999 0.6732271046875 0.778137915625 0.670761003125 0.7985872203125 0.67058961875 0.860308525 0.66715516875 0.9020146578125001 0.6615847640625 0.919540421875 0.6615847640625 1 0.7058487140625 1
1 0.8175138953125 1 0.8124805859374999 0.9728140921874999 0.8107022125000001 0.9218881671875 0.816287153125 0.8437184859375 0.8173069515625 0.7985149984375 0.8094367609375 0.7665996234375 0.802001334375 0.754574965625 0.7876801625000001 0.7462663921875 0.7737793328125 0.7499948562500001 0.767087590625 0.7592664953125 0.76138726875 0.77460671875 0.7609206390625 0.8207695078124999 0.76978620625 0.9109514640625 0.770066746875 0.9636291140625 0.7635188671875 1 0.8175138953125 1
1 0.7520055625 1 0.755336803125 0.9896371921875 0.7597404984375 0.9695338328125 0.7609375 0.9557838046875 0.7609375 0.9056898999999999 0.75811678125 0.885107690625 0.75804478125 0.8017076031249999 0.7599197312499999 0.7749558828125 0.7503758953125 0.766468046875 0.7414786328125 0.76960435 0.7342480625000001 0.7862833953124999 0.7345823109375 0.8919390796875 0.7226930109375 0.9282418359375001 0.7193903515625 0.94520504375 0.7193903515625 0.9740420359374999 0.7213641203125001 0.9976529015625001 0.7213368093750001 1 0.7520055625 1
1 0.8734375 1 0.8734375 0.990363659375 0.863644965625 0.9603226296875 0.858149215625 0.9325448515625 0.8563082375000001 0.88717448125 0.863141778125 0.8177300359374999 0.8622527015625 0.78717448125 0.8556838734374999 0.7672670734375 0.843956121875 0.7580078140625 0.8300283296875 0.76263744375 0.8227860765624999 0.7732855921875 0.82001131875 0.7853226296875 0.8194995453124999 0.821433740625 0.8251749468749999 0.8732855921875 0.8263064984374999 0.9121744812499999 0.8222027734375 0.9501374437500001 0.81509075625 0.9742115171875 0.8154140578125 0.9853226296875001 0.81842113125 1 0.8734375 1
1 0.8875 1 0.8875 0.9380202499999999 0.8816333390625001 0.9216071343750001 0.87669414375 0.884527675 0.8820781015625 0.829982890625 0.8828969171875001 0.8087047734375 0.8810469015625 0.7855445078125001 0.87403530625 0.771116896875 0.8644986359375 0.76637818125 0.8576452234375 0.7713889593750001 0.8612228999999999 0.7843882843750001 0.8630405843750001 0.8066226265625 0.8572904859375001 0.8954084890624999 0.857869009375 0.926883909375 0.87485405625 1 0.8875 1
1 0.8927278203125001 1 0.8940619421875 0.9906415187500001 0.8946518749999999 0.959915903125 0.886942784375 0.8921438390624999 0.8929145046875 0.8478694546875 0.8996734265624999 0.8185799484375 0.9 0.8148471953125 0.9 0.790011584375 0.897126684375 0.7787391703125 0.8855525578125001 0.773131690625 0.87955725625 0.7787037984375 0.8812703328125 0.7891015593749999 0.8796039499999999 0.8141440750000001 0.8744423109374999 0.8491591984374999 0.8742938859375 0.8496439625000001 0.8742938859375 1 0.8927278203125001 1