1 0.6390625 0.609375 0.6390625 0 0.5228473453125 0 0.5122455796875001 0.02948619375 0.5078125 0.0583686421875 0.5078125 0.1888851078125 0.5487415453125 0.5225110359375 0.5503373265625 0.609375 0.6390625 0.609375
1 0.2857660984375 0 0.27581983593750004 0.0756488703125 0.2995036640625 0.4758883296875 0.29484220625 0.609375 0.42736903125000003 0.609375 0.42632188437499996 0.6002899937499999 0.43250926874999995 0.3859183765625 0.45724795937499996 0.1237524703125 0.459735725 0.0153240046875 0.45797999687499996 0 0.2857660984375 0
1 0.019861621875 0 0.0250132875 0.0588838109375 0.0685165890625 0.273785928125 0.102164021875 0.524636471875 0.10691152500000001 0.609375 0.25954735 0.609375 0.25954735 0.5990584812499999 0.2546707625 0.5737390875 0.23731778750000002 0.390253828125 0.2291056421875 0.0289058234375 0.226092065625 0 0.019861621875 0
1 0.045487587499999996 0.609375 0.045487587499999996 0.28513142343750003 0.0434498375 0.2651589515625 0.0064671390625 0.0453163625 0 0.0746413375 0 0.23887477656249997 0.035811539062499995 0.49329191406249995 0.041686951562500005 0.591430071875 0.0410179453125 0.609375 0.045487587499999996 0.609375
1 0.285740134375 0.609375 0.2844336984375 0.6143146765624999 0.2876906203125 0.6814678328125 0.2971572125 0.738133540625 0.2992385078125 0.8544429140625001 0.2944573703125 0.9140259734375 0.27695614375 0.9842480078125 0.275716696875 1 0.3776498546875 1 0.3776498546875 0.9531027140624999 0.350945909375 0.8403107671875001 0.3466124609375 0.7809398562500001 0.349359571875 0.609375 0.285740134375 0.609375
1 0.059850367187499996 0.609375 0.063536371875 0.7262383156250001 0.05625 0.765841375 0.05625 1 0.117128225 1 0.1291440390625 0.9300153468750001 0.1319801109375 0.88598903125 0.1270551140625 0.8038936890624999 0.1019284296875 0.705289146875 0.1039185078125 0.609375 0.059850367187499996 0.609375
1 0.8515930875000001 0.609375 0.85 0.6437033953125 0.85 0.648134771875 0.8560319359375 0.723930953125 0.8668006140625 0.7805663515625 0.87730845625 0.815625 0.9072175484375 0.815625 0.9159551171875 0.81303675 0.9233687296875001 0.7664594 0.9233687296875001 0.609375 0.8515930875000001 0.609375
1 0.784375 0.609375 0.784375 0.779154675 0.7854063078125 0.784375 0.8094879109375 0.784375 0.8126731312500001 0.7794810390625 0.828852175 0.68805510625 0.82899384375 0.6468100999999999 0.8243163578124999 0.609375 0.784375 0.609375
1 0.9535735390625 0.609375 0.9505188765625 0.6601582765625 0.9600768515624999 0.7248259421875 0.9781880812499999 0.7859375 0.9861685671875 0.7859375 0.9861685671875 0.609375 0.9535735390625 0.609375
1 0.9272701265624999 0.609375 0.93324131875 0.6817886078125001 0.9313447640625 0.7336500703125 0.9386537421875 0.7546875 0.9412694328125 0.7546875 0.9412694328125 0.6791874546875001 0.9382614359375001 0.6583054453125 0.9399441078125002 0.609375 0.9272701265624999 0.609375
1 0.836841721875 0.609375 0.8457348515625001 0.670936325 0.8408145453125 0.753125 0.846875 0.753125 0.846875 0.609375 0.836841721875 0.609375
1 0.7622630796875 0.609375 0.75625 0.660323190625 0.75625 0.66938828125 0.7654820359375 0.7454770109375 0.773616025 0.7609375 0.7856503781249999 0.7609375 0.7856503781249999 0.609375 0.7622630796875 0.609375
1 0.7450694125 0.609375 0.7394934234375 0.6784523171875 0.7471963859375 0.72507760625 0.75701854375 0.753125 0.7571709390625 0.753125 0.7571709390625 0.609375 0.7450694125 0.609375