1 0.089934846875 0 0.09703762187500001 0.016037329687499997 0.0968022734375 0.07159288281250001 0.0831998359375 0.11325955000000001 0.094340490625 0.11875 0.10760727656249999 0.11875 0.11476213906249999 0.1160373296875 0.115625 0.1121312671875 0.115625 0 0.089934846875 0
1 0.12786667812500002 0 0.127148434375 0.0193549359375 0.1438151015625 0.1118950671875 0.154121365625 0.1140625 0.1799910421875 0.1140625 0.1921875 0.049653906250000004 0.1921875 0 0.12786667812500002 0
1 0.2122541734375 0 0.2113281265625 0.03048939375 0.231698496875 0.1236996328125 0.2384836796875 0.1265625 0.27612365 0.1265625 0.28725405312499996 0.0973538234375 0.2953125 0.021409209375 0.2953125 0 0.2122541734375 0
0 0 0 0 0.1765625 0.0036330859375000002 0.1765625 0.0354300609375 0.1586200875 0.06415788125 0.11974955625000001 0.0791908765625 0.075984471875 0.0828125 0.03503233125 0.0828125 0.030300812500000003 0.076003865625 0 0 0
1 0.540625 0.4 0.540625 0.3515204703125 0.5358071546875001 0.33765506875 0.5330487875000001 0.3266960375 0.5325048734375 0.318208384375 0.5312245828125001 0.3142720796875 0.5321450546875 0.3085828921875 0.5315741421875 0.2555574234375 0.5296605515625 0.25176509375 0.52563824375 0.249156728125 0.506084315625 0.24882680625 0.502616953125 0.250867640625 0.5013572 0.2532677203125 0.5019258375 0.2621411765625 0.5048956859375 0.280410884375 0.50610180625 0.28318978125 0.5102967921875 0.3245880671875 0.5082359999999999 0.340556928125 0.5012103640625 0.3672835203125 0.49928421875 0.381342940625 0.49786357187499997 0.3992799546875 0.4979097140625 0.4 0.540625 0.4
1 0.603125 0.4 0.603125 0.357647621875 0.5959004515624999 0.33785183281250003 0.5923350875 0.32026745624999997 0.593152321875 0.3171088 0.592531828125 0.30823534218750004 0.5932141734374999 0.303147671875 0.59223901875 0.2966251484375 0.5939892953125 0.2771183109375 0.5901735625 0.244819259375 0.585860215625 0.24066245625 0.57189710625 0.23897024375 0.5689966015625 0.23897024375 0.5653494125 0.2405459546875 0.56390000625 0.24394266406249998 0.5651024984374999 0.2574276890625 0.5641734046875 0.2664095046875 0.56571509375 0.2810338796875 0.5697430328124999 0.2978105328125 0.572649084375 0.3282347484375 0.5723983859375 0.33949525937499997 0.567930575 0.35725368125 0.5655982984375 0.37214895000000003 0.5633933437499999 0.3777307796875 0.5618358609375 0.39257186875 0.561684278125 0.4 0.603125 0.4
1 0.6484375 0.4 0.6484375 0.39200010937499996 0.6480819140625 0.3894085140625 0.6393685484375 0.354325540625 0.6392899765625 0.35045849375000004 0.637866171875 0.347703765625 0.63844575625 0.3241517765625 0.6438696312500001 0.2799017375 0.6426737906250001 0.2750296015625 0.6372738421874999 0.2715563796875 0.6400664796875 0.2699149640625 0.64134546875 0.26744783125 0.6422034078125 0.26013562343749996 0.6404011921875 0.2571744640625 0.63578836875 0.2562405203125 0.632797009375 0.2538174796875 0.6210672953125 0.25572644843750003 0.6200106328125 0.2589742046875 0.6205338609375 0.264402496875 0.6233994359375 0.2695261515625 0.6233275593750001 0.27106936406250004 0.6202407203125 0.2734733625 0.6175446250000001 0.2785960171875 0.617288484375 0.2952035609375 0.6189008015625 0.3161270828125 0.6181774671875 0.342765490625 0.6116218640625 0.3668816515625 0.6055026140625 0.38300375625 0.6055026140625 0.4 0.6484375 0.4
1 0.4819259859375 0.4 0.48199761875 0.398795884375 0.48575495 0.3792688453125 0.48953694687500005 0.364770771875 0.492665359375 0.358746815625 0.4984375 0.3409565546875 0.4984375 0.26678156875000003 0.4981311328125 0.2664080328125 0.4929119375 0.267294740625 0.4906964328125 0.27317316406250003 0.48992376562500006 0.28976267187500004 0.49132715000000005 0.320775753125 0.490134496875 0.3408239484375 0.48576409531250003 0.3568381609375 0.47636842343749997 0.38398031875 0.47636842343749997 0.4 0.4819259859375 0.4
1 0.1096983484375 0.7508755625 0.106969284375 0.8187855687500001 0.11189919374999999 0.8606705578125 0.1263333890625 0.9252144187500001 0.12755185468750002 0.9265625 0.16143905625 0.9265625 0.1630440578125 0.9255357328125001 0.17141155937500002 0.8870471046875 0.175 0.8621409390625001 0.175 0.7483512453125 0.1553396 0.675244634375 0.15434018124999999 0.637708246875 0.160242728125 0.5782771234374999 0.15927563125 0.5462962921875001 0.149392840625 0.5257025625 0.13609543125 0.5223062 0.12407089843750001 0.5363255296875 0.12103478281249999 0.551457759375 0.12799585 0.6739710796875 0.1096983484375 0.7508755625
1 0.56875 1 0.56875 0.97482345625 0.5586831890624999 0.9433469515624999 0.561371853125 0.8684925015625 0.553067725 0.8507493234375 0.5491937953125 0.8561229421875 0.5374588859375 0.8527993546874999 0.5324575234375 0.86575728125 0.5318055562499999 0.887943115625 0.5375894390625 0.9423644953124999 0.5260969390625 0.9807075734375001 0.5240279390625 1 0.56875 1
1 0.696875 1 0.696875 0.835073925 0.694827590625 0.8300161375 0.687015090625 0.8305624375 0.6834344171875 0.8261583031249999 0.6784941250000001 0.8261583031249999 0.6715336296875 0.8393212468750001 0.6747257515625 0.9186518109375001 0.6670060875 0.9317527406250001 0.6600591031249999 0.967130528125 0.6629576593750001 1 0.696875 1
1 0.7965893265625 1 0.8072322671875 0.9633114968750001 0.8049979437499999 0.8936760828124999 0.819244534375 0.8566125906250001 0.8234375 0.8313052765624999 0.8234375 0.82979219375 0.819199721875 0.8155721640625 0.811387221875 0.815299346875 0.8078044140625 0.8082184921875001 0.801489725 0.8093891265625001 0.7935179984375 0.8209355046875 0.787999521875 0.872215265625 0.783317009375 0.8887455234375 0.765746365625 0.9131726046875001 0.7609375 0.9282667984374999 0.7609375 1 0.7965893265625 1
1 0.46875 0.9063849968749998 0.4811025546875 0.9440538203125 0.485134871875 0.95 0.49640313281250004 0.95 0.5 0.9451677140625 0.5 0.8442938125000001 0.49066584999999996 0.8162760421874999 0.4896689484375 0.7551649312500001 0.48346606718749996 0.743359375 0.4710064796875 0.7447482625 0.46875 0.7501858 0.46875 0.7890771734375 0.4731416390625 0.8315538203124999 0.46875 0.8565847546875001 0.46875 0.9063849968749998
1 0.571630859375 0.88216593125 0.577099609375 0.9130080921874999 0.582432934375 0.925 0.5964599671874999 0.925 0.602880859375 0.912970340625 0.6078125 0.8913103953124999 0.6078125 0.8336932062500001 0.607568359375 0.82988266875 0.600537109375 0.80868084375 0.604443359375 0.7408300062500001 0.598583984375 0.7301062625 0.588427734375 0.7295739953125 0.583349609375 0.738335640625 0.583349609375 0.8091689734374998 0.574755859375 0.829551928125 0.570849609375 0.8557360984375 0.571630859375 0.88216593125
1 0.6972563953125 0.8488447890625 0.691360546875 0.896875 0.697078459375 0.896875 0.7050688953125 0.88138123125 0.70625 0.8739116593750001 0.70625 0.8184052062500001 0.7035063953125 0.7798739421875001 0.70625 0.7672783515624999 0.70625 0.7171200046875 0.7054595203125 0.715438609375 0.6976470203125 0.712068834375 0.6910063953125001 0.7192045281249999 0.6886626453125 0.7343047046875 0.690313665625 0.7788589125 0.679630415625 0.801801134375 0.6707276796875 0.8407127703124999 0.676959565625 0.8269339812500001 0.6894438953125 0.8260305718750001 0.6972563953125 0.8488447890625
1 0.534375 0.8178642734375 0.534375 0.7362619140625 0.5330671921875 0.728638609375 0.534375 0.7134309640625001 0.534375 0.6599267281250001 0.5343161484375 0.65978625 0.525916465625 0.655169203125 0.5184672328125 0.6721822937499999 0.5191340671875 0.7251238453125 0.5138232609375 0.744448778125 0.5138232609375 0.8260002515625 0.514282428125 0.8292905125000001 0.5160474734375 0.8328125 0.5281555234375 0.8328125 0.534375 0.8178642734375
1 0.6015625 0.7807291671875 0.60390625 0.8126736109374999 0.61796875 0.8223958328125001 0.62734375 0.80850694375 0.63515625 0.7723958328125 0.63515625 0.7473958328125001 0.62734375 0.7168402781250001 0.63125 0.6557291671875 0.624609375 0.6467013890625 0.616796875 0.6494791671875 0.61328125 0.65850694375 0.61328125 0.7168402781250001 0.6046875 0.7404513890625 0.6015625 0.7807291671875
1 0.56796875 0.7529513890625 0.5765625 0.723784721875 0.57734375 0.6890625 0.56953125 0.6557291671875 0.5703125 0.6265625 0.562890625 0.6230902781250001 0.55625 0.6265625 0.5578125 0.6515625 0.55078125 0.686284721875 0.55 0.72100694375 0.55625 0.748784721875 0.559765625 0.7536458328125001 0.56796875 0.7529513890625