1 0.04625501875 0.286963865625 0.02269765 0.3244359015625 0.0140625 0.35431531875 0.0140625 0.43125 0.0192886125 0.43125 0.0466778890625 0.38595715468749997 0.055706124999999995 0.3602300859375 0.0578125 0.315005353125 0.0578125 0.31429866875 0.04625501875 0.286963865625
1 0.15643774531250002 0.2978039734375 0.1382991828125 0.2742678765625 0.1255865703125 0.310133078125 0.12950334218749998 0.35830963437499996 0.1453728125 0.3968487515625 0.17224711875 0.4390625 0.1765625 0.4390625 0.1765625 0.34566542031249997 0.15643774531250002 0.2978039734375
1 0.1061395015625 0.202285509375 0.1314235015625 0.2109375 0.1320733734375 0.2109375 0.1354530953125 0.179441003125 0.1390625 0.1677529296875 0.1390625 0.1095373203125 0.132136759375 0.09986622187500001 0.1142573375 0.0891760609375 0.0847657546875 0.0891760609375 0.07698669375 0.09079625625 0.057427343750000005 0.10846252812499999 0.050848848437500004 0.126907146875 0.05376643125 0.15255599687500002 0.0721640125 0.1906108359375 0.074299415625 0.20507400312500002 0.1061395015625 0.202285509375
1 0.24545080625 0.2703125 0.24413903124999997 0.2703125 0.2196192484375 0.3113294765625 0.2084826765625 0.3556570984375 0.20900075937499998 0.40834704843749997 0.21617638437500003 0.43825528281250004 0.21993437500000002 0.446875 0.225134403125 0.446875 0.253333134375 0.398172203125 0.2609375 0.372150525 0.2609375 0.3044127046875 0.24545080625 0.2703125
1 0.2796875 0.0892984890625 0.2760924234375 0.0892984890625 0.2684667375 0.0909701234375 0.25169865625 0.1063674984375 0.24548860781249998 0.1192195953125 0.2430900453125 0.142983453125 0.25936340156250004 0.1843020421875 0.2630134609375 0.2187950421875 0.2656776984375 0.2203125 0.267065059375 0.2203125 0.2796875 0.21100842343749998 0.2796875 0.0892984890625
1 0.1578125 0.5 0.1578125 0.482027840625 0.15158785156250001 0.44428342968749995 0.12386596406249999 0.3924648515625 0.112296859375 0.3497900546875 0.11321195625 0.320694265625 0.1308820578125 0.2761207375 0.13307216093750002 0.2448008296875 0.1284179328125 0.23131293125000002 0.11549177031249999 0.2160495625 0.0870347421875 0.20676261093749998 0.07233691875 0.2088305421875 0.053735867187499994 0.21868940312500001 0.036797075 0.24480004375000003 0.0359601953125 0.272777265625 0.0500010921875 0.312122390625 0.0494223828125 0.3524168765625 0.03804908125 0.38698836718749996 0.007029795312500001 0.43644866406249994 0.007029795312500001 0.5 0.1578125 0.5
1 0.6484375 0.5 0.6484375 0.48016602031250005 0.64754926875 0.4576886921875 0.6300214671875001 0.3781971484375 0.64638138125 0.2486316875 0.6382573390624999 0.22634209843750003 0.6179493125000001 0.21807462812499998 0.6071386671875001 0.22260640468749998 0.5928646390625 0.24694369374999997 0.5896568828125 0.37561046875000004 0.572354440625 0.422893425 0.572354440625 0.5 0.6484375 0.5
1 0.397047959375 0.475620490625 0.43204277031250005 0.47051685781249997 0.459910709375 0.4765625 0.471875 0.4765625 0.471875 0.41374631562499997 0.45954454375000003 0.374576971875 0.460737959375 0.23209871249999997 0.4439648015625 0.2103489625 0.418560690625 0.2103489625 0.40686821718750005 0.22418656406249998 0.40360773281249995 0.23823331875 0.416495075 0.37484517031250003 0.39351023124999995 0.46970624687500007 0.397047959375 0.475620490625
1 0.95 0.5 0.95 0.42857516406249996 0.9324643890625002 0.3604817125 0.944140921875 0.2495631671875 0.9366056640625 0.22963249375 0.9212228249999999 0.2244331859375 0.9078791109375001 0.23136559375000001 0.8986487249999999 0.247830065625 0.9005580703125 0.3466168953125 0.8789313515625 0.41529540000000004 0.8789313515625 0.5 0.95 0.5
1 0.8265625 0.5 0.8265625 0.42539736093749997 0.8069653500000001 0.3712892953125 0.8091182359375001 0.2467332828125 0.7987171390625 0.2281946859375 0.777702240625 0.2222678625 0.759699590625 0.246738534375 0.770325453125 0.36481683593750003 0.75173140625 0.4282141046875 0.7477023625 0.499043946875 0.74782513125 0.5 0.8265625 0.5
1 0.740625 0.5 0.740625 0.3711132765625 0.734016528125 0.352826871875 0.7331343359375 0.24665238125000002 0.720430559375 0.2240294296875 0.711105553125 0.22223258750000002 0.7058803625000001 0.22223258750000002 0.69711425 0.2274014421875 0.6887423125 0.248014996875 0.7021605765625 0.346346571875 0.685357534375 0.42415093125 0.683875090625 0.45908612812499994 0.690392665625 0.5 0.740625 0.5
1 0.5532617375 0.5 0.554413459375 0.48352960625 0.5747648812499999 0.4163022953125 0.566681840625 0.364036471875 0.58125 0.24856167031249998 0.58125 0.24795592656249998 0.5703359062500001 0.22785156562500003 0.5536512046875 0.2239913796875 0.5344370109375 0.2469791234375 0.531525590625 0.3632182 0.514095328125 0.4080111484375 0.514095328125 0.5 0.5532617375 0.5
1 0.5275130640625 0.5 0.5270959828125 0.45588760937500006 0.528125 0.4504386421875 0.528125 0.35693231718749996 0.5269454609374999 0.35336161875 0.5280970265625 0.2507673890625 0.5184981328125 0.2295471671875 0.5025947374999999 0.225559940625 0.500861696875 0.225559940625 0.49124521093749995 0.23271329375 0.48494661875 0.24955308125000003 0.4957862890625 0.356732465625 0.4789493921875 0.4340807921875 0.493665465625 0.4906590125 0.5058714140625 0.5 0.5275130640625 0.5
1 0.314878575 0.5 0.312828065625 0.49055927343750005 0.3121528328125 0.441926121875 0.321875 0.4020408265625 0.321875 0.22780114375 0.320444896875 0.22649258125 0.303792446875 0.22649258125 0.291222725 0.24888155156249997 0.3018996359375 0.35060314375 0.281851821875 0.4357052390625 0.28831647031249996 0.5 0.314878575 0.5
1 0.32554188281249996 0.5 0.330627009375 0.45446926093749995 0.355657784375 0.38483057187499997 0.359375 0.2678802953125 0.359375 0.23813639375 0.34967896718749997 0.22719212500000002 0.3352854328125 0.22800737343750002 0.32203290781250005 0.24887845937500003 0.322580421875 0.363596975 0.3036081703125 0.41688903593750004 0.3036081703125 0.5 0.32554188281249996 0.5
1 0.36717916875 0.5 0.399362415625 0.47961613593749997 0.4 0.47654860781249997 0.4 0.23110161875 0.38689054375 0.2209762765625 0.36905535624999997 0.2250074046875 0.3607999875 0.24431227031249997 0.37429308125 0.371079059375 0.3552117265625 0.4612646546875 0.3553654203125 0.4974929171875 0.3569122234375 0.5 0.36717916875 0.5
1 0.2796875 0.5 0.2419923140625 0.5 0.2437404453125 0.5218620875 0.25559025625 0.5685929859375001 0.2597731453125 0.618511096875 0.2491511328125 0.6998445828125 0.24922883125 0.7611194687499999 0.2559544125 0.7997626921875 0.279125090625 0.8681835484375 0.2796875 0.8690712093750002 0.2796875 0.5
1 0.200123153125 0.5 0.20484322656249998 0.532129465625 0.19750016875 0.599383984375 0.20113915468750002 0.6576672546875 0.2271955140625 0.7450299828125 0.2343661546875 0.7578125 0.240625 0.7578125 0.240625 0.5529193421875 0.2286855453125 0.5184537625 0.22754895625 0.5 0.200123153125 0.5
1 0.602306 0.5 0.6017814375 0.568531446875 0.5982844984375 0.5910840859375 0.5818176515625 0.6364802046875 0.5818176515625 0.8859375 0.6226011843749999 0.8859375 0.628769825 0.8730575249999999 0.6555161921874999 0.7796451484375 0.659375 0.7379535015625001 0.659375 0.6988629937499999 0.6589288171875 0.6874170953125 0.6392097671875 0.593706696875 0.640259359375 0.5562593390625 0.6504149296875 0.5 0.602306 0.5
1 0.74426379375 0.5 0.752635559375 0.553815565625 0.7529879 0.5805236687499999 0.747671390625 0.619521834375 0.72903125625 0.6978911046875 0.7273571359375001 0.7768063984375 0.7349308515625 0.8245577718749999 0.763609778125 0.9234389593749999 0.7919110015624999 0.9265625 0.8015691703125001 0.9265625 0.8149216140625001 0.9243896359375 0.81875 0.918029934375 0.81875 0.6545844187500001 0.8035349093749999 0.612911275 0.7958167281249999 0.581201334375 0.793829496875 0.53853466875 0.7963073203125 0.5 0.74426379375 0.5
1 0.8640267609375 0.5 0.866754971875 0.5068502578125 0.8637943890625 0.589516921875 0.8394637249999999 0.662962828125 0.8394637249999999 0.8616724234375 0.843138934375 0.880183590625 0.848431178125 0.8875 0.8909887796875001 0.8875 0.8953816328125 0.885516921875 0.9121005468749999 0.8321835906249999 0.9242468609374999 0.781516921875 0.928125 0.7302100234375001 0.928125 0.7106701078125 0.924952846875 0.6708502578125 0.904719653125 0.589516921875 0.9043686187500001 0.5588502562500001 0.9122765109375 0.5 0.8640267609375 0.5