1 0.0424735796875 0 0.043048121875 0.010962929687500001 0.05787735625 0.0548980390625 0.07092736093749999 0.11467999843750001 0.07818672343750001 0.16356307187500002 0.07793769218749999 0.2285264421875 0.0725029515625 0.2742151484375 0.0716812859375 0.2983741125 0.0757955328125 0.3015625 0.0930174015625 0.3015625 0.0984375 0.3001697890625 0.0984375 0.021604 0.09213908125 0.0015394015625 0.0914823890625 0 0.0424735796875 0
1 0 0 0 0.0548564375 0.007233031249999999 0.0769615328125 0.0198792453125 0.1248757375 0.028574509375 0.1762022859375 0.032116810937500004 0.25483315 0.0252963765625 0.333661534375 0.0315307125 0.3421875 0.05625 0.3421875 0.05625 0.05763136875 0.046130859375 0.0234300875 0.037239778125 0.004365265625 0.0364658828125 0 0 0
1 0.6349486015625001 0 0.624536284375 0.052050207812500006 0.62031319375 0.09538687031250001 0.6215184984375 0.1 0.6875 0.1 0.6875 0.029461303124999998 0.6794371124999999 0 0.6349486015625001 0
1 0.5086609734375 0 0.5086609734375 0.1015625 0.566328603125 0.1015625 0.5676536796875 0.047187246875 0.5606088921875 0 0.5086609734375 0
2 1 0.1294718953125 0.9146207624999999 0.1278158234375 0.8796441203124999 0.12278014374999999 0.8484264453125 0.1242683671875 0.8412155875 0.12881315 0.8188359140625 0.129478478125 0.8100463968749999 0.1330791546875 0.80529425 0.1293209078125 0.7366088968750001 0.13222463281250002 0.7276900828125 0.1284179015625 0.7162640734375 0.1301364234375 0.7109749296875 0.1254461875 0.659949428125 0.1257781921875 0.6365927375 0.1301351 0.63341925 0.1273209609375 0.60529425 0.1269936953125 0.5989796015625 0.12321726875000001 0.5943405875 0.1259405015625 0.5329145765625001 0.12707721875 0.48651192656250003 0.1237600640625 0.464180740625 0.12720316874999998 0.4427780875 0.1241769125 0.3897662234375 0.130040228125 0.3537963984375 0.1277702046875 0.3506229125 0.12495606562499999 0.3392453890625 0.129452365625 0.3390625 0.129250934375 0.3390625 0.2921875 0.348853671875 0.2921875 0.3493654234375 0.2915742484375 0.349803734375 0.2921875 0.3666408375 0.2921875 0.3709396 0.28951094374999997 0.3724311953125 0.27055067187500004 0.3766463484375 0.27337693125 0.3796582140625 0.266931815625 0.3879268984375 0.2633250796875 0.3994498796875 0.26716211093750003 0.40356805937499995 0.2644328171875 0.4155795515625 0.26642406093750004 0.42017007812500007 0.26092304843749997 0.4468133890625 0.26586176093749997 0.46655656875 0.2633142796875 0.4952670515625 0.2673513078125 0.502021721875 0.266504165625 0.50817475 0.2610213375 0.5217164171875 0.26117890625 0.5572138921875001 0.2662206484375 0.5920127546874999 0.26107114375 0.611820584375 0.262227365625 0.620642425 0.2604785390625 0.6257537843750001 0.254983590625 0.6387584562499999 0.254209175 0.67469595625 0.254627346875 0.682100759375 0.2611936734375 0.685161109375 0.25752633125 0.7372444421875001 0.258132378125 0.747725759375 0.26195728906250004 0.7987674250000001 0.26255121406250004 0.8035034124999999 0.26538353593749997 0.8112512640624999 0.26177073906250004 0.8487512640624999 0.26220709062499997 0.8701700765624999 0.26615927031250003 0.8763715906249999 0.2634542203125 0.8920774015624999 0.2682656625 0.9264039171875 0.265887871875 1 0.26845573125 1 0.1294718953125
1 0.11422679531249999 0.8642273234375001 0.1313080953125 0.9294513156249999 0.13623647187500001 0.9328125 0.1588696359375 0.9328125 0.159375 0.9325603093750001 0.159375 0.7442217906249999 0.1471754234375 0.7005945765625 0.1459314265625 0.6515508125 0.140905571875 0.6218151000000001 0.13680525625 0.617534771875 0.128428796875 0.6163663703125 0.11911682500000001 0.6230304531249999 0.12169771562500001 0.7007779218750001 0.1085673546875 0.7762188984374999 0.1082919765625 0.8261431250000001 0.11422679531249999 0.8642273234375001
1 0.20963710937500002 0.9390625 0.2135583 0.9307456875 0.23015625312500002 0.8682496171875 0.23652306250000002 0.8350648390625001 0.2390625 0.8083547375 0.2390625 0.7894870671875001 0.2384456109375 0.785905875 0.2390625 0.7595253062499999 0.2390625 0.7589089828125 0.22542203125000002 0.6701785015625 0.23138481406250003 0.6035330562500001 0.22886035312500003 0.5992496671875001 0.204977603125 0.5973475140625 0.1991687296875 0.6012913453125 0.19739735 0.6485984578125 0.1940882015625 0.6763337890625 0.18029942968749998 0.7200012046875 0.18029942968749998 0.9390625 0.20963710937500002 0.9390625
1 0.3390625 0.529838109375 0.335349875 0.529838109375 0.3253428109375 0.5306259453125 0.32023800625 0.5377932234375 0.3260319203125 0.5885918171875 0.32816705156250003 0.6293325578125 0.32512942499999997 0.6610050390625 0.3125874453125 0.740387859375 0.31139052500000003 0.767345821875 0.3139623859375 0.8164198953125 0.3252687390625 0.8827682265625001 0.3390625 0.9318049281250002 0.3390625 0.529838109375
1 0.29079733281250003 0.915760484375 0.29342013125 0.9203125 0.309375 0.9203125 0.309375 0.8753251015625001 0.30709591718749996 0.865034553125 0.301454853125 0.810350378125 0.30195065625 0.74925745 0.309375 0.703677475 0.309375 0.6159249734375 0.30925064999999996 0.615573271875 0.306093325 0.6136850578124999 0.290468325 0.6135032421875 0.2871879625 0.61948236875 0.288520546875 0.63616115625 0.285997190625 0.6407604843750001 0.2889694390625 0.69171065 0.27271569375000004 0.77483793125 0.2737015828125 0.8313194124999999 0.29079733281250003 0.915760484375
1 0.655570325 0.61758038125 0.6556150625 0.6855450109375 0.6612032156250001 0.7217697796875 0.6771366953125 0.7791006703125 0.6829061640624999 0.784375 0.7075529859375 0.784375 0.709375 0.782740790625 0.709375 0.5852545671875 0.701161528125 0.55787865625 0.6980564796875 0.491211990625 0.6997036171875 0.42607060625 0.6894578156250001 0.3987258546875 0.6795951578125 0.3963583671875 0.668722346875 0.39742900937500003 0.6604470515624999 0.42076733437499997 0.6684286796875 0.50838099375 0.668742146875 0.5486133093750001 0.655570325 0.61758038125
1 0.8074160562500001 0.3890625 0.7975404609375001 0.47075719375 0.7851463609375 0.5005159703125 0.7851463609375 0.6546875 0.790579028125 0.6546875 0.8000017078125001 0.642259028125 0.814227053125 0.60242691875 0.8206275312500001 0.5720305296875 0.8205368312499999 0.4675136953125 0.8350245390625 0.3890625 0.8074160562500001 0.3890625
2 0.3390625 1 0.7194075718749999 1 0.3390625 0.825187134375 0.3390625 1