1 0.30625 0 0.30625 0.3809916515625 0.312500340625 0.374780575 0.3411217078125 0.27309462500000004 0.34900698750000003 0.22423891562499998 0.3512926515625 0.187174584375 0.35041285312500003 0.1573811796875 0.342713596875 0.100271896875 0.3329202359375 0.0569969109375 0.332550496875 0.041174282812500004 0.3370681203125 0 0.30625 0
1 0.1352513796875 0 0.1369379671875 0.051542743749999995 0.1358445015625 0.09231985937500001 0.1310211015625 0.12461813906250001 0.115625 0.16461387031250002 0.115625 0.508647484375 0.1227225484375 0.5125 0.1402085703125 0.5125 0.1443553625 0.512365334375 0.1529798515625 0.5071007843750001 0.1573470953125 0.49844089687500004 0.185226334375 0.3945933453125 0.1934562125 0.32716444375 0.19584692343750001 0.271590703125 0.194760003125 0.2325926875 0.1911530171875 0.20185525 0.1768900109375 0.1354961203125 0.1727751421875 0.094537125 0.175418159375 0.064017946875 0.1859411046875 0 0.1352513796875 0
1 0.259375 0 0.259375 0.20672583125 0.26317985 0.251556821875 0.25938399843750004 0.319210084375 0.259375 0.31926083906249997 0.259375 0.421875 0.27501698281250003 0.421875 0.2793053734375 0.41688874687500005 0.2828076578125 0.40744747812500004 0.302047234375 0.3305811625 0.311843725 0.2431801046875 0.3131338625 0.19876599687500002 0.30892120625 0.14913001718750002 0.2960430265625 0.0953801046875 0.28996603906249996 0.0532425375 0.297791234375 0 0.259375 0
1 0.2084624265625 0 0.21146967343749998 0.0234633359375 0.213287121875 0.06791384218749999 0.20975077656250002 0.10400071250000001 0.2015625 0.1366502765625 0.2015625 0.1486713140625 0.2167369421875 0.20588286562500002 0.22473973906250003 0.246666028125 0.2256213625 0.3568451546875 0.223142846875 0.3938640078125 0.21706698281249998 0.43363943125000004 0.2168532296875 0.45122899531250005 0.22329401249999997 0.459375 0.25676043125 0.459375 0.25683435781249997 0.45933116875 0.262654240625 0.44964379374999996 0.27730463437499997 0.3682148390625 0.27730463437499997 0.205173003125 0.27591799687499996 0.1951171875 0.267394365625 0.15433099687500001 0.25294761875 0.1024003609375 0.2481667921875 0.067190934375 0.249506671875 0.0246104625 0.2520883625 0 0.2084624265625 0
1 0.046649115625 0 0.050714709375 0.044531775 0.049099721875 0.0704213390625 0.042365803125000004 0.08884894843749999 0.0336578515625 0.13593784375 0.03125 0.157684259375 0.03125 0.2793300328125 0.0330378140625 0.295081953125 0.05006785312499999 0.37300518125000004 0.060396560937499996 0.40736140625 0.0701185984375 0.4125 0.0828446046875 0.4125 0.0828446046875 0.31249218437500004 0.077934453125 0.24378766093749998 0.0806975234375 0.1929284015625 0.0828446046875 0.17877356093750002 0.0828446046875 0 0.046649115625 0
1 0.0828560609375 0 0.0846472765625 0.038991621875 0.083709590625 0.0658434734375 0.0809795765625 0.0841797265625 0.068260215625 0.11928836093749999 0.05625 0.16515805625 0.05625 0.43404738906249996 0.0566488015625 0.43683538750000006 0.060704045312499996 0.4478708546875 0.072042509375 0.4546875 0.09575984062500001 0.4546875 0.0959913765625 0.4546731171875 0.10136138125000001 0.4504991578125 0.10339446875 0.44464012343750003 0.095467521875 0.3724324859375 0.09863625937500001 0.281691746875 0.104548965625 0.23205628125 0.11680867187499999 0.1801898421875 0.1285186984375 0.144064146875 0.1166190921875 0.06593641875 0.12015745625 0.0244520203125 0.1246105515625 0 0.0828560609375 0
1 0.8672899624999999 0 0.865625 0.0261812921875 0.865625 0.259375 0.8787428484375 0.259375 0.8845481546875 0.25499423593750004 0.8964490031250001 0.22215222343750002 0.9094629890625001 0.164269271875 0.9129521875 0.097520715625 0.90086314375 0.022310306250000002 0.9021531328125001 0 0.8672899624999999 0
1 0.7334196593750001 0 0.73125 0.009939031249999999 0.73125 0.18842934375 0.73131908125 0.1887853 0.7358512906250001 0.1993792984375 0.74536215625 0.20458143281250002 0.758289175 0.2043371375 0.769818696875 0.1859554421875 0.7803971625 0.133450484375 0.782381878125 0.080645425 0.7815472640625 0.066701971875 0.7640004078125 0 0.7334196593750001 0
1 0.7571640859375 0 0.7716908171875 0.071875 0.7735743484375 0.071875 0.7774769375 0.0613433390625 0.7807055859375 0.015496367187499999 0.778582996875 0 0.7571640859375 0
1 0.45391883125000004 0 0.45361265156249997 0.01320168125 0.45 0.037276614062500005 0.45 0.1296875 0.45045613125 0.1296875 0.4671749671875 0.08326246875 0.49291367499999994 0.046240378124999995 0.4825189015625 0.0115180828125 0.4819486109375 0 0.45391883125000004 0
0 0.7045680796875 0.145894559375 0.708567340625 0.09311678281249999 0.703640965625 0.0649705109375 0.6890015859374999 0.035618003125 0.6712675984375001 0.0218494203125 0.6447426843749999 0.0218494203125 0.6304078359374999 0.032547234375 0.6135421843750001 0.0532766109375 0.60625 0.06681891250000001 0.60625 0.19643499375 0.6108971296875 0.2072196859375 0.6214875890625 0.2171875 0.6596665203125001 0.2171875 0.6798130703125 0.19828177656249998 0.6871377796875 0.18960201875 0.7045680796875 0.145894559375
1 0.11458419687500002 0.55 0.11056749375 0.5821313203125 0.1026929875 0.617043546875 0.0890625 0.6657330453125 0.0890625 1 0.235423925 1 0.243990534375 0.9674721390624998 0.248418925 0.9435345421875001 0.2535704828125 0.8824507265625 0.25405346406249996 0.8415735078125 0.24544471093750003 0.748162046875 0.2214942234375 0.6018887875 0.2220258265625 0.5879726015625 0.22690896718750003 0.582186096875 0.23109048125 0.585658853125 0.23221308125 0.5708440375 0.22970238906249998 0.55 0.11458419687500002 0.55
1 0.3453125 0.55 0.3453125 0.709375 0.3585427484375 0.709375 0.366737475 0.7001091203125 0.39078645624999997 0.6295221515625 0.400504409375 0.5834804874999999 0.40154760312500004 0.55 0.3453125 0.55
1 0.8054781734375001 1 0.8143890687500001 0.919503465625 0.8099504843750001 0.9004463875 0.799515596875 0.890625 0.7980590718749999 0.890625 0.789953715625 0.8952151875000001 0.7795485484375 0.9134943375000001 0.7776331531249999 1 0.8054781734375001 1