1 0.283723421875 0.3296875 0.285293121875 0.311683003125 0.3033758875 0.24139267343749998 0.3078125 0.1923429390625 0.3078125 0.187380646875 0.30079538437500003 0.1614494015625 0.2854264015625 0.15402712031250002 0.252069665625 0.158232778125 0.2413805296875 0.17063646562499998 0.234855509375 0.1896639609375 0.23028731093750002 0.23656773593749997 0.22989799375 0.3296875 0.283723421875 0.3296875
1 0.3913706 0 0.3906465515625 0.016469825 0.3806662375 0.0537880015625 0.35515076093750003 0.11645480625 0.3443007515625 0.1506334375 0.3355777078125 0.18859843437499998 0.3310867859375 0.2322611578125 0.33045495156250004 0.2853643375 0.3329019125 0.316650703125 0.3349796140625 0.3296875 0.4243102109375 0.3296875 0.4242828171875 0.32949347812499996 0.4208570734375 0.2856925671875 0.4197349703125 0.22506029375 0.42176225624999997 0.1844789328125 0.4268443859375 0.15582347968750002 0.43634258125000003 0.11287303125 0.43961046093749995 0.1073062140625 0.4431131953125 0.0861216703125 0.4475874421875 0.076826675 0.4531953265625 0.0575534953125 0.4490744265625001 0.0256130375 0.449652396875 0 0.3913706 0
1 0.6793789718750001 0 0.673993996875 0.033188262499999996 0.6488093484374999 0.1188458796875 0.6414854890624999 0.153285153125 0.6365159031250001 0.2047062328125 0.6364444421875 0.253947725 0.6417040546875 0.311634634375 0.6448949859375 0.3296875 0.778125 0.3296875 0.778125 0.11956019843750001 0.7756726796875 0.1113914484375 0.764237340625 0.08572391875 0.76395720625 0.0788489203125 0.7506606625 0.0381012859375 0.7464614578125001 0.016637674999999998 0.7438086562499999 0.0127274671875 0.742906125 0 0.6793789718750001 0
1 0.8214942828125 0 0.8207132937499999 0.0122687234375 0.81047103125 0.0571973109375 0.7993482203125 0.08724244375 0.7882095671875 0.12244600312500001 0.7882095671875 0.3296875 0.9146156874999999 0.3296875 0.92135751875 0.2860730046875 0.921875 0.27733945625 0.921875 0.1795868546875 0.9187182140625 0.15424313437499998 0.9130669499999999 0.135334315625 0.910969153125 0.11991326718749999 0.9061420734375 0.10904203750000001 0.9028925453125 0.0918333984375 0.88903365 0.047344709375 0.8832605093750001 0.022840025 0.881326490625 0.0042939796874999995 0.8814608500000001 0 0.8214942828125 0
1 0.8135953828125 0 0.8139531546875001 0.0059347828125 0.8161039468750001 0.0159493296875 0.81680060625 0.0546875 0.8176193125000001 0.0546875 0.820671403125 0.052233265625000004 0.824967040625 0.0366300828125 0.8265625 0.028185640625 0.8265625 0 0.8135953828125 0
1 0.5490696609375 0 0.5490696609375 0.0353993109375 0.564973096875 0.122967553125 0.569469209375 0.1698861875 0.56963005625 0.1998983078125 0.563774096875 0.2717660359375 0.5565473421875 0.312989371875 0.5518262625 0.3296875 0.5868372781250001 0.3296875 0.5857618171875 0.299404209375 0.586722421875 0.251892090625 0.5931636484375 0.1969090578125 0.60176055625 0.15381799375 0.5848678140625 0.06618709218749999 0.5830325453125 0.049295125 0.5837373296875 0.031792703125 0.5859963796875001 0.003045125 0.58686934375 0 0.5490696609375 0
1 0.4624563828125 0 0.462196065625 0.000906425 0.43354526406250005 0.070267403125 0.4168647 0.11874153125 0.41464948125 0.1281533 0.41464948125 0.3296875 0.5608264625 0.3296875 0.5615491968749999 0.3270767515625 0.571146425 0.2787674890625 0.5744519828125 0.24371899843749997 0.575 0.2240823453125 0.575 0.1709878765625 0.5725928734375 0.1419700734375 0.5639877203125 0.090337525 0.545882571875 0.0126974265625 0.54387153125 0 0.4624563828125 0
1 0.0023421906249999997 1 0.011751932812500001 0.9835770125 0.0243322203125 0.903322121875 0.017577059375000002 0.8209378453125 0.025 0.752336275 0.025 0.7372409203125 0.0206652328125 0.725 0.009640959374999999 0.725 0.0015115109375 0.7413496953125 0.00066234375 0.7684401750000001 0.00066234375 1 0.0023421906249999997 1
1 0.0497395828125 0.7826308140625 0.0451822921875 0.7658349484375 0.0360677078125 0.76325096875 0.02890625 0.7748788765625 0.03671875 0.898909884375 0.0302083328125 0.9893491609375001 0.0458333328125 0.9945171187499999 0.054947917187499994 0.9609253875 0.058854167187499994 0.9144137593749999 0.0471354171875 0.8420623390624999 0.0497395828125 0.7826308140625
1 0.4211098625 0.3296875 0.42241737500000004 0.358477878125 0.42178280625 0.39438765 0.400084390625 0.564632921875 0.39799280625 0.6109941734375 0.398706996875 0.6723714218750001 0.4048759546875 0.7503076 0.4215500703125 0.8718315046875 0.42985602968750003 0.8846984499999999 0.4390914890625 0.8859375 0.4509730203125 0.8859375 0.4624005109375 0.8777830078125 0.4700619578125 0.8352607328125 0.475 0.7816759984375 0.475 0.5217905187499999 0.45492328437499996 0.3934694140625 0.4537350359375 0.336574003125 0.45385127187499996 0.3296875 0.4211098625 0.3296875
1 0.512982490625 0.3296875 0.5175535859375 0.3740180171875 0.5224491125 0.46839685 0.505940034375 0.6300864781250001 0.50386445 0.6822118640625 0.50644905 0.7585254406249999 0.5135264953125 0.829154546875 0.5371550734375 0.9710198562500001 0.5451008046875 0.990625 0.571875 0.990625 0.571875 0.54129736875 0.55805559375 0.4661993265625 0.5556313203125001 0.380937440625 0.5560217843749999 0.3296875 0.512982490625 0.3296875
1 0.599605259375 0.3296875 0.59898503125 0.3398981671875 0.599505021875 0.4800646765625 0.5950559656250001 0.5549517796875 0.582302959375 0.6202849546875 0.582302959375 1 0.6269979625 1 0.6363707187500001 0.94731554375 0.6475507046875 0.8540595281249999 0.65 0.800427184375 0.65 0.7504243734375 0.647099315625 0.6825663046875 0.6334214328125001 0.5433198859375 0.6369518984375 0.47595461562499997 0.648625478125 0.36327432656249997 0.65 0.337046878125 0.65 0.3296875 0.599605259375 0.3296875
1 0.7327316953125 0.3296875 0.72713861875 0.3550875546875 0.7242075796874999 0.42394676875000004 0.7270314875 0.5692022796874999 0.723682234375 0.650037540625 0.7148536171875 0.7068839609374999 0.702602175 0.7562239203125001 0.7011086046875 0.765364665625 0.7011086046875 1 0.7818211359375 1 0.7828125 0.9850737734375 0.7828125 0.8082438109375001 0.7692732515625 0.701211325 0.7641004484375 0.63829420625 0.7701787312499999 0.5245339984374999 0.7804188171875001 0.42726841562499995 0.7827712640625 0.3599031453125 0.779449440625 0.3344295484375 0.77805805625 0.3296875 0.7327316953125 0.3296875
1 0.8487048906249999 0.3296875 0.8479672796875001 0.34119776874999996 0.84742258125 0.45650703593749997 0.8420970156250001 0.547827465625 0.8320457171874999 0.594588984375 0.8320457171874999 1 0.8685682828125 1 0.873799553125 0.9733201093750001 0.884720103125 0.9015005671874998 0.893683228125 0.80271348125 0.893172665625 0.7038712828125 0.8853869921874999 0.619962396875 0.8814668890625 0.5989736921875 0.87893911875 0.54804180625 0.8812907796874999 0.5031285640625 0.8901086906250001 0.41482358281250004 0.9009825875 0.3355159484375 0.901356090625 0.3296875 0.8487048906249999 0.3296875
1 1 0.3296875 0.9700484703125 0.3296875 0.973828125 0.40358135156249997 0.9727754921875 0.46191555781249993 0.948564965625 0.6269556 0.9448807578124999 0.6731911890625 0.9443544421875 0.75250799375 0.94909128125 0.827578915625 0.9664597031250001 0.9721004390625 0.9750297328125 0.984375 1 0.984375 1 0.3296875
1 0.8353598515625 0.3296875 0.8343243921875001 0.3467994359375 0.8249366609375001 0.40828693281249995 0.8226277812500001 0.41816704531250004 0.8226277812500001 0.5609375 0.8233983625000001 0.5609375 0.82649234375 0.5472267359374999 0.8332985234375 0.45740637812500007 0.8348507078124999 0.346787184375 0.83614644375 0.3296875 0.8353598515625 0.3296875
1 0.7248190796875 0.582849925 0.7163980265625 0.65620321875 0.7142927625 0.7550056140625 0.7169243421875 0.7699756734375 0.7290296046875 0.7026104046875 0.7353453953125 0.6487181890625 0.7363980265625 0.5933289671875001 0.7353453953125 0.5484187875 0.7329769734375 0.5401852546875 0.7248190796875 0.582849925
1 0.7779769734374999 0.5409337578125 0.7774506578125 0.6487181890625 0.7990296046875 0.7954247750000001 0.8032401312499999 0.8074008234375001 0.8069243421875001 0.746023578125 0.8058717109375 0.6711732781249999 0.7995559203125 0.602311003125 0.7835032890625 0.495275075 0.7795559203125 0.5035086078125 0.7779769734374999 0.5409337578125
1 0.6583372359374999 0.3296875 0.6574506578125 0.3927301640625 0.6542927625 0.4151852546875 0.65113486875 0.5379397453125 0.6769243421875 0.7145864515625 0.6821875000000001 0.778957709375 0.6858717109375 0.7699756734375 0.6911348687500001 0.7175804640625 0.6942927624999999 0.6172810625 0.6900822375000001 0.5454247750000001 0.6685032890625 0.3927301640625 0.6685032890625 0.3296875 0.6583372359374999 0.3296875