1 0.49434284531249995 0 0.5006391609375 0.0627485375 0.4875 0.1478030796875 0.4875 0.2465369328125 0.4945485890625 0.3017524015625 0.5150932171875 0.378152228125 0.5220333734375 0.3890625 0.5390625 0.3890625 0.5390625 0.047449084375 0.5370389140625 0.039784140625 0.5365311421875 0 0.49434284531249995 0
1 0.38906001562500003 0 0.3932614546875 0.035587209375 0.3794224125 0.13568522031250002 0.378284428125 0.18719212031250002 0.386860525 0.2504763609375 0.40963084843750003 0.33476813125 0.41612589062499994 0.346875 0.4432766640625 0.346875 0.4432766640625 0.0968264375 0.42829199375 0.0488390671875 0.4253509828125 0 0.38906001562500003 0
1 0.2821695109375 0 0.28223975625 0.013080578125 0.2671875 0.0747895359375 0.2671875 0.312324846875 0.26956608437499996 0.3140625 0.27661460625 0.3140625 0.3017642 0.3094075265625 0.32731047968750004 0.1974579671875 0.327841909375 0.1230010296875 0.3121800015625 0.043464946875 0.31148485937500003 0.011845007812499999 0.3128431375 0 0.2821695109375 0
1 0.20450421093750001 0 0.20466500625 0.020955451562499998 0.1921875 0.0659340953125 0.1921875 0.270701371875 0.19302892031250002 0.2753566265625 0.1950304546875 0.2765625 0.2269340734375 0.2765625 0.229829553125 0.2761008921875 0.25032322812499996 0.1783450609375 0.2506365234375 0.108318584375 0.23476943593750002 0.030192084375 0.2365587125 0 0.20450421093750001 0
1 0.415625 0 0.415625 0.06246305 0.434937909375 0.1544168546875 0.43761076250000003 0.221875 0.4394940796875 0.221875 0.4458323734375 0.19627969375 0.44901920312500004 0.13976672968749998 0.427649590625 0.020005015625 0.4287271921875 0 0.415625 0
1 0.5578125 0.10268765312499999 0.5578125 0.10489530625000001 0.5656316718750001 0.134375 0.5749124250000001 0.134375 0.5749124250000001 0.0891645484375 0.566697159375 0.060380746875 0.5618618359374999 0.063912059375 0.5578125 0.10268765312499999
1 0.5534573484374999 0.0983271359375 0.5452816265625 0.059375 0.54504629375 0.059375 0.540625 0.0621510875 0.540625 0.1346879609375 0.5467248734375 0.146875 0.5477365890625 0.146875 0.5534573484374999 0.14512705625 0.5534573484374999 0.0983271359375
1 0.8024846578125 0.136899003125 0.8012670312499999 0.11191264062499999 0.79548311875 0.0939525421875 0.7972935203125 0.0633560765625 0.79447429375 0.05854269375 0.7840122703125 0.06358790156250001 0.7876463765625 0.09270002187500001 0.78125 0.11322573437500001 0.78125 0.13777060000000002 0.781487878125 0.1428227515625 0.7856850453125 0.1594212359375 0.78745200625 0.1609375 0.7972886171875 0.1609375 0.798209290625 0.160591934375 0.8024846578125 0.136899003125
1 0.821434478125 0.1546875 0.823774028125 0.1528518421875 0.823774028125 0.1022259875 0.8175251093749999 0.080598265625 0.818305278125 0.0602885 0.809375 0.063008725 0.809375 0.0711827171875 0.810898328125 0.08815786406250001 0.809375 0.0951568109375 0.809375 0.14509724375 0.8096083578125001 0.146901303125 0.8124967109375 0.1546875 0.821434478125 0.1546875
1 0.83828125 0.078125 0.8390625 0.0614583328125 0.834765625 0.0579861109375 0.8296875 0.0614583328125 0.83125 0.07534722187500001 0.8234375 0.105902778125 0.825 0.13368055625 0.83203125 0.14895833281249998 0.8390625 0.14618055624999998 0.84453125 0.11701388906250001 0.84296875 0.093402778125 0.83828125 0.078125
1 0.858984375 0.1385416671875 0.8640625 0.11701388906250001 0.8640625 0.090625 0.857421875 0.059375 0.85234375 0.0614583328125 0.84453125 0.100347221875 0.8453125 0.1197916671875 0.85078125 0.1392361109375 0.858984375 0.1385416671875
1 0.7171875 0.1142361109375 0.7171875 0.09756944375 0.71015625 0.07118055625 0.71171875 0.06423611093750001 0.708203125 0.059375 0.70390625 0.062847221875 0.69765625 0.105902778125 0.703125 0.140625 0.7125 0.1392361109375 0.7171875 0.1142361109375
1 0.74140625 0.1447916671875 0.74609375 0.12118055624999999 0.739453125 0.059375 0.73125 0.06006944374999999 0.73125 0.0795138890625 0.725 0.10729166718750001 0.72578125 0.128125 0.73125 0.14895833281249998 0.74140625 0.1447916671875
1 0.7734375 0.105902778125 0.76796875 0.08645833281250001 0.767578125 0.059375 0.75625 0.06423611093750001 0.759375 0.0795138890625 0.75546875 0.093402778125 0.75234375 0.1364583328125 0.75859375 0.15451388906250002 0.768359375 0.15381944375 0.77421875 0.128125 0.7734375 0.105902778125
1 0.75625 0.1142361109375 0.76015625 0.09201388906249999 0.76796875 0.087847221875 0.767578125 0.059375 0.7546875 0.0614583328125 0.746875 0.09756944375 0.75078125 0.140625 0.75859375 0.1517361109375 0.7609375 0.14756944375 0.75625 0.13229166718750002 0.75625 0.1142361109375
1 0.16278564375 0.3890625 0.166301503125 0.42420857500000003 0.18110485625 0.4671875 0.20466603437500003 0.4671875 0.20466603437500003 0.3890625 0.16278564375 0.3890625
1 0.08125 0.3890625 0.08125 0.412655871875 0.0901678625 0.45978134531250003 0.09679777187500001 0.4703125 0.1175244859375 0.4703125 0.1175244859375 0.3890625 0.08125 0.3890625
1 0.0109375 0.3890625 0.0109375 0.392854475 0.0131505125 0.42205930468749997 0.0270137015625 0.4640625 0.0495983984375 0.4640625 0.0495983984375 0.3890625 0.0109375 0.3890625
1 0.0578125 0.3890625 0.0578125 0.4640625 0.0679484640625 0.4640625 0.061972698437499994 0.3890625 0.0578125 0.3890625
1 0.125 0.3890625 0.125 0.445254909375 0.1317398109375 0.46875 0.1503832296875 0.46875 0.153667515625 0.46175581250000003 0.14964526875 0.3890625 0.125 0.3890625
1 0.2078125 0.3890625 0.2078125 0.4640625 0.22924088281250002 0.4640625 0.23995864375 0.4119887015625 0.2390061609375 0.3890625 0.2078125 0.3890625
1 0.24084981249999998 0.3890625 0.2418239234375 0.412165053125 0.240625 0.42415587656250003 0.240625 0.46030971093749995 0.2416446046875 0.4625 0.26296315312499996 0.4625 0.2689131734375 0.4297913828125 0.2689131734375 0.40277715625 0.2665159015625 0.3890625 0.24084981249999998 0.3890625
1 0.27311806875 0.3890625 0.27756565312500003 0.407037084375 0.27497975 0.4609375 0.28765224218749996 0.4609375 0.28759138125 0.43818505312500006 0.29203323281250004 0.443955115625 0.293841825 0.43271127187499997 0.2932708109375 0.42290735 0.2848153703125 0.41872016875 0.287655084375 0.4110813125 0.2828958765625 0.41396116093749996 0.2839513828125 0.3890625 0.27311806875 0.3890625
0 0.5390625 0.3890625 0.32175326875 0.3890625 0.33562091562499996 0.4468443625 0.42385620937499996 0.493412990625 0.45571895468749996 0.4921875 0.496568628125 0.4701286765625 0.5178104578125 0.4505208328125 0.5390625 0.409848821875 0.5390625 0.3890625
1 0.5788836015625 0.8984375 0.5788836015625 0.8351063843750002 0.5733699234375 0.8146035703125001 0.5723364109375 0.780435315625 0.5625255874999999 0.7775593031250001 0.5625 0.7775686 0.5625 0.8056346375000001 0.5634039265624999 0.813101278125 0.5625 0.8193877125 0.5625 0.875938640625 0.5682963734375 0.898195459375 0.5687584203125 0.8984375 0.5788836015625 0.8984375
1 0.546875 0.8625 0.5469414718750001 0.8625 0.55898150625 0.8081253343749999 0.5600785453125 0.7803293671875 0.5583365234375 0.7788768218750001 0.5532537859375 0.78101885 0.546875 0.8083340765625 0.546875 0.8625
1 0.5919808015625 0.7816011515625 0.5897313734375 0.7790950171875 0.586251634375 0.781133484375 0.5853461484375 0.80335570625 0.5796875 0.8254516890625 0.5796875 0.8828012671875001 0.5806397390625 0.8875 0.5817414453125 0.8875 0.5841093671875 0.8850072484375 0.5852412250000001 0.8572294703125 0.5932571015625 0.8272266140625 0.5919808015625 0.7816011515625
1 0.5934037203125 0.7802373453125 0.592466246875 0.7937270453124999 0.595268021875 0.8212497296875 0.5921875 0.8369559296875 0.5921875 0.9078125 0.60524815625 0.9078125 0.6067983515625001 0.9035626984375 0.6106704421875 0.8838206468750001 0.6115144984375 0.856000353125 0.6035905828125 0.8214954140625 0.6061479765625 0.7805846109375001 0.5934037203125 0.7802373453125
1 0.6137044265625 0.779928484375 0.60625 0.81370733125 0.60625 0.8272577468750001 0.6115768984375001 0.8546875 0.6128352031250001 0.8546875 0.62255859375 0.8138809609375001 0.6220377609375001 0.7990297281250001 0.6176106765625 0.778812746875 0.6137044265625 0.779928484375
1 0.635227459375 0.896875 0.63638379375 0.8846849359375 0.6404373265625 0.8781307250000001 0.6412929546875 0.872458696875 0.6412929546875 0.8543264796875001 0.64086483125 0.84292735625 0.6325674671875 0.8152859484375 0.6341821015625 0.78839773125 0.632710315625 0.7786982359375 0.6203125 0.7811715109375 0.6203125 0.784753703125 0.62320863125 0.8163755140625 0.6203125 0.8287695359375 0.6203125 0.8908774625 0.6209204125000001 0.8942169296875001 0.6228595640625001 0.896875 0.635227459375 0.896875
1 0.6598091046875 0.8031576796875001 0.6595564703125 0.780844321875 0.65655706875 0.7787801265625001 0.6486189703124999 0.78180123125 0.65106279375 0.805784171875 0.6453125 0.8421255234375 0.6453125 0.8474794093749999 0.647905209375 0.868413578125 0.653521990625 0.8875 0.6668211171875 0.8875 0.6669905843749999 0.8872751671875001 0.6669905843749999 0.82624675625 0.6598091046875 0.8031576796875001
1 0.684375 0.7801504625 0.68046875 0.776909721875 0.6744791671875 0.7801504625 0.6744791671875 0.7940393515624999 0.6671875 0.8245949078125001 0.6682291671875 0.8570023140625 0.671875 0.87366898125 0.6755208328125 0.8782986109375 0.6825520828125 0.8787615734374998 0.6864583328125 0.8745949078125002 0.6916666671875 0.8384837968750001 0.6901041671875 0.8153356484375 0.684375 0.7949652781250001 0.684375 0.7801504625