1 0.180316146875 0 0.18455020625000002 0.14551516250000002 0.138732903125 0.2936395953125 0.13507435625 0.3832488984375 0.1592058421875 0.5127217859375001 0.1804791140625 0.5234375 0.24117722968750002 0.5234375 0.24697862656249997 0.514441528125 0.2625 0.42203259062500004 0.2625 0.252200846875 0.2434083796875 0.176394725 0.23910131406250001 0.136043125 0.25324271875000004 0.029851914062500002 0.25398422656249997 0 0.180316146875 0
1 0.325879015625 0 0.31849810624999997 0.15847106875 0.2580123328125 0.30124235312500003 0.2580123328125 0.5296875 0.3714339140625 0.5296875 0.3786863203125 0.5091426828125 0.40024029531250005 0.4151926875 0.4046795484375 0.3198801875 0.3826676140625 0.1889574515625 0.3872866484375 0.1233142703125 0.413966921875 0 0.325879015625 0
1 0.033825159375000004 0 0.029209425 0.0288155203125 0.033934598437500005 0.0973835078125 0.026268875000000004 0.171367040625 0.05130785624999999 0.3060304671875 0.0500025421875 0.4516159828125 0.0553176921875 0.459375 0.05912496874999999 0.459375 0.06424687968750001 0.45860943593750003 0.077945703125 0.44216538749999995 0.09375 0.37240427343750004 0.09375 0.2138367265625 0.0790302 0.1526478625 0.0928355140625 0.006334303125 0.0901642359375 0 0.033825159375000004 0
1 0.5649326828125 0 0.5765197328125 0.1563849109375 0.5305140328125 0.24431771093750002 0.5305140328125 0.3944803609375 0.5323817015625 0.401248178125 0.5881771703124999 0.3980536296875 0.600961303125 0.404692365625 0.6167437796875 0.4172352609375 0.6144505765625 0.4664712546875 0.6244508375 0.4703125 0.6294386734375 0.4703125 0.65414726875 0.4575249828125 0.6897450921875 0.3960233453125 0.7095055453125 0.3465841015625 0.7125 0.313088596875 0.7125 0.28777750156250004 0.7069882015625 0.260072884375 0.6575429875000001 0.1503515046875 0.6793941046875001 0 0.5649326828125 0
1 0.7797669 0 0.7767595890625 0.039982090625 0.79374264375 0.11209700156249999 0.792626184375 0.1580645765625 0.75284068125 0.233485878125 0.7386633015624999 0.2819142640625 0.7423878546875 0.3480010171875 0.7814815875 0.4307287875 0.8000233218750001 0.4421875 0.8384770093749999 0.4421875 0.8549220656250001 0.439202075 0.8731846437499999 0.42538769531250004 0.9078125 0.3527695234375 0.9078125 0.2379146390625 0.8645995531249999 0.15047241718749998 0.8808913 0.0050155046875 0.8776512765625 0 0.7797669 0
1 1 0 0.94736524375 0 0.9389376015625001 0.01798859375 0.9478098124999998 0.13430905937499998 0.9429688374999999 0.1618046421875 0.9065686984374999 0.2255390859375 0.9065686984374999 0.2663002734375 0.908202559375 0.2797362859375 0.9065686984374999 0.30209965781250003 0.9065686984374999 0.36591071875000003 0.93286129375 0.415625 0.989470446875 0.415625 1 0.409759584375 1 0
1 0.8835865375 0.5296875 0.8877115171875 0.47900838281249997 0.8167508187500001 0.495137415625 0.8320346609375001 0.529093271875 0.8319890375 0.5296875 0.8835865375 0.5296875
1 0.5 0 0.5 0.0241142578125 0.515440775 0.13350753437500001 0.5 0.1681147328125 0.5 0.3784209765625 0.5132573687499999 0.4034566 0.5285412125 0.41024777187500006 0.5481918671875 0.40175880781249995 0.5285412125 0.3406382640625 0.5350914296875 0.2557486203125 0.574392740625 0.18274352656249998 0.5831263640625 0.143694290625 0.563475709375 0.023150996875 0.563475709375 0 0.5 0
1 0.68002633125 0 0.6879298578124999 0.1352053265625 0.674829421875 0.1742545625 0.7294145750000001 0.2744243421875 0.773082696875 0.18274352656249998 0.7512486359375 0.1233207765625 0.759982259375 0.011266446874999999 0.7512888921875 0 0.68002633125 0
1 0.8724376421875 0 0.8822530015625001 0.029942168749999998 0.862602346875 0.1589744265625 0.9019036578125 0.23537510625000002 0.9302879359375 0.18274352656249998 0.908453875 0.12501857031250002 0.91937090625 0.0163598265625 0.9070376031249999 0 0.8724376421875 0
0 0.0278404171875 0.653933 0.01346458125 0.68728535 0.007331359375000001 0.710633565625 0.002958234375 0.752427546875 0.00027300937499999997 0.75512685625 0.00027300937499999997 0.7580806125 0.0023242640625000003 0.7589272171875 0.002392559375 0.78483495625 0.006446090625 0.791170934375 0.006203659375 0.8050598234375 0.003991028125 0.8125399812499999 0.0135375546875 0.817296096875 0.029053067187499997 0.852843384375 0.044875659375 0.8707980765624999 0.0541121875 0.8734375 0.0665478046875 0.8734375 0.0675076640625 0.87139579375 0.06888873437500001 0.8519149703125001 0.0749510484375 0.8475391421874999 0.081796434375 0.85794175625 0.083996603125 0.8734375 0.09754151562499999 0.8734375 0.10458380468749999 0.8645488968749999 0.1090413875 0.8477367250000001 0.11810566250000001 0.8353904953125 0.1200237296875 0.8149655609374999 0.1265323234375 0.799932490625 0.1300775375 0.7757492906250001 0.14610658906250001 0.7520555046874999 0.1484375 0.74060824375 0.1484375 0.7217107640625 0.14828325 0.7168157546875 0.136219625 0.6922522640625 0.1359897078125 0.6756037875 0.1320816375 0.660934475 0.10638563125 0.6271307421875 0.098728234375 0.6226143875 0.0664069171875 0.6226143875 0.059607603125 0.623212096875 0.0432516640625 0.635812959375 0.0278404171875 0.653933
1 0.921875 1 0.921875 0.9011491015624999 0.9188113109374999 0.8801874968749999 0.9080622875 0.8337854796874999 0.904581928125 0.830307540625 0.8785226749999999 0.830307540625 0.875195903125 0.8348043531249999 0.8604420968750001 0.9020032359375 0.8570567406249999 0.9292196234375 0.85425515625 0.9944445406250001 0.8550496125 1 0.921875 1
1 0.7987475671875 1 0.810326171875 0.9567503687500001 0.8153520265624999 0.927078315625 0.815625 0.9212174640624999 0.815625 0.8671809171875001 0.81489749375 0.8586022218749999 0.809095328125 0.8322951468750001 0.8000222062500001 0.825922753125 0.7828778328125 0.8251968234374999 0.7680357453125 0.8309220703125 0.7624193796875 0.845331496875 0.7539850593749999 0.8754340046875001 0.7539850593749999 0.9868258828125 0.75572760625 1 0.7987475671875 1
1 0.7263645921874999 0.9681351421875 0.73236855625 0.94599669375 0.7359375 0.9222662140625 0.7359375 0.8303389624999999 0.7350679812500001 0.82669669375 0.7226760890625 0.8234375 0.7045121125 0.8234375 0.6943352265625 0.8244332015625 0.68642394375 0.831847840625 0.6837515171875 0.8514742953125 0.6835934484375 0.8894979265625 0.6861293578125001 0.9088210328125002 0.6989669640625 0.9674129203125 0.7066295828125 0.9734375 0.7113206562500001 0.9734375 0.716305321875 0.97289334375 0.7263645921874999 0.9681351421875
1 0.9624311406250001 1 0.971875 0.9601176796875001 0.971875 0.8569168578124999 0.968193015625 0.8373912890625 0.9654410171875 0.8325573765625001 0.9322851765625 0.8325573765625001 0.9276326640625001 0.836765959375 0.9182289859375 0.868918371875 0.925059246875 0.9543980203124999 0.9247659765625 1 0.9624311406250001 1
2 1 0.5296875 0.5 0.5296875 0.5 0.814178240625 0.55078125 0.814178240625 0.6591145828125 0.8234375 0.68515625 0.8234375 0.71015625 0.81788194375 0.7596354171874999 0.8252893515625 0.78671875 0.8188078703125001 0.8018229171875 0.820659721875 0.8138020828125001 0.827141203125 0.8684895828125001 0.8225115734375 0.92109375 0.8280671296875 1 0.8285270578125001 1 0.5296875