1 0.198513378125 0 0.225369025 0.098355378125 0.23203813593749997 0.1779974125 0.1753642390625 0.3440148703125 0.171875 0.3968013078125 0.171875 0.42957503125 0.1801284890625 0.516071728125 0.20642405468749997 0.5890625 0.40244745625 0.5890625 0.40244745625 0.29887232343750003 0.3367256359375 0.1749513203125 0.3330814 0.0936558546875 0.340428525 0 0.198513378125 0
1 1 0.245254628125 0.9916666671875 0.211921296875 0.9869791671874999 0.1776620375 0.9916666671875 0.1137731484375 0.9911458328125 0.09710648125 0.9856770828125001 0.081828703125 0.9783854171874999 0.07627314843750001 0.9674479171874999 0.081828703125 0.9619791671875 0.09710648125 0.9614583328125 0.11655092656249999 0.9661458328125001 0.1767361109375 0.9635416671874999 0.2017361109375 0.9526041671875 0.24710648124999998 0.9489583328125001 0.27395833281250004 0.9510416671874999 0.32303240781250003 0.9619791671875 0.37858796250000004 0.9666666671874999 0.3887731484375 0.9846354171874999 0.387384259375 0.9927083328125 0.381365740625 1 0.345888159375 1 0.245254628125
1 0.9052083328125 0.1045138890625 0.9088541671874999 0.19710648125000002 0.896875 0.24618055625 0.8921875 0.28414351875 0.8927083328125001 0.3174768515625 0.9020833328125001 0.3795138890625 0.90703125 0.3920138890625 0.9166666671874999 0.3952546296875 0.9315104171874999 0.3947916671875 0.9348958328125001 0.3887731484375 0.94375 0.34618055625 0.9479166671874999 0.30914351875 0.946875 0.2674768515625 0.9307291671875 0.1980324078125 0.934375 0.09988425937499999 0.92890625 0.08460648125 0.9205729171874999 0.0790509265625 0.91171875 0.08368055625000001 0.9052083328125 0.1045138890625
1 0.8971354171874999 0.381828703125 0.9005208328125001 0.3776620375 0.8927083328125001 0.32303240781250003 0.8919270828125001 0.3049768515625 0.8885416671874999 0.3072916671875 0.8828125 0.3637731484375 0.8833333328125 0.3730324078125 0.8875 0.38229166718749996 0.8971354171874999 0.381828703125
1 0.8848958328125001 0.0859953703125 0.8833333328125 0.09895833281250001 0.8880208328125001 0.16932870312499998 0.8864583328125001 0.190625 0.8796875 0.2165509265625 0.8791666671874999 0.2258101859375 0.8875 0.2646990734375 0.8885416671874999 0.28506944375 0.8921875 0.2832175921875 0.8958333328125001 0.2508101859375 0.9072916671875 0.2045138890625 0.9088541671874999 0.1832175921875 0.9052083328125 0.1026620375 0.909375 0.0832175921875 0.9080729171874999 0.078125 0.9013020828125 0.07164351875 0.8955729171875 0.07164351875 0.88828125 0.078125 0.8848958328125001 0.0859953703125
1 0.8604166671875 0.2517361109375 0.8697916671874999 0.274884259375 0.8729166671874999 0.2924768515625 0.8739583328125 0.3258101859375 0.86875 0.3572916671875 0.8614583328125001 0.3767361109375 0.8515625 0.3924768515625 0.8520833328125 0.39895833281250004 0.8705729171875 0.399421296875 0.8760416671875 0.394328703125 0.8817708328125 0.37118055625 0.8885416671874999 0.311921296875 0.8875 0.265625 0.8734375 0.2008101859375 0.8734375 0.1637731484375 0.8770833328125001 0.124884259375 0.8770833328125001 0.09988425937499999 0.8716145828125 0.0855324078125 0.8643229171875 0.07997685156249999 0.8549479171875 0.0827546296875 0.85 0.0896990734375 0.8479166671874999 0.09895833281250001 0.8473958328125001 0.12395833281249999 0.8510416671875 0.18414351874999998 0.8494791671874999 0.20358796250000002 0.8442708328125 0.2258101859375 0.8466145828125 0.2327546296875 0.8604166671875 0.2517361109375
1 0.8283854171874999 0.07997685156249999 0.8229166671874999 0.093402778125 0.8223958328125001 0.11932870312499999 0.825 0.14155092656249998 0.8255208328125001 0.17951388906250001 0.825 0.1915509265625 0.8192708328125 0.21932870312500002 0.8411458328125001 0.22673611093749999 0.8453125 0.22210648125 0.8489583328125001 0.2045138890625 0.8473958328125001 0.10081018593749999 0.8489583328125001 0.0859953703125 0.8455729171874999 0.07997685156249999 0.83671875 0.074421296875 0.8283854171874999 0.07997685156249999
1 0.7671875 0.16655092656249998 0.7666666671875 0.1980324078125 0.7536458328125 0.24895833281250002 0.7510416671875 0.3082175921875 0.7567708328125 0.36006944375 0.7630208328125 0.387847221875 0.76640625 0.3920138890625 0.784375 0.394328703125 0.7885416671875 0.393402778125 0.7885416671875 0.3859953703125 0.7744791671875 0.3508101859375 0.7708333328125 0.324884259375 0.7708333328125 0.3054398140625 0.7744791671875 0.2785879625 0.7791666671875 0.262847221875 0.7877604171874999 0.24479166718749998 0.796875 0.2322916671875 0.7885416671875 0.1859953703125 0.7932291671874999 0.09988425937499999 0.7861979171875 0.081828703125 0.7747395828125 0.078125 0.7677083328125 0.086921296875 0.7640625 0.1026620375 0.7671875 0.16655092656249998
1 0.7453125 0.087847221875 0.746875 0.186921296875 0.7369791671875 0.2258101859375 0.7296875 0.2702546296875 0.7307291671875 0.3008101859375 0.7390625 0.356365740625 0.7432291671875 0.3730324078125 0.7494791671875001 0.3795138890625 0.75703125 0.378125 0.7583333328124999 0.37488425937500003 0.7515625 0.3258101859375 0.7505208328124999 0.2822916671875 0.753125 0.24895833281250002 0.7635416671875 0.21099537031249999 0.7671875 0.181365740625 0.7635416671875 0.10358796249999999 0.7697916671875 0.0785879625 0.7596354171875 0.06979166718749999 0.7497395828125 0.07534722187500001 0.7453125 0.087847221875
1 0.6908854171875001 0.078125 0.6848958328125 0.093402778125 0.6880208328124999 0.190625 0.6723958328124999 0.24895833281250002 0.6682291671875 0.2804398140625 0.6713541671875001 0.331365740625 0.6802083328124999 0.3739583328125 0.6875 0.38506944375 0.70859375 0.38460648124999997 0.7119791671875 0.37858796250000004 0.7197916671875 0.3480324078125 0.7270833328124999 0.3026620375 0.7265625 0.262847221875 0.7109375 0.18877314843749998 0.7151041671875 0.094328703125 0.7096354171875 0.07997685156249999 0.70078125 0.0734953703125 0.6908854171875001 0.078125
1 0.6052083328125 0.08506944375 0.6078125 0.1832175921875 0.5958333328125 0.2295138890625 0.5921875 0.269328703125 0.5927083328125 0.30358796250000003 0.6005208328125 0.36284722187499996 0.6059895828124999 0.374421296875 0.6177083328124999 0.3767361109375 0.62890625 0.37534722187499997 0.634375 0.36284722187499996 0.6421875 0.32118055624999997 0.646875 0.268402778125 0.64375 0.2322916671875 0.6322916671875001 0.1832175921875 0.6369791671875 0.090625 0.63203125 0.07534722187500001 0.62265625 0.0679398140625 0.6111979171875 0.0707175921875 0.6052083328125 0.08506944375
0 0.7786458328125 0.2646990734375 0.7739583328124999 0.28136574062499997 0.7708333328125 0.3082175921875 0.7744791671875 0.35266203749999997 0.7822916671875 0.37488425937500003 0.7908854171874999 0.3892361109375 0.8002604171875 0.39756944375000003 0.81875 0.40636574062499997 0.8330729171875 0.40497685156249996 0.8565104171875 0.38460648124999997 0.8677083328125 0.3609953703125 0.8739583328125 0.3276620375 0.8729166671874999 0.290625 0.865625 0.262847221875 0.84921875 0.23460648125 0.8315104171875 0.2234953703125 0.8080729171875 0.22442129687499998 0.7908854171874999 0.24016203749999998 0.7786458328125 0.2646990734375
1 0.3125 1 0.3125 0.9859375 0.31796875 0.9526041671875 0.3171875 0.9373263890625001 0.312890625 0.9282986109374999 0.299609375 0.926909721875 0.29375 0.9401041671874999 0.2944986984375 1 0.3125 1
1 0.10818285624999999 1 0.099609375 0.9755208328125 0.09765625 0.9845486109374999 0.099190028125 1 0.10818285624999999 1
1 0.09194623125 1 0.090625 0.9401041671874999 0.09296875 0.9373263890625001 0.09375 0.9081597218749999 0.091796875 0.9032986109374999 0.088671875 0.9338541671874999 0.08828125 0.9026041671874999 0.083203125 0.8963541671874999 0.073828125 0.9005208328125001 0.0703125 0.91649305625 0.07890625 0.963715278125 0.075825471875 1 0.09194623125 1
1 0.20360179218750002 1 0.2 0.9901041671874999 0.20078125 0.926215278125 0.19140625 0.9095486109375 0.190234375 0.8685763890625001 0.1875 0.8748263890625001 0.1875 0.9081597218749999 0.178125 0.9289930562500001 0.18203125 0.9928819437499999 0.179743303125 1 0.20360179218750002 1
1 0.1732421875 1 0.1796875 0.9942708328125001 0.18125 0.9651041671874999 0.178125 0.926215278125 0.16953125 0.901215278125 0.16953125 0.8428819437499999 0.16171875 0.8276041671875 0.158203125 0.8032986109374999 0.15859375 0.8248263890625 0.1515625 0.8401041671874999 0.1546875 0.9053819437499999 0.14765625 0.9303819437499999 0.14765625 0.9567708328125001 0.15546875 0.9928819437499999 0.160673828125 1 0.1732421875 1
1 0.262893775 1 0.26875 0.9706597218749999 0.26796875 0.94288194375 0.26015625 0.9067708328125 0.26328125 0.8595486109374999 0.253515625 0.8116319437499999 0.25234375 0.838715278125 0.24375 0.85538194375 0.24609375 0.9095486109375 0.2390625 0.9373263890625001 0.24059527812499998 1 0.262893775 1
1 0.23203125 0.8692708328125001 0.22578125 0.8442708328125 0.224609375 0.807465278125 0.2125 0.8095486109374999 0.21328125 0.8401041671874999 0.2046875 0.87899305625 0.20625 0.9095486109375 0.2140625 0.9373263890625001 0.225390625 0.9366319437499999 0.2328125 0.9067708328125 0.23203125 0.8692708328125001
1 0.863097775 1 0.8619791671874999 0.9951388890625001 0.8645833328125001 0.9145833328125 0.8606770828125001 0.9057870375 0.8450520828125001 0.9039351859375 0.8411458328125001 0.909027778125 0.8401041671874999 0.9173611109375 0.8442708328125 0.98773148125 0.8414425375000001 1 0.863097775 1
1 0.7480729171875 1 0.7421875 0.9738425921874999 0.7380208328125 0.9664351859375 0.7432291671875 0.91180555625 0.73984375 0.9039351859375 0.7236979171875 0.903009259375 0.7208333328125 0.90625 0.7234375 0.959953703125 0.7260416671875001 0.9664351859375 0.7229166671875 0.9701388890625001 0.7182291671875001 0.98680555625 0.7159201390625001 1 0.7480729171875 1