1 0.6524313921875 0 0.6420200703125 0.033615796875 0.640625 0.0445517859375 0.640625 0.10207854999999999 0.6426409921875 0.1199312140625 0.6491929296875 0.1390625 0.6524089859375 0.1390625 0.6781947828125 0.07227975625000001 0.679227125 0.054744303125000005 0.6723731046875 0 0.6524313921875 0
1 0.47766573437500004 0 0.4734375 0.0486308578125 0.4734375 0.0635884984375 0.4804705796875 0.0915064921875 0.50082314375 0.1296875 0.50508405 0.1296875 0.5089697703125 0.120603728125 0.508646084375 0.0649668328125 0.49865899062499996 0.027468265625 0.4832904734375 0 0.47766573437500004 0
1 0.361427709375 0 0.3619768203125 0.035376335937499996 0.36876903437499997 0.0760590390625 0.3952288828125 0.11841837968749999 0.4047171734375 0.140625 0.405524084375 0.140625 0.405524084375 0.033641846875 0.40147033906249996 0.021097484375 0.38872303750000003 0 0.361427709375 0
1 0.765927984375 0 0.7568248296875 0.0173158359375 0.753125 0.0322450265625 0.753125 0.1213776140625 0.7535379046874999 0.1279070875 0.764005315625 0.1625 0.7666050921875 0.1625 0.7811925468750001 0.120771784375 0.806295453125 0.07996151875 0.81093443125 0.06419737187499999 0.8102301593749999 0 0.765927984375 0
1 0.2890625 0.45 0.3776577671875 0.45 0.3776577671875 0.4110362125 0.3728674015625 0.391307453125 0.3678244328125 0.3988902515625 0.36366072968749996 0.38028960624999997 0.33777401875 0.3539528109375 0.32866784375 0.33346084375 0.3252076421875 0.24854137031249998 0.31779714062500003 0.2099613921875 0.302771934375 0.18749267187500002 0.29638885937500004 0.1848883890625 0.2890625 0.1848883890625 0.2890625 0.45
1 0.49780078593749993 0.45 0.49780078593749993 0.39906734374999997 0.4972839734375 0.397661396875 0.49415612656249996 0.37128435 0.48310493125000004 0.37321915 0.46511871875 0.3618404125 0.46039629531250004 0.33981029375 0.46033808593750003 0.30327525781250003 0.45276771875 0.23441574531249998 0.44309250625 0.2173850625 0.42736842812500003 0.2038669546875 0.42145063125000004 0.20328913437499999 0.4056659296875 0.20328913437499999 0.3947628828125 0.2104147859375 0.384375 0.23833181093750003 0.384375 0.251875159375 0.386419678125 0.2694051515625 0.4164101109375 0.3621680546875 0.40140002343750003 0.4290406578125 0.4027336484375 0.45 0.49780078593749993 0.45
1 0.6290698375 0.45 0.6290698375 0.3974612203125 0.6230313390625 0.38393189687499996 0.6099812484375 0.36636235156249997 0.6059872265624999 0.31365371406250003 0.6111029015625 0.32317055156249996 0.6115808265625 0.28437113593749996 0.6156870234375 0.274122234375 0.611604 0.2331266265625 0.5931054 0.20164785625 0.5807209796875 0.1928630828125 0.5576163140625 0.1972554703125 0.5475507687500001 0.212628825 0.5421571171874999 0.23166249843750003 0.54604019375 0.2829070078125 0.5508559468750001 0.3077971984375 0.5561825390624999 0.31365371406250003 0.560487453125 0.357577578125 0.545993846875 0.385396028125 0.538336178125 0.413214475 0.5344320765624999 0.45 0.6290698375 0.45
1 0.7585431546875 0.45 0.7585431546875 0.39018825156250003 0.7472192671875 0.362554615625 0.7490058296875 0.3140962890625 0.7585431546875 0.2738551953125 0.7585431546875 0.22560282968749998 0.7518283578125 0.2054666046875 0.739612721875 0.1904200234375 0.7284952296875 0.184876075 0.7062219437499999 0.1884578796875 0.6897974859375 0.21460581250000002 0.6887443140625 0.2439736359375 0.6984122328125 0.31850213125 0.695781234375 0.3537832984375 0.66683856875 0.40596550468750003 0.6625 0.4335591609375 0.6625 0.45 0.7585431546875 0.45
1 0.92451171875 0.218422859375 0.93330078125 0.21256634375 0.9513671875 0.18987234687500001 0.95234375 0.178159315625 0.93818359375 0.1730348640625 0.91865234375 0.1774272515625 0.903515625 0.197192990625 0.899609375 0.21769079374999997 0.92451171875 0.218422859375
1 0.9144713875000001 0.45 0.9171875 0.406563415625 0.9142578125 0.36263955000000003 0.923046875 0.33628523125 0.95234375 0.2894331078125 0.95087890625 0.2799162703125 0.94013671875 0.27259562656249997 0.88837890625 0.2682032390625 0.86689453125 0.32237600624999996 0.83271484375 0.34580206874999997 0.8029296875 0.3846014828125 0.7912109375 0.41534818749999997 0.7853515625 0.44463076562500004 0.785254771875 0.45 0.9144713875000001 0.45
1 0.8048828125 0.1254506765625 0.798046875 0.1884082171875 0.7677734375 0.23379621093749997 0.755078125 0.267471175 0.7501953125 0.29821788125 0.7521484375 0.3582471625 0.76484375 0.4124199296875 0.78046875 0.432917734375 0.7873046875 0.4299894765625 0.79609375 0.3977786421875 0.81708984375 0.36044335625 0.85859375 0.32164394218750003 0.8595703125 0.2703994328125 0.844921875 0.2074418921875 0.844921875 0.191336475 0.8478515625 0.1679104140625 0.8693359375 0.09909635781250001 0.872265625 0.06542139531249999 0.868359375 0.0478518484375 0.85810546875 0.035406753125 0.8478515625 0.046387720312500005 0.829296875 0.1049528734375 0.82197265625 0.11593383906250002 0.8048828125 0.1254506765625
1 0.796873540625 0 0.7931640625 0.06395726562500001 0.786328125 0.0844550703125 0.762890625 0.11813003281250001 0.7453125 0.16058976875 0.74140625 0.18987234687500001 0.7541015625 0.2118342796875 0.7580078125 0.249901628125 0.8 0.178159315625 0.8029296875 0.0742061671875 0.8107421875 0.043459462500000004 0.825390625 0.014176884375 0.8280172562499999 0 0.796873540625 0
1 0.6369140625 0.2572222734375 0.641796875 0.2572222734375 0.6701171875 0.191336475 0.66279296875 0.085187134375 0.6427734375 0.12398654843750001 0.630078125 0.170838671875 0.628125 0.2074418921875 0.6369140625 0.2572222734375
1 0.6622800625 0 0.6681640625 0.06395726562500001 0.68232421875 0.0441915265625 0.7130859375 0.0405312046875 0.7180922328125 0 0.6622800625 0
1 0.6681640625 0.06688552343750001 0.665234375 0.11813003281250001 0.6701171875 0.1928006046875 0.6662109375 0.21037015 0.6427734375 0.2528298859375 0.6330078125 0.2967537515625 0.6349609375 0.3597112921875 0.6486328125 0.402171028125 0.6828125 0.349462390625 0.68671875 0.3275004578125 0.6837890625 0.22208318125 0.69599609375 0.19353266875 0.716015625 0.178159315625 0.7287109375 0.11520177499999999 0.7296875 0.08884745625 0.7248046875 0.0610290078125 0.71357421875 0.045655654687500005 0.70283203125 0.0397991390625 0.68232421875 0.045655654687500005 0.6681640625 0.06688552343750001
1 0.2985614015625 0 0.3078125 0.0346746890625 0.32880859375 0.050048042187499996 0.3390625 0.06688552343750001 0.3439453125 0.0932398421875 0.3419921875 0.1503408671875 0.344921875 0.19865711875 0.3732421875 0.2440451140625 0.399609375 0.20158537656250003 0.3966796875 0.159125640625 0.3859375 0.1254506765625 0.360546875 0.082990940625 0.352734375 0.0551724921875 0.3533915109375 0 0.2985614015625 0
1 0.2890625 0.1810921484375 0.29267578125 0.1788913796875 0.30048828125 0.194996796875 0.3126953125 0.20304950625 0.3205078125 0.22208318125 0.3234375 0.2586864015625 0.321484375 0.3157874265625 0.32734375 0.3523906484375 0.33076171875 0.358979228125 0.35615234375 0.36483574375 0.35078125 0.3728884515625 0.35517578125 0.3809411609375 0.364453125 0.383137353125 0.37861328125 0.37947703125 0.3751953125 0.3670319359375 0.387890625 0.356783034375 0.3888671875 0.31285916875 0.376171875 0.25136575781250003 0.344921875 0.20012124843749998 0.3419921875 0.15473325468750002 0.3439453125 0.09909635781250001 0.3380859375 0.06688552343750001 0.33076171875 0.0529763 0.31513671875 0.042727396875000004 0.29951171875 0.042727396875000004 0.2890625 0.053917525 0.2890625 0.166446284375 0.2892578125 0.1693745421875 0.2890625 0.1691326421875 0.2890625 0.1810921484375
1 0.423046875 0.20158537656250003 0.44208984375 0.21695872968750002 0.45234375 0.2440451140625 0.45234375 0.35531890625 0.45771484375 0.3619074859375 0.48017578125 0.3619074859375 0.4826171875 0.39338625625 0.4875 0.40363515781250003 0.503125 0.3597112921875 0.5060546875 0.305538525 0.4953125 0.25575814375 0.469921875 0.208906021875 0.4669921875 0.170838671875 0.473828125 0.0961681 0.4708984375 0.06981378125 0.466015625 0.0551724921875 0.45478515625 0.042727396875000004 0.43134765625 0.038335010937500004 0.41865234375 0.0485839125 0.407421875 0.071277909375 0.407421875 0.10788113125000001 0.41328125 0.1371637078125 0.411328125 0.166446284375 0.4181640625 0.1723028 0.423046875 0.20158537656250003
1 0.618359375 0.364103678125 0.6212890625 0.32457220000000003 0.61640625 0.28357659218750003 0.61298828125 0.27552388437499997 0.60712890625 0.2740597546875 0.5978515625 0.326036328125 0.5978515625 0.35531890625 0.6095703125 0.381673225 0.614453125 0.3787449671875 0.618359375 0.364103678125
1 0.5490234375 0.35385477656250003 0.548046875 0.31725155625 0.540234375 0.27479181874999997 0.53974609375 0.22720763125 0.5216796875 0.268935303125 0.5138671875 0.3143232984375 0.516796875 0.3611754203125 0.5275390625 0.39192212656250003 0.5490234375 0.35385477656250003
1 0.57099609375 0.054440428124999996 0.55927734375 0.0529763 0.54462890625 0.061761071875 0.5353515625 0.07713442499999999 0.53046875 0.0961681 0.5314453125 0.1356995796875 0.5421875 0.1723028 0.54609375 0.21329840781249998 0.56025390625 0.194996796875 0.58857421875 0.19353266875 0.5900390625 0.1723028 0.596875 0.1635180265625 0.594921875 0.1356995796875 0.5978515625 0.1254506765625 0.5919921875 0.0815268125 0.58466796875 0.06468932968749999 0.57099609375 0.054440428124999996
1 0.41328125 0.19865711875 0.423046875 0.1928006046875 0.4220703125 0.170838671875 0.4171875 0.166446284375 0.41572265625 0.148144675 0.4083984375 0.17523105781249998 0.4083984375 0.1928006046875 0.41328125 0.19865711875
1 0.505078125 0.2440451140625 0.5099609375 0.2074418921875 0.508984375 0.1766951859375 0.49921875 0.12984306406249999 0.47333984375 0.073474103125 0.4669921875 0.191336475 0.469921875 0.2074418921875 0.4962890625 0.2572222734375 0.501171875 0.2572222734375 0.505078125 0.2440451140625
1 0.41956939687499994 0 0.4240234375 0.0200334 0.4181640625 0.0493159765625 0.42255859375 0.050048042187499996 0.42451171875 0.04126326875 0.43427734375 0.035406753125 0.44599609375 0.0368708828125 0.45771484375 0.0441915265625 0.46796875 0.0610290078125 0.471875 0.0537083640625 0.4728515625 0.014176884375 0.4760035203125 0 0.41956939687499994 0
1 0.59052734375 0.10714906718749999 0.5900390625 0.121058290625 0.594921875 0.11520177499999999 0.594921875 0.1313071921875 0.5919921875 0.13423544999999998 0.587109375 0.191336475 0.602734375 0.21037015 0.6134765625 0.2396527265625 0.6193359375 0.19865711875 0.6154296875 0.16058976875 0.602734375 0.1166659046875 0.59248046875 0.11300558125 0.59052734375 0.10714906718749999
1 0.5387737640625 0 0.5392578125 0.011248628125 0.5333984375 0.0288181734375 0.5431640625 0.0610290078125 0.53974609375 0.06761758749999999 0.5333984375 0.06542139531249999 0.53681640625 0.0764023609375 0.52705078125 0.0764023609375 0.5236328125 0.071277909375 0.5236328125 0.10934525937499999 0.528515625 0.11520177499999999 0.5314453125 0.1313071921875 0.52265625 0.1576615109375 0.51875 0.1884082171875 0.5216796875 0.23379621093749997 0.5275390625 0.24697337187500001 0.5392578125 0.2264755671875 0.5509765625 0.18987234687500001 0.55 0.17523105781249998 0.5421875 0.1620538984375 0.5412109375 0.1430202234375 0.534375 0.1430202234375 0.532421875 0.0859191984375 0.54072265625 0.085187134375 0.54169921875 0.073474103125 0.5490234375 0.0727420390625 0.5451171875 0.0610290078125 0.54755859375 0.054440428124999996 0.57392578125 0.054440428124999996 0.58125 0.06395726562500001 0.5822265625 0.08884745625 0.587109375 0.08884745625 0.59052734375 0.10129255156250001 0.594921875 0.0961681 0.596875 0.0785985546875 0.5880859375 0.06542139531249999 0.5958984375 0.0493159765625 0.5964655640625001 0 0.5387737640625 0
2 0.2140625 0.6172254625 0.2140625 0.661333609375 0.215458815625 0.6879768953125 0.222964009375 0.7070720203125 0.2361304203125 0.7100770734375 0.2431794578125 0.7055747203125 0.2478029859375 0.7109375 0.25387285 0.7109375 0.25984612500000004 0.705865640625 0.2661446515625 0.7069006609375 0.2792495859375 0.6988036953125001 0.2781043921875 0.6918456140625 0.2798059953125 0.6895626187499999 0.2849172765625 0.687801678125 0.286788 0.6892523640625 0.286788 0.632006484375 0.2850983609375 0.6068604359374999 0.2804884875 0.5933663250000001 0.2782660515625 0.5956402296875 0.2770011796875 0.606256559375 0.27306419375 0.60063736875 0.27079323125 0.601985346875 0.272611309375 0.616818340625 0.270705928125 0.6449999875 0.2698874640625 0.6343472953125 0.26295810468749997 0.6212752390625 0.2652225921875 0.6148392140625 0.2643135515625 0.607422715625 0.268661371875 0.601023053125 0.263585665625 0.5935338265625 0.2594966265625 0.58004880625 0.255281434375 0.5790501499999999 0.2518297046875 0.58269021875 0.24633021562500002 0.57704375 0.23591354999999997 0.576861925 0.225324196875 0.5694240734375 0.22497246249999997 0.5694240734375 0.22019149843750002 0.5747373375 0.21535842187499998 0.5718777421875 0.2140625 0.5763965843750001 0.2140625 0.581387753125 0.21532932031250002 0.5862159546875001 0.2140625 0.5880806187500001 0.2140625 0.6040546890625 0.2158760515625 0.606577234375 0.21626425781249997 0.6139846437500001 0.2140625 0.6172254625
2 0 0.6735089859375 0.01034304375 0.6734238031249999 0.20394746718749998 0.6559645296875 0.20645590781249998 0.6533414296875 0.20645590781249998 0.5723531203125 0.2002336125 0.56514485625 0.1924211125 0.5657368515625001 0.18864265156249999 0.5734599890625 0.18465713749999998 0.5672547734375 0.168838034375 0.5647350624999999 0 0.5794716875 0 0.6735089859375
1 0.6183593468749999 0.45 0.6247442234375 0.5190096859375 0.609375 0.6103042078125 0.609375 0.7059705171875 0.611734915625 0.732475834375 0.6347260796875 0.8286228140624999 0.6442757921875 0.8544604453125 0.6451234593749999 0.8546875 0.6735702859374999 0.8546875 0.6819675593750001 0.8527928578124999 0.6819675593750001 0.5858607078125 0.6602449921875 0.51130364375 0.6558437375 0.457109703125 0.6563501 0.45 0.6183593468749999 0.45
1 0.8777712546875 0.45 0.86875 0.506174546875 0.86875 0.5667483296875 0.8749259468750001 0.6045161765625 0.8811469125 0.693286665625 0.8958759765625001 0.7421875 0.9342016109374999 0.7421875 0.9347646562499999 0.7415751328125 0.9347646562499999 0.50624971875 0.91806705625 0.45 0.8777712546875 0.45
1 0.7964478453125 0.45 0.7969615359375 0.468421546875 0.7796875 0.5511366109375 0.7796875 0.6404870546875 0.7847251046875 0.7080745703125 0.7990972984375 0.7699559859375 0.801835 0.7765625 0.8448640703125001 0.7765625 0.84533650625 0.776142465625 0.8565338796875 0.7066770703125 0.8565338796875 0.5593090609375 0.8494452734374999 0.5187977625 0.8344615359375 0.46667495625 0.8340057078124999 0.45 0.7964478453125 0.45
1 0.70670471875 0.45 0.7069842890625 0.49805411718750003 0.6872212515625 0.5936816281249999 0.684375 0.6239357265625001 0.684375 0.6552496390625 0.6863213375 0.707661525 0.6968250406250001 0.7667922109375 0.708037271875 0.8133773968749999 0.7085035421875 0.8140625 0.75225179375 0.8140625 0.754912271875 0.8106472390625001 0.7693358453125 0.737560465625 0.774558603125 0.6825102984375 0.774558603125 0.6501355562500001 0.7692201796875 0.583348296875 0.7444277265625 0.4861477703125 0.7436954484375 0.45 0.70670471875 0.45
1 0.6583967859375 0.45 0.6579583640625 0.4809187953125 0.6604862046875001 0.51836873125 0.6915410421875 0.6265625 0.69490788125 0.6265625 0.6967819109375 0.624699471875 0.6982896984375 0.5897769921875 0.702401421875 0.5664000734375 0.702401421875 0.47422936718750003 0.6946498546875 0.45 0.6583967859375 0.45
1 0.5765944421875 0.45 0.5785738421875 0.4702581546875 0.5653572140625001 0.552453921875 0.5640625 0.5874776671874999 0.5640625 0.6047566546875001 0.5737928671875 0.6843073625 0.5975054765625 0.77141953125 0.6053564031249999 0.787778525 0.6078074578124999 0.7890625 0.611464584375 0.7890625 0.611464584375 0.45 0.5765944421875 0.45
1 0.47372626249999994 0.45 0.47825785312499997 0.49509723437500003 0.4609375 0.5880398765625 0.4609375 0.6930310468750001 0.4698077578125 0.7462346015625 0.488205809375 0.8156571640625 0.49881480312500004 0.8276568328125 0.5064870875 0.828125 0.5262543562499999 0.828125 0.534356153125 0.8210787343749999 0.5362585109375 0.8095006984375 0.5362585109375 0.5795291859375 0.5134141031249999 0.49817300624999994 0.5130714015625 0.45 0.47372626249999994 0.45
1 0.43748646718749995 0.45 0.4384381046875 0.46029650625 0.42617515937499995 0.5584348390625 0.42792524218750005 0.618084325 0.434111340625 0.6556570609375 0.4555307828125 0.736558109375 0.4627001421875 0.757518728125 0.46504741406250005 0.759375 0.4671057546875 0.759375 0.4671057546875 0.45 0.43748646718749995 0.45
1 0.343415746875 0.45 0.34677038906249996 0.49427083281249995 0.3339140375 0.5720486109375 0.3319183296875 0.6178819437499999 0.336698840625 0.670659721875 0.34981806875 0.73038194375 0.3658518109375 0.7873263890625 0.37359749531249997 0.801909721875 0.3827397359375 0.8039930562500001 0.3983372765625 0.8035783562500001 0.3983372765625 0.529524440625 0.3836389265625 0.4859375 0.380915746875 0.45 0.343415746875 0.45