0 0.71875 0.509375 0.71875 0.38460211875 0.7176210937499999 0.382533359375 0.6926210937499999 0.35602743124999997 0.6730832609374999 0.3524416 0.6377007328125 0.3524416 0.62562109375 0.356295890625 0.6056210937500001 0.3719727078125 0.5956210937499999 0.38955624375000003 0.58712109375 0.3929580171875 0.58712109375 0.40345277343749997 0.57612109375 0.43298956562499996 0.571875 0.49902250937500003 0.571875 0.509375 0.71875 0.509375
1 0.411106809375 0.509375 0.4131748046875 0.49909297500000005 0.41343726406250003 0.4347415859375 0.39275929062500003 0.3334675421875 0.407651353125 0.1999411578125 0.399925903125 0.17842314374999999 0.3895378171875 0.17118291875 0.3722930515625 0.17457709999999999 0.356651353125 0.201128196875 0.3534694 0.24010870624999997 0.3573293265625 0.30286774375 0.3535354640625 0.3493445046875 0.346875 0.37115595 0.346875 0.509375 0.411106809375 0.509375
1 0.2858850328125 0.509375 0.286346171875 0.5059437875 0.281782290625 0.431301684375 0.254323078125 0.34014248125 0.2524888046875 0.3117848921875 0.2581255375 0.2020191984375 0.2487520125 0.18088885625 0.23580434687500001 0.17272643125 0.21876945937499997 0.1798128421875 0.20814298281250002 0.20222484375 0.20790747812500002 0.24270460312500003 0.2174015796875 0.329020296875 0.196875 0.434816603125 0.196875 0.509375 0.2858850328125 0.509375
1 0.14789930625 0.509375 0.1506338796875 0.48516967031249997 0.146947884375 0.431336340625 0.118549728125 0.328900765625 0.12332602031249999 0.19532780156250001 0.113943771875 0.1754196671875 0.1039786640625 0.1697718734375 0.08595249687499999 0.1748981984375 0.07432602031249999 0.1970389171875 0.07412540625 0.23152167499999998 0.0827503421875 0.29567515312500003 0.0824973953125 0.33915341718750003 0.0625 0.41523946875 0.0625 0.509375 0.14789930625 0.509375
1 0.21741590781250003 0.509375 0.21741590781250003 0.266153903125 0.21715986874999998 0.2654202078125 0.21077502812499999 0.199459009375 0.21741590781250003 0.1767876171875 0.21741590781250003 0.1747755421875 0.20803188593750002 0.15972596562500002 0.19654235625 0.1537929578125 0.18003188750000002 0.1598888640625 0.1765625 0.1696764125 0.1765625 0.22203834374999998 0.1767331546875 0.2236564546875 0.1882822515625 0.26708817812499996 0.1926880328125 0.32106118906250003 0.17749958906250002 0.4291468421875 0.1873739609375 0.5010875890625 0.1901273515625 0.509375 0.21741590781250003 0.509375
1 0.3650499640625 0.509375 0.3650499640625 0.50011358125 0.361284015625 0.4643138859375 0.362458565625 0.43563588124999997 0.3650499640625 0.4201593984375 0.3650499640625 0.3089205359375 0.3641960015625 0.3060595203125 0.3603177421875 0.1828646578125 0.34623248281249996 0.1589280625 0.32804032968749997 0.1570830546875 0.3171648265625 0.167565134375 0.3125 0.1837381625 0.3125 0.1952314375 0.32986853437499997 0.3187971734375 0.314729190625 0.41159718749999996 0.31418793906250003 0.4658265328125 0.320782 0.5060499625 0.3218058265625 0.509375 0.3650499640625 0.509375
1 0.42439789218749996 0.36361327656250003 0.454578653125 0.4453125 0.45465543437499994 0.4453125 0.4577550640625 0.40967333124999994 0.46101005937500006 0.394157975 0.46101005937500006 0.31654601250000003 0.45354784531250003 0.29130239375 0.45257634375 0.1775339703125 0.44855490312499996 0.157938953125 0.43930846562500003 0.143399246875 0.4238814890625 0.1390625 0.42031048593750003 0.1390625 0.4078125 0.152008340625 0.4078125 0.1834124515625 0.4139120734375 0.2016243953125 0.419704990625 0.2931135875 0.4167478703125 0.3319194953125 0.42439789218749996 0.36361327656250003
1 0.5280220859375 0.509375 0.5308227421875 0.4951506515625 0.5277299 0.41690992812500005 0.501776621875 0.3250668796875 0.49907319218749996 0.2993698421875 0.5064164843750001 0.18434712343749998 0.4971868890625 0.16044443749999998 0.489586625 0.1546879203125 0.46855140625 0.1546879203125 0.46164327343749995 0.1617101640625 0.45543392968749996 0.1792816078125 0.4638812921875 0.31341415625 0.44375 0.40572103281249994 0.44375 0.509375 0.5280220859375 0.509375
1 0.56988780625 0.509375 0.5693400828125 0.505988065625 0.5695232531250001 0.4745038078125 0.5757413125 0.436847965625 0.5838721484375 0.41412643281249994 0.611116375 0.3713618046875 0.591500159375 0.305976728125 0.5943287859375 0.1634897484375 0.584937815625 0.145025540625 0.5719727046874999 0.1394068 0.556937815625 0.14584025625000002 0.546311340625 0.16788490625000002 0.546102003125 0.20386691406250002 0.55476183125 0.2620758078125 0.5555176046875 0.30402572031249997 0.5375 0.3824397703125 0.5375 0.509375 0.56988780625 0.509375
1 0.6325415546875 0.3524327671875 0.6585415546875 0.35273530468750003 0.6827305078125 0.3625 0.6833562843750001 0.3625 0.66560518125 0.2815500015625 0.6683521578125 0.2230676015625 0.6776755921875 0.1556595140625 0.6738285078125 0.1376103296875 0.6623978312500001 0.125 0.660750015625 0.125 0.6408569281250001 0.1289746453125 0.6300598984375 0.14910398125 0.6317973328125001 0.278155875 0.625 0.3015021203125 0.625 0.3552723640625 0.6325415546875 0.3524327671875
1 0.11268468437500001 0.53194968125 0.102197265625 0.534008259375 0.0984375 0.53975273125 0.0984375 0.64162415625 0.10064511093749999 0.659375 0.12452255000000001 0.659375 0.129150390625 0.5635787359375 0.124462890625 0.5439432921875 0.1141243609375 0.53194968125 0.11268468437500001 0.53194968125
1 0.0370875109375 0.94938859375 0.03966419375 0.9417042468750001 0.051481887500000004 0.8637991812500001 0.0505233625 0.8277789890625 0.056154959375 0.7874466625000001 0.0625017671875 0.6859375 0.057724942187499996 0.6859375 0.0385366375 0.6880467265625001 0.0326288203125 0.7699729875 0.021875 0.8024596468749999 0.021875 0.9487394375000001 0.024927634375 0.9455128703125 0.0370875109375 0.94938859375
2 0.71875 0.6423847968749999 0.7169978390625 0.64241721875 0.6849423484375 0.6486365421875 0.6607478390625 0.6460218828125 0.6411842671875 0.6528290578125 0.578700428125 0.6540564625 0.49271444531249997 0.6678969203125 0.4739806046875 0.666320696875 0.4028222140625 0.681987703125 0.23014980000000002 0.695829796875 0.21761748125000002 0.7021863890625 0.2124949140625 0.710150696875 0.211665184375 0.7185340968749999 0.2182856078125 0.7215807671875 0.21903453593750002 0.7270862578124999 0.130704803125 0.7410769109374999 0.10025221250000001 0.740251659375 0.0984375 0.744704453125 0.0984375 0.8 0.5551325421875 0.8 0.597407484375 0.7944715109375 0.6692744046875 0.7912544406249999 0.6989780640625 0.7865742 0.7076041375 0.7804679328125 0.71875 0.78204188125 0.71875 0.6423847968749999
1 0.71875 0.9543746531250001 0.7265625 0.97471251875 0.7579560328125 0.9765625 0.7709017390625 0.9765625 0.7796875 0.9721896984375 0.8 0.8730173671875001 0.796875 0.7978900343750001 0.765625 0.6950541953125 0.7734375 0.5719350296875 0.7671875 0.5560553625 0.7531399234375 0.54411111875 0.7402271734375 0.54411111875 0.73046875 0.5459654375 0.71875 0.5627213906249999 0.71875 0.6205995421875 0.728125 0.6638386875 0.725 0.7027738515624999 0.7328125 0.7062171859374999 0.721875 0.71202151875 0.71875 0.72476183125 0.71875 0.9543746531250001
1 0.8317702515625 0.5847076859375 0.8131477953124999 0.5835815953125 0.7973474515625 0.5956458390625 0.790625 0.6140677140624999 0.790625 0.978125 0.8145257078125001 0.978125 0.819478834375 0.9740968390625 0.843426259375 0.8908842984374999 0.8490702234375 0.8408479296875001 0.8284065203125 0.7118877828125 0.8446370421875 0.60858094375 0.8317702515625 0.5847076859375
1 0.9157683453125 0.9421875 0.9157683453125 0.780600871875 0.8977832328125 0.72951016875 0.8978154421875001 0.6341522171875 0.8917249390625 0.6169919875 0.8774870953124999 0.60535050625 0.8634245953124999 0.6054323187499999 0.8538423015625 0.61252265625 0.853125 0.6171134 0.853125 0.67046636875 0.8632806859375 0.72814765625 0.8630892375 0.7641033390625 0.889141296875 0.8342976625 0.8901294562500001 0.9421556140625 0.8921956859375 0.9421875 0.9157683453125 0.9421875
1 0.96393805 0.7929503859375 0.9455361078125 0.7485676109374999 0.9449772984375 0.64191709375 0.9353321890625 0.6260615546875 0.9194068 0.62237535 0.9037515234375 0.6351454624999999 0.9 0.64572070625 0.9 0.64787068125 0.9103204999999999 0.7131703328125 0.9096381828125001 0.7759707203125 0.9319322875000001 0.8545567937499999 0.9304266890624999 0.9265625 0.96393805 0.9265625 0.96393805 0.7929503859375