1 0.27175493125 0 0.271105653125 0.0247365203125 0.2689540328125 0.0496547765625 0.2639990484375 0.078857990625 0.254016909375 0.1231377671875 0.251191996875 0.1311264328125 0.250849690625 0.1369008953125 0.2495801046875 0.142869109375 0.2501839203125 0.145209075 0.25148689375 0.146767153125 0.257032484375 0.1484375 0.2899032375 0.1484375 0.2933200046875 0.14638789531250002 0.2965179234375 0.1406140234375 0.30011983125 0.1317308703125 0.30833710000000003 0.098956 0.31262362499999996 0.078523928125 0.3154566203125 0.06914637343749999 0.31991227968749997 0.0461742921875 0.3213725453125 0.033962365625000004 0.32360306875 0.0220133609375 0.325114753125 0 0.27175493125 0
1 0.0125 0 0.0125 0.2578125 0.059484873437499995 0.2578125 0.060031299999999996 0.25770551249999996 0.064160178125 0.25261864843750004 0.07011066875000001 0.24020195156250002 0.0778050640625 0.21826308125 0.080563375 0.20524623437499998 0.08841963750000001 0.1809925515625 0.1028479421875 0.128826378125 0.111040846875 0.086544078125 0.114776815625 0.0529388515625 0.116135409375 0.0291052390625 0.116307996875 0.0046131046874999995 0.11604690937499999 0 0.0125 0
1 0.20579850156249999 0 0.2055749671875 0.0202523140625 0.20487494375 0.030418634374999996 0.202744465625 0.0555872375 0.20170539375000002 0.060410620312499996 0.198814084375 0.0850848140625 0.19677366093749998 0.0931112078125 0.19369763125 0.1124487546875 0.1913755015625 0.11930516718749999 0.1906396859375 0.12437260624999999 0.185584421875 0.1424710046875 0.1845184140625 0.14845179375 0.18236676875 0.154620046875 0.18125 0.1607799453125 0.18125 0.17849224218749998 0.1902458390625 0.1796875 0.223541803125 0.1796875 0.22664572968750002 0.1768139671875 0.22898402187500003 0.1692631109375 0.23437833281249998 0.15650765625000002 0.23690327031249997 0.147574196875 0.24072396875000002 0.1294255015625 0.243541384375 0.1211990640625 0.244826365625 0.112446784375 0.24800630468749998 0.10191810937500001 0.250836421875 0.086509459375 0.2528283546875 0.08056639843749999 0.25667599218750003 0.061260292187499996 0.2587398953125 0.045588721875 0.2606998859375 0.021108278124999998 0.2615792484375 0.0165100875 0.261432240625 0.0095530671875 0.2619921828125 0.0054052625 0.2621179921875 0 0.20579850156249999 0
1 0.1744748984375 0 0.17889994843749998 0.030702834374999998 0.1814563625 0.0716786453125 0.18163004375 0.091831903125 0.180902625 0.110142284375 0.1790690390625 0.134720621875 0.1722183265625 0.182524321875 0.1695592171875 0.19529710312499998 0.167979259375 0.212459053125 0.169230521875 0.215625 0.2133880984375 0.215625 0.2133880984375 0 0.1744748984375 0
1 1 0.0879906109375 0.9888911515625001 0.0879906109375 0.9772251359374999 0.104867003125 0.9820049828125 0.23842670625 0.9640625 0.320650178125 0.9640625 0.40677076874999996 0.9804239015625 0.4625 0.9981895125000001 0.4625 1 0.46240409062500004 1 0.0879906109375
1 0.9382439437500001 0.10917333437500001 0.9311731765625 0.091360253125 0.9167468453125001 0.086235765625 0.9015625 0.107249925 0.9015625 0.2851180953125 0.9155820453124999 0.3011094171875 0.9287981390625 0.3375 0.9297916828125 0.3375 0.933517840625 0.3089039171875 0.9214092796875001 0.21777608437499998 0.9382439437500001 0.10917333437500001
1 0.8759972906249999 0.253125 0.8719864312500001 0.189918534375 0.8851664546875 0.1014823890625 0.87681234375 0.0622162140625 0.863214396875 0.049150285937499996 0.8426500671875001 0.05665359062500001 0.834375 0.0765561453125 0.834375 0.1219383265625 0.8386530984375 0.18856030625 0.834375 0.22588810937499998 0.834375 0.250371475 0.8408697734375 0.252600109375 0.8537515156249998 0.253125 0.8759972906249999 0.253125
1 0.762971428125 0.08790313281249999 0.7509635609374999 0.1086772109375 0.7467058156249999 0.24205363750000003 0.7421875 0.2554222140625 0.7421875 0.38879556718749997 0.743663184375 0.36154117812500003 0.784044215625 0.28117955 0.7759417359375 0.225548578125 0.7946789328125 0.1172691140625 0.7835848203125 0.0852438671875 0.762971428125 0.08790313281249999
1 0.740625 0.418028271875 0.740625 0.4625 0.7433465078125 0.4625 0.7514902984375 0.45864415625 0.740625 0.418028271875
1 0.71142619375 0.0982919984375 0.7003363499999999 0.086142240625 0.6813968562499999 0.092236628125 0.6714848671875 0.1133124359375 0.6692098546875 0.24087468125 0.6640625 0.2564857015625 0.6640625 0.459375 0.6693926171875 0.459375 0.6842733171875001 0.45662532968749997 0.7078860703125001 0.3644737125 0.709822990625 0.314527596875 0.6951357796875 0.24012031406249998 0.7148768765625 0.1259081234375 0.71142619375 0.0982919984375
1 0.61224830625 0.20939141718749998 0.6277736625 0.1019650765625 0.6214981125 0.0735826375 0.6070155078124999 0.0593186984375 0.59466255 0.0593186984375 0.587635003125 0.061063856250000006 0.576714109375 0.078288003125 0.5759312624999999 0.2342970546875 0.559375 0.2842824328125 0.559375 0.4499840671875 0.5648792453125 0.4671875 0.6005398578125 0.4671875 0.6073907703125 0.46540047187500005 0.6314962703125 0.375396621875 0.63213450625 0.31413434375 0.61224830625 0.20939141718749998
0 0.948793396875 0.45055942812499994 0.9550132843749999 0.4188501546875 0.9550132843749999 0.3804327828125 0.9439674796874999 0.322900321875 0.9199465109375 0.2868837234375 0.8821982828125 0.258701609375 0.8376891890625 0.2587719578125 0.8157902328125001 0.2740849140625 0.7827917156249999 0.33044701249999997 0.775 0.36200631250000004 0.775 0.42652056875 0.7878115890624999 0.4664394515625 0.8156009203125001 0.5049964859375 0.8373325203124999 0.5171875 0.8933099375000001 0.5171875 0.924730871875 0.4924392765625 0.948793396875 0.45055942812499994
1 0.94157173125 0.664667046875 0.9293409859375 0.6398145125 0.90896481875 0.6427974015625 0.8981400656249999 0.6599138453125 0.8919298781249999 0.77408560625 0.875 0.814438828125 0.875 0.9789758484375 0.8760972578124999 0.9796875 0.9101451328125 0.9796875 0.93833535 0.8970425046875 0.9407546968750001 0.8376675046875001 0.9260502062499999 0.777931871875 0.94157173125 0.664667046875
1 0.8716712125000001 1 0.88037210625 0.9712399906249999 0.879236853125 0.8977388234375001 0.8609595515624999 0.8157248203125 0.8742322328124998 0.68342165625 0.8665197265625 0.6659158203125 0.8562841828125001 0.657958740625 0.8374702984375 0.657958740625 0.8226879109375 0.6781956453125 0.821924321875 0.8094456453125 0.7949618468749999 0.8771133062500001 0.7890625 0.90776639375 0.7890625 0.9816996312499999 0.7925873796875 1 0.8716712125000001 1
1 0.7669418312499999 1 0.76690459375 0.9752558718749998 0.7480231921875 0.8884832984375001 0.7707608390624999 0.7194150453125 0.7642594671875 0.7008923656249999 0.744094434375 0.6882248828125 0.720727990625 0.6990403640625 0.7080423203125 0.7243586093750001 0.70024125625 0.8805176828124999 0.675 0.9352899375 0.675 1 0.7669418312499999 1
1 0.592371625 1 0.5870167046875 0.9609454656249999 0.6069694484375 0.7756446359375 0.5950876984375 0.7485728 0.5718902234375001 0.7321320578125 0.557304603125 0.7321320578125 0.5461417046875 0.7348485390625 0.5242296843750001 0.769145284375 0.5276417046875 0.9585261203125001 0.5206279859375 0.9910839515625 0.517140790625 1 0.592371625 1
1 0.3796875 1 0.4627968328125 1 0.4629499 0.9631458828125 0.44017536406249996 0.8660890765625 0.443670803125 0.8082674859375001 0.459529540625 0.7520811187499999 0.465329771875 0.7036527109375 0.45943108749999995 0.6817322578125 0.442760996875 0.66678396875 0.41735089375 0.6713260218749999 0.39841567499999997 0.7001368234375 0.39324157656250003 0.8486197750000001 0.3796875 0.8830847140625 0.3796875 1
1 0.509093503125 0.740153853125 0.52104435625 0.63922908125 0.5140595265625001 0.6182788515625 0.503204784375 0.6121324343750001 0.4891099171875 0.6121324343750001 0.4884374453125 0.6122680968750001 0.477740025 0.6247203 0.47609 0.742162890625 0.4609375 0.7823695625 0.4609375 0.8997161703125001 0.4770403765625 0.95625 0.49288240937500005 0.95625 0.500371121875 0.9542163531250001 0.5180334656250001 0.9054918093750001 0.517067828125 0.7752941265625 0.509093503125 0.740153853125
1 0.644106296875 1 0.644106296875 0.842406090625 0.6278689296875 0.7918003468749999 0.6286123375 0.668253759375 0.6138560703125 0.64731455 0.593325046875 0.6444259078125001 0.58125 0.659042175 0.58125 0.7149794500000001 0.584654525 0.7328798796875 0.6063874109375 0.7529560234375 0.6190730828125 0.777828753125 0.61677788125 0.9686355671874999 0.62749941875 1 0.644106296875 1
1 0.7328125 0.64296875 0.71640625 0.6265625 0.69921875 0.63125 0.690625 0.65078125 0.69375 0.74765625 0.665625 0.84296875 0.665625 0.89296875 0.6796875 0.95546875 0.7125 0.87890625 0.709375 0.72890625 0.715625 0.70234375 0.73125 0.68828125 0.734375 0.67734375 0.7328125 0.64296875