1 0.3107868109375 0.32714455 0.2881916375 0.22601073437500002 0.29956117656250003 0.1126990828125 0.2961547234375 0.0982670171875 0.28089474062500003 0.083951371875 0.2620159109375 0.09112683906249999 0.2509400046875 0.11142909999999999 0.25560575 0.2325441546875 0.23125 0.32056745468750003 0.23125 0.4562706625 0.23273783906249998 0.4647025109375 0.2428390765625 0.5015625 0.28187449062500003 0.5015625 0.2868789734375 0.49679100312499996 0.311783796875 0.391501478125 0.3107868109375 0.32714455
1 0.34008698593750003 0.475 0.36285876875 0.47048546875 0.3874806671875 0.3929946953125 0.392102565625 0.31550392031249996 0.3774235015625 0.228788053125 0.39289250937500003 0.1236220015625 0.39026096718750003 0.108861853125 0.3780505890625 0.096875 0.378028646875 0.096875 0.3574854828125 0.1042493078125 0.3492823171875 0.1217769828125 0.34575408125 0.23432310781250001 0.3328125 0.26990496249999996 0.3328125 0.475 0.34008698593750003 0.475
1 0.20351754843749997 0.51875 0.217285421875 0.49157364374999996 0.217285421875 0.29764755468750004 0.20351839218749998 0.23764071874999998 0.1918795109375 0.16792988281250001 0.17723213124999998 0.093910953125 0.16265560625 0.0553563671875 0.14266977812499998 0.062100134375000005 0.1254212078125 0.12988821875 0.133803809375 0.186775503125 0.1363758828125 0.24214284218749998 0.1275038234375 0.267521409375 0.10662731249999999 0.3097127375 0.103125 0.33385649375000004 0.103125 0.44590320468750005 0.12415366718750001 0.5157046609375 0.13609464531249998 0.51875 0.20351754843749997 0.51875
1 0.0929411703125 0.3853053859375 0.0929411703125 0.38228100625 0.09145767187500001 0.3313512609375 0.0645528953125 0.2168160296875 0.0726481234375 0.10493293906250001 0.0631389484375 0.0811598125 0.055520334375 0.0761018078125 0.038276331250000004 0.0761018078125 0.0343782140625 0.07713624999999999 0.023887390624999998 0.099393865625 0.0296602359375 0.2326140734375 0.0100251953125 0.2938291890625 0.003125 0.3386032046875 0.003125 0.3631813671875 0.009537309375 0.42473078124999997 0.026152264062500003 0.488692759375 0.0314162125 0.4921875 0.0670887265625 0.4921875 0.0698915296875 0.49016291718750005 0.0929411703125 0.3853053859375
1 0.48832114375 0.29109949375 0.4707340453125 0.2366261796875 0.4729159125 0.1348882578125 0.465122325 0.11760066250000001 0.45223555156249995 0.1106571 0.44002563281249996 0.116628665625 0.43272252499999997 0.132595053125 0.4423708171875 0.245010225 0.428125 0.3061025515625 0.428125 0.3581225296875 0.43203313593750003 0.40618159374999996 0.446897475 0.45625 0.48526226093749997 0.45625 0.48599055 0.4560524234375 0.48832114375 0.4400721671875 0.48832114375 0.29109949375
1 0.23947598750000001 0.3327431140625 0.246672796875 0.311857575 0.249891315625 0.2850934890625 0.2523465015625 0.26679448125 0.2613672828125 0.24175199374999998 0.2627840140625 0.23143225781250001 0.2627840140625 0.20218988750000003 0.26107355781249997 0.18787107812499998 0.25683100625 0.17063857031250002 0.2553739671875 0.1492995046875 0.2549445328125 0.13084932031250002 0.2524929234375 0.108040615625 0.24752006718750003 0.1006924296875 0.23886265 0.1413466125 0.2403857515625 0.16552416718750002 0.2428043296875 0.186913628125 0.24230525468750003 0.20673266406250002 0.2428007546875 0.22802133906250002 0.2406428734375 0.259093553125 0.235501275 0.2857568515625 0.22548591562500003 0.30932970625 0.221875 0.3269452921875 0.221875 0.36236249531250003 0.23031949687500003 0.3932163328125 0.2317380703125 0.3953125 0.23459571875 0.3953125 0.2365217328125 0.3708611609375 0.236257465625 0.359507196875 0.23947598750000001 0.3327431140625
1 0.0720396359375 0.406134265625 0.0640625 0.43317041562499997 0.0640625 0.4609375 0.0642585640625 0.4609375 0.06601210156250001 0.4528574359375 0.07476205 0.4303733421875 0.0921958375 0.38682439375 0.09563926874999999 0.3542377171875 0.095933678125 0.327244084375 0.09268244375 0.314358965625 0.08956341875 0.2986353609375 0.08690710625 0.2729770421875 0.08302484843749999 0.2529677203125 0.08345145937500001 0.2231355984375 0.08818694218749999 0.18348067343750002 0.0929224234375 0.14382575 0.08950288281249999 0.1138817140625 0.0723812359375 0.11055009843750001 0.0723245234375 0.11055009843750001 0.06536832031249999 0.135918165625 0.0640625 0.1496488359375 0.0640625 0.2602947046875 0.0651883375 0.263818078125 0.0692689015625 0.27956966250000004 0.0722557234375 0.298131759375 0.074515421875 0.33230554843750004 0.08247824375 0.3680664515625 0.0720396359375 0.406134265625
1 0.8090679359375 0 0.8085214234375 0.01241271875 0.8127204578124999 0.07765222187500001 0.8111184609375 0.10181743125 0.8 0.1454471421875 0.8 0.2800912515625 0.80640641875 0.309375 0.8367344343750001 0.309375 0.8386042187499999 0.30547375468750004 0.8507485812500001 0.2526649984375 0.8546709765625 0.218132334375 0.8553175109375001 0.19035455625 0.853273675 0.1665083203125 0.8372894328125 0.093983521875 0.8422464921875001 0 0.8090679359375 0
1 0.2568437375 1 0.2564182578125 0.9769495953125 0.20257141406249998 0.81311560625 0.22986247031249998 0.5933936375 0.21725325468749998 0.5634490421875 0.1843854296875 0.54636533125 0.13084520156249999 0.5599202812499999 0.10562491562500001 0.5953922265625 0.113682525 0.8208923765625 0.0515625 0.9933799999999999 0.0515625 1 0.2568437375 1
1 0.5180644328125 1 0.5180644328125 0.8685128125 0.5170844015625 0.8606906390625 0.4878607640625 0.7980037046875 0.49615061406249994 0.6249031046875 0.4808360609375 0.5915836546875 0.4615887390625 0.582099046875 0.421718059375 0.5858452875 0.40242931875 0.6099406328125 0.41636169375 0.7834291203125 0.3953125 0.8607223656249999 0.3953125 0.8794024874999999 0.42101721718749996 0.9434291203124999 0.42675069062500004 1 0.5180644328125 1
1 0.40460760625000003 1 0.40460760625000003 0.9808084265625 0.3981196296875 0.9441000718750001 0.357188778125 0.7810690546875 0.37395813125 0.6090828421875 0.3639110953125 0.57614788125 0.34694606875 0.5644400859375 0.288939684375 0.5644400859375 0.26810629218750004 0.5955596484375001 0.2848654984375 0.728408609375 0.27726634843750003 0.78834035 0.246875 0.8832892031250001 0.246875 0.8842168671875001 0.2783782 0.9794514624999999 0.2764281171875 1 0.40460760625000003 1
1 0 1 0.043414828125 1 0.042700184375 0.98583348125 0.080427925 0.8642914109375 0.055002507812500004 0.7910035171875001 0.07603856406250001 0.6057880375 0.058790470312499996 0.576597171875 0.046009139062499996 0.5634793375 0.0066451328125 0.5634793375 0 0.568408490625 0 1
1 0.8020152218749999 1 0.8018719640625 0.967436415625 0.7906434828125001 0.9139003953125 0.7885565453125001 0.8919060078125 0.7903956046875 0.8575556140625 0.7961606625 0.8108492140625 0.7967209937499999 0.786775140625 0.7916293890625 0.771049890625 0.7788240671875 0.7629298078125 0.7682134390625001 0.77217448125 0.761304328125 0.7898736984375001 0.7599860984375 0.824178525 0.7624430140625 0.8526088250000001 0.7609092765625001 0.8961729109375 0.746875 0.94800003125 0.746875 1 0.8020152218749999 1
1 0.7152398265625 1 0.714828146875 0.9903464984374999 0.7038446406250001 0.9153464984374999 0.70853475625 0.86719835 0.717882675 0.8125687203125 0.719396553125 0.78571686875 0.7156063171875 0.7704390906249999 0.7028364359375 0.76025390625 0.6893946296875 0.7658094609375 0.6831891734375001 0.7755316859375 0.678420740625 0.7903464984374999 0.6758948921875 0.8236798343749999 0.6765534343749999 0.869976128125 0.673396121875 0.9116427953125001 0.6640625 0.9399059671875001 0.6640625 1 0.7152398265625 1
1 0.62562771875 1 0.6123669171875 0.9467690531249999 0.6106785328125 0.87085221875 0.6142344828125 0.8320451500000001 0.61286045625 0.784822928125 0.609906046875 0.7727404359375 0.6030319171875 0.7601267953124999 0.5919597078125001 0.7553062515625 0.579073584375 0.7597086015625 0.5718852140624999 0.7720767796875 0.5681765546875 0.7877447906249999 0.569523640625 0.8340410875 0.577192609375 0.9008077562500001 0.5777763828125 0.9387616281250001 0.565416809375 1 0.62562771875 1
1 0.65 1 0.65 0.9777551062499998 0.64588924375 0.946868671875 0.63307141875 0.8912918484375 0.6381649328125001 0.7824667203125 0.6349699046875 0.770192884375 0.629449978125 0.7609821921875 0.6225566328125 0.7584217859375 0.614879528125 0.7584217859375 0.6089066890625 0.7645158609375 0.6133265390625 0.8083501109375 0.6078125 0.8992466140625 0.6078125 0.9338294140624999 0.6116327546875 0.9646342609375 0.6210710546875 1 0.65 1