1 0.52587719375 0.262090484375 0.5192982453125 0.2800312015625 0.5236842109375 0.3767550703125 0.50701754375 0.45319812812500004 0.5052631578125 0.5078003125 0.5192982453125 0.5889235562499999 0.525 0.5943837750000001 0.5438596484375 0.5936037437499999 0.5517543859375 0.5764430578125 0.5596491234375 0.5358814359374999 0.5631578953124999 0.4656786265625 0.545614034375 0.3767550703125 0.55 0.2753510140625 0.542543859375 0.26053042187500003 0.5328947375 0.257410296875 0.52587719375 0.262090484375
1 0.4697368421875 0.26833073281250003 0.46008771875 0.2761310453125 0.45526315781250004 0.2940717625 0.4596491234375 0.39079563125 0.44385964843750003 0.4625585015625 0.4412280703125 0.5109204375 0.44385964843750003 0.542121684375 0.4561403515625 0.60140405625 0.46359649062499997 0.6084243375 0.4798245609375 0.60764430625 0.48596491249999996 0.60296411875 0.49473684218749997 0.5655226203125 0.5017543859375 0.49375975 0.49912280625000005 0.4625585015625 0.48333333281249996 0.39703588125 0.48684210468750005 0.2878315125 0.4802631578125 0.2730109203125 0.4697368421875 0.26833073281250003
1 0.3938596484375 0.29095163749999997 0.3912280703125 0.30343213750000003 0.3938596484375 0.40639625625000003 0.37894736875 0.4750390015625 0.3763157890625 0.5265210609375 0.37894736875 0.559282371875 0.3912280703125 0.6170046796875 0.3978070171875 0.6224648984375001 0.4166666671875 0.6216848671874999 0.4228070171875 0.61076443125 0.43421052656250003 0.5514820593749999 0.43596491249999997 0.4953198125 0.417543859375 0.40171606875 0.421929825 0.3003120125 0.4153508765625 0.2839313578125 0.40394736875000004 0.2792511703125 0.3938596484375 0.29095163749999997
1 0.346929825 0.29173166875 0.33464912343750003 0.29017160625 0.3236842109375 0.3143525734375 0.328070175 0.40171606875 0.325438596875 0.43291731718750004 0.311403509375 0.4875195 0.3096491234375 0.545241809375 0.311403509375 0.5686427453125 0.325438596875 0.6326053046875 0.345614034375 0.6357254296875 0.3521929828125 0.6349453984375 0.3587719296875 0.6170046796875 0.3692982453125 0.553042121875 0.3701754390625 0.5156006234375 0.36666666718749996 0.48127925156250007 0.35175438593749997 0.41575662968750005 0.3561403515625 0.3127925109375 0.346929825 0.29173166875
1 0.392543859375 0.262090484375 0.385526315625 0.257410296875 0.37587719375 0.26053042187500003 0.368421053125 0.27691107656249997 0.371929825 0.3783151328125 0.3587719296875 0.4360374421875 0.3701754390625 0.5015600625000001 0.367543859375 0.5873634953125 0.3732456140625 0.5943837750000001 0.38333333281250004 0.5936037437499999 0.3763157890625 0.5374414984375 0.3763157890625 0.5 0.39298245625 0.40483619375 0.3947368421875 0.3845553828125 0.3903508765625 0.308112325 0.39298245625 0.29095163749999997 0.39912280624999996 0.2800312015625 0.392543859375 0.262090484375
1 0.332456140625 0.2800312015625 0.3232456140625 0.26833073281250003 0.31096491249999997 0.2714508578125 0.30350877187499997 0.2878315125 0.30701754375 0.38923556875 0.288596490625 0.48127925156250007 0.288596490625 0.5218408734375 0.296491228125 0.5764430578125 0.3048245609375 0.6068642750000001 0.3166666671875 0.60764430625 0.310526315625 0.562402496875 0.3096491234375 0.5078003125 0.3131578953125 0.47659906406249997 0.32631578906250003 0.42043681718750003 0.328070175 0.3845553828125 0.3236842109375 0.3143525734375 0.3333333328125 0.29095163749999997 0.332456140625 0.2800312015625
1 0.24473684218749997 0.2675507015625 0.23640350937500001 0.257410296875 0.22324561406250001 0.26053042187500003 0.21578947343750002 0.2800312015625 0.2192982453125 0.3783151328125 0.20087719375000002 0.4750390015625 0.2017543859375 0.5140405609375 0.21228070156249998 0.5764430578125 0.2171052625 0.5912636499999999 0.22807017499999999 0.5936037437499999 0.22280701718749998 0.543681746875 0.22280701718749998 0.4890795625 0.239473684375 0.40951638125 0.24035087656249998 0.3673946953125 0.23596491249999998 0.308112325 0.2377192984375 0.2940717625 0.24649122812500002 0.27691107656249997 0.24473684218749997 0.2675507015625
1 0.26578947343750003 0.29095163749999997 0.256578946875 0.2792511703125 0.24605263125 0.2808112328125 0.2368421046875 0.3003120125 0.24035087656249998 0.40327613125 0.2263157890625 0.4656786265625 0.221929825 0.5156006234375 0.224561403125 0.556162246875 0.232456140625 0.60140405625 0.23903508750000002 0.6209048359375 0.2517543859375 0.6232449296875 0.263596490625 0.6224648984375001 0.2666666671875 0.6170046796875 0.278070175 0.5639625578125 0.282456140625 0.5187207484374999 0.278070175 0.4641185640625 0.26403508750000004 0.40795631875 0.26842105312500003 0.301872075 0.26578947343750003 0.29095163749999997
1 0.164473684375 0.2667706703125 0.1557017546875 0.2714508578125 0.1482456140625 0.2940717625 0.15263157968750002 0.39079563125 0.1368421046875 0.45943837812500005 0.13333333281249998 0.5109204375 0.13859649062499999 0.557722309375 0.1482456140625 0.60296411875 0.15394736874999998 0.6084243375 0.1736842109375 0.60764430625 0.17894736875 0.60296411875 0.188596490625 0.559282371875 0.1938596484375 0.4875195 0.1877192984375 0.440717628125 0.17543859687500002 0.3861154453125 0.1807017546875 0.289391575 0.1732456140625 0.2714508578125 0.164473684375 0.2667706703125
1 0.0640350875 0.2753510140625 0.0666666671875 0.3783151328125 0.05 0.45319812812500004 0.0482456140625 0.49375975 0.0526315796875 0.540561621875 0.061403509375 0.5858034328125 0.0688596484375 0.5928237125 0.0868421046875 0.5936037437499999 0.0947368421875 0.5811232453125 0.1017543859375 0.548361934375 0.1087719296875 0.47659906406249997 0.0903508765625 0.37363494531249997 0.095614034375 0.27691107656249997 0.08640350937499999 0.257410296875 0.075 0.255850234375 0.0640350875 0.2753510140625
2 0.7021929828125 0.210608425 0.8938596484374999 0.21138845625 0.999561403125 0.2074883 1 0.0787831515625 0 0.0725429015625 0.000438596875 0.2059282375 0.125 0.210608425 0.628508771875 0.210608425 0.6837719296875 0.2059282375 0.7021929828125 0.210608425