1 0.2546875 0.5 0.2546875 0.36870577656250003 0.248496615625 0.34691024531250003 0.2446705 0.22376384374999997 0.23279238281249998 0.2021970578125 0.20740974531249998 0.19634516562499998 0.194829996875 0.20432033125000001 0.1896003625 0.2165292328125 0.2056394375 0.3558100546875 0.1953394078125 0.43938453437499997 0.19928020468750002 0.5 0.2546875 0.5
1 0.353125 0.5 0.353125 0.48512634062500004 0.333119159375 0.4078051921875 0.3377350296875 0.27986220156249997 0.32936854531250004 0.2598304234375 0.305967409375 0.25534034375000003 0.2957475234375 0.260217559375 0.2892429875 0.2817285390625 0.292712334375 0.386689053125 0.277061159375 0.4572326953125 0.277061159375 0.5 0.353125 0.5
1 0.459375 0.5 0.459375 0.273583159375 0.4458096421875 0.273583159375 0.43481156875 0.28440115 0.42763321562499995 0.4093192640625 0.418443521875 0.437002875 0.418443521875 0.5 0.459375 0.5
1 0.1576196140625 0.5 0.15952922187500002 0.341250478125 0.1625 0.3042190359375 0.1625 0.2527122328125 0.15484368125 0.23993643125 0.1330414171875 0.23515384374999998 0.12119538125 0.23973460000000002 0.116180571875 0.2534419015625 0.11450635625000001 0.3926228015625 0.0994476671875 0.45349069062499997 0.0994476671875 0.5 0.1576196140625 0.5
1 0.7396372703124999 0 0.729851375 0.0483802859375 0.73160145625 0.1079569609375 0.7396901765624999 0.14984194687500002 0.758627759375 0.2102191421875 0.7678869031250001 0.221875 0.778125 0.221875 0.778125 0 0.7396372703124999 0
1 0.6361160203125 0 0.6361160203125 0.0690170296875 0.6363125421875 0.0709781796875 0.6481822562499999 0.1258728890625 0.6520223140625 0.1296875 0.6786794578124999 0.1296875 0.6809947562499999 0.127783996875 0.6925625421875 0.07425436875 0.6953125 0.0174655640625 0.6953125 0.0088751703125 0.6934728578125 0 0.6361160203125 0
1 0.580184009375 0 0.580184009375 0.0677960453125 0.5813086000000001 0.06875 0.591825471875 0.06875 0.5954148328125 0.0683699546875 0.6042956593750001 0.052682740625 0.615216015625 0.0078288609375 0.6158788359375 0 0.580184009375 0
1 0.7955078125 0 0.79375 0.0114583328125 0.79453125 0.062847221875 0.80546875 0.11006944375000001 0.80546875 0.12256944375 0.813671875 0.134375 0.82734375 0.13506944375000002 0.833984375 0.131597221875 0.8390625 0.12118055624999999 0.85078125 0.07118055625 0.85546875 0.02118055625 0.8534830734375 0 0.7955078125 0
1 0.8555947578125 0 0.85703125 0.0197916671875 0.86484375 0.06423611093750001 0.873046875 0.071875 0.8875 0.07118055625 0.8953125 0.0614583328125 0.8984375 0.050347221875 0.90738075625 0 0.8555947578125 0
1 0.30028935 0.6193308484375 0.2959707203125 0.6205709640625 0.29138044375 0.6255457 0.28984312343749996 0.6290772453125 0.2891581078125 0.634810375 0.2913350546875 0.6591249171875 0.296637771875 0.688773571875 0.29829114218749997 0.7090282015625 0.296306953125 0.7270956468750001 0.290354484375 0.753049315625 0.2885947078125 0.7668034374999999 0.28762620625 0.783188678125 0.288775678125 0.8019785796875001 0.28994092656250003 0.8115451609375001 0.2927162984375 0.824357503125 0.3058767359375 0.870225984375 0.3059598828125 0.8703125 0.3265625 0.8703125 0.3265625 0.737460978125 0.3237422234375 0.7312559828125 0.320171628125 0.7181183515624999 0.3181285109375 0.7001515828125 0.31774679375 0.65545478125 0.3162115203125 0.6366469109375 0.3129952171875 0.6278495578125 0.307761315625 0.6214083718750001 0.30434027656249996 0.6195195234375 0.30028935 0.6193308484375
1 0.34297839531249996 0.5 0.343962190625 0.510503471875 0.343962190625 0.5385706015625 0.3401041671875 0.5562210640625 0.332195215625 0.5796585640625 0.32853009218749996 0.5949942125 0.3269868828125 0.6025173609375 0.3260223765625 0.61553819375 0.3260223765625 0.6392650468750001 0.327179784375 0.6517071765625 0.33508873437500003 0.6870081015625 0.3368248453125 0.698003471875 0.339043209375 0.7021990734375001 0.34290123437500003 0.7036458328125 0.35476466093750003 0.7035011578125 0.35611496875 0.702922453125 0.35476466093750003 0.69742476875 0.346662809375 0.6855613421875 0.34222607968749996 0.6757233796875 0.3397183640625 0.667621528125 0.337017746875 0.65546875 0.3358603390625 0.6421585640625 0.3358603390625 0.6323206015625 0.337017746875 0.6195891203125 0.3387538578125 0.6103298609375 0.342804784375 0.5967303234375 0.34646990781250003 0.5889178234375 0.3583333328125 0.57256944375 0.36778549374999997 0.5653356484375001 0.370196759375 0.5620081015625 0.3661458328125 0.5440682875 0.36576003125 0.5336516203125 0.3669174375 0.5029803234375 0.3673012671875 0.5 0.34297839531249996 0.5
1 0.4079140375 0.5 0.40896990781250003 0.508478009375 0.410320215625 0.5243923609375 0.410320215625 0.53336226875 0.40896990781250003 0.5443576390625 0.404340278125 0.5620081015625 0.40636574062499997 0.5653356484375001 0.4177469140625 0.574016203125 0.4280671296875 0.5903645828124999 0.43501157343749997 0.61148726875 0.4369405859375 0.62335069375 0.4382908953125 0.6274016203125 0.4392554015625 0.6375289359374999 0.438676696875 0.6473668984375001 0.4348186734375 0.667621528125 0.4292245375 0.6815104171875 0.424787809375 0.6899016203125 0.4137924375 0.70321180625 0.4173611109375 0.7059606484375001 0.4280671296875 0.7061053234375001 0.43279320937500004 0.70538194375 0.4348186734375 0.702922453125 0.44021990781250003 0.6791956015625 0.44195601875 0.6682002312499999 0.441570215625 0.66414930625 0.440412809375 0.661834490625 0.443402778125 0.6596643515625 0.4450424375 0.656915509375 0.44600694374999994 0.6381076390625 0.44600694374999994 0.61640625 0.4450424375 0.607146990625 0.4390625 0.6004918984375001 0.43790509218749996 0.5975983796875 0.4371334875 0.5912326390625 0.43404706718749997 0.585734953125 0.436554784375 0.5790798609375 0.4369405859375 0.5727141203125 0.436554784375 0.5677951390625 0.43231095625 0.5515914359374999 0.43076774687499997 0.5371238421875 0.4319251546875 0.5047164359375 0.4325240671875 0.5 0.4079140375 0.5
0 0.3429976859375 0.5970196765625 0.338946759375 0.610040509375 0.33663194375 0.625665509375 0.33605324062499997 0.6360821765625 0.33663194375 0.65054976875 0.33913966093750003 0.6644386578125 0.3429976859375 0.67398726875 0.34415509218749996 0.679484953125 0.34820601875 0.68758680625 0.350617284375 0.6900462968750001 0.354668209375 0.696990740625 0.36064814843750004 0.7033564812499999 0.37820216093750003 0.7134837968750001 0.38640046250000004 0.7142071765625 0.3944058640625 0.7137731484375001 0.4119598765625 0.70538194375 0.4202546296875 0.6964120375 0.4294174375 0.6815104171875 0.4328896609375 0.6693576390625 0.43501157343749997 0.6650173609375 0.43790509218749996 0.6522858796875 0.43848379687500005 0.6410011578125 0.437712190625 0.62711226875 0.4359760796875 0.6135127312499999 0.43038194374999994 0.5949942125 0.4280671296875 0.5897858796875 0.41851851875 0.5751736109375 0.41060956718749997 0.5676504625 0.4057870375 0.5644675921875 0.401350309375 0.5638888890625 0.3905478390625 0.559259259375 0.3822530859375 0.5595486109375 0.370293209375 0.5635995375 0.362384259375 0.569097221875 0.352739196875 0.5795138890625 0.34926697500000004 0.585590278125 0.346662809375 0.5883391203125 0.3429976859375 0.5970196765625
1 0.5663410125 0.5448401578125 0.57787218125 0.6606779312500001 0.5719574921875 0.6899194296875 0.56802581875 0.698960365625 0.564127128125 0.73383019375 0.563639275 0.759634828125 0.565831171875 0.7864866796875 0.573768728125 0.8265198187499999 0.588863275 0.8779551671875 0.593478103125 0.8828125 0.60625 0.8828125 0.60625 0.66514208125 0.6055519296874999 0.6628895421875 0.6027306343750001 0.6092586125 0.6040169140625 0.5678102703125 0.601984428125 0.5492674937500001 0.5928829 0.52993426875 0.5861794046875 0.5240876140624999 0.5794085703125 0.5237722578125 0.5710834828125 0.5298413484375 0.5663410125 0.5448401578125
1 0.647376440625 0.5538462546874999 0.648655390625 0.6678868203125 0.6430591890625 0.700916803125 0.6246397625 0.760996521875 0.6208881953125001 0.793196165625 0.6208881953125001 0.8581218859374999 0.633073990625 0.9319735937499999 0.6375021890625 0.9390625 0.669369509375 0.9390625 0.6721257171875 0.9351746500000001 0.6896219921875 0.8648490765625001 0.69375 0.8291545734374999 0.69375 0.7700538203124999 0.6786697890625 0.686312921875 0.678504503125 0.65572703125 0.6865288093749999 0.593188759375 0.6879475703125 0.560842021875 0.6839963875 0.5420808234375001 0.6796608828125 0.533952603125 0.6708821359374999 0.5269554265624999 0.6572865984374999 0.53079634375 0.6511946609375 0.5392437875 0.647376440625 0.5538462546874999
1 0.7087976218750001 0.8439578703125001 0.715554175 0.8067024671875 0.7424118390625 0.726879640625 0.7483266765625001 0.701661275 0.7460995625 0.66672175 0.7507756359375 0.6369556421875 0.7546875 0.5892334671875 0.7546875 0.544580953125 0.7525937859375 0.5404556921875 0.7454963593749999 0.5380600531249999 0.7368392921875 0.5431264140625001 0.730105115625 0.5540884640625 0.7273095640625 0.5643828328125 0.7234418859374999 0.6642190578125 0.7085617078124999 0.7076842375 0.7085617078124999 0.8453125 0.708682396875 0.8453125 0.7087976218750001 0.8439578703125001
1 0.7862894671875 1 0.803584515625 0.9303790156249999 0.8078125 0.8909705015625 0.8078125 0.8174513609374999 0.8077978078125 0.816608525 0.8044321406249999 0.8042952234375 0.8048200624999999 0.78762855625 0.7919177187499999 0.7143012750000001 0.7970721359375 0.6497627265625 0.804572103125 0.59653261875 0.8052832921874999 0.5659770640625 0.7982592109375 0.5427196140625 0.7870379375000001 0.5316661703125 0.773974003125 0.5325313609375 0.765132415625 0.5425283125 0.760100096875 0.5569879328125 0.7580670765624999 0.5995015921875 0.7613501453125 0.637780284375 0.7581066546875 0.7098841078125 0.7331641765625 0.795184625 0.7302711453125 0.8134009171875001 0.7302711453125 0.9626861078125 0.73586595625 1 0.7862894671875 1
1 0.8411458328125001 0.9420138890625 0.8505208328125 0.9364583328125 0.8645833328125001 0.8809027781250001 0.871875 0.83368055625 0.8703125 0.7753472218749999 0.85625 0.6910879624999999 0.8578125 0.649421296875 0.8645833328125001 0.5883101859375 0.8640625 0.5707175921875 0.8588541671875 0.553125 0.84921875 0.5443287031249999 0.84140625 0.5443287031249999 0.8346354171874999 0.5489583328125 0.8276041671875 0.5660879624999999 0.8260416671874999 0.5799768515625 0.8286458328125 0.6503472218749999 0.8276041671875 0.6892361109375 0.8083333328125001 0.762384259375 0.8119791671875 0.7984953703125 0.8161458328125001 0.8114583328125 0.8177083328125001 0.83368055625 0.8145833328125001 0.9271990734374999 0.8184895828125001 0.936921296875 0.8221354171874999 0.9396990734374999 0.8411458328125001 0.9420138890625
1 0.8875 0.875347221875 0.8984375 0.8234953703125001 0.9114583328125001 0.780902778125 0.9177083328125001 0.750347221875 0.9171875 0.7262731484375 0.909375 0.687384259375 0.9098958328125001 0.6512731484375001 0.9145833328125 0.6068287031249999 0.9145833328125 0.5734953703125 0.9096354171875 0.561921296875 0.9044270828125001 0.5572916671875 0.8955729171875 0.5572916671875 0.89140625 0.5609953703125 0.8854166671874999 0.574421296875 0.8838541671875 0.5901620375000001 0.8848958328125001 0.678125 0.8682291671875 0.7420138890625 0.8713541671874999 0.7651620375 0.8723958328125001 0.7966435187500001 0.8713541671874999 0.8586805562500001 0.8755208328125 0.8790509265625 0.87890625 0.88414351875 0.8838541671875 0.88460648125 0.8875 0.875347221875
1 0.98247635 1 0.9864583328125001 0.9614583328125 0.9854166671875 0.8883101859375 0.9609375 0.756828703125 0.9609375 0.7179398140625001 0.9713541671874999 0.6170138890625 0.9723958328125001 0.5660879624999999 0.96875 0.5494212968750001 0.9622395828125001 0.5359953703125 0.94609375 0.5258101859375001 0.9356770828125001 0.5276620375000001 0.92734375 0.53506944375 0.9171875 0.55960648125 0.915625 0.6234953703125 0.9203125 0.7040509265624999 0.9182291671874999 0.7549768515624999 0.890625 0.8596064812499999 0.8828125 0.903125 0.8822916671875 0.97164351875 0.8857808437500001 1 0.98247635 1
1 1 0.554105390625 0.99296875 0.5489583328125 0.98671875 0.5489583328125 0.97578125 0.5572916671875 0.9729166671874999 0.5651620375 0.9729166671874999 0.59756944375 0.9697916671875 0.6410879625 0.9697916671875 0.706828703125 0.9619791671875 0.7559027781250001 0.9651041671874999 0.78460648125 0.9776041671875 0.8447916671875 0.98125 0.8540509265624999 0.984375 0.8799768515625 0.9880208328125001 0.9383101859374999 0.9828626484375 1 0.9979533437499999 1 1 0.9919270812499998 1 0.554105390625