1 0.1819731421875 0.609375 0.1819731421875 0.40763011093749996 0.1680193578125 0.36241083281250003 0.15582207812499999 0.30650571718749997 0.153550996875 0.237956865625 0.1578473734375 0.1383974296875 0.15540237968749998 0.09120554374999999 0.151598265625 0.07472088593750001 0.1399591015625 0.0517316453125 0.1323656078125 0.044748928125 0.12283969374999999 0.04159125625 0.108407275 0.0461443421875 0.1014174359375 0.053976440625 0.09541635625 0.0668556296875 0.0900341140625 0.088515946875 0.09106752031250001 0.13950254374999999 0.106728459375 0.26759954375 0.10809405624999999 0.3139261765625 0.1039117625 0.352222825 0.0864059125 0.447911009375 0.0828125 0.48418364843750006 0.0828125 0.565779896875 0.082939565625 0.5678408140625 0.0894765734375 0.609375 0.1819731421875 0.609375
1 0.058778759375 0.609375 0.058778759375 0.41621826406249995 0.04896255 0.3823613671875 0.04472310625 0.33325391875 0.0454005734375 0.2669543953125 0.042353893749999996 0.23358768593749998 0.0344199921875 0.21096494531249999 0.026581874999999998 0.1998662140625 0.022117114062500002 0.1968885875 0.0064887125 0.1968885875 0.0027638640625 0.20018274531250002 0 0.208173859375 0 0.267013509375 0.011810746875 0.3366733796875 0.015067915625 0.37281786562499997 0.0036445109375 0.46146450312500004 0.0019550703125 0.52124916875 0.008418171875 0.572341978125 0.0171969796875 0.609375 0.058778759375 0.609375
1 0.359790865625 0.609375 0.359790865625 0.461322890625 0.351441146875 0.43483744375000005 0.3491257859375 0.4042818875 0.35051565 0.3606269765625 0.348972075 0.34025660625 0.3418248078125 0.32515310625 0.3358851546875 0.3225420296875 0.328663653125 0.3236801234375 0.3234375 0.33094159375 0.3234375 0.3792836046875 0.32753143281249997 0.4086220890625 0.329495984375 0.4345480140625 0.328575715625 0.4568460109375 0.3409380046875 0.502884678125 0.3435934078125 0.5241506640625 0.3445270640625 0.5640260968749999 0.3403313703125 0.609375 0.359790865625 0.609375
1 0.24377921875 0.609375 0.2534114046875 0.5502476281249999 0.2553713078125 0.5076489734375 0.2523031203125 0.4529466203125 0.23901696718749998 0.3768146375 0.24192913593749998 0.3268146375 0.25195416875 0.26207254999999996 0.25438097656249997 0.2204058828125 0.252423959375 0.20926446875 0.24705455937499998 0.198546625 0.237069325 0.191018009375 0.2259700390625 0.1936685171875 0.21767217656249999 0.2019109453125 0.20754145 0.2281998359375 0.2049528546875 0.27264428125 0.20750020781249998 0.3273405734375 0.2046419671875 0.3764146484375 0.19375 0.4165450328125 0.19375 0.609375 0.24377921875 0.609375
1 0.30044238125 0.609375 0.30996677031250003 0.5706379953125 0.31551013437500003 0.5301735187500001 0.3140205859375 0.48360095937500003 0.3018887671875 0.40741696562499996 0.3022304453125 0.38885898124999996 0.3107196578125 0.330033853125 0.31292239374999997 0.29396220781250004 0.3091637578125 0.279274890625 0.29861766562500003 0.2708669203125 0.2961852171875 0.2708669203125 0.28520542656250003 0.2774594375 0.27672613749999997 0.29679458125 0.2749977875 0.3226810421875 0.2767858890625 0.35162154375 0.27536939375 0.40447825625 0.2703125 0.42577496718749996 0.2703125 0.609375 0.30044238125 0.609375
1 0.192946 0.32606266875 0.1878050046875 0.3314545328125 0.1859375 0.33668268437500004 0.1859375 0.46188756093750005 0.198177696875 0.425137571875 0.2089709015625 0.3633006 0.2102640515625 0.3410601921875 0.2067061703125 0.3302574453125 0.2003888328125 0.32446544843749997 0.192946 0.32606266875
1 0.063092765625 0.609375 0.06177083437500001 0.5726171859375 0.059375 0.583035946875 0.059375 0.609375 0.063092765625 0.609375
1 0.0550515578125 0.3338587 0.053125 0.3373737 0.053125 0.48358138906250003 0.0704123375 0.4076773171875 0.074567575 0.3779749359375 0.0755949578125 0.3409924609375 0.067354459375 0.32881075000000004 0.060062792187500005 0.3290653796875 0.0550515578125 0.3338587
1 0.45 0.609375 0.5094863625 0.609375 0.5094863625 0.5461761875 0.48780278125 0.4691397421875 0.48525609999999997 0.4066397421875 0.48902706250000005 0.364654559375 0.48755565 0.3285434484375 0.48291369062499995 0.3107154046875 0.46613406093750004 0.29289820624999996 0.45 0.30183708125 0.45 0.406664509375 0.45130002343750003 0.4093135515625 0.451107471875 0.4141974140625 0.45527324374999995 0.4779952984375 0.45 0.5041234390625 0.45 0.609375
1 0.20131725937499997 1 0.200662878125 0.9982148750000001 0.196493596875 0.95003335 0.194159309375 0.9397480359374999 0.190304059375 0.9349489703125 0.1821011265625 0.9349489703125 0.1796875 0.9470238453125 0.1796875 0.9513873187499999 0.187238640625 1 0.20131725937499997 1
1 0.2929094625 1 0.2911193546875 0.9936271453125001 0.289764728125 0.9481961578125 0.28823192343750004 0.9417449843749999 0.28275778749999997 0.9349445078125 0.2760571203125 0.9360674453125 0.2734375 0.9432720124999999 0.2734375 0.9497827749999999 0.2791401890625 0.993975703125 0.278306234375 1 0.2929094625 1
1 1 1 1 0.609375 0.8956124109375001 0.609375 0.9167164453125001 0.7387832390625 0.8974585874999998 0.884079284375 0.8679773515625001 0.9258913 0.8578125 0.978856090625 0.8578125 1 1 1