1 0.778 0.1186666671875 0.7646666671875 0.1253333328125 0.752 0.14466666718750001 0.756 0.238 0.7293333328125 0.3166666671875 0.728 0.3513333328125 0.7493333328125 0.442 0.7686666671875 0.45066666718750004 0.8 0.45133333281250004 0.8206666671875 0.44666666718750003 0.8320000000000001 0.43533333281250003 0.8480000000000001 0.33399999999999996 0.844 0.31 0.8146666671875 0.24333333281249997 0.8119999999999999 0.13799999999999998 0.7966666671875 0.1226666671875 0.778 0.1186666671875
1 0.5980000000000001 0.11333333281249999 0.5853333328125 0.134 0.5906666671874999 0.23133333281250001 0.5693333328125 0.2926666671875 0.5733333328125 0.3406666671875 0.6053333328125 0.398 0.6106666671875 0.3486666671875 0.6333333328124999 0.2873333328125 0.6293333328124999 0.1806666671875 0.648 0.154 0.644 0.126 0.6313333328125 0.11200000000000002 0.6166666671875001 0.1066666671875 0.5980000000000001 0.11333333281249999
1 0.678 0.1626666671875 0.654 0.156 0.6386666671875 0.1673333328125 0.6306666671875 0.182 0.636 0.2793333328125 0.6093333328125 0.358 0.608 0.3953333328125 0.6293333328124999 0.48333333281249996 0.6486666671875 0.496 0.6839999999999999 0.49800000000000005 0.7073333328125 0.492 0.7186666671874999 0.4806666671875 0.7306666671875 0.4046666671875 0.7306666671875 0.37266666718749997 0.7213333328125 0.33799999999999997 0.696 0.2833333328125 0.6906666671874999 0.1766666671875 0.678 0.1626666671875
1 0.4186666671875 0.2046666671875 0.41333333281250006 0.25666666718750003 0.43 0.2626666671875 0.44400000000000006 0.2766666671875 0.45199999999999996 0.346 0.476 0.2766666671875 0.4693333328125 0.186 0.472 0.13 0.458 0.1106666671875 0.438 0.10400000000000001 0.42133333281249996 0.11399999999999999 0.41200000000000003 0.13133333281249998 0.4186666671875 0.2046666671875
1 0.538 0.2053333328125 0.5166666671875 0.21200000000000002 0.5026666671875 0.22999999999999998 0.5093333328125 0.3313333328125 0.484 0.40599999999999997 0.48 0.442 0.5066666671875 0.5473333328125001 0.53 0.5559999999999999 0.564 0.5553333328125001 0.5900000000000001 0.5466666671875 0.6 0.534 0.6106666671875 0.434 0.604 0.4006666671875 0.5706666671875 0.3353333328125 0.568 0.2326666671875 0.554 0.21200000000000002 0.538 0.2053333328125
1 0.4846666671875 0.1586666671875 0.47066666718750005 0.178 0.476 0.282 0.45066666718750004 0.36066666718749996 0.45466666718750004 0.3993333328125 0.46666666718750005 0.4233333328125 0.47866666718750006 0.434 0.484 0.4033333328125 0.508 0.33399999999999996 0.5013333328125 0.2326666671875 0.5153333328125 0.21200000000000002 0.532 0.2046666671875 0.5306666671875 0.17533333281250002 0.5046666671875 0.1493333328125 0.4846666671875 0.1586666671875
1 0.4086666671875 0.25866666718750003 0.3953333328125 0.2653333328125 0.3826666671875 0.2846666671875 0.38933333281250004 0.3953333328125 0.36666666718749996 0.462 0.36266666718749996 0.4993333328125 0.3846666671875 0.5146666671875 0.4106666671875 0.5433333328125001 0.42800000000000005 0.5806666671875 0.43200000000000005 0.6126666671875001 0.44400000000000006 0.6153333328125 0.46333333281250005 0.6106666671875 0.47866666718750006 0.5980000000000001 0.49066666718749996 0.49533333281249997 0.4773333328125 0.44333333281250004 0.4493333328125 0.3886666671875 0.44400000000000006 0.2793333328125 0.4326666671875 0.2653333328125 0.4086666671875 0.25866666718750003
1 0.3593333328125 0.2053333328125 0.348 0.2246666671875 0.3546666671875 0.32999999999999996 0.3293333328125 0.4206666671875 0.3386666671875 0.4846666671875 0.34199999999999997 0.49066666718749996 0.36 0.4966666671875 0.38933333281250004 0.386 0.38133333281250004 0.2873333328125 0.38933333281250004 0.27 0.41200000000000003 0.254 0.40800000000000003 0.2153333328125 0.3953333328125 0.2026666671875 0.37666666718749997 0.1973333328125 0.3593333328125 0.2053333328125
1 0.3566666671875 0.1533333328125 0.33799999999999997 0.1453333328125 0.322 0.1533333328125 0.308 0.174 0.316 0.2713333328125 0.2906666671875 0.354 0.2946666671875 0.3993333328125 0.312 0.46733333281249995 0.3166666671875 0.47466666718750006 0.33599999999999997 0.47933333281249996 0.3293333328125 0.44733333281250004 0.3293333328125 0.4126666671875 0.3546666671875 0.322 0.3466666671875 0.2233333328125 0.356 0.2073333328125 0.37333333281250003 0.194 0.368 0.1646666671875 0.3566666671875 0.1533333328125
1 0.274 0.1106666671875 0.2613333328125 0.13 0.2666666671875 0.2246666671875 0.24266666718750002 0.29533333281249996 0.24133333281249997 0.3273333328125 0.264 0.4153333328125 0.27799999999999997 0.42400000000000004 0.29733333281249996 0.426 0.2906666671875 0.35 0.31466666718749997 0.2713333328125 0.308 0.17266666718749998 0.3226666671875 0.14466666718750001 0.3213333328125 0.1286666671875 0.3133333328125 0.11399999999999999 0.29 0.10400000000000001 0.274 0.1106666671875
0 0.37 0.5066666671875 0.3206666671875 0.4853333328125 0.2593333328125 0.492 0.22200000000000003 0.5133333328125 0.192 0.5446666671875 0.176 0.5886666671875 0.18 0.654 0.19866666718749998 0.6900000000000001 0.21400000000000002 0.7106666671874999 0.24333333281249997 0.7333333328125 0.254 0.7386666671875 0.284 0.7406666671875 0.3166666671875 0.732 0.346 0.7373333328125 0.374 0.7213333328125 0.41200000000000003 0.6833333328125 0.42933333281249997 0.6406666671875 0.42933333281249997 0.5926666671875 0.4066666671875 0.5406666671875 0.37 0.5066666671875