1 0.609375 0 0.5693882578125 0 0.574175640625 0.071100984375 0.5432798390625 0.20341675312500002 0.5355428343749999 0.30586826718750004 0.5443125046875 0.38091675 0.569792471875 0.463562196875 0.57780089375 0.471875 0.609375 0.471875 0.609375 0
1 0.5328130765625 0 0.537500065625 0.086409703125 0.51473396875 0.183366615625 0.53027211875 0.2762157421875 0.5207375453124999 0.355982990625 0.5326660140625 0.40125453593750005 0.540624859375 0.4046875 0.5503600859375 0.4046875 0.53198241875 0.2837545359375 0.5399230484374999 0.21644849531250002 0.56875 0.0930305453125 0.56875 0 0.5328130765625 0
1 0.425125921875 0 0.4250484796875 0.0808511609375 0.400550828125 0.159600603125 0.400550828125 0.440625 0.44874606093749997 0.440625 0.47792821874999997 0.377194396875 0.4966808796875 0.30039316875 0.4984375 0.2752723390625 0.4984375 0.25348179531250004 0.47434921093750004 0.09347155 0.48468388906250004 0 0.425125921875 0
1 0.30886528593749996 0 0.3094526546875 0.077339084375 0.29455511093750003 0.126415234375 0.29455511093750003 0.409375 0.3176659515625 0.409375 0.334825625 0.3994269140625 0.3623648921875 0.320664975 0.371875 0.24409595 0.371875 0.1975597953125 0.35259654687499997 0.077315203125 0.36217670625 0 0.30886528593749996 0
1 0.22434607343750002 0 0.23482862187500003 0.07024402187499999 0.2331251640625 0.1103216046875 0.2702318390625 0.140737575 0.2890625 0.17362590312499998 0.2890625 0.1443069171875 0.27584729375 0.0943130109375 0.275563565625 0 0.22434607343750002 0
1 0.423619071875 0 0.434375 0.0873974296875 0.434375 0 0.423619071875 0
1 0.434375 0.0981127328125 0.41617217812499996 0.2028935546875 0.42071217031249997 0.2171875 0.42351079062499997 0.2171875 0.434375 0.149562703125 0.434375 0.0981127328125
0 0.1254565421875 0.44876101406249996 0.1330550703125 0.45 0.1947751296875 0.45 0.23343368281250002 0.43122909062500003 0.26710638124999997 0.383915178125 0.283060665625 0.3395361890625 0.2875 0.29518909375 0.2875 0.23439055312499998 0.2839656359375 0.2092256828125 0.25184531875 0.1438067203125 0.21996806875 0.11725419374999999 0.1670715609375 0.1072701515625 0.120761084375 0.1276742453125 0.0784638375 0.179600028125 0.0618996296875 0.223036625 0.0618996296875 0.3631431796875 0.096621409375 0.42736374218749995 0.1254565421875 0.44876101406249996
2 1 0.44255520312499996 0.685074375 0.4398193234375 0.6663405328125 0.4424880171875 0.609375 0.44131974218750003 0.609375 0.578430509375 0.644731184375 0.5775429078125 0.8412803562500001 0.58125 1 0.58125 1 0.44255520312499996
1 0.1169519171875 0.6796875 0.113264459375 0.76093679375 0.11702798750000001 0.7828158734375 0.149740721875 0.853125 0.1736202671875 0.853125 0.18466631718749998 0.846048784375 0.190041384375 0.832419315625 0.19375 0.8093416234375 0.19375 0.7150632890625 0.1855466515625 0.6848571765625 0.1824692234375 0.6796875 0.1169519171875 0.6796875
1 0.3377074296875 0.6796875 0.328529059375 0.705940234375 0.3305960625 0.7769784859375 0.3506858796875 0.8423406921875 0.36922007031250004 0.859375 0.3794038703125 0.859375 0.38389015312499997 0.8583533187500001 0.397958609375 0.8417906234375 0.403125 0.819931803125 0.403125 0.7018160484375 0.3941589546875 0.6796875 0.3377074296875 0.6796875
1 0.609375 0.6796875 0.561637834375 0.6796875 0.5504125015625 0.7118746781249999 0.549227396875 0.7500414078125 0.5553150203125 0.7883774109375 0.5776989953125 0.85437436875 0.58465905 0.8640625 0.6083343828125 0.8640625 0.609375 0.861698109375 0.609375 0.6796875
1 0.753125 1 0.753125 0.9734863171875 0.7458831640625 0.962909875 0.7376091671875 0.9636418390625 0.7305152953125 0.9787317171875 0.7313585609375 1 0.753125 1
1 0.8237446265624999 1 0.82423205 0.9966106859374999 0.825 0.9801225046875001 0.825 0.9693833234374999 0.8201615609375 0.9550581296875 0.811479896875 0.9508387296875 0.8044934343750001 0.9550740031250001 0.800784575 0.96182126875 0.7984375 0.9798006390625 0.7984375 1 0.8237446265624999 1