1 0.375 0 0.375 0.1305492125 0.3761678828125 0.1359375 0.3979432203125 0.1359375 0.4009286453125 0.13217456562500002 0.41312855156249995 0.08800022187499999 0.41823436875000003 0.047772084375 0.4171739 0 0.375 0
1 0.292539234375 0 0.2921875 0.0026235531249999998 0.2921875 0.024391846875 0.29547615 0.052967159374999996 0.304729509375 0.08523030625 0.307124784375 0.0875 0.3223122625 0.0875 0.3227238265625 0.0865374609375 0.3227238265625 0.0474634375 0.31956493125 0.0235821015625 0.3220847265625 0 0.292539234375 0
1 0.3171875 0 0.3171875 0.0984375 0.33446262187500003 0.0984375 0.32923793749999997 0.060482631249999995 0.329269315625 0.0202746671875 0.333798359375 0 0.3171875 0
1 0.35665245 0 0.35441311249999996 0.028804967187500002 0.36292575 0.076844578125 0.377016434375 0.115625 0.38110486875 0.115625 0.38110486875 0 0.35665245 0
1 0.4328125 0 0.4328125 0.08987945625 0.4406751296875 0.11921086875 0.45391713593749994 0.1203125 0.45932523906249995 0.1203125 0.46225187500000003 0.116184609375 0.47694974375 0.051026062500000004 0.47731896875 0.0053562015625 0.4764666609375 0 0.4328125 0
1 0.484375 0 0.484375 0.1 0.5025870343750001 0.1 0.512505021875 0.06461983906249999 0.5135811312499999 0.017607714062499998 0.51609013125 0 0.484375 0
0 0.6 0 0.528125 0 0.528125 0.082608265625 0.5289502609375 0.08658407031250001 0.541161559375 0.112385528125 0.5594599515625001 0.125 0.5749523828124999 0.125 0.5852324234374999 0.1231755515625 0.5979563734375 0.1120743390625 0.6 0.1079227609375 0.6 0
1 0.9008212453125001 0 0.9047599578125001 0.044722103125 0.8935357515625 0.08760255156249999 0.8890625 0.12460283750000001 0.8890625 0.134825928125 0.8924531874999999 0.1694615875 0.9113972578125 0.2203125 0.928562959375 0.2203125 0.9376254171875 0.197907540625 0.9403322328125 0.1851475796875 0.9403322328125 0.100001778125 0.9248960343749999 0.0461813046875 0.9250120765625001 0 0.9008212453125001 0
1 1 0 0.98125 0 0.98125 0.1765625 0.9886758421875002 0.1765625 0.9916648359375 0.17122764375 1 0.14828762812500002 1 0.05147899375 0.9966204359375 0.037059948437500004 1 0.0049342296875 1 0
1 0.9472265156249999 0 0.9520535515624999 0.0430868296875 0.94375 0.080331715625 0.94375 0.0852564109375 0.95312083125 0.130658053125 0.9545000359374999 0.17641672343749998 0.9654566718750001 0.1953125 0.9809705703125001 0.1953125 0.9809705703125001 0.0731441265625 0.969969859375 0.040695117187500005 0.9689901421875 0 0.9472265156249999 0
1 0.8466083421875 0 0.8500511062499999 0.037744890625 0.8421875 0.069390215625 0.8421875 0.1028816859375 0.848747346875 0.0989235609375 0.8654497093749999 0.09987872812500001 0.8729654968749999 0.10625 0.8769978843749999 0.10625 0.8769978843749999 0.065828803125 0.8673761234375 0.037341646875 0.8663601640625 0 0.8466083421875 0
1 0.7921926296875 0 0.7926538375 0.0387358625 0.7799043265625001 0.079797890625 0.7796875 0.080990978125 0.7796875 0.164495253125 0.7912629875 0.196875 0.8073060234374999 0.196875 0.8091580328125 0.1940343140625 0.81028274375 0.1457121640625 0.8170821046875 0.12184158281249999 0.825741775 0.1074638078125 0.822239853125 0.07908222499999999 0.8107030984375001 0.0382327828125 0.812942490625 0 0.7921926296875 0
1 0.7024306296875 0 0.7019301484375 0.036600867187500004 0.69375 0.058538654687500004 0.69375 0.1797213390625 0.695275103125 0.184375 0.7097791640625 0.184375 0.7108944484374999 0.18329670781250001 0.725267803125 0.1473454328125 0.730832728125 0.12059657343750001 0.7294077578125 0.0815897515625 0.7191848203125 0.038346395312499996 0.722682446875 0 0.7024306296875 0
1 0.7588149953125 0 0.7605804203125001 0.0293007046875 0.7507945828125 0.0632905875 0.7484375 0.0792503640625 0.7484375 0.1061230859375 0.7497699140625 0.1235113828125 0.760750665625 0.157977875 0.7641044296875 0.1625 0.7781232296875 0.1625 0.7807773921875001 0.155709290625 0.7785479296875 0.107265884375 0.7852197484375 0.0726139015625 0.7852197484375 0.0644615578125 0.7758498656249999 0.0319768390625 0.776633159375 0 0.7588149953125 0
1 0.8890741828125 0 0.8916384125000001 0.030728765624999998 0.884375 0.06570495625 0.884375 0.0853549359375 0.8892935671875 0.1255060609375 0.8917604593749999 0.13125 0.8937748390625 0.13125 0.8977534578125 0.088567971875 0.9023234531250001 0.068191434375 0.9023234531250001 0 0.8890741828125 0
0 0.8787685406250001 0.1757387171875 0.8790242984375001 0.147647715625 0.8753459796874999 0.1278527015625 0.8645084187500001 0.1065530875 0.8525034828125 0.09937166562500001 0.8385652890624999 0.10168313281250001 0.8268518468749999 0.1131967375 0.815625 0.1356706078125 0.815625 0.21865774999999998 0.820821453125 0.22858451875000002 0.8250754171875 0.23125 0.8537773171874999 0.23125 0.86109366875 0.224431596875 0.8723539562500001 0.2029235671875 0.8787685406250001 0.1757387171875
1 0.9180176609374999 1 0.9014483078125 0.92655309375 0.8781224390624999 0.8524211656249999 0.8773194140625 0.8040667625000001 0.8904124390625 0.7209581796875 0.8928736609375001 0.6605554953125 0.8875664453125001 0.6376641296875001 0.87883991875 0.6221190265625001 0.8557701359375001 0.6097643203125 0.8445180453125 0.6136621453125001 0.831497096875 0.626939815625 0.8227892234375 0.6449678875 0.8177561171875001 0.6663960140625 0.8154223015625 0.7066564078124999 0.8214591890625 0.745671284375 0.8240677484375001 0.8007612875 0.8225363218750001 0.8383451796875001 0.8196916046875 0.8571129359375 0.7909330328124999 0.9333246421875 0.7849334609375 0.961456115625 0.784375 0.9629870046875 0.784375 1 0.9180176609374999 1
1 0.6 1 0.6919834765624999 1 0.6919834765624999 0.9781288703125 0.680664640625 0.9326128859375 0.6437002625 0.829059625 0.6408401328125 0.802201890625 0.6409372734375001 0.7579146515625 0.6485692921874999 0.6868301578125 0.6443522015625 0.6371496015625 0.6397255203125 0.6210180281250001 0.62988180625 0.6041850765625 0.6150163390625 0.5933621546875 0.6004633265625 0.5932774859375 0.6 0.593663678125 0.6 1
1 0.7230878203125 1 0.7243878546875 0.9344701687499999 0.73569449375 0.8589475296875001 0.744366865625 0.8296012984375001 0.744366865625 0.7242728328125001 0.728005859375 0.6857609078125 0.7236054390625 0.64151399375 0.7284535734375 0.5486707281250001 0.7240531515625 0.5044238156249999 0.7174539578125 0.484418625 0.7088161625 0.4718524390625 0.697999075 0.4640406953125 0.683375715625 0.4630371390625 0.67457774375 0.467273671875 0.6628775375 0.4823291078125 0.6578125 0.509588084375 0.6578125 0.513618378125 0.6586715421875 0.55432668125 0.6734878906249999 0.6252095437499999 0.6767836953125 0.67485784375 0.675619190625 0.692355896875 0.6578125 0.7565594250000001 0.6578125 0.8257367546874999 0.65860980625 0.8311754734375001 0.694578365625 0.9217248 0.7153911921875 1 0.7230878203125 1
1 0.77669403125 1 0.7804509312500001 0.9809245109375 0.7970403515625 0.9239164828125 0.819991740625 0.8618298218749999 0.8196111625 0.8483747265625 0.8000708187499999 0.7937151421875 0.792660828125 0.7544016421874999 0.7963956546875 0.6833575328125 0.8052370968750001 0.6313635890625 0.8047571140625 0.592372859375 0.7961982765625 0.5577089328125 0.789518203125 0.5466479062499999 0.78109570625 0.5413877453125 0.7580057015625 0.5413877453125 0.7492616796875 0.5474604015625 0.7395156453125 0.5638031859375 0.7342584953125 0.5810269109374999 0.731779021875 0.6279422234375 0.741310615625 0.7251352265625 0.7388311468750001 0.772050540625 0.70237475625 0.877851515625 0.6984375 0.9003389984375 0.6984375 1 0.77669403125 1
1 1 1 1 0.525674284375 0.9979607484375 0.518512303125 0.9889118328125001 0.502611890625 0.9794885578125001 0.49594007656250005 0.949999228125 0.49594007656250005 0.9375398562499999 0.5230140765625 0.935880140625 0.5683691234375 0.9548884890625 0.67241099375 0.9567876390624999 0.7193101328125 0.9398099703125 0.782488421875 0.9265625 0.8534828890625 0.9265625 0.8662377484375 0.930217565625 0.8821908562499999 0.9578735249999999 0.9519792015625 0.9719200890625 1 1 1
1 0.82182996875 0.7334897234375 0.818828734375 0.73169436875 0.8138160656250001 0.7407341859375001 0.80625 0.7677847859375 0.80625 0.8047816515624999 0.8194534796875 0.840625 0.82223030625 0.840625 0.8242043718750001 0.8349216375000001 0.8256222046874999 0.7987284828125001 0.82458075 0.757360040625 0.82182996875 0.7334897234375
1 0.895984334375 0.859375 0.924349753125 0.762581728125 0.921478346875 0.7371791921874999 0.899116296875 0.6714319062499999 0.890625 0.7430558609375 0.890625 0.859375 0.895984334375 0.859375
1 0.8347160859375 0.533378775 0.8437250953125 0.6085465609374999 0.8475365984375 0.6132445468750001 0.8523876046875 0.6092177015625 0.86763361875 0.611902265625 0.8780286296875 0.618613675 0.8901561421874999 0.6380767625 0.8908491421875 0.644788171875 0.8936211453125 0.6367344796875 0.8963931484375 0.58572776875 0.90401615625 0.5226405203125 0.90470915625 0.49847944687499995 0.901937153125 0.4756606546875 0.8970861484375 0.45955327187500006 0.8891166406250001 0.44948615781249995 0.876642628125 0.44143246718749996 0.857931609375 0.4441170296875 0.8409530921874999 0.4649224 0.8340230859375 0.5038485734375 0.8347160859375 0.533378775
0 0.6 0.41875 0.6 0.5918451453125 0.6001353515625001 0.5917680375 0.613995365625 0.5917680375 0.6285483796875 0.6011640093749999 0.6399828921874999 0.6219693796875 0.6479524 0.6696203859375001 0.6621589140624999 0.6300230703125 0.6524569046875 0.5494861578125001 0.6524569046875 0.5239828015625 0.658000909375 0.4796875 0.651070903125 0.45821099062500004 0.6340923859375 0.428009646875 0.625034365625 0.41875 0.6 0.41875