1 0.186507753125 0 0.17473749375 0.0144770171875 0.1855284734375 0.1309878078125 0.1495581984375 0.24170667343750002 0.14930713281250002 0.259375 0.2734375 0.259375 0.2734375 0.20439554375000002 0.272894778125 0.20235525937499999 0.23720329375000002 0.12710004531250002 0.24046483749999997 0.043558875000000004 0.235340884375 0.0103294578125 0.2278804578125 0 0.186507753125 0
1 0 0 0 0.259375 0.01789895625 0.259375 0.0171077375 0.2397198671875 0.034375 0.171271759375 0.034375 0.14971148750000002 0.0180261234375 0.1113564484375 0.0248401953125 0.01829129375 0.0163626640625 0 0 0
1 0.0817942640625 0 0.0680395515625 0.0118097171875 0.0627793734375 0.0281643671875 0.0704763109375 0.1238184859375 0.033558093750000004 0.221634359375 0.031946960937500005 0.259375 0.136719540625 0.259375 0.14375 0.22110111250000003 0.14375 0.1906768890625 0.11691873281250001 0.12890359375 0.121680240625 0.026834660937499998 0.108155790625 0.0034355671875 0.095095659375 0 0.0817942640625 0
1 0.3426222203125 0 0.3298208375 0.017577340625 0.33396020000000004 0.1150924703125 0.3040324671875 0.189785296875 0.30280715625 0.259375 0.307535128125 0.259375 0.31775084531250003 0.24534798593749998 0.3479971703125 0.2254170625 0.3908404640625 0.2217890953125 0.4140625 0.2300838984375 0.4140625 0.20731813125 0.40936190625 0.1819578125 0.3786030546875 0.113793496875 0.3834061203125 0.018399523437500002 0.37056004531250003 0 0.3426222203125 0
1 0.4773383953125 0 0.45782666875 0.017283015625000002 0.457693475 0.1222319953125 0.42180720312500003 0.1925381109375 0.42160566875 0.1932881359375 0.42160566875 0.259375 0.5359375 0.259375 0.5359375 0.2323500734375 0.5304862109374999 0.20110388750000002 0.5039972625 0.1262342671875 0.51484474375 0.0216594390625 0.5033920078125 0 0.4773383953125 0
1 0.5654333125 0 0.5494423703125 0.020475931250000003 0.5496685515624999 0.108321653125 0.5304440125000001 0.15070768750000002 0.5304440125000001 0.20965211875 0.5383313390625 0.24182132968749998 0.5365809484375 0.259375 0.6131616125 0.259375 0.6171875 0.2314563375 0.6171875 0.1919809703125 0.6122731109374999 0.1647681375 0.5890929390624999 0.104110940625 0.5994423703125 0.0181471421875 0.5894795515625 0 0.5654333125 0
1 0.2406811625 0 0.2338867203125 0.0047956531249999995 0.23210100625000002 0.1333047234375 0.2642438625 0.210617653125 0.2756428375 0.259375 0.2942735984375 0.259375 0.2953125 0.24590555468750003 0.2953125 0.17385245 0.26960100625 0.108423778125 0.2713867203125 0.0180099453125 0.2565195640625 0 0.2406811625 0
0 0.4819643109375 0.6546875 0.4972116875 0.6546875 0.5061831875 0.64189463125 0.50979344375 0.6325080359374999 0.5125 0.610390171875 0.5125 0.6101142390625001 0.510074921875 0.5973865187499999 0.5036017171875 0.5870248734375 0.49712203906249997 0.5817452078125 0.4919137046875 0.5819574296875001 0.4811088328125 0.5897892859375 0.4751790890625 0.598808415625 0.473448384375 0.6044844781250001 0.473448384375 0.6400641703125001 0.4735162640625 0.640453859375 0.4819643109375 0.6546875
1 0.55135084375 0.271875 0.5495473484375 0.27719495 0.55275195 0.30120840625 0.5493184203125 0.317070384375 0.5488771890625 0.34118992187499997 0.5539926187499999 0.3614390546875 0.555617084375 0.3640625 0.5578125 0.3640625 0.5578125 0.27294139375 0.5542048015625001 0.271875 0.55135084375 0.271875
1 0.58125 0.30409414375 0.57968325 0.298728084375 0.58125 0.2814870140625 0.58125 0.2706423296875 0.578765290625 0.2700841140625 0.57651993125 0.2700841140625 0.5733616078125 0.2713749984375 0.5739540859375001 0.29906176875 0.5679413578125 0.318390634375 0.5679413578125 0.34462216562500003 0.5698295421874999 0.3546875 0.57895825 0.3546875 0.58125 0.3495472140625 0.58125 0.30409414375
1 0.6107714015625 0.3384351 0.6109375 0.335986775 0.6109375 0.3116445421875 0.6068669953125 0.2937783109375 0.606743096875 0.2724820140625 0.5991775484375 0.2697273390625 0.59789431875 0.2728922421875 0.59956455625 0.2915017671875 0.5944639578124999 0.30971693437500003 0.5940562515625001 0.3291310453125 0.598756809375 0.3484375 0.6066034671875 0.3484375 0.6107714015625 0.3384351
1 0.63125 0.3375 0.63125 0.2890438921875 0.629723225 0.283060184375 0.6291269765624999 0.27011237499999996 0.625201871875 0.2669852953125 0.6228769765625 0.27029423124999996 0.6229631671875 0.285109046875 0.618877303125 0.299119175 0.617964921875 0.3213717046875 0.6204568984375001 0.3375 0.63125 0.3375
1 0.49545108281249994 0.2754676171875 0.4943479421875 0.2865605390625 0.4904277546875 0.299805721875 0.4904277546875 0.340625 0.499624990625 0.340625 0.5015625 0.33514998125 0.5015625 0.2738804015625 0.49952717343749997 0.272363284375 0.49545108281249994 0.2754676171875
1 0.521875 0.3484375 0.521875 0.2906325328125 0.521361459375 0.288483271875 0.5210194265625 0.273677546875 0.5159366859375 0.2712763671875 0.51284788125 0.2763098671875 0.514860271875 0.292994715625 0.51155646875 0.3077368015625 0.5117551687499999 0.329014915625 0.51666969375 0.3484375 0.521875 0.3484375
1 0.537017884375 0.2942638390625 0.5375 0.28966741875 0.5375 0.2716448625 0.5334451578125 0.27088317812499996 0.5298709921875 0.2742815984375 0.5294565718750001 0.299233084375 0.524553915625 0.31516423437499996 0.524553915625 0.35625 0.532668390625 0.35625 0.537015 0.34782199375 0.5375 0.3444895359375 0.5375 0.296916440625 0.537017884375 0.2942638390625
1 0.5637044265625 0.29217386093750003 0.5637044265625 0.271803490625 0.5582356765625 0.2711495546875 0.55693359375 0.3021226 0.56162109375 0.31710110937499997 0.562990690625 0.3390625 0.5640625 0.3390625 0.5640625 0.293523171875 0.5637044265625 0.29217386093750003
1 0.5857069625 0.2694918546875 0.58204628125 0.2728690046875 0.583039325 0.299757234375 0.5890625 0.31776677812500004 0.5890625 0.284577046875 0.5885472328125 0.2828541234375 0.5882261171875001 0.271724825 0.5857069625 0.2694918546875
2 1 0.83937276875 0.7726466140625 0.83937276875 0.7725316890625 0.9171875 0.8149357593750001 0.9171875 1 0.914629796875 1 0.83937276875