1 0.0504667390625 0 0.051636071875 0.0273597125 0.0335087359375 0.12208538124999999 0.0335087359375 0.1632926578125 0.041052346875 0.20459469375 0.0629396484375 0.2078125 0.07123445 0.2078125 0.09375 0.11912970781250001 0.09375 0.1078924640625 0.0765778875 0.0287986578125 0.0796514890625 0 0.0504667390625 0
1 0.1179134078125 0 0.1176791140625 0.000463109375 0.1195362453125 0.0901718921875 0.0977164859375 0.1499125796875 0.0977164859375 0.2550313375 0.10516849375 0.2872753828125 0.1254370984375 0.290625 0.13563554687499998 0.290625 0.15929812968749998 0.2375509390625 0.1671875 0.190022928125 0.1671875 0.17351966875 0.15145423281249998 0.104945646875 0.1620232125 0 0.1179134078125 0
1 0.27482409375 0.4 0.278125 0.39300295625000004 0.278125 0.2134988796875 0.271164865625 0.1934826796875 0.2727809609375 0.061023434375 0.254490228125 0.0348871234375 0.234490228125 0.0334885875 0.2202809609375 0.057352276562500006 0.2323043765625 0.1741937609375 0.205739403125 0.2750796546875 0.23330701406249998 0.39963670625000003 0.23435235625 0.4 0.27482409375 0.4
1 0 0.3000879171875 0.0328125 0.2572713203125 0.0328125 0.2501083046875 0.0174489328125 0.167889975 0.0328125 0.06813149843750001 0.0328125 0.037856009375 0.0227368578125 0.0025259546875 0.019537590625 0.012380346875 0.005236857812500001 0.001506696875 0 0.0106071359375 0 0.3000879171875
1 0.4409581828125 0 0.3890625 0.134717925 0.3890625 0.4 0.7125 0.4 0.7125 0.1671583953125 0.7059281640625 0.1484919765625 0.6188038421875 0.0080277875 0.6189633671875 0 0.4409581828125 0
1 0.63794816875 0 0.63828404375 0.057731828124999995 0.7136131671875 0.20399856249999998 0.7144716671875 0.3515625 0.7381802921875 0.3515625 0.7622767328125001 0.3388843203125 0.8140625 0.251882196875 0.8140625 0.07381973281250001 0.8139090437500001 0.0696462765625 0.7834316265625001 0 0.63794816875 0
1 0.8798844453125 0 0.9066008125 0.06763473125 0.9089754250000001 0.1356347296875 0.885638321875 0.1875 0.9190992046875 0.1875 0.9609375 0.12314381875 0.9609375 0.0013975484375 0.9602087078124999 0 0.8798844453125 0
1 0.7783551109375 0 0.821238409375 0.1132906875 0.8192066953125 0.2296875 0.8217241734375001 0.2296875 0.8735920562499999 0.15726007656250002 0.88125 0.112701715625 0.88125 0.0742432421875 0.8594781359375 0 0.7783551109375 0
2 0.3890625 0.7422575609375001 0.1219826375 0.7328125 0.11462268281250002 0.7328125 0.11359212187500001 0.8112119984374999 0.3440823359375 0.81875 0.3890625 0.81875 0.3890625 0.7422575609375001
1 0.9075558078124999 0.753125 0.9135749375 0.7513917593749999 0.92095070625 0.743103875 0.928125 0.727834525 0.928125 0.6154511953125 0.9224548265625 0.585521803125 0.9225615546875 0.55775311875 0.928125 0.5195627421875 0.928125 0.4540616625 0.9258320265624999 0.4487776078125 0.9168743328125 0.441783165625 0.9030301984375001 0.44586802187499996 0.8950284703125 0.46456575000000006 0.8945287671875001 0.5742516109375 0.876982234375 0.626911215625 0.8694997375 0.6629677812500001 0.8748666671875001 0.750472328125 0.87813316875 0.753125 0.9075558078124999 0.753125
1 0.7226301140625 0.7578125 0.7549768703125 0.7578125 0.77041845 0.749914365625 0.7765625 0.733453171875 0.7765625 0.61101651875 0.7725005046875 0.5984926640625 0.7367205 0.567595990625 0.7032728140625 0.5710729203125 0.685859209375 0.5978357890625 0.6802397234375 0.6157822515625 0.6738337546875 0.6559236625 0.6769050203125 0.6767979046875 0.6883222984375 0.7130862953125 0.706210446875 0.7446294828125 0.7226301140625 0.7578125