1 0.039747093750000004 0 0.0524769625 0.061507289062500005 0.0604466859375 0.159140425 0.028560593750000002 0.31324515 0.031071184374999998 0.42570996875 0.0454113859375 0.5 0.1109375 0.5 0.1109375 0.45467057187500004 0.101555096875 0.363140221875 0.10986545 0.2742923265625 0.1109375 0.27044046875 0.1109375 0 0.039747093750000004 0
1 0.2671250046875 0 0.27811210937499997 0.0940077015625 0.23234021562499999 0.30697841718749996 0.23299430000000002 0.41667879843750005 0.24489986562500002 0.5 0.3984375 0.5 0.3984375 0.2338234421875 0.37017035468750004 0.157396571875 0.352978675 0.07525510625000001 0.354849925 0 0.2671250046875 0
1 0.116994596875 0 0.12391059374999999 0.124384259375 0.066132815625 0.35448118281249996 0.066132815625 0.449155740625 0.07492808125 0.5 0.20612218750000003 0.5 0.20391059218750002 0.4803447296875 0.2016883703125 0.3471827765625 0.21875 0.25904447343750003 0.21875 0.233212634375 0.190577259375 0.1310771546875 0.190577259375 0.0482369171875 0.1963823828125 0 0.116994596875 0
1 0.20127121093749997 0 0.194482290625 0.047861703125 0.19727181875 0.1277433625 0.221875 0.20453578125 0.221875 0.20049877500000002 0.2141197546875 0.09966495625 0.221875 0.016154046875 0.221875 0 0.20127121093749997 0
1 0.36322905625 0 0.36322905625 0.033054803125 0.366919675 0.0996486484375 0.36322905625 0.128587178125 0.36322905625 0.2140625 0.3635006421875 0.2140625 0.391931271875 0.12269661406250001 0.3953125 0.07434279375 0.3953125 0.03755876875 0.392286121875 0 0.36322905625 0
1 0.4296875 0.5 0.4296875 0 0.39502583125 0 0.40224450312500004 0.10227054843750001 0.38014404375 0.204771996875 0.38014404375 0.268234059375 0.393823609375 0.32984827499999997 0.3965638609375 0.42771433437499995 0.38509522500000004 0.5 0.4296875 0.5
1 0.602828621875 0 0.6149077640625 0.0457032890625 0.618818878125 0.090062890625 0.61230926875 0.22439569375 0.6149828078125 0.266593965625 0.63573091875 0.35801888437499996 0.6478621375 0.388035528125 0.6866379421875 0.4640625 0.726394353125 0.4640625 0.733537809375 0.4603957796875 0.7463950609375 0.443113271875 0.7515625 0.3392468703125 0.7515625 0.2911061921875 0.7503533843750001 0.2623805140625 0.7296052749999999 0.17095559531249999 0.6753965703125 0.0674537875 0.6634487375 0.031134623437499998 0.6604100859375001 0 0.602828621875 0
1 0.7719408624999999 0 0.7670033265624999 0.056589451562500004 0.7702649203125 0.102429734375 0.7820298046875 0.1561438953125 0.8164133421875001 0.237832646875 0.8217778156250001 0.2453125 0.83562356875 0.2453125 0.8392023453124999 0.24487447499999998 0.8601401937500001 0.23214742031250002 0.8712760515625 0.21162213125 0.8765625 0.15950867500000002 0.8765625 0.03269214375 0.8689866343750001 0 0.7719408624999999 0
1 0.7009612187500001 0 0.7038983203125 0.0666850625 0.752507471875 0.153310778125 0.768407171875 0.1983631328125 0.7752503359375 0.2 0.7828693828125 0.2 0.7859375 0.1965249046875 0.7859375 0.01853404375 0.7802571109375 0 0.7009612187500001 0
1 0.51663119375 0 0.5212297343750001 0.019569021875000002 0.52579003125 0.06560614375 0.5165584562500001 0.1790817484375 0.517957175 0.214705353125 0.5264135734375001 0.260651790625 0.550284040625 0.327213675 0.57081809375 0.36875 0.5899133890625 0.36875 0.6078125 0.3567599703125 0.6078125 0.3211756609375 0.5958323625 0.2506463671875 0.6032245046875 0.10784968125000001 0.56695464375 0.0331867109375 0.5635931859375 0 0.51663119375 0
1 0.43045194374999995 0 0.4403509328125 0.0353513578125 0.43999947031250003 0.1299572375 0.4457229 0.17441519375 0.4793576953125 0.2581856421875 0.483686475 0.265625 0.5046875 0.265625 0.5046875 0.2556835484375 0.490444040625 0.218814171875 0.4809345171875 0.16784950781250002 0.48154267187500005 0.058537746875 0.467880353125 0.0220747796875 0.46393972968749997 0 0.43045194374999995 0
1 0.46235401249999997 0 0.4721514796875 0.05678985156250001 0.462605996875 0.18076209999999998 0.48996344843750006 0.2843380078125 0.50474928125 0.3125 0.5204815421875 0.3125 0.53024134375 0.30713356875 0.53125 0.3014048984375 0.53125 0.2984559046875 0.51402685625 0.21742847968749998 0.5235602375 0.07872768125 0.5034799046875 0.0257759625 0.501547278125 0 0.46235401249999997 0
1 0.1061803640625 0.5 0.10200175156249999 0.5126055890625001 0.10200175156249999 0.55175966875 0.1036089875 0.5640625 0.11571687500000001 0.5640625 0.119795175 0.5555000890625 0.121875 0.54167859375 0.121875 0.5170527203125 0.118099228125 0.5 0.1061803640625 0.5
1 0.1300761828125 0.5 0.12470355468750001 0.5195422109375001 0.12470355468750001 0.5704519421875001 0.1305782765625 0.5734375 0.1344674625 0.5734375 0.140625 0.5574090734375 0.140625 0.505434925 0.13971886718749998 0.5 0.1300761828125 0.5
1 0.16228623281250001 0.5 0.162868625 0.504661753125 0.15877273125 0.531087003125 0.160586715625 0.553309225 0.16708820156249998 0.5755041750000001 0.172524146875 0.578125 0.1734375 0.578125 0.1734375 0.5 0.16228623281250001 0.5
1 0.1901189 0.5 0.1902717265625 0.5011989265625 0.18583799375 0.523707753125 0.1849820796875 0.5557750296874999 0.1974109484375 0.584375 0.2019320890625 0.584375 0.203125 0.5841868171875 0.203125 0.501885290625 0.202666853125 0.5 0.1901189 0.5
1 0.6241779078125 0.5 0.6237703453125001 0.5817691265625 0.6114844328125 0.6220319734374999 0.6114844328125 0.73480119375 0.6127112546875 0.74675580625 0.6186013140625001 0.7546875 0.640457203125 0.7546875 0.6414558546875 0.7536576937499999 0.6483928671875001 0.73033768125 0.65625 0.674162465625 0.65625 0.6514894140624999 0.65454880625 0.6263165625 0.6448640953125 0.582751584375 0.65145584375 0.5 0.6241779078125 0.5