1 0.29955306249999997 0 0.278209803125 0.029540198437499998 0.27681765625 0.1490210078125 0.2640625 0.19300026406249998 0.2640625 0.2403025734375 0.26765795312499996 0.24891191406250002 0.2695615203125 0.3267624203125 0.28181904375 0.3353139421875 0.2848012875 0.3359375 0.28957921249999996 0.3359375 0.3055439609375 0.3079361765625 0.305337721875 0.1717523359375 0.31840349843750004 0.1525260796875 0.32539904218750004 0.0553765875 0.3223639265625 0.01641496875 0.303356153125 0 0.29955306249999997 0
1 0.36856865 0.5296875 0.3928492484375 0.44225444999999997 0.391380040625 0.3894039234375 0.361099709375 0.30497931562499997 0.372906240625 0.18589862968749998 0.3617549671875 0.1591096046875 0.34237317031250003 0.142775284375 0.3400663265625 0.142775284375 0.310535528125 0.1726049703125 0.317446678125 0.29511819687499996 0.290625 0.37917813749999996 0.290625 0.4716220890625 0.3063982625 0.528160525 0.3077672171875 0.5296875 0.36856865 0.5296875
1 0.12218684531249999 0.2277859125 0.1286583296875 0.1166748 0.12017315937499999 0.1008509921875 0.10770587499999999 0.0970487984375 0.093934765625 0.0970487984375 0.07449166406249999 0.113519953125 0.081147428125 0.25048044687500004 0.0734375 0.2707142890625 0.0734375 0.44336926875 0.079430059375 0.45942048281250003 0.0914532453125 0.465625 0.1200898328125 0.465625 0.14114102343749999 0.440717128125 0.1557840546875 0.3328691578125 0.12218684531249999 0.2277859125
1 0.24573611562500003 0 0.24570897500000002 0.0241425265625 0.2453125 0.025444915624999998 0.2453125 0.184375 0.24772801718749998 0.184375 0.259555946875 0.17292912656249998 0.2670997171875 0.1447873234375 0.2681081328125 0.0339188953125 0.2745571171875 0 0.24573611562500003 0
1 0.2171875 0 0.2171875 0.0353060078125 0.227591334375 0.0796875 0.22895289531250002 0.0796875 0.24877953593750002 0.0170679515625 0.24842161875 0 0.2171875 0
1 0.11357479687500001 0 0.1113764609375 0.0896395359375 0.12144255156249999 0.1125 0.12389654375 0.1125 0.12876677187500002 0.108210684375 0.1336228015625 0.038766240625 0.12021929843750001 0 0.11357479687500001 0
1 0.0828125 0 0.0828125 0.04890361875 0.0871696296875 0.1015625 0.0880131046875 0.1015625 0.0955468625 0.08863212499999999 0.0955468625 0.06085165625 0.0912312609375 0 0.0828125 0
1 0.1015625 0 0.1015625 0.003322715625 0.11129368437500001 0.0721396109375 0.1169337640625 0.0918267359375 0.141955303125 0.12093925781249999 0.1497433375 0.22371703437499998 0.1574546640625 0.2375 0.1583483234375 0.2375 0.1583483234375 0.134859078125 0.152161484375 0.11876818125 0.14750921875 0.03000063125 0.1323888609375 0 0.1015625 0
2 1 0.462005846875 0.9385510921875 0.4616516234375 0.5890625 0.4616516234375 0.5890625 0.528793609375 0.6966506375 0.5296875 1 0.5296875 1 0.462005846875
1 0.7604918828125 0.4609375 0.76493083125 0.4573892203125 0.7648194140625 0.4221858453125 0.7568847234375 0.3876355796875 0.75910444375 0.33120866250000003 0.7536903109375 0.3203125 0.7469170984375 0.3203125 0.742427003125 0.3315525765625 0.743917759375 0.382551253125 0.7390625 0.4048500125 0.7390625 0.460227459375 0.7518864796875 0.4609375 0.7604918828125 0.4609375
0 0.108406690625 0.844492625 0.10842469218749999 0.825965015625 0.10520992656249999 0.8110865625000001 0.0975276625 0.7975197234375 0.08834125468750001 0.7908746015625 0.0784723640625 0.7897759421874999 0.066798496875 0.79698334375 0.058882699999999996 0.8093515218749999 0.0578125 0.8133591156250001 0.0578125 0.8670845187499999 0.0678309859375 0.886861796875 0.0695242359375 0.8875 0.08987239218750001 0.8875 0.0917893203125 0.887279990625 0.10367425 0.8638643406250001 0.108406690625 0.844492625
1 0 0.7284184453125 0.0027701640625 0.7510689421875 0.0065818796875 0.75625 0.0133440796875 0.75625 0.0162902828125 0.7533936796875 0.0228096359375 0.7304637890625 0.02473845625 0.699036871875 0.0163906734375 0.655209159375 0.0189911640625 0.610837465625 0.0161966109375 0.6047189125 0.0104997671875 0.6017410671875 0.0068323859375 0.603465603125 0.0044078296875 0.610328203125 0.0059201359374999995 0.6594750312500001 0 0.6842963531249999 0 0.7284184453125
1 0.050614725000000006 0.6069501468749999 0.044723771875 0.6093942390625 0.04145471875 0.6161718421875 0.0417214796875 0.6654279265625 0.0359375 0.683349475 0.0359375 0.759375 0.048426546875 0.759375 0.048828575 0.7587485624999999 0.0577026421875 0.7230318078125 0.0584221765625 0.7017051750000001 0.0507374359375 0.6631658437500001 0.0561459109375 0.6151693734375 0.050614725000000006 0.6069501468749999
1 0.092909659375 0.61886464375 0.0868321640625 0.615524959375 0.08216788750000001 0.6208754015625 0.08021725625000001 0.629299740625 0.0798391 0.6708754015625 0.0765625 0.68375573125 0.0765625 0.7671875 0.0878696328125 0.7671875 0.09388175 0.7485477125 0.097564059375 0.7252478890624999 0.0970365765625 0.7031166718749999 0.0910818046875 0.674837659375 0.09536455 0.6274940953125 0.092909659375 0.61886464375
1 0.0803239796875 0.6284513546875 0.0821289546875 0.6200178921874999 0.08807365625 0.612243340625 0.0864528015625 0.6054157171875 0.082393903125 0.6019790265625 0.07609001875 0.60423139375 0.07354420625 0.6113260328125 0.0742804546875 0.6574888234375 0.0671875 0.6821253328125 0.0671875 0.7401581625 0.0691437515625 0.75 0.07208470312500001 0.75 0.072277828125 0.7084481265625 0.080674103125 0.6700178921875001 0.0791026625 0.65255880625 0.0803239796875 0.6284513546875
1 0.11587235468749998 0.6099967484375 0.1118070953125 0.6198766499999999 0.11182423593749999 0.6641755437500001 0.109375 0.6727650640625 0.109375 0.7068461671875 0.116908790625 0.6805511125 0.1165117359375 0.6639572203124999 0.1197548046875 0.632427221875 0.12749684375 0.6182229765625 0.12068935 0.607926571875 0.11587235468749998 0.6099967484375
1 0.14201820625 0.7156272703125 0.133717615625 0.6801093890625001 0.1352011203125 0.6318247609375 0.132174903125 0.6250304421874999 0.1263810828125 0.6225529187500001 0.12259336406250002 0.6278502296874999 0.1207686453125 0.6390705234375 0.12321474375000001 0.6769515984375 0.1158512125 0.719054996875 0.115625 0.72790100625 0.115625 0.7420697546875 0.1218317828125 0.7743648921874999 0.12228454062500001 0.775 0.13823761875 0.775 0.14045247656249998 0.7678266890625001 0.14201820625 0.75660981875 0.14201820625 0.7156272703125
1 0.1584340953125 0.75 0.1584340953125 0.66569655625 0.158298384375 0.6626924328125 0.1543503625 0.631119946875 0.1584340953125 0.617330825 0.1584340953125 0.61055596875 0.1539631609375 0.602059453125 0.1488249890625 0.602682028125 0.1484375 0.6033462359375 0.1484375 0.6392083656249999 0.1513467625 0.6530691531249999 0.1484375 0.6715870546875 0.1484375 0.7071683125 0.15332469531249998 0.7407591 0.15698710625 0.75 0.1584340953125 0.75
1 0.16647869375 0.766934509375 0.1729818796875 0.7233796296875 0.17254185 0.7094937703124999 0.1654171734375 0.6808324890625 0.16292613125 0.6614031953125 0.16618041875 0.6391627921875 0.1657403890625 0.6252769328125 0.163437040625 0.618346125 0.15829466406249998 0.615625 0.1582283890625 0.615625 0.153125 0.62378694375 0.153125 0.766915728125 0.1555142625 0.771627771875 0.1596313828125 0.771875 0.1626773359375 0.771875 0.16647869375 0.766934509375
1 0.20490653281250001 0.6970860671875 0.195926715625 0.6593687875 0.19778742656249998 0.6169887703125 0.194801628125 0.6098104921874999 0.190586475 0.606692590625 0.1849057921875 0.609002703125 0.18268325937500002 0.615755828125 0.18609553125 0.6622647015625 0.18125 0.6857455046875 0.18125 0.7396545718749999 0.1856768953125 0.7574650093749999 0.1869784890625 0.759375 0.200309184375 0.759375 0.2051647578125 0.7288196015625 0.2051647578125 0.7013534828125 0.20490653281250001 0.6970860671875
1 0.22161458281250002 0.602546296875 0.2153645828125 0.6053240734374999 0.2130208328125 0.6113425921875 0.21510416718749997 0.6548611109375 0.20572916718749998 0.70023148125 0.20625 0.715972221875 0.2114583328125 0.7474537031249999 0.21614583281250002 0.7548611109375 0.2247395828125 0.7553240734375001 0.22760416718749998 0.7511574078125001 0.23333333281250002 0.715972221875 0.2328125 0.69375 0.22552083281250002 0.6604166671875 0.22760416718749998 0.615046296875 0.2265625 0.6085648140625001 0.22161458281250002 0.602546296875