1 0.3328125 0 0.3328125 0.084375 0.3336632984375 0.084375 0.3916842828125 0.0349624421875 0.3833624765625 0 0.3328125 0
1 0.018317031249999997 0 0 0.11787544375 0 0.152164371875 0.027246457812500003 0.2953125 0.02778265 0.2953125 0.053900309375 0.1222997625 0.0773992265625 0.088149546875 0.0773992265625 0 0.018317031249999997 0
0 0.5 0.3796875 0.5 0.035316128125 0.4867903125 0.026369062500000002 0.41821929375 0.026369062500000002 0.363388984375 0.06242068125 0.3341465609375 0.11004103750000001 0.3234375 0.1548762125 0.3234375 0.2526165359375 0.3368979796875 0.30094251562499996 0.3656006046875 0.3461056671875 0.4059156640625 0.3796875 0.5 0.3796875
1 1 0.0023567796875000003 0.9700443125 0.0022089546875 0.9671875 0.0049661875 0.9671875 0.0338217390625 0.9796309531249999 0.1183762703125 0.98114483125 0.1452523828125 0.9798322734374999 0.165625 1 0.165625 1 0.0023567796875000003
1 0.9400724578125 0.11339866093749999 0.9425052359375 0.0754356953125 0.9507067515625 0.0123272328125 0.9478256921875001 0.00457508125 0.9198193640625 0.0037053796875000005 0.91506593125 0.00895256875 0.9140625 0.015330939062500002 0.9140625 0.0406601 0.9151977484374999 0.0717700265625 0.9140625 0.0933426765625 0.9140625 0.1625 0.9461045328125 0.1625 0.9475223234375001 0.1593312 0.9400724578125 0.11339866093749999
1 0.8648403796874999 0.0036319062499999997 0.8158820468750001 0.006769300000000001 0.8125 0.0137180578125 0.8125 0.016019853125 0.8139442062500001 0.04081591875 0.8266103203125 0.12364860468750001 0.8301509984375001 0.1671875 0.8671875 0.1671875 0.8671875 0.00848609375 0.8648403796874999 0.0036319062499999997
1 0.9048816531250001 0.16671522968750002 0.9048816531250001 0.1304618625 0.8945413906249999 0.09771089375 0.892289528125 0.028311903125 0.889789625 0.011159546874999999 0.8770686046874999 0.0109375 0.8734375 0.0109375 0.8734375 0.1612847375 0.8750815484375 0.16534370781250002 0.8895015875000001 0.16698260468749998 0.893427821875 0.1671875 0.903867353125 0.1671875 0.9048816531250001 0.16671522968750002
1 0.78953645 0.16875 0.8035118703125 0.16875 0.8068185390625 0.1664930546875 0.803296603125 0.1450269515625 0.801895709375 0.1171764 0.8075727031250001 0.036863425 0.8076966015625 0.0155671296875 0.805897925 0.011315559375000001 0.78539550625 0.009375 0.7654828515625001 0.009375 0.7640625 0.010661334375000001 0.7640625 0.0361086078125 0.771236571875 0.10370812812500001 0.7672459796875 0.1627975796875 0.7693023765625 0.1675242421875 0.78953645 0.16875
1 0.7450520828125 0.0101851859375 0.7432291671875 0.016203703125 0.7494791671875 0.090277778125 0.7484375 0.1245370375 0.7421875 0.1504629625 0.7369791671874999 0.15972222187500001 0.73984375 0.1675925921875 0.7458333328125001 0.1699074078125 0.76640625 0.16851851874999998 0.7703125 0.1513888890625 0.771875 0.108796296875 0.765625 0.054166667187499996 0.7635416671874999 0.0115740734375 0.76015625 0.0083333328125 0.7450520828125 0.0101851859375
1 0.7489583328125 0.0865740734375 0.7432291671875 0.025462962500000002 0.7393229171875 0.015740740625 0.7229166671874999 0.01898148125 0.7276041671875 0.09953703750000001 0.725 0.11898148125 0.7140625 0.165277778125 0.7182291671875 0.16898148125 0.7341145828125001 0.1675925921875 0.7359375 0.15879629687500002 0.7432291671875 0.1476851859375 0.7473958328125001 0.1254629625 0.7489583328125 0.0865740734375
2 0.5 0.3796875 1 0.3796875 1 0.168777234375 0.9903645828125001 0.171296296875 0.9591145828125001 0.1675925921875 0.9440104171874999 0.172222221875 0.9236979171874999 0.172222221875 0.9096354171875 0.16851851874999998 0.8768229171874999 0.17314814843749998 0.8643229171875 0.171296296875 0.8393229171875 0.1768518515625 0.8205729171874999 0.1759259265625 0.8174479171875 0.172222221875 0.7903645828125001 0.1759259265625 0.7205729171874999 0.1759259265625 0.7075520828125 0.171296296875 0.5 0.175606828125 0.5 0.3796875
1 0.31532053437499996 0.3796875 0.3140625 0.383593628125 0.3140625 0.3957874125 0.31600550625 0.408815584375 0.31732679531249997 0.42983989375 0.3177239875 0.4699942015625 0.3185196953125 0.485721440625 0.3236382203125 0.5201196296875 0.32374800000000004 0.5266146125 0.32311787812500004 0.5301543437499999 0.3233785703125 0.540353028125 0.324718725 0.561840303125 0.324443615625 0.5778935328125 0.323010184375 0.5845235265625 0.3225207578125 0.602918575 0.32468989531250003 0.6143441359375 0.3303544421875 0.6317361671875 0.331717653125 0.6385861015625001 0.3357514828125 0.646363921875 0.340030546875 0.660160259375 0.34352595625000004 0.66612673125 0.353456728125 0.700800825 0.3547882375 0.7106735203125 0.35810364687499996 0.7236249421875 0.3620159015625 0.7588255859374999 0.3629386765625 0.8042769640625 0.361951175 0.82945248125 0.3583651078125 0.8592691718750001 0.3504632890625 0.9047956812500001 0.3480156375 0.9131405578125001 0.3479428 0.9189545984375 0.347723521875 0.9203125 0.3920405375 0.9203125 0.39369726875 0.9168100546875 0.3968787984375 0.9074717453125001 0.4 0.8916672906249999 0.4 0.6523822140625001 0.3992083234375 0.649175209375 0.3973976078125 0.64654594375 0.3902404171875 0.6267291281249999 0.38844856562499996 0.6245628296875 0.3879795765625 0.6206546484375 0.38543839062499996 0.6153016109375 0.383939721875 0.608928140625 0.3810804625 0.603370628125 0.3778971015625 0.5936599453125 0.372484603125 0.5748520234375001 0.36930805625 0.557706934375 0.36739856875 0.526047975 0.3686184671875 0.510376703125 0.3695666640625 0.5070414515625 0.36940107968749997 0.48777448281249997 0.3719616625 0.44039220468749996 0.37140935937499997 0.4116344953125 0.370226146875 0.39779961249999995 0.36711221875 0.385992096875 0.364725353125 0.3806255609375 0.3641194765625 0.3796875 0.31532053437499996 0.3796875
1 0.1213706 0.3796875 0.119741075 0.3820156828125 0.1145421078125 0.3924795 0.11020645 0.4082044765625 0.1081324234375 0.42887823281250004 0.1074850109375 0.44854517187500004 0.110203321875 0.4989609828125 0.1122925515625 0.5156973421875 0.11246049843749999 0.5304672171875 0.11346869687500001 0.5359508671875 0.11370765000000001 0.57542634375 0.1119490765625 0.6034715546875 0.1099753953125 0.6179043 0.108445025 0.621457415625 0.09600476875 0.66605908125 0.093154940625 0.6717674359375 0.0915113828125 0.6780983296875001 0.09080318125 0.6841438125 0.0828125 0.7051565234374999 0.0828125 1 0.1653146484375 1 0.167683115625 0.9925790890624999 0.1700631703125 0.9795082687499999 0.1772169515625 0.95507466875 0.190132221875 0.9025936421874998 0.1970957859375 0.8601584140625 0.1998523375 0.826512709375 0.2005152078125 0.8026880921874999 0.1999718046875 0.7782409359375 0.1980900796875 0.7564119843749999 0.196177440625 0.7428983859375 0.194079565625 0.737709134375 0.1935909234375 0.73080963125 0.1891423375 0.7077445875 0.177666246875 0.6682308062500001 0.174333015625 0.65179783125 0.17305993125000002 0.641480034375 0.1705805765625 0.6305396984375 0.16644665625 0.6035304828125 0.166605428125 0.576964040625 0.1687729890625 0.5426598406250001 0.16986188124999999 0.5310498125 0.1727331921875 0.517257584375 0.17516643125 0.4991031578125 0.1771846546875 0.49113391718749994 0.18114145312500002 0.4620369453125 0.183249803125 0.43674254687499997 0.18400096562499998 0.4145293125 0.183584378125 0.4020832421875 0.1825067484375 0.394525246875 0.1799425046875 0.38566824375 0.1778540625 0.3802475109375 0.17750401875 0.3796875 0.1213706 0.3796875
1 0.25740776875 0.3796875 0.2562541 0.3817444296875 0.25625 0.38177271562500004 0.25625 0.389907953125 0.257474853125 0.39376709062500004 0.25943213125 0.405290853125 0.2621860078125 0.4416334453125 0.26356499218749996 0.4761816859375 0.265606428125 0.4867723328125 0.265669684375 0.49373834062499994 0.2695422515625 0.52236298125 0.2695879671875 0.5290975046875 0.2715521515625 0.5345811874999999 0.27188896875 0.54106985625 0.27316570625000003 0.545656359375 0.273428815625 0.54912858125 0.27447788906250004 0.5711480734375 0.2738852359375 0.575589346875 0.274513153125 0.581832159375 0.2735066140625 0.58489891875 0.2723143984375 0.5998215484375 0.271630678125 0.6112360156250001 0.2722725921875 0.6156197875 0.2776391109375 0.6353475062499999 0.281883028125 0.6402604078125 0.2815674796875 0.6463148640625 0.2830300765625 0.6492666218750001 0.2857554140625 0.658663925 0.2887507671875 0.66549336875 0.28968378281249996 0.6696312843750001 0.29320871875 0.6752745671875 0.29834011875 0.6878119828125 0.2991714359375 0.6926515328124999 0.3050149125 0.7104986484375 0.309416878125 0.7277160078125 0.311570465625 0.7336554625 0.3139136375 0.7502718125 0.318427934375 0.7730591015625 0.3206485046875 0.7982762109375 0.3209573296875 0.8084829578124999 0.321326046875 0.833786315625 0.3207684734375 0.8386905531250001 0.320330503125 0.8635668828124998 0.31909257343749997 0.8717549874999999 0.3179425296875 0.891321621875 0.3163082546875 0.8983666937500001 0.3160768640625 0.903488034375 0.3128329421875 0.9219907031249999 0.31236307343749997 0.9280523453124999 0.31083049687500003 0.9343957859375 0.3101923109375 0.9423236562499999 0.309048990625 0.9456290859374998 0.30890530312500003 0.9519078359375002 0.3094901875 0.9546875 0.34332144531250003 0.9546875 0.34332144531250003 0.6447568125 0.3414684703125 0.63771746875 0.33985155312500004 0.6347729 0.3393148828125 0.631778015625 0.33417993749999997 0.6171500796875 0.3235696875 0.579315015625 0.3222718625 0.572406509375 0.31950417343750004 0.5481440796875 0.3182446109375 0.5233468109375 0.3180479359375 0.5084888703125 0.31913509218749997 0.502398475 0.31846836562499997 0.48338105468750003 0.3197481 0.45939471093749995 0.319590053125 0.4470902546875 0.31725360625 0.41421269687500006 0.314977053125 0.3964317484375 0.31018228593749997 0.380161878125 0.309874078125 0.3796875 0.25740776875 0.3796875
1 0 0.3796875 0 0.9640625 0.039967071874999996 0.9640625 0.039967071874999996 0.65272166875 0.0390752828125 0.6476623109374999 0.03780079375 0.6448656765624999 0.03505003125 0.6341825109375 0.02439335 0.603015840625 0.022170296875000002 0.59326668125 0.0199785234375 0.5883732453125 0.01680154375 0.5605739187500001 0.014796571875000001 0.5230846921875 0.0161564765625 0.47640624374999996 0.0174763515625 0.4600141578125 0.017522831250000002 0.436432678125 0.015823221874999998 0.41212712187499995 0.0128954984375 0.39450489843750003 0.0063978859375 0.3796875 0 0.3796875
1 0.022935825 0.3796875 0.021845317187499998 0.3821317390625 0.01916125625 0.392426215625 0.018197621875 0.398864571875 0.0176511640625 0.41319486093749996 0.0184222171875 0.43985835624999997 0.0231248109375 0.4805976203125 0.0247684734375 0.48993594218750003 0.0265045078125 0.5099296015625 0.0271818421875 0.52616924375 0.026671745312500002 0.5342495328125001 0.027085671875 0.5692319875 0.025374675000000003 0.5714677375 0.024240559375 0.5806766828125 0.0202774890625 0.5985525484374999 0.0171875 0.6088756671875 0.0171875 0.6377717171875 0.0190795296875 0.6452686828124999 0.020266959374999997 0.6534280359375 0.02268088125 0.6630337796875001 0.0257295921875 0.6696590109375 0.0266245421875 0.6750262125 0.028752715625 0.68068239375 0.0293336390625 0.6869611453125 0.0319234265625 0.6928703703125001 0.0321957078125 0.6991347453125 0.0356454328125 0.7164296921875 0.036964290625 0.7285314171875 0.0380965109375 0.7461815093749999 0.0385764265625 0.7698213734375 0.0379033765625 0.8059109218749999 0.035114273437499996 0.8342609515625 0.030473317187499998 0.8625247343750001 0.023658403124999998 0.8930027046875001 0.020150214062499998 0.9122890203124999 0.018894103125 0.9159352234375 0.0188577390625 0.9221852234375 0.020985912500000002 0.92784140625 0.022906171875 0.9294358812500001 0.030145790625000002 0.9320885125 0.036278506249999995 0.9328125 0.0691897875 0.9328125 0.072130525 0.9324231734375001 0.0755377078125 0.9304979687500001 0.0765495453125 0.9290400578125 0.080779509375 0.9183544953125 0.08254841874999999 0.9061650390625001 0.08110216875000001 0.8894264953125 0.0784280890625 0.8714730453125 0.07770900625 0.8624093296875 0.07655040937499999 0.8227613078125 0.078372390625 0.7749165171875 0.0820591359375 0.7514707234375 0.0835328703125 0.7369520765625 0.0847835984375 0.7342318015625 0.08920020468749999 0.7179978671875 0.0906483453125 0.707877371875 0.0948971640625 0.6939510671875 0.098185040625 0.686000153125 0.09884003125 0.679547421875 0.0988804328125 0.672602978125 0.0979989484375 0.6649209640625 0.0899828921875 0.6365307609374999 0.0848262078125 0.620777121875 0.082566609375 0.6111785671875 0.079228109375 0.60129821875 0.0762144125 0.588654465625 0.07398848125 0.5732688734375 0.072920353125 0.571135228125 0.0724789359375 0.567409959375 0.0719774703125 0.547473803125 0.07261011875 0.5183286984375 0.076397875 0.4775217921875 0.0797786703125 0.4535986578125 0.0816391578125 0.4256684609375 0.08143690625 0.40736705000000006 0.0804266890625 0.3952797 0.07922848125000001 0.38897219843749997 0.0761728453125 0.3796875 0.022935825 0.3796875
1 0.19200920625 0.3796875 0.190875771875 0.3816550921875 0.18732638906250001 0.39484953749999996 0.18809799375 0.423784721875 0.18763503125 0.45989583281249996 0.189641203125 0.48373842656249993 0.193499228125 0.5129050921875 0.19550540156250001 0.566840278125 0.1941165125 0.5953125 0.1922646609375 0.5992476859375 0.190412809375 0.611053240625 0.1857831796875 0.6307291671874999 0.1877893515625 0.648321759375 0.19180169687499998 0.6659143515625 0.194579475 0.6721643515625 0.19581404375 0.6779513890625 0.19890046249999999 0.685358796875 0.19951774687499998 0.68975694375 0.2027584875 0.698553240625 0.2063078703125 0.711284721875 0.2086226859375 0.7163773140625 0.210320215625 0.7281828703125 0.21371527812500002 0.73929398125 0.2177276234375 0.7698495375000001 0.220196759375 0.8031828703125001 0.2198881171875 0.8441550921874998 0.21865355000000003 0.86429398125 0.21664737656250002 0.8825810187500001 0.21309799375 0.9071180562500001 0.20291280937499998 0.954803240625 0.1993634265625 0.967534721875 0.19658564843749998 0.9846643515625001 0.1978973765625 0.988715278125 0.201446759375 0.9905671296874999 0.2130208328125 0.9921875 0.22189429062500002 0.992303240625 0.246045525 0.9907986109374999 0.2500578703125 0.989178240625 0.2536844140625 0.9835069437499999 0.25445601875 0.9786458328125001 0.2567708328125 0.973090278125 0.2609375 0.9557291671874999 0.26263503125 0.95179398125 0.2644868828125 0.942303240625 0.26525848750000003 0.9346643515625 0.2681905859375 0.9247106484375 0.27328317968750004 0.9024884265625002 0.2743634265625 0.89508101875 0.277295525 0.8851273140625 0.27853009218749997 0.8784143515625 0.2851658953125 0.8254050921874999 0.28609182031249997 0.786284721875 0.2856288578125 0.767766203125 0.2834683640625 0.742766203125 0.277295525 0.70711805625 0.27513503125 0.7022569437499999 0.2734375 0.692534721875 0.27173996875 0.6899884265624999 0.269733796875 0.6809606484375 0.2672646609375 0.6756365734375 0.26309799375 0.660358796875 0.26078317968750003 0.655034721875 0.257079475 0.636284721875 0.249517746875 0.604803240625 0.24890046250000003 0.598553240625 0.24751157343750002 0.5946180562500001 0.24658564843750003 0.5842013890625 0.24581404375 0.5534143515625 0.24673996874999998 0.5304976859374999 0.24920910468750002 0.5015625 0.2504436734375 0.4953125 0.25059799374999997 0.4890625 0.2530671296875 0.4719328703125 0.2558449078125 0.42586805625 0.2556905859375 0.404803240625 0.2547646609375 0.3953125 0.2530671296875 0.38767361093749997 0.2499210859375 0.3796875 0.19200920625 0.3796875
1 0.7485060171875 0.3796875 0.74894850625 0.403985365625 0.76082464375 0.4837890625 0.764152571875 0.5462207125 0.7614347734375 0.5757291328124999 0.7453125 0.6616751015625 0.7453125 0.769506065625 0.7464296125000001 0.7847240906249999 0.7608648203125 0.8503655015625 0.7789799093750001 0.910109603125 0.783470628125 0.9171875 0.8208072812499999 0.9171875 0.829704565625 0.9042779296875001 0.831524253125 0.89291915 0.831524253125 0.6378261140625 0.8058983812499999 0.5509314703125 0.802853415625 0.49544426250000007 0.807383528125 0.414205203125 0.8059770390625 0.3796875 0.7485060171875 0.3796875
1 0.61780488125 0.3796875 0.6188316609375 0.40548824375 0.6172470609375 0.4443771328125 0.6078125 0.48508189999999995 0.6078125 0.6869907421875 0.6134808859375 0.7 0.6352814656250001 0.7 0.6407900484375 0.6986477671875 0.6480248984375 0.6836776640625001 0.6626298859374999 0.612161790625 0.6663995078125 0.55790411875 0.6634097953125 0.5165104671874999 0.64754603125 0.44676919843749996 0.64494141875 0.41505226562499997 0.6492553453125 0.3796875 0.61780488125 0.3796875