1 0.23303139687500002 0.8296875 0.2546875 0.7642387 0.2546875 0.4354819671875 0.2112465140625 0.305006115625 0.213167896875 0.0676231171875 0.1942181140625 0.0293677203125 0.15128323125 0.02089051875 0.1469933875 0.02089051875 0.1129918328125 0.07511426875 0.134446509375 0.3171127109375 0.0885838375 0.5194017609375 0.0880834015625 0.6019658546875 0.1434469703125 0.8225369484374999 0.22085131875 0.8296875 0.23303139687500002 0.8296875
1 0 0.7828125 0.02495049375 0.7828125 0.0598056046875 0.7796486578125 0.072168353125 0.7119637187500001 0.05906354375 0.5118323015625 0.0828125 0.40527166406250004 0.0828125 0.3990058015625 0.05790162343750001 0.2800984171875 0.0749650890625 0.14002364843749998 0.060300809375 0.07391285 0.026022687500000002 0.060585959375 0.018255065625 0.060585959375 0 0.085631571875 0 0.7828125
1 0.371875 0.7827839125 0.371875 0.43792582500000005 0.3402783125 0.32999135156250003 0.33557373125 0.0925633015625 0.3055248234375 0.0609375 0.287695196875 0.0609375 0.277833246875 0.06133934375 0.2475810734375 0.11164566718749999 0.26996981249999996 0.3173592640625 0.25660794375 0.43154794531249996 0.2894991203125 0.6161710109375 0.27775811250000004 0.761287528125 0.28882380625000004 0.7890625 0.29143053124999996 0.7890625 0.37177292031250003 0.7832849515625 0.371875 0.7827839125
1 0.35289275781249996 0.3614093046875 0.35289275781249996 0.5030185171875 0.3597663875 0.5422932968749999 0.35289275781249996 0.5843935421875 0.35289275781249996 0.7515625 0.3847626890625 0.7515625 0.40397711249999996 0.7492211109375 0.4435277703125 0.643291790625 0.4515625 0.5788176625 0.4515625 0.4944953015625 0.44588917187500005 0.42742728750000003 0.4224633625 0.35231389375 0.4402687796875 0.1351887078125 0.42107395 0.093107715625 0.40884680624999997 0.091761871875 0.39221798125 0.091761871875 0.36835019375 0.110249121875 0.3548465328125 0.15243175 0.357546540625 0.34220788125 0.35289275781249996 0.3614093046875
1 0.46454688749999995 0.721875 0.5179813953125 0.721875 0.5515625 0.61528528125 0.5515625 0.47984775312499994 0.5145863203125 0.345884325 0.523417915625 0.1553873640625 0.51003935 0.13179828437500002 0.4791813078125 0.12574489687499998 0.44999886250000004 0.1635621125 0.449967009375 0.1690372 0.449967009375 0.398652125 0.4784578 0.5819866359375 0.4506210765625 0.7203754874999999 0.46454688749999995 0.721875
1 0.2435577109375 0.1452197796875 0.2434847859375 0.1452197796875 0.2301415859375 0.16356436875 0.23894319375 0.348906690625 0.227660071875 0.4007901140625 0.23403469999999998 0.40625 0.24021017812499998 0.40625 0.253125 0.34200685468750003 0.253125 0.2587550828125 0.2435577109375 0.1452197796875
1 0.0796875 0.34375 0.0796875 0.1960827625 0.077746565625 0.151892475 0.0656821640625 0.30294237968750004 0.0795903484375 0.34375 0.0796875 0.34375
1 0.86167309375 0.49996113593749997 0.8600195093749999 0.53614498125 0.863713 0.5421875 0.9104272328124999 0.5421875 0.9109375 0.542162821875 0.9109375 0.468275378125 0.9011441390625 0.43231254375 0.8988500609375001 0.38880614687500004 0.900790740625 0.33407953749999997 0.8989190421875 0.31373341250000003 0.891152084375 0.2958415125 0.8769386703125001 0.292465115625 0.8693902734375 0.299128434375 0.864136396875 0.3173234 0.8730945921875 0.43481901250000005 0.86167309375 0.49996113593749997
1 0.9368339109375 0.5406266625 0.9413629 0.5421875 0.974956115625 0.5421875 0.9925576921874999 0.5409041218749999 0.996875 0.53414333125 0.996875 0.53235306875 0.992113121875 0.48304284218750004 0.9779122546875 0.41747179218749997 0.9806689500000001 0.30170681093749996 0.9732326828125 0.28188728125 0.964115553125 0.278125 0.9613803718749999 0.278125 0.953951078125 0.28396336875 0.9489250515625001 0.2974468671875 0.9482372234374999 0.32615663281249996 0.9531223437499999 0.3816515828125 0.9539593109375 0.41682464843749994 0.94919639375 0.4298421546875 0.9368886265625 0.4864630265625 0.9360170046875 0.5045289203125 0.9360170046875 0.5388385578125 0.9368339109375 0.5406266625
1 1 0.43378464843750003 0.9945884250000001 0.4178066703125 0.9888144343749999 0.3836655953125 0.990314109375 0.3679066734375 0.9883296015624999 0.34665583125 0.9943372453125001 0.301203640625 0.9952532625 0.269722159375 0.9914951921874999 0.2646977515625 0.9675099171875001 0.266041871875 0.9645510375 0.2693326140625 0.9643624453124999 0.2758140953125 0.9755244203125001 0.2857992734375 0.9796461453124999 0.3051618984375 0.9743836921875 0.4144575234375 0.98400105 0.459636978125 0.9898737484375 0.5261672765625 0.9914924515625 0.528125 0.9954854515625 0.528125 1 0.51350680625 1 0.43378464843750003
1 0.72792166875 0.3460676734375 0.7318748796875 0.401580784375 0.7224675765625 0.45114297499999995 0.7192843734375 0.480037678125 0.7215295078125 0.5328366796874999 0.7236231265625 0.5375 0.7671875 0.5375 0.7671875 0.43391887812499996 0.7590067390625 0.40140315156249995 0.7554966640625 0.2846303703125 0.7516437781249999 0.2708688171875 0.748222490625 0.26828228125 0.74169528125 0.26828228125 0.726262046875 0.269583284375 0.72215038125 0.27578219531250003 0.7209405125 0.29253375 0.72792166875 0.3460676734375
1 0.6390625 0.5359375 0.6770853515625 0.5359375 0.6800316984375 0.5350769875 0.684218265625 0.52873960625 0.684375 0.5270217921875 0.684375 0.432676840625 0.6750587953125 0.380057578125 0.6761767390625 0.3449149078125 0.683750334375 0.2714266359375 0.68135999375 0.268165665625 0.6590000421875 0.268165665625 0.6529979421875 0.26886370312499996 0.649418459375 0.27330671875 0.6486388734374999 0.2789047890625 0.6506061296875 0.32578688906250003 0.6493190078125 0.3757018578125 0.6390625 0.4201895453125 0.6390625 0.5359375
2 1 0.55968879375 0.8647684171875 0.555204965625 0.8278161828125 0.5494993515625 0.806961303125 0.55259686875 0.738732134375 0.5506116015625 0.6991703499999999 0.545756140625 0.66033325 0.5506456328125 0.6608163765625 0.5571422703125 0.6646983859375 0.561422596875 0.7011082359375 0.570816759375 0.71615315 0.58144143125 0.737383415625 0.60335906875 0.7507688625 0.6306049453125 0.7616578828125 0.6392565265625 0.777771390625 0.645281878125 0.7994191203125001 0.6484375 1 0.6484375 1 0.55968879375
1 0.9404600953125 1 0.9500488453125 0.86691105 0.9097032328125 0.832226284375 0.8805507734375 0.8648888609375 0.8869834875 1 0.9404600953125 1