1 0.24430155 0 0.2532901828125 0.086426303125 0.23125 0.221179021875 0.23125 0.22765298125000002 0.23546955937499997 0.28333801406250003 0.250086540625 0.2984375 0.310760015625 0.2984375 0.310760015625 0.14758733125 0.29411833125000003 0.0971225515625 0.292145346875 0 0.24430155 0
1 0.3589593609375 0 0.3453125 0.09247889687500001 0.3453125 0.12474207500000001 0.347423859375 0.1526054375 0.3672619734375 0.17531019375 0.381298021875 0.1765625 0.4194573390625 0.1765625 0.4194573390625 0.0585671375 0.39967406250000004 0 0.3589593609375 0
1 0.4310330390625 0 0.428125 0.012483190625 0.428125 0.07393593281250001 0.438782196875 0.0859375 0.464194521875 0.0859375 0.5032664015625 0.07734093125 0.5032664015625 0 0.4310330390625 0
1 0.12092319062500001 0 0.1208894671875 0.009607865625 0.103125 0.0806421265625 0.103125 0.1828125 0.1581283625 0.1828125 0.175319140625 0.15424760312500002 0.1773222875 0.0649678125 0.158794390625 0 0.12092319062500001 0
1 0.021875 0 0.021875 0.0890625 0.0532643359375 0.0890625 0.079541828125 0.0655345109375 0.0802451265625 0 0.021875 0
0 0.6296875 0.1444817171875 0.6271818875 0.140815334375 0.605077325 0.1336975703125 0.582836371875 0.10950042812500001 0.553428240625 0.10950042812500001 0.5290000703125 0.1333755609375 0.5108615484375 0.1673791765625 0.509375 0.180259675 0.509375 0.24932658281250003 0.5207982999999999 0.2878733046875 0.53452790625 0.3079634015625 0.54572338125 0.314254525 0.5692598484375 0.3486946921875 0.597534909375 0.369886978125 0.6296875 0.3748457875 0.6296875 0.1444817171875
1 1 0 0.9578125 0 0.9578125 0.09815913750000001 0.9623620468749999 0.1264408859375 0.9600181203125 0.2069964390625 0.9636725578125 0.215625 1 0.215625 1 0
1 0.893971496875 0 0.8929229171875 0.053825615625 0.8765625 0.11171741093750001 0.8765625 0.2078125 0.9403611015625 0.2078125 0.9437232 0.1986284921875 0.9488450171875 0.1374537140625 0.9433529078125 0.07116905 0.9452344781249999 0 0.893971496875 0
1 0.7235008984375 0 0.721875 0.047575471875000004 0.721875 0.2109375 0.7618297140625 0.2109375 0.787834809375 0.20885928593749997 0.7769942421875 0.08480535781250001 0.7890321015625 0 0.7235008984375 0
1 0.379295821875 1 0.379295821875 0.8920435281250001 0.363856728125 0.8422340937499999 0.359812921875 0.799183084375 0.3623793921875 0.7505356125 0.3585906171875 0.7005356125000001 0.34875621562500003 0.6790555578124999 0.3355195109375 0.6694060593750001 0.323440484375 0.6750343359375 0.315625 0.6896772359375 0.315625 0.7032784578125 0.31799793125 0.7424568078125 0.3324569375 0.8507537796874999 0.3187302484375 0.948098721875 0.3180258546875 0.9800613468750001 0.32011718125 1 0.379295821875 1
1 1 0.47068063125000004 0.9941188140625 0.45685620312499997 0.9773708046875 0.45240155 0.9451461828125 0.45240155 0.9409292015625 0.4529144515625 0.9203125 0.483197 0.9203125 0.4925503375 0.9424473359375 0.6190636078125 0.9203125 0.6700256828125 0.9203125 0.6907258031250001 0.965480978125 0.8061442843750001 0.963169553125 0.8665279359374999 0.9518319906249999 0.940625 1 0.940625 1 0.47068063125000004
1 0.8962550296874999 1 0.9254813453124999 0.9346683734375001 0.93366355 0.8819742484375 0.93366355 0.7798838874999999 0.9331331296875 0.7729515984375 0.888861684375 0.671376046875 0.901966934375 0.5165713609375 0.8786787078125 0.49569543281249995 0.8548735875 0.4945726125 0.8237630140625001 0.50925306875 0.8130780453125 0.52122983125 0.8245270109374999 0.667430653125 0.7875 0.7595180953125 0.7875 0.7667974109375 0.818973978125 0.859007609375 0.8210685859375 0.9790076093749999 0.8407037593750001 1 0.8962550296874999 1
1 0.8087759328124999 1 0.8087759328124999 0.7905698250000001 0.76445778125 0.6853873531250001 0.7748188125000001 0.6310962765625 0.7725568375 0.56182478125 0.74860160625 0.527299071875 0.7356043140625 0.52508516875 0.707616171875 0.52508516875 0.6766919984374999 0.5483279609375 0.702426434375 0.6968907546875001 0.672374909375 0.778611059375 0.6703125 0.841480575 0.6703125 0.8954031468749999 0.6746169765625 0.9693081625 0.6890445140625 1 0.8087759328124999 1
1 0.6296875 0.9138431656249999 0.6354235890625 0.8653952234375 0.67738944375 0.7251491046874999 0.6817904375 0.6735566000000001 0.6687116343749999 0.5662374953125 0.705792815625 0.5190254125 0.6925042890625 0.48817643281249995 0.6601222671875 0.4804778203125 0.6296875 0.5063942984375001 0.6296875 0.6303336421875001 0.63122668125 0.6439763046875 0.6296875 0.651756759375 0.6296875 0.9138431656249999
1 0.8657206265624999 0.4296875 0.8453125 0.4447660875 0.8453125 0.4936223796875 0.8950587203125 0.510943384375 0.8753442953124999 0.6578125 0.8795052203125 0.6578125 0.9081878859374999 0.62990836875 0.90462116875 0.501640490625 0.9213222999999999 0.45657503593750004 0.9068219765624999 0.4296875 0.8657206265624999 0.4296875
1 0.6953188234375001 0.4296875 0.690625 0.43484349531250005 0.690625 0.4978667234375 0.7042992828125 0.521875 0.728973103125 0.521875 0.7378667515624999 0.46393766875000003 0.7615401609375001 0.447065378125 0.7552494750000001 0.4296875 0.6953188234375001 0.4296875
1 0.8105028359374999 0.5171497328125 0.8274441640625 0.490046875 0.8201376296875 0.45576173906250006 0.7990305046875 0.445023121875 0.7578237296875 0.445023121875 0.7484375 0.45723991562500005 0.7484375 0.5230890421875001 0.7752058484375001 0.559107890625 0.7626482250000001 0.6915088671875 0.779218496875 0.7375 0.7831099765625 0.7375 0.8202967171875001 0.6733268609375 0.8105028359374999 0.5171497328125