1 0.0907501328125 0.2306240640625 0.090056753125 0.1278009390625 0.075525259375 0.109849528125 0.0742974453125 0.109849528125 0.05144671562499999 0.126452646875 0.059020565625 0.2192361515625 0.04375 0.28511371093750004 0.04375 0.29135451875 0.04543719375 0.32569122500000003 0.059355129687499994 0.3861614296875 0.0879165375 0.3890625 0.096741046875 0.3890625 0.096741046875 0.2530500953125 0.0907501328125 0.2306240640625
1 0 0.3640625 0.0064109140625 0.3640625 0.017922874999999998 0.326742571875 0.017922874999999998 0.2448729234375 0.0087508375 0.2265034421875 0.005777153125 0.19638351406250001 0.012482171875 0.1279349578125 0 0.11745786875 0 0.3640625
1 0.3078125 0.16370612499999998 0.3078125 0.3625 0.30819003125 0.3625 0.3156356578125 0.35961338593750003 0.3315152171875 0.302710171875 0.3265028046875 0.24341935312500002 0.3349370515625 0.1660313078125 0.32465841875 0.149046125 0.3078125 0.16370612499999998
1 0.2980682125 0.1664659875 0.28580045625 0.1462155953125 0.2691892546875 0.15978283437500002 0.27300561874999996 0.23245178906250002 0.2609375 0.312630440625 0.2609375 0.3862584796875 0.2621773265625 0.3875 0.2803544109375 0.3875 0.28575595 0.3859128953125 0.29883880937499996 0.3340294734375 0.29359419999999997 0.2318527234375 0.2980682125 0.1664659875
1 0.2499527046875 0.219418509375 0.2534955765625 0.137953721875 0.23619603281249998 0.1252692921875 0.218716553125 0.1435127015625 0.22162341562500001 0.223185396875 0.20625 0.2952097109375 0.20625 0.3680686171875 0.2094351265625 0.41164379218749997 0.22049618125 0.4125 0.2389320390625 0.4125 0.256007084375 0.36986755625 0.2598270734375 0.29148552968749997 0.2499527046875 0.219418509375
1 0.20099040937499998 0.437121090625 0.20099040937499998 0.2843677046875 0.1924092328125 0.24696445625000002 0.1973873265625 0.132820121875 0.182222584375 0.1053355921875 0.1504548328125 0.125479934375 0.1578077578125 0.2377898703125 0.1484375 0.2956206734375 0.1484375 0.3475252734375 0.14882109999999998 0.36358303593749997 0.161346684375 0.4455624125 0.1647686171875 0.4484375 0.18643975937499999 0.4484375 0.19995672343749998 0.44308816875 0.20099040937499998 0.437121090625
1 0.12866660000000002 0.1436617453125 0.13452552812500002 0.22098133125000002 0.1203125 0.2845888328125 0.1203125 0.3084078296875 0.14277297656250001 0.38079760937499996 0.147111315625 0.3828125 0.15084358125 0.3828125 0.15084358125 0.1553995703125 0.148925634375 0.13065160468749998 0.12866660000000002 0.1436617453125
1 0.21110860781250002 0.15956947500000002 0.193434153125 0.1477962875 0.1875 0.229861915625 0.1875 0.2554009390625 0.202663890625 0.3265625 0.20421098437500002 0.3265625 0.2148950296875 0.26988526562500004 0.2148950296875 0.25196902187500003 0.20544155156250002 0.21394870937500002 0.21110860781250002 0.15956947500000002
1 0.8949736359374999 0.4484375 0.8949736359374999 0.30886195 0.8888236968750001 0.287923640625 0.8861205875 0.2102731796875 0.8831302609374999 0.1990893171875 0.8766744921875 0.19042198906250002 0.874738421875 0.19042198906250002 0.8646702234375001 0.192443315625 0.8609375 0.20374097500000002 0.8609375 0.2113195703125 0.8695528640625 0.2872506890625 0.8623271593750002 0.3387024078125 0.8731451015625 0.42032939062499997 0.8803185859375 0.444585346875 0.8835258109374999 0.4484375 0.8949736359374999 0.4484375
1 0.835981625 0.2876013671875 0.8413515531249999 0.213484865625 0.836737678125 0.19919059374999998 0.8300746015625 0.1946397453125 0.82271828125 0.197502371875 0.815895371875 0.211004053125 0.8171885249999999 0.289671396875 0.8125 0.3092070890625 0.8125 0.45731040468749995 0.8137514187499999 0.459375 0.8325965015625 0.459375 0.83626908125 0.45421955 0.847522640625 0.3957710671875 0.8457338125 0.33840002187499996 0.835981625 0.2876013671875
1 0.8049279484374999 0.2192493671875 0.7982403875 0.20260866093750002 0.7913186375000001 0.1994576578125 0.7831739499999999 0.20476753125 0.778289990625 0.21956579375000002 0.7851427546874999 0.2979718890625 0.777095625 0.3441500515625 0.7765625 0.3553212796875 0.7765625 0.390531740625 0.7813515890625 0.4357742015625 0.7893307984375 0.4671875 0.8134493390624999 0.4671875 0.8134493390624999 0.331809646875 0.8041872187500001 0.29084326875 0.8049279484374999 0.2192493671875
1 0.7676393156250001 0.2046856171875 0.7635684296875 0.193197909375 0.7544740796875 0.189657846875 0.746875 0.19728009062500002 0.746875 0.319157271875 0.75865928125 0.334375 0.7599544015624999 0.334375 0.762193725 0.3314647375 0.7640773390625 0.32033544531249997 0.759101034375 0.2899071703125 0.7676393156250001 0.2046856171875
0 0.6948255953125 0.4340937453125 0.7056913312499999 0.4004724765625 0.7069395890625 0.3754573203125 0.7021803249999999 0.34229068749999997 0.6911755296875001 0.31809463125000004 0.678451053125 0.308288315625 0.661838271875 0.3069214140625 0.6496435703125 0.31467738125 0.63364585625 0.3368837 0.628125 0.3536602671875 0.628125 0.4161441453125 0.6313602859375 0.42437612500000005 0.6391188984375 0.42600065625 0.6433978046875 0.430964434375 0.647137771875 0.4515625 0.682099984375 0.4515625 0.6948255953125 0.4340937453125
2 1 0.025923270312500003 0.9964688859375 0.0261225640625 0.8423453140625 0.0205090515625 0.7600374859375 0.0242443765625 0.6314024296875 0.0238894546875 0.54289308125 0.0193641765625 0.5157882015624999 0.023383021875 0.5121208203125 0.02712915 0.50625 0.026501228124999998 0.50625 0.055301984375 0.5064823859375001 0.05635945 0.5072762562500001 0.098939921875 0.515480303125 0.12106517812499999 0.515426434375 0.1303244375 0.5213648421875 0.1390510375 0.535400409375 0.14351703437500002 0.5583332359375001 0.140472596875 0.5745544859375 0.1273217609375 0.5827055125 0.11380189999999998 0.5848534890625 0.1026665453125 0.5930206734375 0.08636890625 0.7455709718750001 0.0938524546875 0.8580601984375 0.0943952515625 0.9236474890625 0.100113115625 0.95075775625 0.09516834375 1 0.0965267359375 1 0.025923270312500003
1 0.11006555312499999 0.7109375 0.11006555312499999 0.6154251093750001 0.1046771921875 0.5972893328125 0.10383410156249999 0.54878735 0.100690553125 0.5341358125 0.0859375 0.533620625 0.0859375 0.551843128125 0.09128256875 0.5954366546875 0.0859375 0.6251952296875001 0.0859375 0.6572920171875001 0.08646726406250001 0.670054709375 0.098905396875 0.7109375 0.11006555312499999 0.7109375
1 0.1435717625 0.6039537484374999 0.14877108125 0.5483527374999999 0.14243756093749999 0.5352355656250001 0.1345604078125 0.5381042484374999 0.13002108125 0.5485709125 0.13182068593750002 0.605478996875 0.1234375 0.6413598859375 0.1234375 0.7080901484375 0.12865434375 0.7265625 0.134158590625 0.7265625 0.14232183437499998 0.7247688984374999 0.1529252515625 0.6718820375 0.1512603625 0.6427426390625 0.1435717625 0.6039537484374999
1 0.3654130875 0.6241301109374999 0.3586130640625 0.597577265625 0.35863650625 0.5404415031250001 0.3501787125 0.53486111875 0.3416415546875 0.5369515093749999 0.33988650625 0.5419720515625001 0.3445505640625 0.5987251765625 0.3375 0.6441346640625 0.3375 0.6530298718750001 0.33929579374999996 0.6813711234375 0.3459529953125 0.71009138125 0.34681209375 0.7109375 0.3651209578125 0.7109375 0.3654130875 0.7088305625 0.3654130875 0.6241301109374999
1 0.3145227390625 0.5366396609375 0.3073862453125 0.53815128125 0.30251052968750003 0.5458651718749999 0.30053928750000003 0.60276870625 0.3 0.605128078125 0.3 0.7234375 0.3041943875 0.7234375 0.3073238171875 0.7191626375 0.31850411562500003 0.674581825 0.3193622203125 0.6426646546875 0.31329431875 0.6094813234374999 0.32037403750000004 0.5469404140625 0.3145227390625 0.5366396609375
1 0.2363405359375 0.5469605234375 0.23074384218750002 0.5381032375 0.22449384375 0.53828509375 0.2175097109375 0.5502838703124999 0.219018209375 0.605748496875 0.2171875 0.6127442828125 0.2171875 0.6443390421874999 0.225907928125 0.6506487 0.23732286249999998 0.684375 0.23787659374999998 0.684375 0.240179196875 0.6564781578125001 0.23151820937499998 0.605384784375 0.2363405359375 0.5469605234375
1 0.1866919453125 0.6579672999999999 0.19929698906249999 0.6397662937499999 0.19474685625000002 0.6162097265625001 0.1982031484375 0.5592289203125 0.1947481265625 0.5488531609375 0.189303615625 0.544750128125 0.1799205375 0.54624810625 0.1755549796875 0.5581036609375001 0.18227917656249998 0.610799621875 0.171875 0.6572473249999999 0.171875 0.6994429921875 0.17887527812499998 0.7328125 0.1834506953125 0.7328125 0.18471735 0.7288188140624999 0.178588553125 0.7080582078125 0.1795394921875 0.67888245 0.1866919453125 0.6579672999999999
1 0.179432034375 0.686517740625 0.1786763046875 0.6600787890625 0.18710610625 0.6163223265625 0.1861353828125 0.599655659375 0.17675821875 0.5598284640625 0.17958625 0.5477976171875 0.1882874953125 0.5423607625 0.1859703515625 0.536235925 0.1703125 0.539299325 0.1703125 0.5414528421875 0.1765985953125 0.597478659375 0.1703125 0.6364022953124999 0.1703125 0.6751116015624999 0.174925734375 0.6875 0.17821740156250002 0.6875 0.179432034375 0.686517740625
0 0.2386935421875 0.7317705 0.2386935421875 0.6734144578125 0.2346982046875 0.6601483859374999 0.2262765125 0.646997121875 0.2148127953125 0.6401163140625 0.19637852656250002 0.6443920609375 0.1851191796875 0.6659948359375 0.1828125 0.6830818046875 0.1828125 0.69163174375 0.1895394140625 0.7243281671874999 0.2040613171875 0.74578095 0.21288418281250002 0.7515625 0.22365952031249997 0.7515625 0.23129982343750002 0.7442329796875 0.2386935421875 0.7317705
1 0.8633148765625 0.4796875 0.8575123250000001 0.4869560921875 0.8582799859375001 0.5410545640625 0.85 0.5679526625 0.85 0.6361739796875 0.8521990546874999 0.6453125 0.8689599593749999 0.6453125 0.8693115453125 0.6448120515625 0.877595584375 0.601551909375 0.8774609343750001 0.5793524203125 0.8692578984375 0.5393474265625 0.8738781624999999 0.487867609375 0.868319828125 0.4796875 0.8633148765625 0.4796875
1 0.8922538781250001 0.4796875 0.8965255265625001 0.52965465625 0.8859375 0.5666587234375 0.8859375 0.6112925640625 0.891232246875 0.6359375 0.9067577 0.6359375 0.9108440546875001 0.6197597109374999 0.9109375 0.6036978703125 0.9109375 0.559118284375 0.9027755265625 0.5295819296875 0.9085157015625 0.4796875 0.8922538781250001 0.4796875