1 0.063188996875 0 0.0620308796875 0.0023859515625 0.0590668484375 0.013999534375 0.0590668484375 0.1669929921875 0.0592704015625 0.1671875 0.0700659578125 0.1671875 0.0731349828125 0.162748759375 0.07633912968749999 0.112748759375 0.080266571875 0.1070684875 0.08633011406249999 0.0680548828125 0.09882448125 0.0399029546875 0.10138157968749999 0 0.063188996875 0
1 0.000363409375 0 0.00024436875 0.007454340625 0 0.00817810625 0 0.2109375 0.016889570312499998 0.2109375 0.0271610140625 0.19592765625 0.0390625 0.1461091390625 0.0390625 0.053964012500000005 0.026668543750000002 0 0.000363409375 0
1 0.1033332296875 0 0.10305660937500001 0.0318549875 0.0950842375 0.055236198437499995 0.0950842375 0.2609375 0.10447413593749999 0.2609375 0.1085574046875 0.26038106562499996 0.11768021875000001 0.2579150828125 0.13231687187500002 0.22779603593750003 0.1421791046875 0.18915658125 0.14375 0.16669173125 0.14375 0.0849203484375 0.13201651875 0.0272971671875 0.13560424843750002 0 0.1033332296875 0
1 0.189107465625 0 0.176473153125 0.063259971875 0.17860925 0.0965933046875 0.1825366953125 0.10187823437500002 0.19180438125 0.190496496875 0.20002797656250002 0.2015625 0.2234375 0.2015625 0.2234375 0.0202020328125 0.219697578125 0.0097418265625 0.21907329375 0 0.189107465625 0
1 0.2371417796875 0 0.2318865625 0.0197904640625 0.242154540625 0.147422715625 0.25515036874999997 0.165625 0.2596667265625 0.165625 0.2734375 0.1630977734375 0.2734375 0 0.2371417796875 0
1 0.2739807546875 0 0.2739807546875 0.128125 0.2880005140625 0.128125 0.2970121859375 0.111865603125 0.3039514125 0.0676917859375 0.3079438171875 0.06240685625 0.3109375 0.0228995734375 0.3109375 0.016141809375 0.3076205203125 0 0.2739807546875 0
1 0.1480957171875 0 0.14870461562499998 0.03488376875 0.15883966562500001 0.0640625 0.167392828125 0.0640625 0.1701331890625 0.0332600078125 0.171875 0.027390301562500004 0.171875 0 0.1480957171875 0
1 0.46626967343750003 0 0.46626967343750003 0.24375 0.5052219640625 0.24375 0.516457278125 0.2414030140625 0.521852534375 0.2387825984375 0.52448484375 0.2360924921875 0.5264152921874999 0.233558575 0.5322940875000001 0.22099344375 0.5379472625 0.2047515765625 0.5408791234375 0.19258870625 0.55009628125 0.16391653125 0.5514375609375 0.1573811203125 0.55531018125 0.1449328390625 0.5629128296875 0.1126648203125 0.571737846875 0.063721146875 0.5740225203125 0.040065096875 0.575 0.024811759375 0.575 0 0.46626967343750003 0
1 0.7246784328125 0 0.7246784328125 0.2203125 0.7767906484375 0.2203125 0.779050665625 0.217466978125 0.7830036234375 0.20739495937500002 0.78391226875 0.2032498484375 0.7872403968749999 0.19547648125 0.792953446875 0.175719965625 0.8013536046875 0.1507202125 0.8045101328125 0.138764009375 0.8069533468750001 0.13258406875 0.8134779234374999 0.1100713296875 0.8191898765625 0.08590589062500001 0.8234158234375 0.06308083437499999 0.825 0.0494616046875 0.825 0 0.7246784328125 0
1 0.8985160734375001 0 0.9000325937500001 0.0159709828125 0.9019287109375 0.028620606250000003 0.9094303953124999 0.06340820625 0.9212499546874999 0.1050793828125 0.9329716593749999 0.142803684375 0.9362834624999999 0.15092653125 0.940487096875 0.15723725625 0.942293471875 0.1578125 0.9726670265624999 0.1578125 0.9734375 0.15776776406249998 0.9734375 0 0.8985160734375001 0
1 0.665784884375 0 0.6670982015625 0.021856062500000002 0.6694818671875 0.040780949999999996 0.671510334375 0.049977328125 0.6745355484375001 0.0693400265625 0.6785284375 0.08355983125000001 0.6816196625 0.0982803234375 0.688627603125 0.12281618125 0.6917188296875001 0.137536675 0.7006790609375 0.16686447499999998 0.7042507359375 0.1759979734375 0.707151521875 0.1797073765625 0.7095633890624999 0.1814649078125 0.7190208609375001 0.1828125 0.724340971875 0.1828125 0.7369162921875001 0.1825541296875 0.74375 0.1820196421875 0.74375 0 0.665784884375 0
1 0.37457643906250004 1 0.38395867031250003 0.9635614984374999 0.390625 0.8953412343749999 0.390625 0.893203375 0.377006634375 0.804439478125 0.390625 0.6972785640625 0.390625 0.6915260562500001 0.3829501546875 0.669118296875 0.374999240625 0.6671875 0.37250354531249996 0.6671875 0.360017 0.680312496875 0.3550427 0.6971155734375 0.35278788437499997 0.8052852156250001 0.33778228593750004 0.8519480156250001 0.33778228593750004 1 0.37457643906250004 1
0 0.51514345 0.7595097484375 0.52085283125 0.7717823984375001 0.5310782984375 0.7825115640625 0.5398511562499999 0.784375 0.550744421875 0.784375 0.557522128125 0.78343583125 0.572534003125 0.7681299453125 0.5835044796875 0.746960134375 0.5901368781249999 0.7245560328125 0.590625 0.71693899375 0.590625 0.695420628125 0.5873283671875 0.6710705859375 0.5750393546875 0.6479414546875001 0.557403165625 0.6426711234375 0.552700734375 0.6426711234375 0.542523534375 0.6444576625 0.5287906671875 0.65602346875 0.5203782125 0.6697131187500001 0.5129954984375 0.6969152984375 0.5129954984375 0.7522919609375001 0.51514345 0.7595097484375
1 0.54009088125 0.5367952125000001 0.546875 0.472620584375 0.546875 0.458046115625 0.54329755625 0.453125 0.5423086749999999 0.453125 0.5275012546875 0.455041671875 0.5231853109375 0.46388342031250007 0.522037540625 0.544408675 0.511927465625 0.5810459546875 0.511927465625 0.6625 0.5142975296875 0.6625 0.52686444375 0.647537296875 0.546875 0.6408532390625 0.546875 0.5735751078125 0.54009088125 0.5367952125000001
1 0.6420626609375 0.5244371140624999 0.6347681328125 0.54897613125 0.6347681328125 0.665625 0.6534772984374999 0.665625 0.6541608546875001 0.6650158234375001 0.66053178125 0.6411054375 0.66875 0.5852087484374999 0.66875 0.573047525 0.665114534375 0.5382367218749999 0.6615924812499999 0.521406365625 0.6587264703125 0.5175935328125 0.6617838671875 0.511202990625 0.6681433609375 0.45759022812500005 0.66550539375 0.4542494515625 0.6492948125 0.45461155625 0.6453590453125 0.46236370468750004 0.6467473046875 0.5171752125 0.6420626609375 0.5244371140624999