1 0.0603590984375 0 0.06612698593750001 0.08248463125 0.0922805078125 0.17918565625 0.135257978125 0.2015625 0.1409335578125 0.2015625 0.1484375 0.20040655625 0.1484375 0 0.0603590984375 0
1 0 0 0 0.1640625 0.0421875 0.1640625 0.0421875 0.13955703125000002 0.038939271875 0 0 0
1 0.146705940625 0 0.146705940625 0.1245807890625 0.1675213296875 0.2257195453125 0.215005878125 0.2328125 0.22470369531249998 0.2328125 0.18108378125 0.1119804546875 0.182343425 0.039815504687499996 0.19778176875 0 0.146705940625 0
0 0.31875 0 0.20890522812499998 0 0.194809390625 0.067506678125 0.20011010156250003 0.1292050234375 0.22471583125 0.19011675156250002 0.2860610859375 0.2521112203125 0.30795675 0.265625 0.31875 0.265625 0.31875 0
1 0.55150566875 0.1030208765625 0.558974434375 0.149976084375 0.5598132890625 0.1694539078125 0.5519893609375 0.1997176890625 0.5492471296874999 0.22035507187499997 0.5491738109375 0.241751496875 0.55332905 0.2712476203125 0.5628868640625 0.3031877578125 0.5699447734375 0.3180817046875 0.57115710625 0.31875 0.58125 0.31875 0.58125 0.1751156921875 0.5804495234375 0.172781853125 0.57824526875 0.1487411546875 0.5803428859374999 0.11140372968750001 0.578594715625 0.0864037296875 0.5714073109375001 0.069657928125 0.5648983234375 0.06635474218750001 0.5557823109375001 0.0706592265625 0.5511228984375001 0.0825837515625 0.55150566875 0.1030208765625
1 0.6368286046875 0.2226711890625 0.6419675671875 0.24375 0.6421875 0.24375 0.6421875 0.1802495703125 0.64118746875 0.175432415625 0.637572159375 0.187613553125 0.6368286046875 0.2226711890625
1 0.6015359171875 0.2421875 0.6022214937499999 0.2421875 0.6048870140625 0.23880023125 0.6109375 0.22158705625000003 0.6109375 0.1688486890625 0.6058729015625 0.1823187484375 0.6015359171875 0.201150246875 0.6015359171875 0.2421875
1 0.63094960625 0.1108479734375 0.63258134375 0.1125 0.6369281734375 0.1125 0.641425971875 0.0935789515625 0.6421875 0.0772286421875 0.6421875 0.0743328671875 0.6407226625 0.063779259375 0.6371398546875 0.0565159515625 0.6257677734375 0.053728764062500003 0.618240578125 0.0638029546875 0.615625 0.07694573125000001 0.615625 0.0939809859375 0.6157539890624999 0.1125 0.619773075 0.1125 0.6220954390625 0.11012521718749999 0.63094960625 0.1108479734375
1 0.5958656765624999 0.25943628125 0.5958656765624999 0.3564717171875 0.597128040625 0.36380642343749997 0.6009413203125 0.371875 0.6183551140625 0.371875 0.6248615453124999 0.360263315625 0.6346534 0.333462975 0.6415789249999999 0.2992370484375 0.64124511875 0.26404277187499997 0.632283484375 0.22231550625000002 0.6345538453125 0.187136378125 0.6405381968749999 0.1649444578125 0.6421875 0.1451111640625 0.6421875 0.12569051250000002 0.6415370625 0.121422909375 0.6368963203125 0.11259782656249999 0.6323058203125 0.1097927765625 0.6223453203125 0.1115870578125 0.6153983937499999 0.12404918125 0.612801203125 0.15366971875 0.6139503390625001 0.1953515375 0.6110586546875 0.2184875671875 0.5980124640625 0.248973428125 0.5958656765624999 0.25943628125
1 0.7191716640625 0.4984375 0.7293371640624999 0.4984375 0.7297436609375 0.4980948484375 0.7484301906249999 0.46934148750000004 0.7591787453125 0.445064246875 0.7656904703125 0.4213728109375 0.767825040625 0.40011902812500005 0.7656741578124999 0.3524291390625 0.7684698859375 0.32936602187499997 0.7777665687499999 0.2965853859375 0.7882047765625 0.269487853125 0.7918613796875 0.2558115390625 0.7921875 0.2515077703125 0.7921875 0.23452647343750002 0.7913620875 0.22782118593749998 0.787531384375 0.2195894359375 0.7801398609375 0.21339615156249997 0.7685412015625 0.21431266718750003 0.7595210906250001 0.22615368125000002 0.753460040625 0.250813559375 0.7464761046875 0.30148439531250004 0.74041505 0.326144271875 0.7191716640625 0.3578985296875 0.7191716640625 0.4984375
1 0.6525605421874999 0.3103654375 0.6525605421874999 0.4330236375 0.653717678125 0.4352150703125 0.6601366171875 0.4375 0.66610451875 0.4375 0.6725539296875 0.4325992140625 0.6860225953125 0.40571159999999995 0.6924848984375 0.3897374140625 0.7008945093750001 0.3542763390625 0.7010570359375 0.31730296875 0.6951851921875 0.2759546390625 0.7004266765625 0.2415468234375 0.70927086875 0.20791637812500002 0.709375 0.20724050625 0.709375 0.1660648140625 0.7060230921875 0.16045402656250002 0.7027180578125 0.1585783875 0.6955577453125 0.1585783875 0.6883147578125 0.1611755875 0.6794440156249999 0.1786341578125 0.677062128125 0.19629041875 0.6761200125 0.23884056718750002 0.6715287390625 0.27044938281249997 0.6550445500000001 0.3006944625 0.6525605421874999 0.3103654375
1 0.7435155359375 0.200213996875 0.7505485937499999 0.188805771875 0.7558467359375001 0.17005380781249999 0.758961 0.1022702140625 0.7613065531250001 0.091052990625 0.7671875 0.0823146078125 0.7671875 0.05322009062500001 0.7661521203125 0.0528565828125 0.766229353125 0.0449756015625 0.7547785765625 0.04375 0.7536246203125 0.04375 0.746446659375 0.05736673437499999 0.746091025 0.1092822546875 0.743397046875 0.12792810625 0.7296111093750001 0.162781590625 0.7226391046875 0.1992110375 0.7232425359375 0.2251369625 0.7283547140625 0.253125 0.7289229953125 0.253125 0.7356563328125 0.2209239234375 0.7435155359375 0.200213996875
1 0.7166666671874999 0.0640625 0.71171875 0.0506365734375 0.70703125 0.0469328703125 0.7002604171875 0.047858796875 0.6921875 0.0594328703125 0.6901041671874999 0.092766203125 0.69296875 0.09600694374999999 0.6966145828125001 0.092303240625 0.7033854171874999 0.092303240625 0.7125 0.10295138906250001 0.7171875 0.08443287031249999 0.7166666671874999 0.0640625
1 0.7619791671875 0.15202546249999999 0.7716145828125 0.1395254625 0.78203125 0.1367476859375 0.7859375 0.12517361093749999 0.7869791671875 0.10295138906250001 0.784375 0.09461805625 0.7783854171875 0.0867476859375 0.76953125 0.085821759375 0.7643229171875 0.0904513890625 0.7598958328125 0.10017361093749999 0.7546875 0.1686921296875 0.7520833328125 0.173321759375 0.7510416671875 0.18350694375 0.7463541671875 0.1872106484375 0.728125 0.236284721875 0.725 0.2566550921875 0.728125 0.2872106484375 0.7526041671875 0.2390625 0.7557291671875 0.22146990781250003 0.7572916671875001 0.1770254625 0.7619791671875 0.15202546249999999
1 0.8104166671874999 0.2501736109375 0.79765625 0.24415509218749998 0.79375 0.25850694375 0.79765625 0.2635995375 0.8020833328125001 0.2631365734375 0.8049479171874999 0.2524884265625 0.81015625 0.25434027812500004 0.8104166671874999 0.2501736109375
1 0.7549479171875 0.22841435156249998 0.753125 0.24276620312500002 0.7390625 0.2659143515625 0.7270833328124999 0.29554398125 0.7229166671875 0.33350694375 0.7234375 0.361284721875 0.725 0.3622106484375 0.728125 0.360358796875 0.7479166671875 0.32054398125 0.7536458328125 0.28258101875 0.7549479171875 0.22841435156249998
1 0.7825520828125 0.20526620312500002 0.7885416671875001 0.1936921296875 0.7921875 0.1594328703125 0.7856770828124999 0.1441550921875 0.7747395828125 0.1385995375 0.7625 0.1510995375 0.7567708328125 0.186284721875 0.7557291671875 0.2159143515625 0.75625 0.22054398125 0.759375 0.22239583281250003 0.7669270828125 0.210821759375 0.7825520828125 0.20526620312500002
1 0.7005208328125001 0.2779513890625 0.7046875 0.2936921296875 0.7088541671874999 0.27702546250000004 0.7080729171875 0.2385995375 0.7041666671875 0.24554398125 0.7005208328125001 0.2779513890625
1 0.69453125 0.092303240625 0.6869791671875 0.1038773140625 0.684375 0.1149884265625 0.6828125 0.15202546249999999 0.6848958328125001 0.166840278125 0.6856770828125001 0.1626736109375 0.69453125 0.15711805625 0.7059895828125 0.1589699078125 0.7083333328125001 0.15572916718750002 0.7119791671875 0.1399884265625 0.7135416671874999 0.11961805625 0.7125 0.1038773140625 0.70859375 0.09600694374999999 0.7018229171874999 0.0913773140625 0.69453125 0.092303240625
1 0.6598958328125001 0.25109953749999997 0.6583333328125001 0.28165509218749996 0.659375 0.298321759375 0.6614583328125001 0.3029513890625 0.6765625 0.2714699078125 0.6796875 0.2538773140625 0.6802083328125 0.20572916718749998 0.6778645828125001 0.20063657343750002 0.6661458328125001 0.2251736109375 0.6598958328125001 0.25109953749999997
1 0.13747738125 0.509375 0.1304166671875 0.5431365734375 0.14125000000000001 0.5786921296875 0.14625 0.6112847218749999 0.1470833328125 0.648321759375 0.14208333281250002 0.6942476859375 0.14875 0.726840278125 0.16 0.7379513890625 0.18625 0.7372106484375001 0.1945833328125 0.729803240625 0.20875 0.6646180562499999 0.21541666718750002 0.608321759375 0.21541666718750002 0.5638773140625 0.2095833328125 0.5164699078125 0.2079477234375 0.509375 0.13747738125 0.509375
1 0.31875 0.509375 0.2591605515625 0.509375 0.2579166671875 0.5149884265625 0.25375000000000003 0.572766203125 0.26125 0.648321759375 0.2754166671875 0.7164699078125001 0.2883333328125 0.7231365734375 0.3045833328125 0.7223958328125001 0.3166666671875 0.7186921296875 0.31875 0.7132790250000001 0.31875 0.509375
0 0.0239138453125 0.509375 0.0158333328125 0.5172106484375 0.0020833328125000002 0.5431365734375 0 0.5502353375 0 0.722526553125 0.00125 0.726840278125 0.024166667187499997 0.7586921296875 0.0591666671875 0.7749884265625 0.0720833328125 0.7742476859374999 0.10333333281249998 0.7601736109375 0.1295833328125 0.7238773140625 0.14375 0.67350694375 0.14625 0.62461805625 0.1379166671875 0.571284721875 0.12 0.5231365734375 0.10562407031250001 0.509375 0.0239138453125 0.509375
1 0.6961656671875 0.509375 0.697731165625 0.5390113359375001 0.70811355 0.6276332124999999 0.698450990625 0.6989381265625 0.6986338062499999 0.731479040625 0.70178975 0.7354621359375 0.7075030328125 0.7359375 0.709077559375 0.7359375 0.74375 0.7341543234375 0.74375 0.6484251140625 0.736759384375 0.6257975046875 0.732607 0.5888605984375 0.7337334140625 0.5376342828125 0.731300659375 0.509375 0.6961656671875 0.509375
1 0.7800990062500001 0.509375 0.78007890625 0.518122234375 0.788591778125 0.6158546390625 0.7855960843750001 0.6211551015625 0.7725428859375 0.6857054171875 0.772514121875 0.7291389031250001 0.7739347390625 0.7343377859375 0.7766801921875001 0.7359375 0.821875 0.7359375 0.821875 0.653271559375 0.8125716640625 0.6187362671875001 0.81199390625 0.509375 0.7800990062500001 0.509375
1 0.9458941031249999 0.509375 0.9459179031249999 0.5113321765625 0.9494704109375001 0.546396125 0.9483677421875001 0.5797446125000001 0.9333328312500001 0.6443128093749999 0.9333328312500001 0.7204930578125 0.934151946875 0.7231411484375 0.9413466406250001 0.7284845390625 0.9712233968749999 0.73125 0.983816609375 0.73125 0.9869438015625001 0.7257696124999999 0.9887325703125001 0.7127611859374999 0.9890625 0.7013548171874999 0.9890625 0.6582699515625 0.9882529312500001 0.6507696125 0.9790035828124999 0.6140205156249999 0.97874134375 0.59922085625 0.9749302421875001 0.5789717234375 0.9761820140624999 0.5669043765625 0.9741920078125 0.531794965625 0.9769395234375 0.509375 0.9458941031249999 0.509375
1 0.8089321125 0.509375 0.8023122296875 0.6095594578125001 0.812354065625 0.6633576015625 0.8152369359375001 0.7249363796875 0.816039059375 0.7265625 0.8231416906250001 0.7265625 0.8276871609375 0.7045754203125 0.828125 0.6951748390625 0.828125 0.6400682109375 0.8274482562500001 0.6311296640624999 0.8218451421874999 0.6167305953125 0.8178874546875001 0.5894535875 0.8180566328125 0.5745962578125 0.8139728921875001 0.5612506609375 0.8152699875 0.544626509375 0.8231240374999998 0.509375 0.8089321125 0.509375
1 0.5482051953125 0.509375 0.5507748875 0.5530793562499999 0.5493198546875 0.5947460234374999 0.5372042046875001 0.6467465078125001 0.5372042046875001 0.734375 0.586330521875 0.734375 0.5875 0.7336006515625 0.5875 0.6640331578125 0.5817513218749999 0.635683721875 0.5782278484375001 0.6023231156250001 0.5794172312500001 0.53842816875 0.58264165 0.509375 0.5482051953125 0.509375
1 0.47901234062500003 0.509375 0.47916753125 0.5213621109375 0.4762396328125 0.5807489140625 0.4665264359375 0.6135350390625 0.4665264359375 0.73125 0.507304753125 0.73125 0.509375 0.7094559 0.509375 0.6336149609375 0.5017604656250001 0.5828321640625 0.503384975 0.5475619468749999 0.5085953437499999 0.509375 0.47901234062500003 0.509375
2 0.7548530625 0.8237162234375 0.7578486843750001 0.8263666671875001 0.787970765625 0.8269876265624999 0.8792459765625 0.8204959390625 0.9744722234375001 0.8184641015625 0.9796875 0.80703104375 0.9796875 0.7367378015625 0.5244885640625 0.7367378015625 0.48058615 0.746633634375 0.537436634375 0.7928360125 0.5910924421875 0.8239197765625 0.6146178328125 0.828125 0.627246071875 0.828125 0.691832228125 0.8262841265624999 0.6958837843750001 0.828125 0.7280277125 0.828125 0.7548530625 0.8237162234375