1 0.3307277625 0 0.3307277625 0.0621090640625 0.33242307968749996 0.07284133125 0.3425999234375 0.084375 0.35610408437499996 0.084375 0.36411319375 0.08301718125 0.37550659375 0.066038759375 0.3875 0.014409901562499999 0.3875 0 0.3307277625 0
1 0.4500807375 0 0.4517111640625 0.05603412343750001 0.4642036015625 0.11801983281249999 0.471597375 0.1265625 0.50306716875 0.1265625 0.509375 0.11051700625000001 0.509375 0 0.4500807375 0
1 0.6492750828125 0 0.6490484296875 0.012984937499999998 0.6401497921875 0.0484527671875 0.6401497921875 0.10935297656250001 0.6423972359375 0.12543039375 0.6457501265625 0.1296875 0.6596388281250001 0.1296875 0.6610987484375 0.128426346875 0.6671875 0.102862021875 0.6671875 0.034059568750000005 0.663135171875 0.0117596796875 0.663916084375 0 0.6492750828125 0
1 0.10753511874999999 1 0.1172155140625 0.9600354781250001 0.1203125 0.9100288750000001 0.1203125 0.88069845 0.1146280765625 0.8396684343749999 0.08326107499999999 0.756474125 0.089113428125 0.6002604890625 0.0786123046875 0.57513321875 0.056133332812500006 0.564713340625 0.0348077578125 0.5777491421875001 0.026667975 0.5964082359375 0.0346599328125 0.7652855046875 0.008477084375 0.8513621593749999 0.008477084375 0.96607614375 0.0105564109375 0.9822366453125 0.0157259125 1 0.10753511874999999 1
1 0.315625 1 0.315625 0.9360451906249999 0.2889247765625 0.8727881046875 0.2807636671875 0.8400483296874999 0.27756453125 0.6508949234375001 0.2544231640625 0.6159841203124999 0.2349829078125 0.610743184375 0.2310991125 0.610743184375 0.2058869546875 0.6282755828125 0.19493404375 0.654983534375 0.2213886671875 0.840739221875 0.2163973296875 0.889267628125 0.1897731875 0.995899434375 0.19001201875 1 0.315625 1
1 0.4265625 1 0.4265625 0.8303498140624999 0.42627313281249996 0.8286473749999999 0.3954657515625 0.73416405 0.3989591625 0.5863642796875 0.3817118265625 0.5561187984375 0.356575434375 0.5493905671875 0.3390385921875 0.562767540625 0.331862590625 0.5840048125 0.3348344765625 0.6325698578125 0.34740868593749996 0.689712678125 0.34752835625 0.7473976328124999 0.31909713281249996 0.8417217171875 0.3160463390625 0.8975890796874999 0.3307740796875 0.9751719453125001 0.33888065625 1 0.4265625 1
1 0.48350505625 0.7842506203124999 0.48350505625 0.821875 0.503791746875 0.821875 0.5125591359375 0.811044715625 0.5305288078125 0.7584988703125 0.5359375 0.7133690703125 0.5359375 0.6720205078125 0.5222930234375001 0.600544259375 0.5359375 0.49811324374999993 0.5359375 0.49081671718750003 0.529243609375 0.4780518984375 0.5202860265625 0.4761969640625 0.510968915625 0.4761969640625 0.49116326875 0.4985882734375 0.4905461171875 0.5887762296875 0.487207628125 0.6123229921875 0.48350505625 0.6210333953125 0.48350505625 0.742564159375 0.48592670312499997 0.7522924296875 0.48350505625 0.7842506203124999
1 0.2703749484375 0.834375 0.2830738828125 0.834375 0.31964828437500004 0.74271670625 0.3265625 0.6917862890625 0.3265625 0.6904578109375 0.30868931875 0.6208183953124999 0.3206942578125 0.5033940984375 0.3115444 0.49088244375 0.3097826390625 0.490504396875 0.2972274015625 0.490504396875 0.2854671515625 0.496742278125 0.2761154625 0.517646775 0.2762320171875 0.618617278125 0.2703749484375 0.6357709765624999 0.2703749484375 0.834375
1 0.412933015625 0.8300242046874999 0.419470703125 0.9119845999999999 0.42553995 0.91875 0.46941594999999997 0.91875 0.4866780515625 0.8716448640625 0.4958000796875 0.8347368609375 0.496875 0.8039551718750001 0.496875 0.7542033406249999 0.47474851406249996 0.674911575 0.4859638109375 0.5331976703125 0.47336460625 0.512660028125 0.456286234375 0.5082326375 0.441142384375 0.5157015953124999 0.43111262031250003 0.5337412 0.43461458750000004 0.6577706953125 0.408629984375 0.73153564375 0.408629984375 0.8130528109374999 0.412933015625 0.8300242046874999
1 0.18203120781249998 0.656876534375 0.19457078125 0.6323859578125 0.21618496406249998 0.6130195265625 0.21875 0.599163271875 0.21875 0.5386145156250001 0.206998534375 0.5240469187500001 0.1864857734375 0.5262258484375 0.171852775 0.5467010140624999 0.173317540625 0.6705751624999999 0.156217284375 0.7243862515625 0.156217284375 0.9186207640624999 0.156362115625 0.91875 0.16152013125 0.91875 0.1854404015625 0.8482292812499999 0.18203120781249998 0.656876534375
1 0.09147079062499999 0.7568396296875 0.12302987031249998 0.828125 0.12683859375 0.828125 0.13125 0.8069532890625 0.13125 0.7009169890625 0.10792981406249999 0.6259169109375 0.10936385468750001 0.529096459375 0.100429184375 0.5094152046875 0.0831598640625 0.5044276953125 0.0670399859375 0.5205475734375 0.0660775046875 0.5548953 0.06939341875 0.5658873468750001 0.08526388124999999 0.5802225812499999 0.09197753125 0.6068941765625 0.09147079062499999 0.7568396296875
1 0.6877369421874999 0.3296875 0.6880641359374999 0.34665443749999997 0.6844264578125 0.3809076375 0.6763124578124999 0.40697455 0.6763124578124999 0.6124055015625001 0.676929165625 0.6125 0.6918888375 0.6125 0.6965584921875 0.6093195796875 0.7010611234375 0.601471934375 0.7200754640625 0.5293284953125 0.721875 0.5121717609375 0.721875 0.43007645937500005 0.7130722921875 0.3810742921875 0.712492065625 0.3681022375 0.7135148078125 0.3477288390625 0.7166036546875001 0.3296875 0.6877369421874999 0.3296875