1 0.04081039375 0 0.0472737515625 0.0984502171875 0.035550253125 0.20786419218750002 0 0.3006143234375 0 0.5275075015625 0.0305855390625 0.6345308609375 0.059138275 0.662747353125 0.071392446875 0.6640625 0.1165278828125 0.6640625 0.1594227109375 0.6359753828125 0.20066388906250002 0.5283777062499999 0.2125 0.403505178125 0.2125 0.3531311890625 0.19896038437500002 0.2929255953125 0.1683147140625 0.2536497140625 0.1448697578125 0.110401303125 0.1594919265625 0 0.04081039375 0
1 0.7420430578125 0.14536374218749998 0.73976393125 0.1693982984375 0.76576955 0.2542271375 0.7666704937500001 0.348633359375 0.7712518046875 0.3844989921875 0.7808331109375001 0.42024825000000005 0.7915714312500001 0.44248097656249996 0.8092137796875001 0.4734375 0.82183239375 0.4734375 0.838801028125 0.4646137828125 0.8421875 0.45865747343749996 0.8421875 0.4359346859375 0.83804245625 0.4009305546875 0.8396704937500001 0.34693426562499996 0.8271589578124999 0.305257834375 0.7948916640625 0.243057403125 0.7882231296875 0.214734571875 0.7866069234374999 0.1817976140625 0.777060503125 0.1430498578125 0.768691346875 0.13200331875 0.7537087921875 0.13085319687500002 0.7420430578125 0.14536374218749998
1 0.5231874999999999 0.3851714765625 0.5261875 0.4691294984375 0.5441874999999999 0.518604759375 0.5586875 0.543342390625 0.5651875000000001 0.5455912671875 0.5841875 0.5335972640625 0.5821875000000001 0.46163324531249994 0.5701875000000001 0.4241519859375 0.5451875 0.3866707265625 0.5301875 0.3072104578125 0.5226875 0.2974653296875 0.5106875 0.2974653296875 0.5031875 0.3072104578125 0.5021875 0.3192044609375 0.5231874999999999 0.3851714765625
1 0.5736874999999999 0.25398706875 0.5631875 0.263732196875 0.5601875 0.2817232015625 0.5831875 0.35218796874999997 0.5851875 0.4466407421875 0.5901875000000001 0.46763024687500004 0.6141875 0.517105509375 0.6226875 0.5298491375000001 0.6311875 0.5290995125 0.6501875 0.514107009375 0.6481875 0.43764524062500004 0.6371875 0.40016398124999997 0.6081875 0.35218796874999997 0.6001875 0.32520146250000004 0.5921875 0.2697291984375 0.5826875 0.25548631875 0.5736874999999999 0.25398706875
1 0.6676875 0.1985148046875 0.6556875 0.1985148046875 0.6461875 0.2097591828125 0.6441874999999999 0.2277501875 0.6631875 0.2847217015625 0.6701875 0.3192044609375 0.6691874999999999 0.3866707265625 0.6731875 0.413657234375 0.6941875 0.4751265 0.7106875 0.50136338125 0.7181875 0.50511150625 0.7411875 0.49011900312499995 0.7421875 0.4241519859375 0.7391875000000001 0.40616098125000005 0.7221875 0.35068871874999996 0.6931875 0.2997142046875 0.6771874999999999 0.2097591828125 0.6676875 0.1985148046875
1 0.7021875 0.1947666796875 0.7001875 0.212757684375 0.7221875 0.287720203125 0.7221875 0.3446917171875 0.7431875 0.42715048749999995 0.7596875 0.45488661874999997 0.7671875 0.45413699375 0.7851874999999999 0.440643740625 0.7851874999999999 0.4256512375 0.7691874999999999 0.3611834703125 0.7681875 0.3222029609375 0.7411875 0.265231446875 0.7311875000000001 0.1992644296875 0.7236874999999999 0.1865208015625 0.7126875 0.1835223015625 0.7021875 0.1947666796875
1 0.6691874999999999 0.45113849375 0.6846875 0.477375375 0.6921875 0.47662575 0.6751875 0.4256512375 0.6691874999999999 0.3941669796875 0.6691874999999999 0.3222029609375 0.6631875 0.2847217015625 0.6441874999999999 0.2322479390625 0.6386875 0.2314983140625 0.6301875 0.242742690625 0.6291875 0.25473669375 0.6491875 0.317705209375 0.6511875 0.40016398124999997 0.6691874999999999 0.45113849375
1 0.8226875 0.1190545359375 0.8116875 0.1190545359375 0.8021874999999999 0.1302989125 0.8001875 0.15278766875 0.8221875000000001 0.22325243593750002 0.8231875000000001 0.2952164546875 0.8431875 0.3461909671875 0.8721875000000001 0.2712284484375 0.8451875 0.2112584328125 0.8321875000000001 0.1302989125 0.8226875 0.1190545359375
1 0.9371875 0.22025393593749998 0.9161875 0.178274925 0.9071875 0.11680565937500001 0.8986875000000001 0.10406203124999999 0.8886875 0.10406203124999999 0.8811875 0.11380715937500001 0.8801874999999999 0.1317981640625 0.8971875 0.1842719265625 0.8981874999999999 0.22025393593749998 0.9091875 0.23674568906250001 0.9356874999999999 0.2255013125 0.9371875 0.22025393593749998
1 0.8646874999999999 0.1100590328125 0.8566874999999999 0.1100590328125 0.8471875000000001 0.11980416093749999 0.8451875 0.140793665625 0.8641875000000001 0.20076368125 0.8661875 0.25023894375 0.8741875 0.2727276984375 0.9061875 0.23674568906250001 0.8841875 0.19026892812500001 0.8731875 0.11980416093749999 0.8646874999999999 0.1100590328125
0 1 0.239823478125 0.9896874999999999 0.2314983140625 0.9436875 0.22400206093750002 0.8976875 0.2464908171875 0.8631875000000001 0.293717203125 0.8481875000000001 0.3371954640625 0.8441875 0.3611834703125 0.8431875 0.4196542359375 0.8591875 0.48412200156249996 0.8876875 0.5298491375000001 0.9296875 0.5583348953125 0.9681875 0.5605837703125001 1 0.545433625 1 0.239823478125
1 0.3178111875 1 0.31498856875 0.9558017 0.316060721875 0.9307835156250001 0.328125 0.861013984375 0.328125 0.8202958953125 0.326793259375 0.8138986453125 0.31555745156250004 0.8062288078125001 0.311734140625 0.8062288078125001 0.3014430390625 0.8110173953125 0.2930217375 0.8299583265624999 0.28780643125 0.9425492453125 0.27057511875 1 0.3178111875 1
1 0.43687900625 1 0.43046875 0.95555555625 0.43046875 0.9361111109374999 0.446875 0.827777778125 0.441015625 0.8076388890625001 0.430859375 0.80069444375 0.418359375 0.8048611109374999 0.41015625 0.8222222218749999 0.40625 0.9125 0.40234375 0.9375 0.3796875 0.997222221875 0.3791118421875 1 0.43687900625 1
1 0.15863970624999998 1 0.1578125 0.975 0.14765625 0.9125 0.15859375 0.7861111109375 0.151171875 0.765972221875 0.134765625 0.76180555625 0.1265625 0.772222221875 0.1234375 0.7861111109375 0.12109375 0.9069444437499999 0.103125 0.9625 0.0976814515625 1 0.15863970624999998 1
1 0.2710625 1 0.2796875 0.9666666671874999 0.27109375 0.8888888890625001 0.2828125 0.7861111109375 0.2796875 0.7736111109375 0.269140625 0.76180555625 0.258203125 0.7645833328125 0.25 0.7833333328125 0.24921875 0.859722221875 0.24609375 0.890277778125 0.2296875 0.9361111109374999 0.2234375 0.9666666671874999 0.2328125 1 0.2710625 1
1 0.096533203125 1 0.0984375 0.98194444375 0.12109375 0.9 0.12265625 0.7875 0.134375 0.7513888890625 0.13203125 0.7361111109375 0.123046875 0.7256944437499999 0.113671875 0.7256944437499999 0.1046875 0.7416666671875001 0.10390625 0.8444444437499999 0.08359375 0.9208333328125 0.08125 0.9611111109374999 0.08653017187499999 1 0.096533203125 1
1 0.958298865625 0.7 0.9583333328125001 0.7005208328125 0.9526041671875 0.7282986109375 0.9520833328125 0.74774305625 0.9572916671874999 0.7782986109375 0.9625 0.7792245375 0.9658854171875 0.7778356484375 0.96875 0.769965278125 0.9734375 0.739409721875 0.966220021875 0.7 0.958298865625 0.7
1 0.981759396875 0.7 0.9822916671874999 0.7070023140624999 0.975 0.732928240625 0.9744791671874999 0.7542245375000001 0.9791666671874999 0.7801504625 0.9815104171875 0.7843171296875 0.9890625 0.7838541671875 0.9947916671874999 0.7625578703125 0.9963541671874999 0.7403356484375 0.9885416671874999 0.707928240625 0.989532696875 0.7 0.981759396875 0.7