1 0.04342319375 0.49987550937499997 0.0968972640625 0.5078125 0.101546834375 0.5078125 0.137377153125 0.46377695625 0.146875 0.3538302625 0.146875 0.3287300265625 0.1067865921875 0.17953936718750002 0.12221453593750001 0.05946179687499999 0.0940626359375 0.017407646875 0.0408068796875 0.013273485937500001 0.015780603125 0.0467490328125 0.0306104140625 0.21553449374999997 0.00262491875 0.2912451921875 0.0024311625 0.294425828125 0.0024311625 0.40714531562499995 0.04342319375 0.49987550937499997
1 0.3076766734375 0.5194919375 0.3140625 0.4907765484375 0.3140625 0.31962475156250003 0.28855804687500003 0.239569515625 0.27866415 0.174108553125 0.2925744453125 0.061559004687499995 0.2584367484375 0.0296875 0.217324875 0.0296875 0.1901193 0.0588988546875 0.208769709375 0.232286746875 0.205278221875 0.26326572187499997 0.17672927031250002 0.3126976578125 0.16758855781249998 0.3929303921875 0.20054415625000002 0.5124649234375 0.23117997343750002 0.5452939984375 0.25787290937499996 0.546875 0.26042167968749996 0.546875 0.3076766734375 0.5194919375
1 0.3796875 0.55 0.3796875 0.260747090625 0.35178281093749997 0.31059328750000004 0.328096090625 0.3587703640625 0.3217383796875 0.4038461046875 0.3217383796875 0.44077561875000004 0.34919754531249997 0.55 0.3796875 0.55
1 0.038094639062500005 0 0.0317374546875 0.011365043750000001 0.096104321875 0.0232922640625 0.118774 0.0625 0.125 0.0625 0.125 0 0.038094639062500005 0
1 0.1933404890625 0 0.18214972499999998 0.0147353640625 0.18214972499999998 0.0270132375 0.183303484375 0.0515625 0.18767690312500002 0.0515625 0.20949836406250003 0.031174515625 0.271875 0.0441794203125 0.271875 0 0.1933404890625 0
1 0.3796875 0.1593395953125 0.3535265828125 0.21959380468749998 0.364073065625 0.325 0.3653948484375 0.325 0.3796875 0.3119573046875 0.3796875 0.1593395953125
1 0.3224484140625 0 0.32699843125 0.07100199375 0.2982783875 0.176012634375 0.333774253125 0.315032434375 0.3542303640625 0.3421875 0.35779973125 0.3421875 0.34494845625 0.00537034375 0.345685240625 0 0.3224484140625 0
1 0.43349216718749994 0 0.4428109796875 0.0653609609375 0.447700809375 0.1144956453125 0.4513333421875 0.1589764578125 0.4530517203125 0.21821147187499998 0.4519138265625 0.249632340625 0.4385645125 0.33163970468750004 0.41418479999999996 0.433738621875 0.4131364796875 0.4559123546875 0.40996503124999994 0.46601268124999995 0.40491590000000005 0.5139911140625 0.4026136125 0.5204119828125 0.4014772625 0.55 0.5875 0.55 0.5875 0.38632037656249996 0.5827789187500001 0.378467675 0.579269115625 0.35896261875 0.5753645265625 0.35332220312499996 0.5655217953125 0.3207208375 0.5482248656250001 0.2509490828125 0.5432454609375 0.2110615328125 0.5387239140625 0.0916413328125 0.5394803265625 0.029689154687500004 0.542439475 0.0038602093749999997 0.5425844234375 0 0.43349216718749994 0
1 0.68928230625 0 0.6997115671875 0.074668803125 0.70410150625 0.1385395109375 0.7044444593750001 0.1848721703125 0.7005107453124999 0.21923143281250002 0.689130109375 0.280597096875 0.6779176765624999 0.3252779125 0.67590876875 0.3466287546875 0.665980628125 0.39592101875 0.6622442890625 0.4738351625 0.6630110265625 0.51830688125 0.6654316140625001 0.55 0.75845043125 0.55 0.7593910921875 0.5370135656249999 0.7671875 0.50031516875 0.7671875 0 0.68928230625 0
1 0.754290265625 0 0.766382621875 0.179900496875 0.7674495125 0.22260235 0.7655351421875001 0.2975295078125 0.7624676875 0.3371622234375 0.7546804109374999 0.37924493125000003 0.7382689 0.4457449171875 0.715473403125 0.520303703125 0.715473403125 0.55 0.9277095875000001 0.55 0.9248531 0.5375599 0.9202841156249999 0.5270469328125 0.8915087406249999 0.4017864109375 0.8827801874999999 0.3455752921875 0.880387828125 0.2823938078125 0.8870362187499999 0.114203071875 0.901611446875 0 0.754290265625 0
1 0.903369946875 0 0.892091175 0.086261409375 0.8884490171875001 0.13045076093750002 0.88761663125 0.1467947234375 0.88761663125 0.3438494828125 0.8972498156250002 0.4045767609375 0.931973121875 0.55 0.96391673125 0.55 0.9689490078125 0.5151585265625 0.9777887249999999 0.4723202515625 0.9963589859375 0.3996916953125 0.996875 0.3867436375 0.996875 0.37901147343749997 0.9933596015624999 0.3438385328125 0.9855541999999999 0.29778791875 0.9612292937500001 0.1929268921875 0.9539124046874999 0.14969657187500002 0.9532549296875 0.071791246875 0.9554352312500001 0.063627975 0.9575364375 0.017459223437499997 0.9601325609375 0 0.903369946875 0
1 0.5454284140625 0 0.54295986875 0.0347451734375 0.54403485625 0.1169888875 0.5484966890624999 0.19565621718749998 0.5518073593749999 0.22071078125 0.5605796375 0.2644293671875 0.5723474234375 0.306405228125 0.5890625 0.3576747546875 0.5890625 0.228304675 0.5753886375 0.18643499218749998 0.563167628125 0.1379776484375 0.555907384375 0.0564416046875 0.5573381671875 0 0.5454284140625 0
1 0.8196304125000001 0.55 0.8223994140625 0.6383695984375 0.808620509375 0.6838946734375 0.808620509375 0.7112024046875 0.8378498499999999 0.7715995046874999 0.8455750671875 0.83821445625 0.8435580375 0.9537700125 0.8283319015625 1 0.8930545265625 1 0.9105500671875 0.9757242296874999 0.9453125 0.8454344375 0.9453125 0.8054736609375001 0.9408385328125 0.76744014375 0.8997421359375 0.6787443109375 0.895249328125 0.6307455765625 0.906159228125 0.55 0.8196304125000001 0.55
1 0.46454098750000006 0.55 0.49707894062499997 0.7430527390625 0.43507597656249997 0.9369531671875 0.4317572890625 0.9982797250000001 0.43231338125 1 0.6484375 1 0.6484375 0.8792217109375 0.644890253125 0.866362996875 0.6011641953125 0.785431984375 0.5795941609375 0.74228581875 0.5808283078125 0.6925599375 0.5917305546875 0.6217356578125 0.5992443515625 0.554386434375 0.5974281796875001 0.55 0.46454098750000006 0.55
1 0.3796875 0.55 0.3796875 0.672278459375 0.38692092499999997 0.7138165296875 0.3796875 0.736386115625 0.3796875 1 0.446625446875 1 0.435054346875 0.9531959062500001 0.471875 0.8316142624999999 0.471875 0.62162161875 0.46344597031249996 0.5612314359375 0.4647255390625 0.55 0.3796875 0.55
1 0.71201685 0.55 0.713717575 0.66304055625 0.6903812968749999 0.7262642546875 0.6903812968749999 0.7456628593750001 0.7435928515625 0.8467230984375 0.7537508562499999 0.9763857296874999 0.745805365625 1 0.8294955234374999 1 0.8381953 0.9822906609375 0.846875 0.9476603640625001 0.846875 0.8873638359375 0.8401087859375 0.8178462171875001 0.8299670531250001 0.7601858375 0.7970606671875 0.6947383578124999 0.7940775359375001 0.634833703125 0.8070341703124999 0.55 0.71201685 0.55
1 0.6027874390625 0.55 0.6212543578125 0.6840313578125 0.6029584531250001 0.752541646875 0.6150691 0.78578796875 0.6891011828125 0.9568497062500001 0.6860828671875 1 0.753125 1 0.753125 0.8122186921875001 0.714787328125 0.7546722234375001 0.6883628921875 0.6809935421875 0.6835959421875 0.55 0.6027874390625 0.55
1 0.6768702109375 0.55 0.679281428125 0.6102373 0.69527465625 0.71519113125 0.7112680203125 0.7027389625 0.69527465625 0.62980494375 0.706909721875 0.5632291671874999 0.706498096875 0.55 0.6768702109375 0.55