1 0.28461647343749996 0.4390625 0.2878327265625 0.403407725 0.29975931562499997 0.3603909640625 0.3 0.3500501640625 0.3 0.32705886562500003 0.28096759375 0.3071967375 0.2588950375 0.3167275265625 0.253122525 0.3300391859375 0.2545967046875 0.42316838749999997 0.250644990625 0.4390625 0.28461647343749996 0.4390625
1 0.07845344374999999 0.4390625 0.08051643124999999 0.41548243124999995 0.077358146875 0.41003910625 0.0875 0.3700486578125 0.0875 0.3169677390625 0.08438444843750001 0.3089567875 0.06668070937500001 0.303598084375 0.055293539062499994 0.3091260328125 0.04864379375 0.32281896875 0.0418359078125 0.4390625 0.07845344374999999 0.4390625
1 0.1953125 0.4390625 0.1953125 0.339658959375 0.1876353796875 0.32464957031249997 0.1843227921875 0.2809337234375 0.189939225 0.25932977031250004 0.187040709375 0.2210784046875 0.17650054375 0.20163525937500001 0.158318725 0.20100033593750002 0.1506770734375 0.21980855781250003 0.1581303984375 0.3181692140625 0.14606938593750002 0.3504481609375 0.1412811 0.3829810765625 0.1486264421875 0.4390625 0.1953125 0.4390625
1 0.0696266796875 0.1582778953125 0.0749794203125 0.2238516671875 0.063556396875 0.2621876546875 0.0639345875 0.3113891375 0.07369458906250001 0.3195329703125 0.0800751953125 0.3085616953125 0.0941745859375 0.30301259375 0.1078125 0.32119678125 0.1078125 0.24147631249999998 0.100433965625 0.2237035734375 0.09604121875 0.1253217640625 0.08991758125 0.11715677499999999 0.082644853125 0.11719908593749999 0.078562428125 0.11175576250000001 0.075372125 0.11724139687499999 0.0680993984375 0.11728370937499999 0.06376000625 0.1309766453125 0.0655442546875 0.15283456875 0.0696266796875 0.1582778953125
1 0.690625 1 0.690625 0.9102801249999999 0.6821467046875 0.8823032421875 0.6784470203125 0.8129863437499999 0.681223978125 0.7676631921875 0.678892459375 0.71640185 0.673618040625 0.6980274296875 0.6650911078125 0.6828382546875 0.6471669 0.671713028125 0.63394635 0.681676228125 0.6258727046875 0.7134541828125001 0.628503796875 0.74817640625 0.6411575078125 0.8127030218750001 0.647035 0.8697750124999999 0.6279002578124999 0.9758762953125 0.6286515875 1 0.690625 1
1 0.8828125 1 0.8828125 0.9949397000000001 0.8604954375 0.890909171875 0.8618533546875 0.8062414999999999 0.8681088671874999 0.7397384875 0.86607769375 0.6994243421874999 0.8544505859375 0.6734662328125001 0.8441812078125001 0.663507621875 0.835571296875 0.6619187109375 0.8193589812500001 0.67820351875 0.8114386765624999 0.70231814375 0.8112069078124999 0.74952218125 0.8156464765625 0.7954464343750001 0.8197143390624999 0.8094262421874999 0.8186205125000001 0.8496676515625001 0.8212874859374999 0.87749998125 0.7934334359375 1 0.8828125 1
1 0.918879371875 1 0.917647409375 0.9824140765625 0.9034447859375 0.92030166875 0.8983908765624999 0.8685122625 0.9082937984375 0.7119683375 0.9013083343750001 0.692742721875 0.8843471218750001 0.6819190734375 0.8679920671874999 0.6954760796875 0.868358475 0.746965096875 0.86326549375 0.7821059625 0.86326549375 0.9258956062500001 0.8750719874999999 0.9963772453124999 0.875332925 1 0.918879371875 1
1 0.55 1 0.6 1 0.6 0.9393316296875 0.5812270234375 0.861968315625 0.5816365796875 0.7980794265625001 0.5874179203125001 0.717523871875 0.5775108890625 0.693218315625 0.563391828125 0.68349609375 0.5509564703125001 0.6946072046875 0.55 0.6973233953125 0.55 1
1 0.7275606484375 1 0.7277515859375 0.963097 0.71558039375 0.8701596203124999 0.7232184953124999 0.800706084375 0.7267080328125 0.7965212375 0.7345548421875 0.7603828546875 0.7375 0.7267195515625 0.7375 0.71394183125 0.7334430140625 0.6972270453125 0.715248396875 0.682062896875 0.699189528125 0.6960381437500001 0.689762703125 0.718997990625 0.68629103125 0.76760455625 0.6876283734374999 0.8147949609375 0.68276789375 0.870350515625 0.6816850249999999 0.8720219468749999 0.6816850249999999 1 0.7275606484375 1
1 0.9625 1 0.9625 0.9086071234374999 0.9608408749999999 0.9035092796875 0.9558214875000001 0.8784001531250001 0.9487216937499999 0.7230082890625 0.939773784375 0.702610221875 0.9277615749999999 0.6931868578125 0.9267921093750001 0.6855343265625 0.9229465593749999 0.6964817468750001 0.913992534375 0.7017099218749999 0.9103797421875001 0.710587646875 0.9139903421875001 0.7993674093750001 0.916965553125 0.8077825890625 0.9221224937500001 0.8758381437499999 0.9202604203125 0.892395684375 0.9466325093750001 0.9833555078125 0.9495854859375001 1 0.9625 1
1 0.9921875 1 0.9921875 0.9182986968750001 0.9810787062500002 0.8731672171875001 0.9825271015624999 0.7359218875 0.9751832109375 0.7155124140625 0.9599029515625 0.702407578125 0.9460560890625 0.7191797687499999 0.948654215625 0.882941325 0.970265778125 0.9656497734375 0.9750232703125 1 0.9921875 1
1 0.796875 1 0.796875 0.85991309375 0.795763453125 0.855700996875 0.7933722921874999 0.7306555453125 0.7853083078124999 0.708469684375 0.7701120671874999 0.694662609375 0.7693308171875 0.6946671531249999 0.7549467468750001 0.7051724500000001 0.7492821703125 0.7267434078124999 0.765193696875 0.8642161375 0.759333290625 0.9073262343749999 0.767535384375 0.95035451875 0.774137875 0.9642115921875 0.7800225265625 1 0.796875 1