1 0.1692531234375 0 0.1754816421875 0.0734129390625 0.17010597656249998 0.0999761640625 0.136224165625 0.16585884374999998 0.136224165625 0.2805679546875 0.1600459828125 0.324368884375 0.169787265625 0.33125 0.211722775 0.33125 0.257386378125 0.275481853125 0.2721165421875 0.235792190625 0.2734375 0.1979648984375 0.2734375 0.1812810265625 0.2367726453125 0.1015278453125 0.2386350859375 0.048194512499999995 0.2532100453125 0.012949293749999998 0.25474432812500003 0 0.1692531234375 0
1 0.0685094015625 0 0.0685094015625 0.059081659375 0.0785807140625 0.0833965953125 0.09380925 0.0984375 0.1336699640625 0.0984375 0.1445486109375 0.0924577328125 0.15927948593750002 0.0649366296875 0.16090995 0.03382551875 0.1534186015625 0.0077284765625 0.153823634375 0 0.0685094015625 0
1 0.39551674531250003 0.46875 0.39479458125 0.46289143906249997 0.39300318125 0.455250115625 0.390967034375 0.45110879375 0.3901674859375 0.4459131296875 0.390592834375 0.42795194375 0.393744265625 0.4018898421875 0.3932593859375 0.3921941828125 0.3925087953125 0.38986187499999997 0.3903100421875 0.38835121093749997 0.38060867656249997 0.38835121093749997 0.37694353281250004 0.39270491875 0.37438411875 0.4007980703125 0.37449255312499996 0.41350149375 0.3754518015625 0.42591610468749996 0.3766546125 0.4300962421875 0.37448451718750003 0.45162729375 0.3695754703125 0.464813596875 0.36881298125 0.4674240671875 0.36881298125 0.46875 0.39551674531250003 0.46875
1 0.45094191875 0.46875 0.45072525468749997 0.4664415796875 0.4508720828125 0.45266827187500003 0.4539205 0.4275697796875 0.45414748593750004 0.4210697828125 0.453523675 0.41501150937500003 0.4508208984375 0.40868255312499996 0.44755740624999996 0.4064494640625 0.44324153437499997 0.4056464484375 0.4396629640625 0.4076517046875 0.43538319999999997 0.4129911703125 0.433673675 0.41888628125 0.43373716562500003 0.43142124531250003 0.43601255937500005 0.4523810265625 0.43623319375 0.4604159859375 0.43573929062500005 0.46875 0.45094191875 0.46875
1 0.56875 0.46875 0.56875 0.43557312656249997 0.5675082359375001 0.43256082500000004 0.5649971984375 0.4207005515625 0.56481949375 0.408731603125 0.5662538421875001 0.3939427875 0.567984459375 0.3841306875 0.5681910203125 0.3708962140625 0.5666192875 0.366602721875 0.56322994375 0.36476191875 0.5616631578125 0.36476191875 0.5547044609375 0.369153865625 0.5521604609375 0.3723914234375 0.5503104343749999 0.3769690515625 0.5504983234375 0.38868800000000003 0.5520093609375 0.4005948484375 0.551507384375 0.421079325 0.54834156875 0.433453525 0.5468667593750001 0.437457228125 0.5468667593750001 0.46875 0.56875 0.46875
1 0.55 0.46875 0.55 0.4567064390625 0.54997499375 0.45663122031250003 0.5478695890624999 0.4450496390625 0.5471519234375 0.4382879828125 0.5478050421875 0.4219278375 0.5471180078125 0.40945114687500006 0.5456486421875001 0.4036312203125 0.5438425296875 0.3997763296875 0.5417115875 0.3970173015625 0.5371741812499999 0.3942142875 0.533922475 0.394981196875 0.5303136234375 0.39746314531250004 0.52773026875 0.4033725375 0.5282948578125 0.414349228125 0.5335192546874999 0.441809009375 0.53446476875 0.461512390625 0.532431646875 0.46875 0.55 0.46875
1 0.524040290625 0.46875 0.5244612390625 0.4535344078125 0.5233091796875 0.43949359218749995 0.5213979890625 0.4341075421875 0.5191574625 0.43056248437500005 0.5153743562499999 0.42776317812500003 0.5112076906249999 0.4274230515625 0.50664581875 0.42929211875 0.50454136875 0.432233453125 0.5025420578124999 0.442779378125 0.503224709375 0.4503065859375 0.506193990625 0.46875 0.524040290625 0.46875
1 0.47514583281250006 0.46875 0.4765625 0.46662499999999996 0.48289583281250004 0.464625 0.4888958328125 0.46587500000000004 0.48997916718750006 0.46325000000000005 0.48997916718750006 0.4605 0.4843125 0.44525 0.48147916718749995 0.43550000000000005 0.4804791671875 0.4265 0.4803125 0.41325 0.4821458328125 0.3955 0.48181250000000003 0.394 0.4800625 0.392125 0.46722916718749996 0.393125 0.4645625 0.39437500000000003 0.46381250000000007 0.39575 0.4639791671875 0.40175 0.46681249999999996 0.41875 0.46647916718750004 0.43724999999999997 0.45964583281250004 0.4605 0.458241578125 0.46875 0.47514583281250006 0.46875
1 0.8469791671875001 0.398 0.8431458328125 0.4135 0.8439791671875 0.43224999999999997 0.8444791671874998 0.43324999999999997 0.8462291671875001 0.43162500000000004 0.8481458328125001 0.42774999999999996 0.8488125 0.42300000000000004 0.8519791671875 0.41600000000000004 0.8564791671875 0.40099999999999997 0.8571458328125001 0.38375 0.8554791671875 0.3625 0.8564791671875 0.352 0.8592291671875 0.347875 0.8622291671875001 0.346125 0.8662291671875 0.345375 0.8673124999999999 0.3435 0.8678125 0.33849999999999997 0.8673124999999999 0.3315 0.8651458328124999 0.32575 0.8637291671875001 0.32437499999999997 0.8608958328125 0.323625 0.8558958328124999 0.324125 0.8518125000000001 0.33025000000000004 0.8513124999999999 0.34325 0.8519791671875 0.3775 0.8513124999999999 0.38175 0.8479791671874999 0.38975 0.8469791671875001 0.398
1 0.9658622828125001 0.46875 0.9658125 0.46849999999999997 0.9636458328125 0.46299999999999997 0.9596458328124999 0.44775 0.9593125 0.437 0.9631458328125 0.4085 0.9636458328125 0.40275 0.9633125 0.39675 0.9610624999999999 0.389875 0.9578958328125001 0.386625 0.9527291671875 0.38537499999999997 0.9500624999999999 0.385625 0.9464791671875 0.39 0.9438124999999999 0.40149999999999997 0.9434791671875 0.40800000000000003 0.9448125 0.41325 0.9448125 0.41950000000000004 0.9468125000000001 0.4365 0.9459791671875 0.441 0.9458125 0.44800000000000006 0.9385317984375 0.46875 0.9658622828125001 0.46875
1 0.8872090515625001 0.46875 0.8869791671874999 0.46624999999999994 0.8848125 0.45475000000000004 0.8826458328125 0.449 0.8779791671874999 0.43099999999999994 0.8776458328124999 0.41875 0.8781458328125 0.41174999999999995 0.8796458328125001 0.40549999999999997 0.8811458328124999 0.39125 0.8806458328125 0.379 0.8798124999999999 0.37675000000000003 0.8762291671875001 0.372125 0.8712291671875001 0.370125 0.8653958328125 0.374625 0.8629791671875001 0.3785 0.8614791671875001 0.384 0.8611458328125 0.39 0.8646458328125 0.40824999999999995 0.8649791671875 0.4135 0.8643125000000002 0.43099999999999994 0.8556458328125001 0.4565 0.8537079796875 0.46875 0.8872090515625001 0.46875
1 0.8093345124999999 0.46875 0.8098124999999999 0.45925000000000005 0.8089791671875 0.44825 0.8066458328125 0.43475 0.8036458328125 0.4245 0.8013124999999999 0.41925 0.8004791671875001 0.41375 0.8003125000000001 0.40175 0.8011458328125001 0.39675 0.8011458328125001 0.3875 0.8023125 0.374 0.8019791671875 0.36724999999999997 0.8011458328125001 0.3625 0.8002291671874999 0.360875 0.7930625 0.356375 0.7880625 0.359125 0.7851458328125 0.364 0.7846458328125 0.37075 0.7849791671874999 0.379 0.7871458328125 0.39 0.7874791671875 0.39525 0.7866458328125 0.40549999999999997 0.7871458328125 0.414 0.7828125 0.43125 0.7793125 0.4375 0.7774791671875 0.4465 0.7769791671874999 0.466 0.7771625 0.46875 0.8093345124999999 0.46875
1 0.8049791671875 0.40449999999999997 0.8021458328125 0.40025000000000005 0.8010625000000001 0.395375 0.7999791671875001 0.40099999999999997 0.8006458328124999 0.41375 0.8028124999999999 0.4255 0.8051458328125001 0.43375 0.8067291671875001 0.432875 0.8078125 0.43025 0.8073125000000001 0.414 0.8049791671875 0.40449999999999997
1 0.7848124999999999 0.39325 0.7833125 0.39975 0.7813125000000001 0.40199999999999997 0.7809791671874999 0.40650000000000003 0.7781458328124999 0.41925 0.7773125000000001 0.42975 0.7776458328125 0.44125 0.7781458328124999 0.43775000000000003 0.7795625 0.436125 0.7813958328124999 0.43562500000000004 0.7819791671874999 0.434 0.7866458328125 0.4135 0.7863125 0.40175 0.7871458328125 0.39525 0.7853958328124999 0.384375 0.7848124999999999 0.39325
1 0.7968958328125 0.358625 0.8009791671875 0.35875 0.8014791671874999 0.34275 0.7995625000000001 0.337125 0.7968958328125 0.334375 0.7932291671875 0.332625 0.7895625 0.333625 0.7866458328125 0.337 0.7844791671875 0.343 0.7854791671875 0.3605 0.7927291671875001 0.356625 0.7968958328125 0.358625
1 0.8535695609375 0.46875 0.8541458328125 0.46449999999999997 0.8573125000000001 0.45099999999999996 0.8604791671874998 0.44299999999999995 0.8636458328125001 0.43150000000000005 0.8651458328124999 0.41974999999999996 0.8646458328125 0.40824999999999995 0.8628125000000001 0.40049999999999997 0.8614791671875001 0.39 0.8616458328124998 0.384 0.8633124999999999 0.3785 0.8673958328125 0.372375 0.8700624999999998 0.370875 0.8718125000000001 0.36675 0.8718125000000001 0.353 0.8675625 0.34562499999999996 0.8628958328125 0.34562499999999996 0.8597291671875 0.346875 0.8576458328125 0.34900000000000003 0.8564791671875 0.3525 0.8548124999999999 0.36075 0.8551458328125001 0.37374999999999997 0.8569791671874999 0.38875000000000004 0.8561458328124999 0.399 0.8521458328125 0.41200000000000003 0.8503125 0.41425 0.8481458328125001 0.42225 0.8461458328125001 0.425 0.8463125 0.45475000000000004 0.8481458328125001 0.46875 0.8535695609375 0.46875
1 0.9056458328125 0.40549999999999997 0.9068125 0.425 0.9083124999999999 0.433 0.9101458328125 0.43775000000000003 0.9106458328125001 0.44325000000000003 0.9113125 0.44375 0.9123125 0.44275000000000003 0.9136458328125 0.43525 0.9141458328125001 0.4255 0.9159791671875 0.41325 0.9241458328124998 0.38875000000000004 0.9246458328125 0.37174999999999997 0.9226458328125 0.362 0.9226458328125 0.34750000000000003 0.9229791671874998 0.343 0.9239791671875001 0.34049999999999997 0.9260625000000001 0.337375 0.9280625 0.336125 0.9293125 0.3335 0.9296458328125 0.33125 0.9270624999999999 0.329625 0.9160625 0.329125 0.9148958328125001 0.32937500000000003 0.9139791671874999 0.331 0.9164791671875001 0.35375 0.9159791671875 0.36375 0.9153125 0.3665 0.9134791671875 0.3695 0.9068125 0.39025 0.9056458328125 0.40549999999999997
1 0.9203645828125001 0.46875 0.9211458328125002 0.465 0.9218125 0.45475000000000004 0.9231458328125001 0.44875 0.9268125000000002 0.43425 0.9306458328125 0.42525 0.9324791671875001 0.41825 0.9333124999999999 0.41150000000000003 0.9338124999999999 0.39725 0.9331458328124999 0.39249999999999996 0.9319791671874998 0.3895 0.9313125 0.37775 0.9333124999999999 0.365 0.9347291671875 0.362125 0.9384791671875 0.35875 0.9398125 0.34950000000000003 0.9384791671875 0.34125 0.9367291671875 0.338125 0.9340624999999999 0.33587500000000003 0.9273958328125002 0.336125 0.9231458328125001 0.343 0.9226458328125 0.35550000000000004 0.9231458328125001 0.3635 0.9246458328125 0.37174999999999997 0.9243124999999999 0.3895 0.9228125 0.392 0.9159791671875 0.41325 0.9139791671874999 0.4245 0.9131458328125 0.43425 0.9121458328125 0.437 0.9139791671874999 0.44749999999999995 0.9169791671875 0.45875000000000005 0.918475765625 0.46875 0.9203645828125001 0.46875
1 0.9380625 0.46875 0.9448125 0.4485 0.9463125 0.43724999999999997 0.9436458328124999 0.41974999999999996 0.9441458328125 0.4135 0.9426458328125001 0.40774999999999995 0.9428124999999999 0.40175 0.9459791671875 0.39 0.9473958328125001 0.38887499999999997 0.9494791671874999 0.38475000000000004 0.9503125000000001 0.3715 0.9494791671874999 0.3665 0.9483125000000001 0.36425 0.9460625 0.360875 0.9425625 0.359375 0.9375625 0.359375 0.9341458328125001 0.363 0.9323125000000001 0.36775 0.9309791671875001 0.37825000000000003 0.9316458328125 0.38375 0.9314791671875 0.39 0.9338124999999999 0.40149999999999997 0.9324791671875001 0.41574999999999995 0.9308125 0.42024999999999996 0.9304791671875 0.42525 0.9282291671875 0.425875 0.9273125 0.42750000000000005 0.9266458328125001 0.43499999999999994 0.9246458328125 0.43899999999999995 0.9228125 0.4465 0.9198958328125 0.446875 0.9187291671875 0.446125 0.9176458328125001 0.45225 0.9186458328124999 0.46624999999999994 0.9204407046874999 0.46875 0.9380625 0.46875
1 0.7199003765625 0.46875 0.723164578125 0.505716734375 0.7197105359375 0.5598470343749999 0.69454825 0.6508052359375001 0.69454825 0.87386401875 0.699234025 0.8999247921875 0.7053967328125 0.9015625 0.742699128125 0.9015625 0.7507912921875 0.878884515625 0.772106615625 0.7834694078125001 0.7734375 0.7648989453125 0.7734375 0.6703997671874999 0.77310420625 0.66534111875 0.7553570296875 0.569016821875 0.7611980890625001 0.49131177812500004 0.7644706171875 0.46875 0.7199003765625 0.46875
1 0.4841244109375 0.46875 0.48470314062500003 0.4747777484375 0.46656013749999997 0.5879016453125 0.46979430312500003 0.6616903562500001 0.48202704062499996 0.71943169375 0.5001494984375 0.782314190625 0.5007558078125001 0.7828125 0.5234375 0.7828125 0.5234375 0.49205668593749996 0.5196043578125 0.47911741093750004 0.5189234171875 0.46875 0.4841244109375 0.46875
1 0.5460090515625 0.46875 0.545556640625 0.514554665625 0.531494140625 0.5661021328125 0.523681640625 0.6154186296875 0.521337890625 0.71799135625 0.5400239296875 0.8234375 0.584593309375 0.8234375 0.586181640625 0.8194977828125 0.599462890625 0.7581597421875 0.603125 0.6940993484375 0.603125 0.6074117593749999 0.583056640625 0.5178354921875 0.5835684140625 0.46875 0.5460090515625 0.46875
1 0.6238633609375 0.46875 0.6239993484374999 0.47614706093750003 0.619430396875 0.5303501171875 0.601631596875 0.5874054281250001 0.601631596875 0.8640625 0.6126469078125 0.8640625 0.6218055875 0.86387155625 0.6284947734375 0.862867821875 0.6349854328125 0.8535671375 0.64922503125 0.8058354921875001 0.6635574671875 0.7456402359375 0.6711457265625 0.6705310734375 0.669958853125 0.631824121875 0.656250553125 0.5383257484375 0.6597468921875 0.4883257484375 0.6627003968749999 0.46875 0.6238633609375 0.46875
1 0.6847566765625 0.46875 0.6839306640625 0.49240389687499997 0.6727720390625 0.528567765625 0.6727720390625 0.595933653125 0.680449053125 0.636957603125 0.6823615265624999 0.6718983453125 0.6839169640625 0.6734375 0.68771795 0.6734375 0.7173946109375 0.5657502265625001 0.7194853890624999 0.52830485625 0.717950040625 0.46875 0.6847566765625 0.46875
1 0.769119959375 0.46875 0.7685971031250001 0.5179467734375 0.7651793828125 0.5294630234375 0.7651793828125 0.631656790625 0.769912471875 0.6578970671875 0.773740028125 0.6979201328125 0.7709669781249999 0.7659756874999999 0.7651793828125 0.7956679140625 0.7651793828125 0.834375 0.7876913562500001 0.834375 0.7888687546875001 0.8337614234374999 0.7961601968750001 0.8174799109374999 0.81685645625 0.730568278125 0.8203125 0.6910394656250001 0.8203125 0.596869003125 0.804534603125 0.5162729578125 0.8075162531250001 0.46875 0.769119959375 0.46875
1 0.8784063484375 0.46875 0.8876774328125 0.5493593734375 0.8694036031250001 0.6585584265625 0.8725141749999998 0.73472879375 0.880943015625 0.780889909375 0.9061677015625001 0.87103529375 0.91214565 0.8765625 0.9328125 0.8765625 0.9328125 0.5850367999999999 0.9228336828125 0.5518177390625001 0.9210517265625 0.46875 0.8784063484375 0.46875
1 0.9098964453124999 0.46875 0.9097421109375 0.47220077343750005 0.9097421109375 0.6117325140625 0.91431408125 0.6405514078125 0.9168907125000001 0.680528796875 0.9140519578124999 0.7346954640625001 0.9097421109375 0.7603650484375001 0.9097421109375 0.80625 0.9222486125 0.80625 0.9276728171874999 0.80164959375 0.9342333953124999 0.7804658078125 0.9532988828125 0.698959021875 0.9578125 0.6655297843750001 0.9578125 0.5979999031250001 0.9432495718750001 0.5044273718750001 0.945503715625 0.46875 0.9098964453124999 0.46875