1 0 0.6296875 0.034510525 0.6296875 0.036332590625 0.6056419156249999 0.053125 0.5350170953125 0.053125 0.5228906046875 0.0346069140625 0.46279931875 0.0416875546875 0.34865493125 0.032774496874999996 0.3317164140625 0.012580395312500001 0.32908938125 0 0.34980387031250004 0 0.6296875
1 0.1484375 0.6296875 0.1484375 0.57306950625 0.1214433484375 0.5060462953125 0.1176243625 0.3747962953125 0.102166846875 0.35249086093750004 0.0849338828125 0.34952535625 0.0734651859375 0.3571625140625 0.0661527921875 0.373712284375 0.0825172390625 0.5075451515625 0.0661313734375 0.5872646015625 0.066463715625 0.6296875 0.1484375 0.6296875
1 0.2301445046875 0.6296875 0.21254479375000002 0.572989428125 0.2275097125 0.41699452187499997 0.218466596875 0.3911017015625 0.19657994375 0.3790960375 0.1744798015625 0.3906554203125 0.16524650937500002 0.40876769218750003 0.1633968984375 0.5784105109375 0.14892369218749998 0.61751439375 0.14892369218749998 0.6296875 0.2301445046875 0.6296875
1 0.409375 0.6296875 0.409375 0.45723348281250004 0.394653896875 0.4335902734375 0.3724877984375 0.4259384609375 0.34598095624999997 0.44215494218750007 0.33471812500000003 0.46791640624999997 0.355733771875 0.6296875 0.409375 0.6296875
1 0.3445650203125 0.6296875 0.33125 0.46701183437499993 0.3421875 0.44220275000000003 0.3625 0.42224480625 0.3671875 0.3832641265625 0.3625 0.35036980624999997 0.34765625 0.3337044578125 0.32734375 0.33647490156250004 0.3140625 0.3573368265625 0.3234375 0.4809379671875 0.296875 0.5867243171875 0.299939978125 0.6296875 0.3445650203125 0.6296875
1 0.24541751875 0.6296875 0.2578125 0.5858120437500001 0.2578125 0.5115197328125001 0.23970483437499998 0.43532653593750004 0.24847216093750002 0.338415175 0.2410159765625 0.318983921875 0.2241014953125 0.31449641562499997 0.2067396890625 0.33109356874999996 0.2061327453125 0.336949678125 0.2061327453125 0.37682824375 0.22046898750000002 0.390268575 0.225171896875 0.4167583515625 0.2133103921875 0.566794709375 0.23671808906249997 0.6296875 0.24541751875 0.6296875
1 0.46532165625 0.37580974375 0.465625 0.371069665625 0.465625 0.3287892265625 0.46256493125000003 0.3257412671875 0.4549373 0.33303768125 0.45438415625 0.3749169234375 0.4513319328125 0.38231811250000003 0.4513319328125 0.4609375 0.4609990328125 0.4609375 0.4615410375 0.46028157968750005 0.465625 0.44448470625000003 0.465625 0.37720925625 0.46532165625 0.37580974375
1 0.43019204218749996 0.3772812171875 0.42545476562499995 0.39821037187499997 0.42636040468749997 0.4176548140625 0.43629202031250003 0.45625 0.4453125 0.45625 0.4453125 0.384000840625 0.4409603625 0.363200684375 0.4399286703125 0.32990072656249997 0.43621981249999997 0.3227393375 0.4330948125 0.32253907656249997 0.42866606718749994 0.32779424375 0.4242174203125 0.3270475796875 0.42803243125 0.342062653125 0.42728931875000004 0.3595551171875 0.43019204218749996 0.3772812171875
1 0.409375 0.4515625 0.415625 0.4515625 0.415625 0.3974834875 0.41060505 0.3723704875 0.409859621875 0.328858028125 0.409375 0.32789317812499996 0.409375 0.4515625
1 0.45382855156249996 0.30816470156250003 0.45625 0.303289428125 0.45625 0.2878310609375 0.4536929953125 0.2854780015625 0.448500821875 0.28643422812499997 0.44577361875 0.29432126406250003 0.448584246875 0.335975809375 0.443356103125 0.36471284531250003 0.446827359375 0.3890625 0.447154815625 0.3890625 0.450401690625 0.3804141953125 0.45556518593749995 0.34797345625 0.45382855156249996 0.30816470156250003
1 0.42089085156249995 0.29547213125 0.41635451718749994 0.29751498593750003 0.4149473078125 0.30268185625 0.421179440625 0.34702018749999997 0.41802008593749995 0.3787351140625 0.4233732234375 0.396875 0.4234375 0.396875 0.4234375 0.2973998375 0.42089085156249995 0.29547213125
1 0.463800740625 0.303438125 0.4564013046875 0.2993948078125 0.4531640671875 0.3043297203125 0.45214040000000005 0.32277546562500004 0.4527535484375 0.3234375 0.4560507375 0.3234375 0.4605051484375 0.3153053546875 0.4640625 0.3133289 0.4640625 0.30455639843750004 0.463800740625 0.303438125
1 0.4285481765625 0.30891031406249997 0.42542317656249995 0.30978169375000003 0.42099609375 0.321278490625 0.42151692656249995 0.33610239375 0.42322000156249995 0.3421875 0.42446128906249997 0.3421875 0.42568359375 0.33061956875 0.43125 0.3234024203125 0.43125 0.3114551578125 0.4285481765625 0.30891031406249997
1 0.41786562031249996 0.4203125 0.418991428125 0.4203125 0.42011885 0.4074743953125 0.4265625 0.3788404328125 0.4265625 0.363260409375 0.42515054531249996 0.35236059062499997 0.41786562031249996 0.3872024953125 0.41786562031249996 0.4203125
1 0.4515625 0.40648148125 0.45208333281249996 0.3916666671875 0.45625 0.3731481484375 0.45625 0.33055555625 0.46328125 0.3236111109375 0.46692708281249995 0.3273148140625 0.46875 0.3240740734375 0.46770833281249996 0.315740740625 0.46067708281249997 0.30046296250000004 0.4578125 0.3009259265625 0.45546875 0.3115740734375 0.45104166718750005 0.3138888890625 0.45208333281249996 0.3296296296875 0.4546875 0.3351851859375 0.4526041671875 0.3425925921875 0.4536458328125 0.35 0.4505208328125 0.353703703125 0.44765625 0.3671296296875 0.44375 0.3601851859375 0.44322916718750005 0.38240740781250004 0.4458333328125 0.3898148140625 0.44739583281249995 0.409259259375 0.44895833281249997 0.409259259375 0.4515625 0.40648148125
1 0.1913466375 0.6296875 0.1924041625 0.6823063234375 0.16955825 0.743943671875 0.16955825 0.93048683125 0.17471117187500002 0.9359375 0.20677159843749998 0.9359375 0.224730971875 0.9126828328125001 0.2515625 0.827063321875 0.2515625 0.801442575 0.2318320890625 0.709471934375 0.24072018750000002 0.6296875 0.1913466375 0.6296875
1 0 0.6296875 0 0.8546875 0.010702429687499999 0.8546875 0.0210449734375 0.84429160625 0.0359375 0.75921213125 0.0359375 0.7250688484375 0.0133479546875 0.6296875 0 0.6296875
1 0.093306515625 0.6296875 0.0984029390625 0.6639156171875 0.07878463125 0.7734378953125 0.11068984374999999 0.883492465625 0.12876450625 0.89375 0.1505094 0.89375 0.1604059953125 0.88944790625 0.165625 0.858944540625 0.165625 0.7476863109374999 0.13752975781250001 0.663653490625 0.13594776718749998 0.6296875 0.093306515625 0.6296875
1 0.029461159375 0.6296875 0.0627478703125 0.7106459421875 0.072496959375 0.7765625 0.07353499375 0.7765625 0.0796875 0.7321490765625 0.0796875 0.6433994375000001 0.0750762328125 0.6296875 0.029461159375 0.6296875
1 0.13249103125 0.6296875 0.1319890578125 0.6461328843749999 0.17339601093749998 0.7734375 0.173526696875 0.7734375 0.178125 0.751398571875 0.178125 0.6789028609375001 0.1642289296875 0.6296875 0.13249103125 0.6296875
1 0.24919765312500003 0.6296875 0.24873668593749998 0.702481284375 0.2851023328125 0.809375 0.2875 0.809375 0.2875 0.665355340625 0.2758841515625 0.6427174046874999 0.2757356515625 0.6296875 0.24919765312500003 0.6296875
1 0.448075403125 0.6296875 0.4418066828125 0.6335387156250001 0.432848396875 0.654237915625 0.43326515624999995 0.69713285625 0.44090897343749996 0.7598312484375 0.4422883875 0.80723865625 0.4198604828125 0.9221669359375 0.421010059375 0.9902470593749999 0.4223784796875 1 0.4921875 1 0.4921875 0.8748590468749999 0.47654126718749995 0.81299061875 0.47458715937499996 0.774404078125 0.47931402500000003 0.7082816046875 0.4778483953125 0.657911234375 0.4693497890625 0.6372650015625 0.45683668125 0.6296875 0.448075403125 0.6296875
1 0.559089096875 1 0.5609375 0.9821317390625 0.5609375 0.910925953125 0.5482182234375 0.824124628125 0.5609375 0.70007110625 0.5609375 0.652074471875 0.5541656609375 0.6405154343749999 0.54189018125 0.6365321046875 0.530495546875 0.6430551953125 0.518947665625 0.668198840625 0.51517415625 0.8065208125 0.49929029375 0.8645440000000001 0.49929029375 1 0.559089096875 1
1 0.6765625 1 0.6765625 0.8850318343750001 0.6638236734375 0.8371617656250001 0.6612653125 0.800071328125 0.6626878953124999 0.687905953125 0.65575054375 0.6638284328124999 0.6413450328125 0.6488732203125 0.6249543703125 0.653731096875 0.615814225 0.6804709734375 0.6174012515625 0.714545046875 0.6300126515625 0.806930925 0.62645635625 0.8554459953125001 0.6129637390625 0.9225260953125 0.6114191140624999 0.9785553796875 0.612939990625 1 0.6765625 1
1 0.5708198140625 0.6296875 0.5674134875 0.640689175 0.5715227421875 0.6673946296875 0.5752442234374999 0.7666635859375 0.5719253859375 0.8243831828125 0.5863651875 0.8911953 0.5944686812500001 0.9120233109375 0.59979923125 0.9520717937500001 0.6011937984375 1 0.60702515625 1 0.6055894562499999 0.950658190625 0.6087646687499999 0.9166326015624999 0.615625 0.8829690124999999 0.615625 0.8203936484375 0.609396584375 0.795199603125 0.6078304390625 0.7700047203125 0.6134480468750001 0.6767683546875001 0.6117956875 0.648610509375 0.6046574671875 0.6296875 0.5708198140625 0.6296875
1 0.6636029578125 0.6296875 0.657699440625 0.635052659375 0.65258015625 0.6521212078125 0.661223803125 0.6698505046875 0.663982396875 0.6846507749999999 0.65977236875 0.8254303015625 0.6813756484375 0.9171657968750001 0.6879330421875001 0.9586133421875 0.68865545 1 0.7125 1 0.7125 0.8949116343749999 0.6927953890625 0.807458596875 0.69144486875 0.777833815625 0.6966634125000001 0.694832065625 0.695106015625 0.6533554328125 0.6829584656250001 0.6296875 0.6636029578125 0.6296875
1 0.776171996875 0.8798405109375 0.7921875 0.87425260625 0.7921875 0.6690053015624999 0.7862379578125 0.64978015 0.7758328109375 0.6375 0.76849645625 0.6375 0.7582476328125 0.6397725999999999 0.7498131562499999 0.6542371640625 0.7475682156250001 0.667706321875 0.7497581875 0.7047773140625 0.7622296015625001 0.7756167796875 0.765857571875 0.8200612234375001 0.753342178125 0.9023236875 0.7548586578125001 0.9109375 0.75506476875 0.9109375 0.776171996875 0.8798405109375
1 0.7848006640625 0.6296875 0.7804759359375 0.6375828890624999 0.790375415625 0.6631950171875001 0.7925162578125 0.6795689406250001 0.7889101671875001 0.7844436203124999 0.7947579953125 0.8424154640625 0.80355835 0.8731545578125001 0.8278152171875 0.8875 0.83125 0.8875 0.83125 0.8394359953125001 0.82096479375 0.799251853125 0.8231914703125 0.6469697640625001 0.8156231609375 0.6296875 0.7848006640625 0.6296875
1 0.8841203484375001 0.6296875 0.881113284375 0.6314169749999999 0.8706966171874999 0.6571610781249999 0.8706966171874999 0.700124040625 0.8765299500000001 0.756522159375 0.8756966171875 0.8128039078124999 0.8523632843750001 0.923507734375 0.8631966171875 0.95777090625 0.8681966171875001 0.991932253125 0.8683938421875 1 0.934375 1 0.934375 0.9244299765624999 0.92902995 0.8863274390625 0.9115299499999999 0.8119479000000001 0.9165299499999999 0.657961103125 0.906113284375 0.6318533515625 0.900862946875 0.6296875 0.8841203484375001 0.6296875
1 1 1 1 0.634800165625 0.994677 0.6466753921875 0.9925198375000001 0.683712428125 0.9945270374999999 0.7636348546875 0.99087578125 0.7977283234375 0.9749101625 0.8549292734374999 0.9749101625 1 1 1
0 0.8671695109375002 1 0.8589583328125 0.9495717593749999 0.8377083328125 0.8984606484375 0.819375 0.8836458328125 0.7860416671875 0.87179398125 0.7527083328125 0.8836458328125 0.7377083328125 0.8999421296874999 0.7247916671875 0.9243865734375 0.7147916671875001 0.9554976859375 0.7122521328125 1 0.8671695109375002 1