1 0.22092769375 0.65 0.22092769375 0.5941937578125 0.19106646562500001 0.4854145984375 0.19115619687500002 0.40094859375 0.20555388593749999 0.3297260375 0.2092595375 0.27320302500000004 0.1930617953125 0.24130057656249998 0.16858394375000002 0.22786740781249998 0.1452282640625 0.2339199859375 0.1306708875 0.2511907859375 0.12474816875000001 0.27030480625000003 0.12952895 0.45458879999999996 0.119436928125 0.503663340625 0.09240286875 0.567801434375 0.0765625 0.6253862156250001 0.0765625 0.65 0.22092769375 0.65
1 0 0.6257356765625001 0.0005417171875 0.626714575 0.01209888125 0.63125 0.048114140625 0.63125 0.058885414062499995 0.6191435796875 0.0803679578125 0.5523651828125 0.0820414890625 0.5428606453125 0.0820414890625 0.40576532812500005 0.0567245546875 0.330190175 0.0549514546875 0.269252675 0.068576034375 0.200775409375 0.06743943125 0.161712909375 0.0590813625 0.1428265421875 0.0350327140625 0.1264387703125 0.032878654687499995 0.1264387703125 0.014254595312500002 0.131892996875 0.0001155390625 0.1558526484375 0.006451770312500001 0.319942421875 0 0.33955991406249997 0 0.6257356765625001
1 0.1242808765625 0.208003025 0.12167035625 0.200108753125 0.1195772359375 0.164171253125 0.1240379515625 0.080561528125 0.1096191375 0.0599461390625 0.10395917968749999 0.0576421984375 0.096127553125 0.0576421984375 0.0856278984375 0.061875429687500004 0.07890746093749999 0.0799877 0.086749325 0.1879277484375 0.068241521875 0.24395460781249997 0.0671875 0.26085474999999997 0.0671875 0.294120165625 0.071957325 0.334452059375 0.094438540625 0.40004511093749995 0.09898055781250001 0.4046875 0.12354380937500001 0.4046875 0.1242808765625 0.4039687359375 0.1242808765625 0.208003025
1 0.3455141578125 0.65 0.36903638125 0.5912278468750001 0.3819181765625 0.5251663359375 0.37765792343750004 0.45189252812499997 0.359335171875 0.37910979375 0.3775407890625 0.2035095921875 0.3682839640625 0.183524475 0.3519458921875 0.17237864375 0.33004362187499997 0.177830034375 0.3150407890625 0.2056921390625 0.3109613015625 0.369863765625 0.277776096875 0.4350721046875 0.265625 0.4829858015625 0.265625 0.5792975499999999 0.27743654218749997 0.65 0.3455141578125 0.65
1 0.186026296875 0.5125 0.18892236874999999 0.5110519874999999 0.2028778625 0.4796565359375 0.2253393671875 0.399750859375 0.2249070265625 0.3419747234375 0.20950466093750003 0.2703179 0.229680225 0.138904265625 0.22288657031249998 0.1171201734375 0.20390112968750002 0.1056286890625 0.1912555828125 0.10889914062499999 0.180553521875 0.12073606875000001 0.175 0.145974353125 0.175 0.2284144 0.200347984375 0.2657394875 0.196311146875 0.31888266718749997 0.175 0.41012510156250004 0.175 0.49736317343750003 0.17854485312499999 0.5125 0.186026296875 0.5125
1 0.467210371875 0.386499028125 0.45658048906250004 0.290093921875 0.4804008484375 0.1647332890625 0.4763684453125 0.1519055078125 0.46226428437499995 0.1389520390625 0.447350025 0.1389520390625 0.4433069609375 0.139400153125 0.429084009375 0.1564401875 0.41776365000000004 0.28267490624999997 0.3890625 0.3425569640625 0.3890625 0.5415784109375 0.39495696874999997 0.5453125 0.4197260015625 0.5453125 0.42785354375000006 0.539001315625 0.45793719062499993 0.47367124687500006 0.464098659375 0.445874028125 0.467210371875 0.386499028125
1 0.3243084796875 0.2135496421875 0.32694546406249997 0.1904947796875 0.34129234531249997 0.1608679109375 0.34129234531249997 0.11246366875 0.334095 0.0948952359375 0.32114037500000003 0.0873298390625 0.3170034859375 0.0873298390625 0.307971996875 0.08888448125000001 0.2991144078125 0.10289918281249999 0.30583188125 0.21514409375 0.2859375 0.2902761171875 0.2859375 0.3423884921875 0.2875684796875 0.361030678125 0.3055984703125 0.41875 0.31130055156249997 0.41875 0.3197945109375 0.41020150156249996 0.3355958765625 0.360297096875 0.3243084796875 0.2135496421875
1 0.5296875 0.117380015625 0.522799140625 0.117380015625 0.516140628125 0.119386459375 0.5064162875 0.1338755453125 0.504911275 0.24308685468750002 0.4765625 0.3168067125 0.4765625 0.322018396875 0.4887360078125 0.38456502656249997 0.490690965625 0.45175252656250003 0.5066342140625 0.4632356640625 0.5147891640625 0.4640625 0.5187937875 0.4640625 0.5296875 0.45458756093749997 0.5296875 0.117380015625
1 1 0 0.995508296875 0 0.9805287765624999 0.0018989640625 0.97283749375 0.009298434375000001 0.9702606984374998 0.018485471875 0.9698618703124999 0.08524314375 0.9734717328125001 0.11283891093750001 0.9751185640625 0.1684424265625 0.9627899687500001 0.2177336203125 0.9625 0.2199735359375 0.9625 0.313008 0.9648021499999999 0.33301139687500003 0.9774421375 0.3851066359375 0.9850921609375 0.3921875 1 0.3921875 1 0
1 0.827299409375 0 0.8265625 0.005102675 0.8265625 0.0231854796875 0.83667233125 0.08695160468749999 0.8393663828125 0.12586776718749998 0.8316482984375 0.182648571875 0.8322814843749999 0.23124604531249998 0.8389221984375 0.27161928281250003 0.852014975 0.31904605468749997 0.8573961953125 0.3295513609375 0.8607407828125 0.33125 0.8817162234375001 0.33125 0.88833899375 0.3189558328125 0.88833899375 0.1851176765625 0.8665888953125 0.1221783890625 0.86147026875 0.0804435375 0.858466328125 0.0040410125 0.8562640734375 0 0.827299409375 0
1 0.854276046875 0 0.8565418656249999 0.0036449093750000002 0.8531166499999999 0.07585804375 0.8543534140624999 0.12164592031250002 0.8722589171875 0.1984375 0.8758368265625001 0.1984375 0.8784337359375 0.1907631015625 0.880321971875 0.144938859375 0.8675836203125 0.06874996562499999 0.8727242671875001 0 0.854276046875 0
1 0.5492659703125 0.28125 0.5724636249999999 0.209332340625 0.5953125 0.17701449375 0.5953125 0.1725282984375 0.5840873625 0.1392565078125 0.5805583328124999 0.10429748750000001 0.5796048234375 0.022353043750000003 0.5719970953125 0.005818423437499999 0.5674650421875 0.001929875 0.5499737062500001 0.001929875 0.54375 0.0151838765625 0.54375 0.01740348125 0.546447425 0.057307459375 0.5538827046875 0.092562478125 0.5551811125 0.1370661234375 0.548175809375 0.2074919203125 0.5490340625 0.28125 0.5492659703125 0.28125
0 0.797166065625 0.32709315625 0.8032808812500001 0.31860745 0.80800655625 0.30077522343749996 0.80800655625 0.21048889843750002 0.803031709375 0.1941814046875 0.78457651875 0.164338065625 0.7668170921874999 0.1512657765625 0.736285134375 0.1512657765625 0.72598276875 0.1595551 0.71200224375 0.1798393046875 0.7046875 0.197825084375 0.7046875 0.27807095312499996 0.7095031953125 0.2971295875 0.7299253578125 0.33404491875 0.7422103625 0.34472373125 0.7441376281250001 0.3453125 0.7798190640625 0.3453125 0.797166065625 0.32709315625