1 0.2 1 0.2 0.9375744109374999 0.189450571875 0.908894475 0.19003990937499998 0.8502438937499999 0.18346495625 0.8406629671874999 0.1804887875 0.8400911515625001 0.176826165625 0.8400911515625001 0.1694108734375 0.845632278125 0.16672363750000002 0.856134190625 0.17190275156249998 0.9107080296875001 0.1628644796875 0.9422421812499999 0.16175993125000002 0.9787573437500001 0.1676075609375 1 0.2 1
1 0 0.9372580765624999 0.0009917953125 0.9412868734375 0.0031882296875 0.94375 0.0190321234375 0.94375 0.021522334375 0.9412989906250001 0.025 0.9285044984375 0.025 0.8675929468749999 0.0174130109375 0.8406630875000001 0.0210472640625 0.8004862484374999 0.0177088421875 0.795709921875 0.0020838421874999997 0.7947086265625 0.0046949687499999995 0.84115161875 0 0.8570482250000001 0 0.9372580765624999
1 0.042986685937500005 0.965625 0.0596248703125 0.965625 0.0697649078125 0.9422200515625001 0.0703125 0.9373227421875001 0.0703125 0.8905557453124999 0.0644737078125 0.8653971359374999 0.0685596171875 0.81201171875 0.0636814703125 0.8035481781249999 0.05496824375 0.80224609375 0.04699940625 0.8133138031249999 0.049227896874999996 0.85888671875 0.040011671875 0.88729920625 0.040011671875 0.957084225 0.0412077546875 0.9630533859374999 0.042986685937500005 0.965625
1 0.12317342656250001 0.9921875 0.1251870625 0.9900694484375 0.1331371765625 0.9628052453125001 0.1359375 0.9350290078124999 0.1359375 0.928321571875 0.125525284375 0.8858573296875001 0.12878324375 0.8298791093750001 0.12468052031250001 0.8226665140625 0.11496795 0.8212508 0.10719275625 0.8322332812500001 0.10940122187500001 0.8739454015625 0.097128690625 0.9150985421875 0.097128690625 0.9660934203124999 0.102573121875 0.9921875 0.12317342656250001 0.9921875
1 0.20651918593750002 0.9875 0.22212770625 0.9875 0.23284233125 0.9618625062499999 0.234375 0.9500416140624999 0.234375 0.9140888015625 0.2267760828125 0.88266271875 0.231397609375 0.82532559375 0.2255047953125 0.8157077125000001 0.216776378125 0.8146101968749999 0.20881538125 0.8284525437500001 0.2101745203125 0.883049125 0.2006873546875 0.9084358781249999 0.2006873546875 0.9661593875000001 0.2044676078125 0.9846343546874999 0.20651918593750002 0.9875
1 0.275 0.8646553484374999 0.2691503609375 0.8439003249999999 0.26878335 0.7994929140625 0.2561274765625 0.790625 0.2560313125 0.790625 0.2482755375 0.800926959375 0.254003034375 0.8541075140625001 0.246578759375 0.880763771875 0.2460586578125 0.9082440984375001 0.2580761796875 0.95052996875 0.26260874375 0.9546875 0.26345760625 0.9546875 0.27488246250000004 0.9532753249999999 0.275 0.9528819500000001 0.275 0.8646553484374999
1 0.2984375 0.8406513796875 0.2952493328125 0.8280341765625 0.2984375 0.8029337859375001 0.2984375 0.7842615562499999 0.28789838125 0.7806388140625 0.282261565625 0.7839565203125 0.2808134703125 0.8256004609375001 0.272816803125 0.8503301296875 0.272816803125 0.921640159375 0.2823025296875 0.925 0.2849453515625 0.925 0.2919279890625 0.916530390625 0.2984375 0.8911133171875001 0.2984375 0.8406513796875
1 0.1667318625 0.8599318968749999 0.1671875 0.8538460703125 0.1671875 0.799455259375 0.16325302343749998 0.7953125 0.161219915625 0.7953125 0.1504164078125 0.803921803125 0.153960775 0.8584384265625001 0.1445067390625 0.9036490796875001 0.148307821875 0.93334068125 0.1568401703125 0.9573967609375 0.161346084375 0.959375 0.1618362828125 0.959375 0.1671875 0.9310366531250001 0.1671875 0.8630146984374999 0.1667318625 0.8599318968749999
2 0 0.783173353125 0.4292647234375 0.7346829078124999 0.492615028125 0.7198958140625 0.496875 0.7107494625 0.496875 0.7061264828125 0.4911806875 0.6929916734375 0.146720759375 0.6929916734375 0.08736800156249999 0.7003313625 0 0.7075806468750001 0 0.783173353125
1 0.1125 0.7901494609374999 0.09745660625 0.792912953125 0.098227784375 0.8437282953124999 0.08895680624999999 0.8733183140625 0.08895680624999999 0.9066824046875 0.0937155421875 0.9234375 0.0951197375 0.9234375 0.1080304765625 0.8842803859374999 0.1062524296875 0.8347500796875 0.1125 0.8199071515625 0.1125 0.7901494609374999
1 0.206892653125 0.7883942515625 0.191267653125 0.78711879375 0.194764121875 0.8308581593749998 0.191524971875 0.8448622125 0.192118959375 0.8993902796875 0.198948503125 0.925 0.208695525 0.925 0.209375 0.9218322203125 0.209375 0.7928437484375 0.206892653125 0.7883942515625
1 0.6733073984375 1 0.673568671875 0.9480622984375 0.6796875 0.922799384375 0.6796875 0.9217766234375 0.6777348921875 0.9161511875 0.6718380749999999 0.9125 0.67124120625 0.9125 0.6631892859375 0.9150555687499999 0.6555732437499999 0.9293256062499999 0.653423178125 1 0.6733073984375 1
1 0.8894291453125 1 0.89375 0.9606186718749999 0.89375 0.9330730953125 0.8937410124999999 0.9329660671875001 0.88862063125 0.9223876140625 0.8749360453125 0.917921615625 0.8655527984375 0.924506125 0.8569721046875 0.9435694218750001 0.8540161359375 0.986155953125 0.8540350171875 1 0.8894291453125 1
1 0.8140625 1 0.8140625 0.9982037140625 0.8106577625 0.9551454078125001 0.8140625 0.9360761078125 0.8140625 0.9183242453125 0.8140206484375 0.9181840156250001 0.812581625 0.9170598578125 0.8001329421874999 0.9170598578125 0.7983417640624999 0.9176991734375001 0.79178199375 0.93451803125 0.7917999953124999 0.9530821171875001 0.7969044671875001 1 0.8140625 1
1 0.9169258890625 1 0.921875 0.9505554593750001 0.921875 0.9324099171875 0.918028565625 0.92157758125 0.907468978125 0.9177127765625 0.8987577312500001 0.9229251265624999 0.8948054453125 0.9301063031249999 0.8948480453125001 0.9549606234375 0.8929376078125 0.9768642937500001 0.8929376078125 1 0.9169258890625 1
1 0.9451020796874999 1 0.9452478 0.9937392578124999 0.9496910265625 0.9595436359375 0.9496012140625 0.9410160265624998 0.9419269968750001 0.9237454828124999 0.93313748125 0.9208131546875 0.9237966125 0.93037628125 0.9231087234375 1 0.9451020796874999 1