1 0.565630009375 0.4390625 0.5604847187499999 0.42455623124999997 0.5739132921875 0.32136854062500003 0.5722502625 0.25644892656249996 0.5488769328124999 0.2223827484375 0.5234396703125 0.21928430625 0.503381259375 0.2309694171875 0.48549722031250003 0.2647955671875 0.49294909843749996 0.4390625 0.565630009375 0.4390625
1 0.46152517968750006 0.4390625 0.45393401874999995 0.4211646328125 0.4517228390625 0.391551778125 0.45395635937499995 0.353203696875 0.468149509375 0.3122487515625 0.46875 0.3019387234375 0.46875 0.248003275 0.4529328203125 0.2187281640625 0.41577653437500006 0.214692175 0.38676270625 0.2566933078125 0.385634775 0.30984781875 0.3966382828125 0.35744561406250003 0.39388933125 0.40464325468749995 0.3812268953125 0.4390625 0.46152517968750006 0.4390625
1 0.36467604374999996 0.4390625 0.370093815625 0.4224005984375 0.3566413390625 0.350574515625 0.37317456718750003 0.2743931625 0.375 0.2381672671875 0.375 0.2194300734375 0.363314240625 0.195346890625 0.34025475781250003 0.1882116390625 0.32009223593749997 0.193081721875 0.300683 0.22317999375 0.2985345703125 0.38308980312499996 0.2730862796875 0.4390625 0.36467604374999996 0.4390625
1 0.98246969375 0.1708028328125 0.9780030640625 0.17563894687499998 0.9781655687499999 0.1979654984375 0.9762439437499999 0.2060529453125 0.9762439437499999 0.22996051562500003 0.976582328125 0.23125 0.9828125 0.23125 0.9828125 0.17145473125 0.98246969375 0.1708028328125
1 1 0.19836805625 0.99921875 0.1953125 0.99921875 0.17586805625 0.9938466734375 0.17460176562500002 0.9928643234375001 0.1811538125 0.9943378390625 0.19993638125 0.990625 0.2203125 0.99296875 0.23420138906250001 1 0.23697916718749998 1 0.19836805625
1 0.7521392140625001 0.20023966718750003 0.74921875 0.223090278125 0.752734375 0.236284721875 0.75703125 0.23559027812500002 0.76015625 0.22725694375 0.76015625 0.2078125 0.75703125 0.1939236109375 0.7578125 0.17725694375 0.752734375 0.17239583281249998 0.7521392140625001 0.20023966718750003
1 0.740625 0.23836805625 0.7453125 0.21892361093749999 0.74140625 0.1994791671875 0.74140625 0.17725694375 0.7364216625 0.17839950625 0.7361760796875 0.20286047968749998 0.7328125 0.230034721875 0.736328125 0.2390625 0.740625 0.23836805625
1 0.7015625 0.1828125 0.70179394375 0.20460769843749999 0.7003204265624999 0.236931128125 0.70546875 0.24392361093749998 0.708670359375 0.24042556718750002 0.708670359375 0.2277583 0.70817919375 0.2124701546875 0.70719684375 0.2006764640625 0.708203125 0.1807291671875 0.7015625 0.1828125
1 0.6688853234375001 0.1998028546875 0.6640625 0.2244791671875 0.667578125 0.2390625 0.67265625 0.23836805625 0.67578125 0.230034721875 0.67578125 0.2064236109375 0.67265625 0.192534721875 0.6734375 0.17725694375 0.668359375 0.1751736109375 0.6688853234375001 0.1998028546875
1 0.6821470078125 0.17752589531250001 0.6791999578125 0.1818939296875 0.6801823078125 0.1998028546875 0.6772352749999999 0.2168381859375 0.678217625 0.23387351875 0.679691140625 0.23911514375 0.684375 0.23975694375 0.6875 0.21197916718749998 0.6850940421875 0.1976188375 0.6855852265625 0.17970991249999999 0.6821470078125 0.17752589531250001
1 0.691479290625 0.20329729375 0.68671875 0.22725694375 0.689453125 0.24045138906250002 0.6953125 0.24114583281250002 0.6984375 0.22725694375 0.6956542765625 0.20591810625 0.69609375 0.18142361093749998 0.691479290625 0.18102031875 0.6897601921875001 0.1858251640625 0.691479290625 0.20329729375
1 0.7238967453125 0.18145713125000001 0.720703125 0.17795138906250002 0.71796875 0.1828125 0.7192305953125 0.20155007343750003 0.715625 0.2314236109375 0.719140625 0.24184027812500003 0.725 0.24114583281250002 0.72890625 0.2328125 0.7275805453124999 0.2124701546875 0.7234055609375 0.2006764640625 0.7238967453125 0.18145713125000001
1 0.7172658937499999 0.21727498125000003 0.7128453453125 0.1998028546875 0.7143188609375 0.182330725 0.709765625 0.1765625 0.70546875 0.1842013890625 0.70703125 0.1911458328125 0.707688028125 0.20111327656250003 0.7094071265624999 0.213780559375 0.70817919375 0.22688465624999998 0.7078125 0.24253472187499997 0.715625 0.230034721875 0.7172658937499999 0.21727498125000003
1 0.7236511625000001 0.17927311562499998 0.7248790953124999 0.18364114843749998 0.7258614265625 0.19062999375 0.726107028125 0.1971820421875 0.7243879109375 0.2041708859375 0.72561584375 0.20897573125000002 0.7273349625 0.2142173734375 0.72831729375 0.22426384375000002 0.7275805453124999 0.237367940625 0.7285628953125001 0.2378047375 0.730527578125 0.2364943640625 0.7315099296875001 0.23299990781250002 0.732246696875 0.2277583 0.7324922796875 0.22120621875 0.7337202125 0.21465416875 0.732246696875 0.207665325 0.7307731625 0.20242368281249998 0.7297908296875 0.1971820421875 0.7300364125 0.1919403984375 0.731264346875 0.18669875625000001 0.7307731625 0.17839950625 0.7274854328125 0.1733336046875 0.7236511625000001 0.17927311562499998
1 0.6961454421875 0.21072293437499998 0.6978645609375 0.21902220312499998 0.698601309375 0.229942315625 0.6988468921875001 0.2364943640625 0.7008115921875 0.235183925 0.7010571750000001 0.23125268906250002 0.7008115921875 0.22426384375000002 0.700074825 0.2159645765625 0.7010571750000001 0.20591810625 0.7008115921875 0.20198686875 0.700566009375 0.195434821875 0.701548359375 0.18669875625000001 0.7020395265625 0.17927311562499998 0.6977031015625 0.1766086359375 0.6956542765625 0.1827675390625 0.6973733765625 0.1901931953125 0.6981101437499999 0.19936605624999998 0.6956542765625 0.20460769843749999 0.6961454421875 0.21072293437499998
1 0.9171875 0.1911458328125 0.9140625 0.21892361093749999 0.91640625 0.2314236109375 0.921875 0.2328125 0.92578125 0.21059027812500003 0.921875 0.1911458328125 0.92265625 0.1744791671875 0.918359375 0.16961805624999998 0.915625 0.17586805625 0.9171875 0.1911458328125
1 0.83359375 0.1911458328125 0.83046875 0.223090278125 0.833984375 0.2348958328125 0.8390625 0.23420138906250001 0.84140625 0.2244791671875 0.83828125 0.192534721875 0.83984375 0.1786458328125 0.834765625 0.16961805624999998 0.83203125 0.17586805625 0.83359375 0.1911458328125
1 0.8626862531249999 0.186031996875 0.8629318359375 0.175985534375 0.8578125 0.1786458328125 0.859002453125 0.19913609375000002 0.85546875 0.22586805625 0.858984375 0.2390625 0.86484375 0.23836805625 0.86784356875 0.2305859296875 0.86514211875 0.211803378125 0.8629318359375 0.19869928125 0.8626862531249999 0.186031996875
1 0.872018534375 0.200883296875 0.86875 0.2286458328125 0.872265625 0.24045138906250002 0.87890625 0.23975694375 0.8796317375000001 0.21398739375 0.8776670375 0.20132010937499997 0.8796875 0.17725694375 0.875456753125 0.1746751125 0.87109375 0.180034721875 0.872018534375 0.200883296875
1 0.8904375359374999 0.1764223234375 0.88671875 0.17586805625 0.8872449203125001 0.198262484375 0.885525803125 0.21049297031249997 0.884375 0.2286458328125 0.886328125 0.236284721875 0.89375 0.23697916718749998 0.8984375 0.21614583281250002 0.8933845874999999 0.19695207812499999 0.8933845874999999 0.184284778125 0.8904375359374999 0.1764223234375
1 0.90859375 0.1744791671875 0.904296875 0.17100694375 0.9015625 0.1744791671875 0.9029624734375 0.196515265625 0.8984375 0.2203125 0.90078125 0.2328125 0.90625 0.23559027812500002 0.91015625 0.230034721875 0.91171875 0.21059027812500003 0.9071374390625 0.19389445156250001 0.90859375 0.1744791671875
1 0.8656332843750001 0.1707438765625 0.861659434375 0.17442528125 0.8634230015625001 0.1781695515625 0.8639141859375 0.1899632171875 0.8629318359375 0.20263051718749997 0.86514211875 0.21092978437499998 0.8685803359375001 0.2222866609375 0.869317084375 0.2131138 0.86882591875 0.2061249390625 0.8673524031250001 0.197388875 0.8668612187499999 0.18777919999999998 0.8675979859374999 0.17904314375 0.8656332843750001 0.1707438765625
1 0.8445128343749999 0.20961936093750003 0.8427937343749999 0.21748183124999998 0.8437760671875001 0.231022725 0.8464775343750001 0.2380115703125 0.8521260171874999 0.2375747734375 0.8540907171875001 0.23145952187500002 0.85507306875 0.221849865625 0.8553186515625001 0.21442420625 0.85335395 0.21005617499999998 0.8523716 0.2035041265625 0.8508980828125001 0.19607846874999998 0.851880434375 0.18952641875 0.851880434375 0.177295925 0.8484569578125001 0.1749711203125 0.8447584171875 0.1781695515625 0.8462319328125 0.185595184375 0.8469687 0.19389445156250001 0.8462319328125 0.2000097046875 0.8445128343749999 0.20961936093750003
1 0.1595231171875 1 0.1609375 0.9911692390625 0.1609375 0.9219738609375 0.15994122500000002 0.91745880625 0.15954471718750002 0.909934559375 0.15389394375 0.877966334375 0.1510556796875 0.8693693437500001 0.143022959375 0.8295686718749999 0.140518028125 0.8209813828125 0.14158253437499999 0.79697168125 0.142663403125 0.7927459296875 0.14445775156250001 0.7762701796875 0.1447424703125 0.7685153296875 0.14393982656249998 0.7622313828125 0.1448345328125 0.7497362296875 0.146373284375 0.740515328125 0.14904151875 0.7348332203125001 0.15132623750000002 0.7271365640624999 0.156500734375 0.6984884046875 0.1608580234375 0.6638063 0.1609375 0.662441740625 0.1609375 0.6380776515625 0.1586068921875 0.6279302125 0.1509401078125 0.6148103109375 0.1433769328125 0.6070775375 0.1309658640625 0.5994541250000001 0.1279221828125 0.6001168328125 0.1259723625 0.6020634890625 0.1168769328125 0.6063064625 0.1079109859375 0.6140591390625 0.10090460625 0.623997434375 0.0961474421875 0.6368810453125 0.0945358875 0.64735195 0.092995803125 0.688126196875 0.0947856859375 0.7147231875 0.094797115625 0.725992584375 0.09762731718749999 0.737594421875 0.09779241718750001 0.7433589703125 0.097316840625 0.7601235203125001 0.09574896875 0.7698444249999999 0.095082534375 0.7956186703125001 0.0933513609375 0.8196089703125 0.08899383749999999 0.8284974343750001 0.0867592984375 0.8381989375 0.0739020078125 0.872633721875 0.0725857125 0.8768540937499999 0.0725857125 1 0.1595231171875 1
1 0 1 0.0401130734375 1 0.0401944984375 0.9849606171874999 0.039083815625000004 0.9612946593749999 0.0375680625 0.9499136390625 0.036598246875000004 0.947602496875 0.0355168765625 0.9369976812499999 0.0311520375 0.9141657656250001 0.0291988421875 0.9077847468750001 0.024754825 0.8839440953125 0.0217828171875 0.8719844640625001 0.018470034375 0.846696221875 0.0174715640625 0.8437557124999999 0.015341860937499998 0.8422627953124999 0.015350171874999999 0.8402540593750001 0.0163624109375 0.8172016515625 0.02188908125 0.7808239374999999 0.0222609078125 0.7765739375 0.0217202234375 0.7712715296875 0.026481365624999996 0.7436438140625 0.027910499999999998 0.74070495625 0.031375934375 0.724059771875 0.034316437500000005 0.7134145875 0.0400421484375 0.6843305453124999 0.040625 0.680141728125 0.040625 0.6164660265624999 0.0391309203125 0.61245495625 0.03396884375 0.6035198765625001 0.02853751875 0.5967054296875001 0.013693684375000001 0.588393109375 0.005707246875 0.5897325828125 0 0.59246476875 0 1
1 0.250087953125 1 0.25953043125 0.9878109828125 0.2645733546875 0.9832828609375 0.268566053125 0.9762615296875001 0.28971446093750003 0.9586432328125 0.293059784375 0.9530002968750001 0.29319585937500003 0.946501265625 0.2922118453125 0.939009021875 0.28793376875 0.9235381125 0.2872365109375 0.9170439281250001 0.2815209953125 0.8930836859374999 0.27758424531250003 0.8738618031249998 0.2755929265625 0.8593773171875 0.2745659875 0.8563841062499999 0.273853434375 0.8466408937499998 0.2736648578125 0.8256476812500001 0.277202546875 0.781888953125 0.2811071234375 0.75887246875 0.2828872671875 0.7421166515625 0.2877685546875 0.71959435 0.2947480234375 0.6770652609375001 0.296875 0.65507571875 0.296875 0.6205302890625 0.296639371875 0.618570109375 0.2935665453125 0.605841440625 0.287827053125 0.5931282875 0.2849474875 0.588771225 0.278905253125 0.5825580718750001 0.268351375 0.5766210984375 0.2652509203125 0.571640490625 0.2622742078125 0.5711579437500001 0.2409634734375 0.5815291499999999 0.231377625 0.5905824796875 0.226795771875 0.5977322046875 0.2212950828125 0.60851129375 0.218945765625 0.6160229296875 0.21564963750000002 0.6402855359374999 0.214004190625 0.6720365046875 0.21478295468750003 0.6767806890625 0.214499159375 0.6900287484375001 0.2148667359375 0.7000239 0.21587403906249997 0.7070161421875 0.2160589640625 0.724510325 0.2170233421875 0.7360015984375 0.2186005078125 0.74149093125 0.217381546875 0.7712399640625 0.21812538125 0.7767341437499999 0.21726372968750002 0.7952341437499999 0.2173824421875 0.8177273578124999 0.2152150859375 0.828487053125 0.21504407812499998 0.8357360843749999 0.2130783203125 0.8457448124999999 0.21239566875000002 0.8532467499999999 0.20952306250000002 0.8612612953125 0.20352168437499998 0.882790384375 0.1966251015625 0.9020752906249999 0.195190625 0.907832078125 0.19184130625 0.9153495312499998 0.1871543140625 0.9301228046875 0.1824636703125 0.9413970453125 0.17712530625 0.9594232234375 0.1755746078125 0.9623067031249999 0.1755746078125 1 0.250087953125 1
1 0.5336491515625 1 0.5347708328125 0.9894375 0.5357708328124999 0.9581875 0.5354375 0.9429375 0.5342708328125 0.9281874999999999 0.5329375 0.9181874999999999 0.5294375 0.9009375000000001 0.5267708328125 0.8891874999999999 0.5247708328125 0.8839375 0.5226041671874999 0.8721875000000001 0.5197708328124999 0.8641874999999999 0.5174375 0.8531875 0.5122708328125001 0.8361875 0.5077708328125 0.8166875000000001 0.5056041671875 0.8126875 0.5059375 0.7951874999999999 0.5077708328125 0.7801875 0.5077708328125 0.7714375 0.5062708328125 0.7601875 0.5066041671875 0.7454375000000001 0.5069375 0.7421875 0.5087708328125 0.7386874999999999 0.5102708328125 0.7309375 0.5137708328125 0.7006875 0.5149375 0.6759375000000001 0.5141041671875 0.6534375 0.5121041671875 0.6446875000000001 0.5084375 0.6361874999999999 0.5030208328125 0.6285624999999999 0.4923541671875 0.6205624999999999 0.4843541671875 0.6195625 0.4765208328125 0.6238125 0.47068750000000004 0.6285624999999999 0.4647708328125 0.6366875000000001 0.46177083281250003 0.6476875 0.4602708328125 0.6654375 0.45960416718749997 0.7134375000000001 0.4612708328125 0.7304375000000001 0.4642708328125 0.7419375 0.46460416718750003 0.7564375 0.46277083281250003 0.7771874999999999 0.46410416718749997 0.8011874999999999 0.46310416718749997 0.8126875 0.4602708328125 0.8171875 0.4574375 0.8296875 0.45627083281249997 0.8466875 0.4566041671875 0.8544374999999998 0.4599375 0.8754375 0.46643749999999995 0.8989375 0.4689375 0.9126875 0.4729375 0.9264375000000001 0.4764375 0.9499375000000001 0.47827083281249994 0.9596875 0.4801041671875 0.9654375 0.4873541671875 0.9775625 0.5016875 0.9948125000000001 0.5051458328125 1 0.5336491515625 1
1 0.2307708328125 0.5251875 0.2312708328125 0.5181875 0.2301041671875 0.5131875 0.2296875 0.5053124999999999 0.2281875 0.5063125 0.22560416718749998 0.5106875000000001 0.22277083281249999 0.5186875 0.2229375 0.5246875 0.22227083281249999 0.5296875 0.22277083281249999 0.5376875 0.2217708328125 0.5531875 0.22160416718749998 0.5904375 0.2226041671875 0.5954375 0.22402083281250001 0.5973124999999999 0.22577083281250002 0.5979375 0.22977083281250002 0.5911875 0.2316041671875 0.5781875000000001 0.23093750000000002 0.5494375 0.23143750000000002 0.5294375 0.2307708328125 0.5251875
1 0.1952708328125 0.6474375 0.1942708328125 0.6594374999999999 0.1956041671875 0.7066874999999999 0.1972708328125 0.7264375 0.20027083281250002 0.7401875 0.2001041671875 0.7784375 0.2012708328125 0.7894375 0.2004375 0.7949375 0.2001041671875 0.8066875 0.1982708328125 0.8099375 0.19477083281250002 0.8249375000000001 0.19277083281250001 0.8304375 0.19027083281249998 0.8424375000000002 0.1814375 0.8706875000000001 0.1792708328125 0.8871874999999999 0.1792708328125 0.8954374999999999 0.1867708328125 0.9591875 0.1881041671875 0.9639375000000001 0.19043749999999998 0.9661875 0.1931041671875 0.9566874999999999 0.2001041671875 0.9386875 0.2021041671875 0.9301875 0.21027083281249997 0.9061875 0.21877083281249998 0.8769375 0.2221041671875 0.8604375000000001 0.22393749999999998 0.8544374999999998 0.2266041671875 0.8309374999999999 0.2262708328125 0.7751875 0.2247708328125 0.7541875 0.2247708328125 0.7424375 0.2229375 0.7361875 0.2229375 0.7294375000000001 0.2214375 0.7186875 0.2181041671875 0.6731875 0.2177708328125 0.6479375 0.21993749999999998 0.6179375 0.2192708328125 0.6149375 0.2180208328125 0.6133124999999999 0.21335416718750003 0.6150625 0.2083541671875 0.6188125 0.2017708328125 0.6269375 0.1972708328125 0.6361874999999999 0.1952708328125 0.6474375
1 0.3891041671875 0.6534375 0.3877708328125 0.6364375 0.3826041671875 0.6186875 0.3791875 0.6125625 0.3741875 0.6058125000000001 0.36685416718749997 0.5995625 0.3586875 0.5955625 0.3525208328125 0.5950625 0.3435208328125 0.5970625 0.33768750000000003 0.6003125 0.3313541671875 0.6055625 0.3257708328125 0.6126875 0.32160416718749996 0.6214375000000001 0.3189375 0.6299374999999999 0.31643750000000004 0.6421875 0.3157708328125 0.6651875 0.3169375 0.6874375 0.3217708328125 0.7326874999999999 0.3232708328125 0.7401875 0.3246041671875 0.7421875 0.3254375 0.7696875000000001 0.3249375 0.7771874999999999 0.3251041671875 0.8016875000000001 0.3261041671875 0.8066875 0.3254375 0.8361875 0.32077083281249996 0.8464375000000001 0.3179375 0.8589375 0.30843750000000003 0.8889375000000002 0.3056041671875 0.8956875 0.3032708328125 0.9064375 0.3036041671875 0.9129375 0.3086041671875 0.9331875000000001 0.3139375 0.9479375000000001 0.3162708328125 0.9509375 0.3255208328125 0.9480625 0.3285208328125 0.9448125 0.3328541671875 0.9420625000000001 0.3435208328125 0.9393125000000001 0.3550208328125 0.9348124999999999 0.37835416718750003 0.9313125 0.39468749999999997 0.9303125 0.3968541671875 0.9293125 0.3979375 0.9256875000000001 0.3969375 0.9171875 0.3902708328125 0.8946875000000001 0.3871041671875 0.8766874999999998 0.3787708328125 0.8399374999999999 0.37727083281249996 0.8366875 0.3767708328125 0.8241875000000001 0.3756041671875 0.8141875000000001 0.3781041671875 0.7836875 0.3774375 0.7709374999999999 0.3787708328125 0.7606875000000001 0.37927083281249996 0.7419375 0.38093750000000004 0.7386874999999999 0.3831041671875 0.7254375 0.3882708328125 0.6774375 0.3891041671875 0.6534375
1 0.4581041671875 0.6656875 0.4576041671875 0.6546875 0.45460416718749996 0.6361874999999999 0.44777083281249996 0.6229375 0.4455208328125 0.6198125 0.4375208328125 0.6128125 0.43202083281250003 0.6108125 0.4295208328125 0.6078125 0.42710416718750005 0.6066874999999999 0.4297708328125 0.6034375 0.43110416718750005 0.5776875 0.43160416718750005 0.5284375 0.4307708328125 0.5244375 0.4312708328125 0.5186875 0.4296875 0.5155624999999999 0.4269375 0.5186875 0.42777083281249995 0.5244375 0.4257708328125 0.5274375 0.4256041671875 0.5289375 0.42427083281250005 0.5996875 0.42543749999999997 0.6066874999999999 0.4211875 0.6110625 0.4146875 0.6135625 0.4058541671875 0.6200625000000001 0.4013541671875 0.6248125 0.3951041671875 0.6361874999999999 0.39377083281249997 0.6429375 0.3929375 0.6589375000000001 0.3931041671875 0.6841875 0.39627083281250003 0.7239375 0.39827083281250003 0.7371875 0.40043749999999995 0.7421875 0.3997708328125 0.7481875 0.3999375 0.7609375 0.40060416718749997 0.7654375 0.3999375 0.7756875 0.40060416718749997 0.7964375 0.40160416718749997 0.8009375000000001 0.4014375 0.8136875 0.40043749999999995 0.8244374999999999 0.39810416718749997 0.8279375 0.3936041671875 0.8484375 0.39010416718749996 0.8601875 0.3887708328125 0.8711874999999999 0.3889375 0.8789374999999999 0.3902708328125 0.8891874999999999 0.3944375 0.9039375 0.3984375 0.9216875 0.3999375 0.9261874999999999 0.4020208328125 0.9288125 0.4098541671875 0.9305625 0.4185208328125 0.9338124999999999 0.4221875 0.9363125 0.44368749999999996 0.9438124999999999 0.4633541671875 0.9565625000000001 0.4690208328125 0.9618125 0.4737708328125 0.9634375000000001 0.4757708328125 0.9616875 0.4761041671875 0.9581875 0.47310416718750004 0.9369375 0.4687708328125 0.9169374999999998 0.46743750000000006 0.9074375 0.4647708328125 0.8999375000000001 0.46310416718749997 0.8919374999999998 0.4609375 0.8881875000000001 0.4602708328125 0.8824375 0.45577083281249997 0.8651875 0.4494375 0.8274374999999999 0.44743750000000004 0.8244374999999999 0.44760416718749996 0.8064375 0.44660416718749996 0.8009375000000001 0.4484375 0.7954375 0.4489375 0.7709374999999999 0.44760416718749996 0.7654375 0.44877083281249996 0.7456875000000001 0.4491041671875 0.7426875 0.45143750000000005 0.7366875 0.45277083281249997 0.7291875 0.4552708328125 0.7016875 0.4571041671875 0.6714375 0.4581041671875 0.6656875
1 0.6773534359375 0.8086502624999999 0.6773534359375 0.9195320625000001 0.6802866 0.9369563750000001 0.6841029375 0.940625 0.70341096875 0.940625 0.711012278125 0.9223173078125001 0.71875 0.875787984375 0.71875 0.8359297109374999 0.717823359375 0.8167799328124999 0.70830506875 0.761157715625 0.713273109375 0.7083981171875 0.7132337984375 0.6796883546875 0.7108380578125 0.6662457609375 0.6979142281249999 0.6633922296874999 0.6936828921875 0.6652198421875 0.688298465625 0.6776910546874999 0.688872565625 0.76567523125 0.6773534359375 0.8086502624999999
1 0.772764878125 0.7490183375 0.7796875 0.6903553812500001 0.7796875 0.6650690640625 0.7733262296875 0.6632413749999999 0.7586889671875 0.66374296875 0.755473846875 0.6696781359375 0.7543739234375 0.7512657 0.742877703125 0.78761415 0.742877703125 0.8703125 0.760906590625 0.8703125 0.7796875 0.8551258796875001 0.7796875 0.7868627859374999 0.772764878125 0.7490183375
1 0.7178487625 0.7480532078125 0.7166331703125 0.7200843640625 0.725 0.6660236390625001 0.725 0.6656252968749999 0.7141440875 0.661818203125 0.709954309375 0.6648542296875 0.711366703125 0.6965540750000001 0.7094059578125 0.7120160531249999 0.7094059578125 0.865625 0.715990034375 0.865625 0.7182204343749999 0.8634139421875 0.72484021875 0.8116712703125 0.723983440625 0.7855815671874999 0.7178487625 0.7480532078125