1 0.20152477968750002 0 0.20723054218749998 0.0726109828125 0.1876124390625 0.1657578203125 0.1855115203125 0.23263729843749997 0.20719976093749998 0.35170926874999997 0.22816283906249998 0.3546875 0.2453125 0.3546875 0.2453125 0.098455796875 0.23638859843749999 0.0579049859375 0.23759676875000002 0 0.20152477968750002 0
1 0.25570612187499997 0 0.2549454140625 0.051898107812500004 0.2443025859375 0.08989787187500001 0.2443025859375 0.3609375 0.2691614515625 0.3609375 0.2765947515625 0.34943658437499997 0.2951735859375 0.2770664203125 0.303125 0.21032251249999998 0.303125 0.1568849859375 0.303011534375 0.1520283890625 0.28815775 0.0672316546875 0.2946550515625 0 0.25570612187499997 0
1 0.33641187499999997 0 0.337569978125 0.06656306875 0.3252957671875 0.119298334375 0.3252957671875 0.3419761828125 0.3268511515625 0.35 0.3271188390625 0.35 0.3571348984375 0.34751273125000004 0.3675479015625 0.3297285109375 0.37754508593749997 0.27711762812499996 0.38125 0.17102278437500001 0.38125 0.152221275 0.365144728125 0.071407 0.37030737812500003 0 0.33641187499999997 0
1 0.408589503125 0 0.41101050937499994 0.0588223609375 0.3891936625 0.15914494375 0.386805940625 0.20463674062499998 0.386805940625 0.2371521015625 0.40442125312500005 0.346875 0.444400559375 0.346875 0.46201275781250006 0.276096290625 0.4640625 0.24192572656250003 0.4640625 0.16887695625000002 0.44203934843750003 0.059558406249999994 0.444472203125 0 0.408589503125 0
1 0.7589698109375 0 0.7281953109375 0.027780020312499997 0.73970046875 0.1490011421875 0.74097361875 0.22193982812500002 0.7068415484375 0.33522712656250003 0.7030489640625 0.3890625 0.85 0.3890625 0.85 0.3644382328125 0.8118935421875 0.23043870625 0.8099665390624999 0.1659604796875 0.8199801875 0.03766375625 0.7983968953125 0.00393171875 0.768229496875 0 0.7589698109375 0
1 0.56875 0.3890625 0.6305476953125 0.3890625 0.63125 0.379794271875 0.63125 0.32678735937500003 0.5994502828125 0.2005971609375 0.60510884375 0.125921803125 0.6148491625 0.04118940625 0.6032663703125001 0.017440978125 0.56875 0.0166376 0.56875 0.3890625
1 0.9609791515625 0 0.9311476671874999 0.025536178124999996 0.9249969828125 0.0673398546875 0.9360008359374999 0.14295134062499998 0.9340251234375 0.186727615625 0.8896382890625001 0.3382480140625 0.8896382890625001 0.3890625 1 0.3890625 1 0.228686396875 0.9904667906250001 0.179069090625 0.9906789625 0.14259974687500002 0.994798265625 0.0902337984375 1 0.0493115953125 1 0.017812546874999998 0.9753773093749999 0 0.9609791515625 0
1 0.846648378125 0.3411458328125 0.8428315843749999 0.24739583281250002 0.8103888359375 0.1666666671875 0.8122972328125 0.2526041671875 0.846648378125 0.3411458328125
1 0.28125 0.500971434375 0.279492646875 0.49730236874999995 0.268018153125 0.4964431046875 0.26218210937499997 0.505274246875 0.2602603953125 0.514545628125 0.2606482875 0.53676785 0.26494060625000004 0.5737836765625 0.2704841578125 0.5859375 0.28125 0.5859375 0.28125 0.500971434375
1 0.296875 0.712437390625 0.296875 0.692330221875 0.2921812703125 0.68831121875 0.2534992796875 0.689266003125 0.25075748125 0.6984849875 0.25075748125 0.7080342453125 0.2534602734375 0.762078475 0.2582514765625 0.7671875 0.281824965625 0.7671875 0.2861027515625 0.7582004421875 0.296692059375 0.7148516375 0.296875 0.712437390625
1 0.515617778125 0.51875 0.5137122265625 0.51875 0.5070969937500001 0.5197123015624999 0.49903418125 0.5342891796875 0.49903418125 0.57980181875 0.499381028125 0.584255125 0.5035178703125001 0.5890625 0.5057010953125001 0.5890625 0.5200526921875 0.5881572390625001 0.5234375 0.5753553796875 0.5234375 0.531586528125 0.515617778125 0.51875
2 0.56875 0.5894570703124999 0.56796875 0.58819444375 0.54609375 0.590046296875 0.5346354171875001 0.5863425921875 0.51953125 0.5928240734375001 0.4877604171875 0.58726851875 0.3341145828125 0.5826388890625 0.28671875 0.5826388890625 0.2799479171875 0.5863425921875 0.2169270828125 0.5835648140625 0.1580729171875 0.58819444375 0.14609375 0.596527778125 0.14375 0.6016203703125 0.1427083328125 0.6488425921875 0.140625 0.6636574078125 0.10703125 0.6706018515625 0.10625 0.6923611109375 0.10755208281249999 0.697453703125 0.11145833281249999 0.6988425921875 0.1140625 0.7201388890625 0.1252604171875 0.734490740625 0.1471354171875 0.73726851875 0.1588541671875 0.7442129625 0.1736979171875 0.7391203703125 0.1825520828125 0.7317129625 0.1856770828125 0.72430555625 0.1893229171875 0.7289351859375 0.1895833328125 0.7229166671874999 0.1875 0.7201388890625 0.19609375 0.7048611109375 0.20859375 0.7011574078125 0.24453125 0.70023148125 0.2481770828125 0.6918981484375 0.2559895828125 0.6835648140625 0.29348958281250004 0.6854166671874999 0.3065104171875 0.6956018515625 0.4799479171875 0.6946759265625 0.4908854171875 0.6854166671874999 0.49765625 0.684490740625 0.5424479171875001 0.6835648140625 0.5502604171875001 0.6863425921874999 0.55390625 0.6770833328125001 0.5674479171875 0.6706018515625 0.56875 0.6726851843749999 0.56875 0.5894570703124999
1 0.6526231828125 0.3890625 0.648757240625 0.396465771875 0.6502436687500001 0.48796874843750004 0.6366452484375 0.542119765625 0.6366452484375 0.6 0.6657944328125 0.6 0.6806900828125 0.599268346875 0.684375 0.5959666703125001 0.684375 0.559485465625 0.6720701703125 0.4885937453125 0.6778738890625 0.3890625 0.6526231828125 0.3890625
1 0.7238660375 0.3890625 0.723808878125 0.39888795312499997 0.727254546875 0.47778146875000005 0.7120148609375 0.546875 0.71178030625 0.5871921828125 0.71178030625 0.5969495531250001 0.7140852515625 0.6 0.7327731453124999 0.6 0.761699728125 0.5975453265625 0.765625 0.5913444546875001 0.765625 0.5442066171875 0.7514248125 0.4844212625 0.7492265140625001 0.45958515312500003 0.7532950406250001 0.3890625 0.7238660375 0.3890625
1 0.7989931296874999 0.3890625 0.80234375 0.458159721875 0.78828125 0.5234375 0.7875 0.588715278125 0.792578125 0.601909721875 0.83203125 0.601215278125 0.8390625 0.5956597218749999 0.840625 0.5401041671875 0.8375 0.5137152781250001 0.82421875 0.4595486109375 0.8258940359375 0.3890625 0.7989931296874999 0.3890625
2 0.56875 0.7023461046875 0.924609375 0.7005208328125001 0.928125 0.688715278125 0.928125 0.6109375 0.924609375 0.6005208328125 0.56875 0.6033263265625 0.56875 0.7023461046875