1 0.368502 0.3663254125 0.39232874375 0.4677575765625 0.416835296875 0.4734375 0.44375 0.4734375 0.44375 0.26917759218750004 0.42635924999999997 0.21297364531250002 0.42255325624999995 0.06372074375 0.4090849515625 0.0422451578125 0.3940935609375 0.036572493750000004 0.3829411609375 0.040875020312499996 0.3709794421875 0.07323536875 0.3870008125 0.2084674578125 0.3680583859375 0.302771190625 0.368502 0.3663254125
1 0.29740494375000004 0.3725758546875 0.3171403859375 0.455433746875 0.355219821875 0.465625 0.3578125 0.465625 0.3578125 0.2226392265625 0.350771703125 0.1967971125 0.3522142921875 0.0716069359375 0.3423784703125 0.051035096875 0.324552275 0.044372315625 0.323983746875 0.044372315625 0.3031946859375 0.0730332609375 0.31542321093750003 0.2125489671875 0.29614270625 0.3014498796875 0.29740494375000004 0.3725758546875
1 0.24258578281249998 0.4521621015625 0.278184246875 0.45625 0.2852855703125 0.45625 0.2932393765625 0.4271530453125 0.28343545625 0.3762534671875 0.28180146875 0.3199760875 0.29375 0.258790725 0.29375 0.248891078125 0.28180146875 0.2047800078125 0.2867034296875 0.07459254062500001 0.274448528125 0.054472975 0.2643196046875 0.05354358125000001 0.257742928125 0.05354358125000001 0.24095179375 0.0797082515625 0.24748774375 0.20187659375 0.22624591249999998 0.2888981078125 0.22297793906250002 0.357715896875 0.24258578281249998 0.4521621015625
1 0.21892761562500002 0.45 0.23125 0.45 0.23125 0.38663855625 0.22731165937500003 0.3700153390625 0.2262421078125 0.30874082812500003 0.23125 0.286521028125 0.23125 0.2136777 0.22934722500000002 0.2060565515625 0.23125 0.127638765625 0.23125 0.086750940625 0.22288785625 0.0698130546875 0.2096876125 0.0617750453125 0.1967440640625 0.0684429203125 0.1897119875 0.0864399203125 0.19581184375 0.1553242703125 0.192364475 0.23840070624999998 0.21518923750000002 0.3302002171875 0.21613044218750002 0.3841217828125 0.205804865625 0.44724783749999997 0.21892761562500002 0.45
1 0.1890625 0.3268974546875 0.17076800625 0.2085467703125 0.1875187859375 0.0738189015625 0.1773997125 0.0454900296875 0.1661475265625 0.04290595625 0.1648352375 0.06069738125 0.1648352375 0.4484375 0.1655704359375 0.4484375 0.182239584375 0.40247843281250006 0.1890625 0.347995440625 0.1890625 0.3268974546875
1 0.702120578125 0.709375 0.7019896734375 0.7048119953125 0.70300630625 0.6438100671875 0.7077011015625 0.5848510609375001 0.7139745546875 0.526899865625 0.727818078125 0.4554692203125 0.756167771875 0.350570890625 0.765625 0.3057940609375 0.765625 0.20168422656249999 0.764846221875 0.1919121359375 0.7642591640624999 0.068845875 0.76281344375 0.0456431359375 0.7603323171875 0.037649934375 0.7051078203125 0.0338306640625 0.6947234796874999 0.035136600000000004 0.6909222828125 0.0409504015625 0.6893561375 0.0704708484375 0.6907387843749999 0.20930514531250002 0.6802825015625 0.266112046875 0.6526152625 0.38029693125 0.641896740625 0.451891353125 0.638929715625 0.49058917187500006 0.6407075453125 0.5924410234375 0.6450645109375 0.633372834375 0.6549853765625 0.694947971875 0.657989196875 0.709375 0.702120578125 0.709375
1 0.783937371875 0 0.7846454171875 0.004295512499999999 0.7823111296875 0.014462517187500001 0.7734598890625 0.1450301921875 0.7651131703124999 0.20702480781250002 0.7502061031249999 0.26616285781250004 0.7254221328125 0.3455743109375 0.6910687453125 0.4384444 0.6910687453125 0.709375 0.9317905546875 0.709375 0.932754884375 0.6982954515625 0.934375 0.645178271875 0.934375 0.599864553125 0.9314214875000001 0.53702676875 0.919266759375 0.44977155468749996 0.9050476249999999 0.3828806515625 0.90284550625 0.3569062421875 0.8871852718750001 0.26775675468750004 0.8827216453125001 0.20283285156250003 0.88614068125 0.1370739296875 0.8966030437500001 0.033400528125 0.89865668125 0.026937228125 0.8999927015625 0 0.783937371875 0
1 0.9097979421875 0.207790209375 0.9157001234375001 0.2503585609375 0.924576390625 0.2892050296875 0.9425405640625 0.34652153124999996 0.9507450828125 0.381667328125 0.9749666234374998 0.45191345937499994 0.9901076249999999 0.5166555546875 0.9946925453125001 0.5234375 0.99514511875 0.5234375 0.996875 0.501953590625 0.996875 0.3106907203125 0.96779171875 0.1991175046875 0.96053956875 0.0722777734375 0.9574826578125 0.0611818125 0.9529235249999999 0.0579668265625 0.911777690625 0.0582062078125 0.9045840296875 0.06704643906249999 0.9021832406250001 0.09762320625000001 0.9054278984374999 0.17725283593750002 0.9110208859375 0.1994477875 0.9097979421875 0.207790209375
1 0 0.709375 0 0.7924492046875 0.0119140609375 0.894448878125 0.016080725 0.959946940625 0.016483281250000002 1 0.10176183750000001 1 0.0999348921875 0.9383963234374999 0.10149739218750001 0.8734905046874999 0.1134765609375 0.7413113171875 0.1140044109375 0.709375 0 0.709375
1 0.242586553125 0.709375 0.24292196093750001 0.728590528125 0.2603013390625 0.8895399921875 0.2624581890625 0.9534834734375 0.26113447500000003 0.9968928078125 0.26068555937500004 1 0.31004162343749997 1 0.3087440625 0.9818114203124999 0.308440628125 0.9346164953125001 0.3106245796875 0.9106789015625001 0.3219087765625 0.8714918859375 0.33550257499999997 0.84537701875 0.338922140625 0.832605125 0.340625 0.8129102265625001 0.340625 0.709375 0.242586553125 0.709375
1 0.5296875 0.709375 0.44506855156249997 0.709375 0.4432917359375 0.7306299078125 0.44527813437499997 0.8557632375 0.43788137968749996 0.9464979187499999 0.4348562375 0.9520231718750001 0.422673390625 1 0.508258965625 1 0.5014230453125 0.9472372921875 0.5058540515625001 0.8750029515625 0.5296875 0.7321082390625 0.5296875 0.709375
1 0.43077503593750005 1 0.4328125 0.9203125 0.43072916718750004 0.8962384265625 0.4244791671875 0.8703125 0.40859375 0.835590278125 0.3856770828125 0.8152199078125 0.3643229171875 0.8124421296875 0.34921875 0.817071759375 0.3408854171875 0.8254050921875 0.3192708328125 0.8684606484374999 0.3078125 0.9064236109374999 0.30416666718749996 0.9369791671875 0.3051795015625 1 0.43077503593750005 1
1 0.6546803390625 0.709375 0.663498346875 0.7744826078125 0.6445161109375 0.8764934437499999 0.6457772109375 0.9409380734375 0.6618950203125 1 0.7140625 1 0.7140625 0.8367781687499999 0.6962132671875001 0.7798758984375 0.6964500359375 0.709375 0.6546803390625 0.709375
1 0.5568861093749999 0.709375 0.5645641234375 0.7777481859375001 0.5468475265625 0.8650823640624999 0.54875503125 0.9426095125 0.5650950046875 1 0.6109375 1 0.6109375 0.8273198828125 0.5960396609374999 0.7823739578125 0.596307903125 0.709375 0.5568861093749999 0.709375
1 0.7596115140624999 0.709375 0.758451028125 0.716294165625 0.7488356421875 0.7863972015625 0.7305664078125 0.878292940625 0.734412565625 0.9447734406249999 0.7362562718750001 1 0.8527347531249999 1 0.8546875 0.9927491828124999 0.8546875 0.8932538203125 0.8478741031249999 0.8544296062499999 0.825758715625 0.8131403296874999 0.8161433296875 0.7881539546875 0.8171048687500001 0.7327473984374999 0.81985695625 0.709375 0.7596115140624999 0.709375
1 0.87926985625 0.709375 0.8851173546875 0.77104794375 0.8608318546875001 0.8822183640624999 0.8605157968749999 0.9356583890625 0.8757417406249999 1 0.9416844953125001 1 0.94375 0.9915664078124999 0.94375 0.8678376609375 0.9415343703125 0.8551111828125 0.920439403125 0.7913324 0.9220968875000001 0.709375 0.87926985625 0.709375
1 1 0.709375 0.9659471109375 0.709375 0.9653582046875 0.7828124796875 0.950737615625 0.8236681109375 0.950737615625 1 0.9917743031249999 1 1 0.9733264015625 1 0.7909955531249999 0.9971674343749999 0.7757960374999999 1 0.754543253125 1 0.709375
1 0.6928384421875 0.709375 0.6923076921875 0.7211259046875 0.6884615390625 0.7381568453125 0.685576921875 0.7679609890625 0.689423078125 0.792088153125 0.6990384609375 0.8176345625 0.701923078125 0.836084746875 0.70576923125 0.8630504 0.7134615390625 0.884339075 0.7173076921874999 0.9113047281250001 0.7173076921874999 0.922658690625 0.7201923078125001 0.9510435890625001 0.7240384609375 0.9453666093749999 0.735576921875 0.8999507687499999 0.726923078125 0.86163115625 0.716346153125 0.837503990625 0.710576921875 0.8105383375 0.7076923078125 0.7793149484375 0.7076923078125 0.7580262734375001 0.70673076875 0.7381568453125 0.708653846875 0.7168681703125 0.708952471875 0.709375 0.6928384421875 0.709375
1 0.8530275046875 0.709375 0.8548076921875 0.733899109375 0.8576923078125 0.77363796875 0.85673076875 0.8034421125 0.851923078125 0.8233115421875 0.848076921875 0.8488579515625 0.8442307687499999 0.8644696453125 0.8403846156250001 0.87724285 0.839423078125 0.90420850625 0.841346153125 0.9368511390625001 0.85673076875 0.9808477328125 0.8632186015624999 1 0.8712394015625 1 0.860576921875 0.95672056875 0.851923078125 0.918400953125 0.8615384609374999 0.8829198296874999 0.8653846156250001 0.8488579515625 0.8692307687499999 0.8304077671875 0.8740384609374999 0.8147960718749999 0.8798076921875 0.799184378125 0.8826923078125001 0.7835726828125 0.8836538468749999 0.762284009375 0.88173076875 0.726802884375 0.880887384375 0.709375 0.8530275046875 0.709375