1 0.378447340625 0.459375 0.3900299078125 0.280369871875 0.37578412031249997 0.2295858203125 0.3502248046875 0.2171875 0.34881529218749996 0.2171875 0.32890912031249997 0.2314958296875 0.31519151875 0.2695369984375 0.3128532828125 0.3362673328125 0.322530209375 0.44415499687500004 0.32235310781250004 0.459375 0.378447340625 0.459375
1 0.1507680859375 0.459375 0.14115385 0.3160746484375 0.15388009687499998 0.2775494734375 0.1640625 0.26585833124999997 0.1640625 0.248572971875 0.16190268593749998 0.24166568281249998 0.1640625 0.22174362187500002 0.1640625 0.210032240625 0.15821460468749998 0.204052021875 0.12849478281249999 0.20874376093749997 0.11497920312500001 0.24863509375 0.1272349984375 0.459375 0.1507680859375 0.459375
1 0.219298840625 0.459375 0.225 0.4121995375 0.225 0.3068516625 0.2107999109375 0.27145520312500004 0.17711327968749999 0.263352159375 0.17259037187499998 0.263352159375 0.1576749109375 0.27454938281249996 0.14168092031249999 0.31385266562499997 0.14168092031249999 0.43856572812500005 0.1430524859375 0.459375 0.219298840625 0.459375
1 0 0.23841680156249997 0.0035846046875000004 0.2384585125 0.0217882390625 0.2703125 0.0234375 0.2703125 0.0234375 0.211519475 0.01388519375 0.1913817390625 0 0.18370481562500002 0 0.23841680156249997
1 0.849878275 0.2815957203125 0.8515625 0.2372695984375 0.8515625 0.23225434374999998 0.835761753125 0.1561638109375 0.834360859375 0.12834056875 0.8214823546875 0.1258821578125 0.801788228125 0.22046411093749999 0.8015625 0.22490020156249999 0.8015625 0.2649376015625 0.8119782328125 0.33125 0.83865295 0.33125 0.8411229171875 0.30912344531249997 0.849878275 0.2815957203125
1 0.8810764671874999 0.35625 0.8834225515625 0.355947275 0.8909656781249999 0.352042778125 0.8964075625 0.34133034375000004 0.909375 0.2800739953125 0.909375 0.23734565624999998 0.9088813984375002 0.22971870625 0.8968074421875001 0.1735933078125 0.899286228125 0.12493669375000001 0.8786558546875 0.12405917968749999 0.8757136921875001 0.174821878125 0.8614804812500001 0.23178686874999999 0.8614804812500001 0.313126590625 0.8679915546875 0.3513017734375 0.8727156734375001 0.35625 0.8810764671874999 0.35625
1 0.9516923078125 0.37107459062500003 0.9622914015624999 0.3281190328125 0.9625 0.3251615140625 0.9625 0.23544234843749998 0.9541752609374999 0.18350186562499998 0.9606690515625 0.12799176406249999 0.934594209375 0.1256038921875 0.933409940625 0.1929877296875 0.9217197562500001 0.2374946875 0.9217197562500001 0.359457403125 0.9235026187500001 0.372136215625 0.9241696171875 0.3734375 0.9488872624999999 0.3734375 0.9516923078125 0.37107459062500003
1 0.9564536640625001 0.14238337343750002 0.9530520250000001 0.19231959999999998 0.96532875 0.2574839453125 0.964991071875 0.31875 0.9664896578125 0.31875 0.9756645171875 0.284829428125 0.978125 0.24945225624999998 0.978125 0.23077251250000003 0.9759072156249999 0.2053438984375 0.966590490625 0.15855396875 0.9679006843749999 0.13355396875 0.9646398203125 0.1284058828125 0.9357335703124999 0.1260462859375 0.9335984734375 0.1293590734375 0.9349862578125 0.155276725 0.9398387609375 0.1375400328125 0.9504123171875 0.1453773 0.9564536640625001 0.14238337343750002
1 1 0.1269537125 0.9959716796875 0.1272985125 0.99984603125 0.1890625 0.9999079343750001 0.1890625 1 0.1875022515625 1 0.1269537125
1 0.8765357609375 0.7318848125 0.8971856953125 0.815625 0.939383946875 0.815625 0.9480961015625 0.7887844953125001 0.953125 0.7629127875 0.953125 0.6809567968750001 0.9304733078125 0.5944889250000001 0.935806221875 0.4836878171875 0.9272988281250001 0.4685940140625 0.9101295109375 0.464968909375 0.8967800828125 0.47630121562500005 0.8920016796875 0.49178982187500003 0.8991960359375 0.5982671421875 0.8785108312500001 0.6617386109375 0.8765357609375 0.6978618296875 0.8765357609375 0.7318848125
1 0.9447480234375 0.459375 0.9355583171875 0.470561728125 0.937244815625 0.5562262140625001 0.9346233015625 0.5710949109375 0.9346233015625 0.6186712062499999 0.948886665625 0.669378659375 0.9503201906250001 0.7176341484375 0.952336725 0.71875 0.9592936203125 0.71875 0.9749580906249999 0.6818940703124999 0.98125 0.626383903125 0.98125 0.6204303906249999 0.9638618796875 0.5531166234375 0.9700424453125001 0.4654346125 0.9656215109375001 0.459375 0.9447480234375 0.459375
1 0.8189930171875 0.7609375 0.8446217578125002 0.7609375 0.8512580968750001 0.7577703109374999 0.8584541640625 0.7375305359375 0.8671875 0.667559871875 0.8671875 0.623359309375 0.8536682734374998 0.5717600859375 0.8611597515625 0.478046446875 0.8517676328124999 0.46152201875000004 0.839340409375 0.4598140671875 0.8237325265625 0.47604759375 0.8237624484375001 0.5761021390625001 0.811996659375 0.61472535 0.811996659375 0.7501340796875 0.8124139187499999 0.7526282765625 0.8189930171875 0.7609375
1 0.7265837109375 0.6790602015625 0.7265837109375 0.8865590937500001 0.7356365874999999 0.89375 0.7708537671875 0.89375 0.773592671875 0.8926333812500001 0.78813985 0.8545912484375 0.80625 0.7480348421875 0.80625 0.747476928125 0.8007704046875 0.7034113859375 0.7783022625 0.62311810625 0.7897996828125 0.5534433359375 0.7910213468749999 0.5001907890624999 0.7818068 0.48139299375 0.7664274609375 0.4754300359375 0.7536818000000001 0.47909716874999997 0.740939459375 0.49767182656250003 0.7422828734375 0.621747053125 0.7265837109375 0.6790602015625
1 0.6429775359375001 0.459375 0.632854659375 0.4660071828125 0.6301663046875 0.47534582031249994 0.638565309375 0.555087865625 0.6255601953125 0.61115605 0.6313778578125 0.6690049140625 0.6440619484375001 0.7066321828125 0.6464226203125 0.7078125 0.6564943484375 0.7078125 0.6520156890625 0.642696953125 0.6578125 0.6134840328125 0.6578125 0.466621290625 0.6481461671875 0.459375 0.6429775359375001 0.459375
1 0.64375 0.641165271875 0.64375 0.6817902734375 0.65625 0.740437228125 0.6647725437500001 0.7515625 0.675005134375 0.7515625 0.6765625 0.6658166624999999 0.69375 0.585128103125 0.6890625 0.5666511203125 0.690625 0.4728101140625 0.68046875 0.4601203984375 0.673427921875 0.459524646875 0.669254546875 0.459524646875 0.6578125 0.47315872499999995 0.6609375 0.5745392125000001 0.64375 0.641165271875
1 0.6765625 0.67265625 0.675 0.71796875 0.6890625 0.79609375 0.70234375 0.809375 0.7203125 0.81015625 0.7265625 0.80546875 0.7296875 0.69921875 0.74375 0.63984375 0.728125 0.59453125 0.73125 0.48359375 0.71953125 0.4671875 0.70703125 0.465625 0.690625 0.48203125 0.6953125 0.59140625 0.6765625 0.67265625
1 0.7901726968749999 0.459375 0.7796875 0.47109375 0.79375 0.50546875 0.7859375 0.61640625 0.796875 0.65703125 0.8109375 0.68203125 0.821875 0.60078125 0.8078125 0.54609375 0.8125 0.47578125 0.809375 0.46484375 0.798934659375 0.459375 0.7901726968749999 0.459375