1 0 0 0 0.36875 0.43370116718749996 0.36875 0.5124224390625 0.2981573875 0.5514227546875 0.2444107625 0.5763605703125 0.19148318125 0.5875 0.12237087656250001 0.5875 0.11918614218750001 0.5769181624999999 0.065102690625 0.5334696906249999 0.0036793468750000004 0.5295843125 0 0 0
1 0.8199571406249999 0 0.801559684375 0.0660220296875 0.800347928125 0.07402130625 0.800347928125 0.20759457343749999 0.8037818421875 0.23089028125 0.8108128703125 0.2421875 0.8327931812500001 0.2421875 0.8406689484375001 0.23636779375 0.8477743156249999 0.2200088015625 0.8610691562499999 0.16515959687499998 0.8671306828125 0.1176643578125 0.8671875 0.1135787421875 0.8671875 0.0625570546875 0.8562647484374999 0 0.8199571406249999 0
1 0.645849609375 0 0.646875 0.029166667187500002 0.63671875 0.06527777812499999 0.625 0.11388888906250001 0.62109375 0.18055555625 0.625 0.2236111109375 0.63984375 0.30694444375 0.650390625 0.31875 0.66953125 0.31944444375000003 0.6828125 0.309722221875 0.69765625 0.2611111109375 0.70546875 0.197222221875 0.70703125 0.15555555625 0.70546875 0.11944444375 0.684375 0.0361111109375 0.6847192796875 0 0.645849609375 0
1 0.9475897609375 0 0.94453125 0.0111111109375 0.9359375 0.08055555625000001 0.93671875 0.115277778125 0.94609375 0.1708333328125 0.957421875 0.18402777812499999 0.97578125 0.184722221875 0.98203125 0.177777778125 0.98984375 0.15277777812499999 1 0.0986111109375 1 0.020555556250000002 0.99638671875 0 0.9475897609375 0
1 0.901065340625 0 0.9015625 0.0388888890625 0.9078125 0.08194444375 0.916796875 0.09375 0.93046875 0.0958333328125 0.934375 0.0888888890625 0.93984375 0.0236111109375 0.94548828125 0 0.901065340625 0
1 0.7865234375 0 0.78359375 0.0208333328125 0.7828125 0.0486111109375 0.78671875 0.084722221875 0.79453125 0.1208333328125 0.79921875 0.125 0.8078125 0.061111110937500004 0.8227299531250001 0 0.7865234375 0
1 0 0.819328703125 0.0166666671875 0.7480324078125 0.021354167187500002 0.7026620375 0.0197916671875 0.6535879625 0.0036458328125000003 0.5702546296875 0.003125 0.5396990734375 0.010416667187500001 0.4767361109375 0.0114583328125 0.44432870312499995 0.007291667187500001 0.4258101859375 0.0028645828125 0.41793981406249997 0 0.4158428640625 0 0.819328703125
1 0.058854167187499994 0.6952546296875 0.0802083328125 0.6165509265625 0.084375 0.5915509265625 0.0796875 0.556365740625 0.0822916671875 0.5267361109375 0.08333333281250001 0.440625 0.07734375 0.4299768515625 0.0700520828125 0.42719907343749997 0.06171875 0.431828703125 0.0557291671875 0.4424768515625 0.0536458328125 0.4526620375 0.056770832812500005 0.5526620375 0.0380208328125 0.6202546296875 0.0338541671875 0.6554398140625001 0.0338541671875 0.681365740625 0.0375 0.719328703125 0.0447916671875 0.7609953703125 0.0481770828125 0.7697916671875 0.051041667187499994 0.77118055625 0.054166667187499996 0.7665509265624999 0.0546875 0.7322916671874999 0.058854167187499994 0.6952546296875
1 0.07083333281250001 0.890625 0.07682291718749999 0.9049768515625001 0.0958333328125 0.91006944375 0.11223958281249999 0.9040509265625001 0.11875 0.8887731484374999 0.1359375 0.8109953703125001 0.14010416718750002 0.7609953703125 0.1375 0.69710648125 0.1338541671875 0.68506944375 0.1338541671875 0.668402778125 0.11927083281249999 0.59618055625 0.12291666718750001 0.531365740625 0.1291666671875 0.4776620375 0.1291666671875 0.44710648124999997 0.1216145828125 0.424421296875 0.11015625 0.4142361109375 0.09713541718749999 0.41608796249999996 0.08854166718749999 0.42673611093749997 0.0838541671875 0.44155092656250006 0.0828125 0.48414351875 0.0869791671875 0.52210648125 0.08541666718749999 0.594328703125 0.0625 0.681365740625 0.0546875 0.7396990734375001 0.055208332812500004 0.786921296875 0.0609375 0.83414351875 0.07083333281250001 0.890625
1 0.16458333281249998 0.8295138890625001 0.1739583328125 0.8239583328125001 0.18802083281249998 0.768402778125 0.1953125 0.72118055625 0.19375 0.662847221875 0.1796875 0.5785879625 0.18125 0.536921296875 0.18802083281249998 0.47581018593749996 0.1875 0.45821759218749997 0.1822916671875 0.440625 0.17265625 0.431828703125 0.16484375 0.431828703125 0.1580729171875 0.43645833281249996 0.1510416671875 0.4535879625 0.1494791671875 0.46747685156249996 0.1520833328125 0.537847221875 0.1510416671875 0.5767361109375 0.1317708328125 0.649884259375 0.1354166671875 0.6859953703125 0.1395833328125 0.6989583328125001 0.14114583281249998 0.72118055625 0.1380208328125 0.8146990734374999 0.1419270828125 0.824421296875 0.1455729171875 0.8271990734374999 0.16458333281249998 0.8295138890625001
1 0.2109375 0.762847221875 0.221875 0.7109953703125 0.2348958328125 0.668402778125 0.24114583281250002 0.637847221875 0.240625 0.6137731484375 0.2328125 0.574884259375 0.23333333281250002 0.5387731484375 0.23802083281250003 0.494328703125 0.23802083281250003 0.4609953703125 0.23307291718749998 0.44942129687500004 0.22786458281250002 0.4447916671875 0.21901041718749997 0.4447916671875 0.21484375 0.4484953703125 0.2088541671875 0.46192129687500005 0.20729166718749997 0.4776620375 0.20833333281250002 0.565625 0.1916666671875 0.6295138890625 0.19479166718750002 0.6526620375000001 0.19583333281249998 0.68414351875 0.19479166718750002 0.74618055625 0.1989583328125 0.7665509265624999 0.20234375 0.77164351875 0.20729166718749997 0.77210648125 0.2109375 0.762847221875
1 0.2348958328125 0.9545138890625001 0.2908854171875 0.950347221875 0.2979166671875 0.93414351875 0.30520833281250004 0.894328703125 0.3098958328125 0.8489583328125001 0.3088541671875 0.7758101859375001 0.284375 0.644328703125 0.284375 0.6054398140625 0.2947916671875 0.5045138890625 0.2958333328125 0.4535879625 0.2921875 0.43692129687500003 0.28567708281250004 0.4234953703125 0.26953125 0.4133101859375 0.2591145828125 0.4151620375 0.25078125 0.42256944374999994 0.240625 0.44710648124999997 0.2390625 0.5109953703125 0.24375 0.5915509265625 0.2416666671875 0.6424768515625 0.2140625 0.74710648125 0.20625 0.790625 0.20572916718749998 0.8591435187500001 0.2166666671875 0.9480324078125001 0.21848958281250003 0.9540509265625001 0.2348958328125 0.9545138890625001
1 0.3010416671875 0.7322916671874999 0.3046875 0.7415509265625 0.3078125 0.7674768515625 0.3114583328125 0.8258101859375 0.3057291671875 0.894328703125 0.30859375 0.9003472218749999 0.3135416671875 0.899884259375 0.32083333281250004 0.8896990734374999 0.3375 0.8239583328125001 0.34375 0.7776620375000001 0.3447916671875 0.7341435187500001 0.340625 0.6924768515624999 0.3317708328125 0.6572916671875 0.3255208328125 0.6165509265625 0.3244791671875 0.5859953703125 0.32760416718749996 0.5387731484375 0.3307291671875 0.5267361109375 0.3338541671875 0.490625 0.3328125 0.462847221875 0.33125 0.4535879625 0.3252604171875 0.44293981406250005 0.31640625 0.43645833281249996 0.31015625 0.43645833281249996 0.29921875 0.4447916671875 0.29635416718749996 0.4526620375 0.29635416718749996 0.48506944374999994 0.2932291671875 0.5285879625 0.2932291671875 0.594328703125 0.2854166671875 0.643402778125 0.28854166718749996 0.6721064812499999 0.3010416671875 0.7322916671874999
1 0.3552083328125 0.7739583328124999 0.3604166671875 0.74618055625 0.3635416671875 0.690625 0.3609375 0.6637731484375 0.3505208328125 0.6119212968750001 0.3479166671875 0.586921296875 0.3484375 0.5582175921875 0.35625 0.4924768515625 0.3557291671875 0.4702546296875 0.3541666671875 0.462847221875 0.34817708281250004 0.453125 0.3361979171875 0.450347221875 0.3322916671875 0.4545138890625 0.334375 0.474884259375 0.3338541671875 0.49710648125 0.3265625 0.5646990734375 0.325 0.6026620375 0.328125 0.63506944375 0.3385416671875 0.681365740625 0.34427083281250004 0.7239583328125001 0.34375 0.7785879625 0.3390625 0.8146990734374999 0.340625 0.824884259375 0.3552083328125 0.7739583328124999
1 0.3791666671875 0.706365740625 0.3807291671875 0.6887731484375 0.3802083328125 0.6480324078125 0.3671875 0.5785879625 0.3682291671875 0.5471064812499999 0.37447916718749996 0.4832175921875 0.3713541671875 0.46932870312499997 0.3622395828125 0.45960648125 0.3541666671875 0.46192129687500005 0.3567708328125 0.48229166718750005 0.35625 0.4980324078125 0.3484375 0.5582175921875 0.3489583328125 0.6008101859374999 0.35885416718749996 0.649884259375 0.3635416671875 0.690625 0.3625 0.7285879625 0.3557291671875 0.769328703125 0.3557291671875 0.7758101859375001 0.3578125 0.7758101859375001 0.3640625 0.7702546296875 0.3703125 0.74710648125 0.3791666671875 0.706365740625
1 0.7315861609375001 0.5184510921875 0.72399595 0.5046875 0.7179360875 0.5046875 0.7152136171875 0.504846065625 0.7073674109375 0.5198616734375 0.7080272453124999 0.604401884375 0.7007554421875 0.6360863671875 0.7007554421875 0.659375 0.7030073109374999 0.659375 0.7359375 0.6568548453125 0.7359375 0.63411811875 0.726521359375 0.5852997703125 0.7315861609375001 0.5184510921875
2 1 0.65888936875 0.665234375 0.66163194375 0.6625 0.72899305625 0.6640625 0.770659721875 0.7046875 0.7776041671875 0.715234375 0.776909721875 0.721875 0.770659721875 0.71953125 0.7484375 0.723046875 0.7407986109375 0.738671875 0.7380208328125001 0.905078125 0.7435763890625 1 0.74246983125 1 0.65888936875