1 0.540947428125 0.5336540890625 0.5430370171875001 0.5205007984375001 0.5430370171875001 0.31067898125000004 0.5216355203124999 0.23165004687500002 0.5186471484374999 0.17741503125 0.521897725 0.104350725 0.520493953125 0.0890045953125 0.5198774640625 0.0882089828125 0.4778130640625 0.0882089828125 0.47535123125 0.0892069296875 0.48670564374999997 0.23412982968749999 0.4734375 0.3115794890625 0.4734375 0.364728453125 0.483441334375 0.4788012046875 0.49803526875 0.5312837015625 0.5025868140624999 0.537909628125 0.5121904609375 0.540625 0.5343748265625 0.540625 0.540947428125 0.5336540890625
1 0.1013140140625 0.56875 0.097119140625 0.552910984375 0.095556640625 0.49459583125 0.101025390625 0.4556433078125 0.110400390625 0.42497866562500003 0.132275390625 0.3858352359375 0.130712890625 0.36918675 0.112744140625 0.30134028125 0.118212890625 0.14155442499999998 0.111962890625 0.118016040625 0.099853515625 0.1063513890625 0.080322265625 0.11074532343750002 0.071337890625 0.13376653125 0.069775390625 0.18656249062500002 0.076025390625 0.304545321875 0.058837890625 0.38113420625 0.053125 0.42090238593749996 0.053125 0.5141976421875001 0.057275390625 0.5464301640625 0.0619641421875 0.56875 0.1013140140625 0.56875
1 0.0573576515625 0.230836984375 0.0653948375 0.141989040625 0.0699937 0.124097259375 0.071014065625 0.11159725937500001 0.06856312656249999 0.107981734375 0.06195294375 0.10763530937500002 0.031575128125000004 0.10763530937500002 0.02458019375 0.11334825468750001 0.025149126562500002 0.19288341250000002 0.0197071734375 0.25955008125 0.0109375 0.2892904328125 0.0109375 0.5609375 0.0205084890625 0.5609375 0.017746834375 0.48540989375 0.0214881765625 0.4395765640625 0.029576896875 0.39815555625 0.054675840625000006 0.3213604234375 0.058833575000000006 0.299261034375 0.0573576515625 0.230836984375
1 0.44757493750000005 0.56875 0.46265684374999994 0.48104818125 0.46265684374999994 0.385282359375 0.45867184375000003 0.3470524890625 0.4370771140625 0.25921951249999997 0.44085961874999996 0.104046596875 0.43806463906250004 0.093406721875 0.43517024062500004 0.09203015 0.3964908796875 0.09203015 0.39319528593749997 0.09876755781249999 0.3934215359375 0.137656446875 0.4000513109375 0.2034444078125 0.400398765625 0.26316662968750004 0.3851697015625 0.32994673125 0.3828125 0.34672590312499996 0.3828125 0.44127983593750003 0.3869448296875 0.500843834375 0.4021764359375 0.568722184375 0.40221580625 0.56875 0.44757493750000005 0.56875
1 0.336531915625 0.56875 0.346036475 0.534190534375 0.3550653875 0.47863498125000004 0.356074146875 0.3897460921875 0.33826368906250004 0.2897460921875 0.3427138890625 0.220301646875 0.3537008890625 0.13419053593750002 0.3491419671875 0.107801646875 0.337789128125 0.0959960921875 0.3147768609375 0.101551646875 0.30625 0.1221606171875 0.30625 0.385723728125 0.3082398875 0.39252387187500004 0.3120472078125 0.45502387187500004 0.30625 0.49542401875 0.30625 0.56875 0.336531915625 0.56875
1 0.1671875 0.3598315796875 0.1671875 0.3693088046875 0.21051034375 0.3650996359375 0.2346822875 0.38125 0.23510807812499998 0.38125 0.23510807812499998 0.3359537578125 0.2161682453125 0.2761080296875 0.21293381875 0.20666358593749998 0.21607876718750002 0.1394867359375 0.21328718750000003 0.11322539218750001 0.207015846875 0.1046875 0.20693467656250003 0.1046875 0.1711992125 0.1103872421875 0.1671875 0.1185200578125 0.1671875 0.1433569328125 0.1740056828125 0.19589956875 0.179643559375 0.2832720234375 0.1671875 0.3598315796875
1 0.29578730625 0.33125 0.299028325 0.3256483796875 0.3015529015625 0.30191887031250003 0.2897541171875 0.24742890625 0.2897651671875 0.22804366250000002 0.2993762484375 0.1068551328125 0.2976777921875 0.10075313125 0.2553771078125 0.1067276859375 0.253125 0.11343194375000001 0.253125 0.13164064375 0.2664622859375 0.140502715625 0.275962190625 0.1653979640625 0.27673373125 0.2802613453125 0.28313140937500003 0.314391571875 0.2938018265625 0.33125 0.29578730625 0.33125
0 0.2592257875 0.56875 0.26640179218750004 0.5276360859375 0.26593567500000004 0.473514921875 0.25059348593749997 0.4258138625 0.22545739375 0.3835426984375 0.20757752499999998 0.36931148125 0.1888598453125 0.3648479890625 0.1583668546875 0.3707892578125 0.1403173015625 0.3857247078125 0.12772034062499998 0.4031194171875 0.11390705781249999 0.42822126718750003 0.105167865625 0.453721796875 0.0984375 0.49358580312500006 0.0984375 0.5659472140624999 0.0992024765625 0.56875 0.2592257875 0.56875
2 0.56875 0 0 0 0 0.11875 0.2723316203125 0.11875 0.27651297656249996 0.11739216875 0.325096053125 0.11791393593749999 0.35214865 0.1110848234375 0.38525230312500003 0.1151121125 0.4145758609375 0.1067849484375 0.4717526875 0.1069064546875 0.5071806671875 0.095510415625 0.56875 0.09654848906249999 0.56875 0
1 0.56875 0.141041096875 0.5745116828125 0.159375 0.586366653125 0.159375 0.5867566156249999 0.158839753125 0.5867566156249999 0.100694421875 0.5813296421875 0.08073891562499999 0.581194353125 0.03920895 0.5766516984375001 0.0323957375 0.5746075796875 0.0323957375 0.56875 0.03860829375 0.56875 0.0494408921875 0.5712299828125 0.0812392484375 0.56875 0.09866614375 0.56875 0.141041096875
0 0.765955628125 0.3301232390625 0.748473440625 0.309986653125 0.7231338859375 0.320214371875 0.71875 0.33583075 0.71875 0.38127180312500003 0.724097303125 0.39214059687499997 0.7279991015625 0.3953125 0.7529515328125 0.3953125 0.7640314703125 0.3773454625 0.767722396875 0.363219775 0.765955628125 0.3301232390625
1 0.8280864953125 0.0429303734375 0.8222796421874999 0.0342438671875 0.8156107374999999 0.03949175 0.8161495765625 0.0811129125 0.8125 0.104238309375 0.8125 0.1577965578125 0.8125075875000001 0.1578125 0.8275994984375 0.1578125 0.830710515625 0.128859475 0.83006663125 0.10529386562500001 0.825508415625 0.08334465937499999 0.8280864953125 0.0429303734375
1 0.7931622515625 0.036197196875 0.785340040625 0.0289039875 0.7804438875 0.0326127265625 0.7828459109375 0.07844606093749999 0.7796875 0.094939834375 0.7796875 0.112437784375 0.7835059171875 0.15081383125 0.7840907125000001 0.1515625 0.7962684421875 0.1515625 0.7962684421875 0.092422684375 0.7936378328125 0.0751588609375 0.7931622515625 0.036197196875
1 0.9235692171875 0.025957200000000003 0.9195707578124999 0.033062671875 0.9202371671874999 0.045497253125 0.9203125 0.06510416718749999 0.91484375 0.0845486109375 0.9140625 0.1220486109375 0.9171875 0.14010416718750002 0.921875 0.1470486109375 0.93203125 0.14288194375000002 0.9359375 0.11788194375000001 0.93671875 0.0984375 0.93046875 0.06649305625 0.9315661578124999 0.045497253125 0.9332321921875 0.0348390453125 0.929296875 0.024131943750000003 0.9235692171875 0.025957200000000003
1 0.9125 0.033159721875 0.906640625 0.026909721874999997 0.899609375 0.028298610937500003 0.896875 0.0345486109375 0.89765625 0.07204861093750001 0.8921875 0.108159721875 0.89375 0.145659721875 0.89921875 0.15677083281249998 0.909765625 0.1546875 0.9125 0.1359375 0.9129066375000001 0.09523555624999999 0.91015625 0.0692708328125 0.9125 0.033159721875
1 0.876953125 0.03524305625 0.87421875 0.0442708328125 0.87578125 0.08038194374999999 0.87265625 0.10538194375000001 0.8702562765625 0.12247322187500001 0.87265625 0.1484375 0.87421875 0.1609375 0.878125 0.163715278125 0.884765625 0.164409721875 0.8890625 0.158159721875 0.890625 0.1373263890625 0.8902486375 0.1100386421875 0.88671875 0.08038194374999999 0.8890625 0.0442708328125 0.884765625 0.0338541671875 0.876953125 0.03524305625
1 0.8171875 0.0359375 0.812890625 0.025520832812499998 0.806640625 0.025520832812499998 0.80390625 0.0317708328125 0.8046875 0.06788194374999999 0.8 0.0970486109375 0.8 0.13038194375 0.8046875 0.1470486109375 0.8125 0.1442708328125 0.8112788406250001 0.11536774999999999 0.8149441062499999 0.08516947968750001 0.8146108890624999 0.059116076562499995 0.8171875 0.0359375
1 0.7578125 0.06788194374999999 0.759375 0.03038194375 0.749609375 0.025520832812499998 0.74609375 0.0359375 0.746875 0.0595486109375 0.7421875 0.10399305625 0.74453125 0.14288194375000002 0.75390625 0.1498263890625 0.75859375 0.1442708328125 0.76328125 0.1067708328125 0.7578125 0.06788194374999999
1 0.47036587812499997 0.760426684375 0.4684818078125 0.7498667140624999 0.46106279375000003 0.740191153125 0.44776828125 0.740191153125 0.437817953125 0.74441135 0.434375 0.7525929890625 0.434375 0.8139163515625001 0.44086959375 0.81875 0.45992000468749994 0.81875 0.46682754062500004 0.8078543781249999 0.4714303859375 0.791738671875 0.472902353125 0.7737063390625 0.47036587812499997 0.760426684375
2 1 0.68690763125 0.56875 0.68690763125 0.56875 0.7756020687499999 1 0.7858167109374999 1 0.68690763125