1 0.2479143171875 0.4390625 0.24890855156249997 0.4327132546875 0.24890855156249997 0.2789106859375 0.24789144843750002 0.270236915625 0.2252946234375 0.1851082609375 0.22726689218749999 0.029334384375 0.22435069375 0.0190450734375 0.21727095625 0.016594778125 0.18372569375 0.0209372109375 0.1795863984375 0.030165118749999997 0.18026520625 0.069054009375 0.18765463437500002 0.1340406875 0.188697090625 0.19376290937500001 0.1742600046875 0.2625462125 0.171875 0.281424375 0.171875 0.358015134375 0.17802316093749998 0.43334315781250005 0.1794108296875 0.4390625 0.2479143171875 0.4390625
1 0.1619219859375 0.4390625 0.165625 0.4012072765625 0.1609375 0.31261877656250003 0.13671875 0.21417078437499998 0.13671875 0.14472633906250001 0.1421875 0.058264775000000005 0.1359375 0.03227640625 0.123828125 0.021246853125 0.101171875 0.028254287500000003 0.0921875 0.054524478125 0.09921875 0.2151850046875 0.09296875 0.2628077453125 0.11328125 0.3184505046875 0.12109375 0.380449859375 0.1164627828125 0.4390625 0.1619219859375 0.4390625
1 0 0.282962328125 0.0038844531250000003 0.2830153625 0.022079321875 0.296875 0.0224052359375 0.296875 0.0224052359375 0.24025559218749998 0.0074829218749999996 0.1951050671875 0.0026268921875 0.1256606234375 0.0042151062500000004 0.0591758140625 0.0008073140624999999 0.032741459375 0 0.0315973703125 0 0.282962328125
1 0.0629776734375 0.23521190781249998 0.0735574 0.253125 0.07470293125000001 0.253125 0.0785098375 0.24694777499999998 0.0817233875 0.2232638890625 0.07154571093749999 0.1683633046875 0.07212414843750001 0.14895524843750002 0.0852611375 0.027903590625000002 0.08377716562500001 0.021875 0.082579409375 0.021875 0.0421875 0.0263950203125 0.0421875 0.054062045312499994 0.051435299999999996 0.0606272765625 0.060185445312499995 0.0858304921875 0.0575931875 0.200853559375 0.0629776734375 0.23521190781249998
1 0.3608741421875 0 0.3607752609375 0.01152049375 0.353125 0.0459652703125 0.353125 0.1841812421875 0.35574764999999997 0.1875 0.36646151250000003 0.1875 0.36726168125 0.18569477031249998 0.3605736734375 0.17032742343750001 0.3571238484375 0.152419103125 0.3559460015625 0.1300390140625 0.3584517171875 0.10700926562499999 0.36966805 0.07535171874999999 0.3861985359375 0.0543134875 0.38653809375 0.0459801578125 0.3800838234375 0.012054823437499999 0.380895746875 0 0.3608741421875 0
1 0.3537855515625 0 0.3541666671875 0.008396409375 0.353125 0.0205001984375 0.3458333328125 0.047819321875 0.3421875 0.0780298109375 0.3421875 0.0919418390625 0.34427083281250004 0.1303268578125 0.3473958328125 0.1486451171875 0.354506821875 0.1703125 0.3583333328125 0.1703125 0.3583333328125 0.1618331 0.3536458328125 0.138985340625 0.3515625 0.0946744015625 0.3546875 0.066696365625 0.36510416718750005 0.0169547609375 0.3648389828125 0 0.3537855515625 0
0 0.4520027296875 0.14388415937500001 0.45373670624999995 0.12077852656250002 0.4497059390625 0.0879034515625 0.43880081249999997 0.0614413796875 0.42280307187500005 0.045604915625 0.396187384375 0.045604915625 0.39354978906250004 0.0465889265625 0.3753367734375 0.06974421875 0.3671875 0.0916085015625 0.3671875 0.1725233328125 0.37310451875 0.1871927109375 0.3906619046875 0.20625 0.42055723125 0.20625 0.42886926249999996 0.2010436171875 0.4435334953125 0.17573886875 0.4520027296875 0.14388415937500001
1 0.032316775 0.48369140625 0.0121607625 0.5045247390625 0.0040372453125 0.6354771203125 0.0015625 0.6430338578125 0.0015625 0.8578125 0.015305037499999999 0.8578125 0.038726296874999996 0.77238188125 0.042162920312500005 0.6950009296874999 0.031224678125 0.6295247390625 0.0483066625 0.5104771203125 0.041796009375 0.4896437859375 0.032316775 0.48369140625
1 0.259375 0.47288240000000004 0.258275353125 0.4729272078125 0.24617569375 0.488283540625 0.241976378125 0.5181812671875 0.24725747031249998 0.5655286703125 0.2456987015625 0.6191000984375 0.234375 0.6561528515624999 0.234375 0.8374212796875 0.235763853125 0.8453125 0.259375 0.8453125 0.259375 0.47288240000000004
1 0.2338803578125 0.812302096875 0.2338803578125 0.6958049359375 0.233545640625 0.6894343421875 0.2157360875 0.6247344140625 0.22042866718749998 0.5113286718750001 0.2049611203125 0.48524159375 0.1917316890625 0.49181498437500004 0.183762003125 0.51303645 0.1844892953125 0.554703115625 0.1920910546875 0.607964040625 0.186047784375 0.6439888296875 0.1865672796875 0.6737507359375 0.178125 0.7063256359375 0.178125 0.7634583046875 0.1785413640625 0.7873117296875 0.18978815468750002 0.8582745453125 0.1929838484375 0.8609375 0.22261852656249997 0.8609375 0.2264548203125 0.8565667671875001 0.2338803578125 0.812302096875
1 0.1087694515625 0.4777837640625 0.0940885984375 0.47735659531249997 0.0920739984375 0.47735659531249997 0.0848100296875 0.49193728906250006 0.0968842140625 0.6170342796874999 0.0828125 0.6991956578125 0.0828125 0.7012307796874999 0.0868737578125 0.7593094828125 0.1018685296875 0.8310290234375 0.11265877656250001 0.8484375 0.1171340015625 0.8484375 0.1171340015625 0.4912787359375 0.1087694515625 0.4777837640625
1 0.1729024921875 0.8265625 0.1742315671875 0.8075558484375 0.1713144640625 0.8017587203125001 0.1723532984375 0.763145871875 0.1703125 0.7786337875 0.1703125 0.8265625 0.1729024921875 0.8265625
1 0.1625137625 0.6883647984375 0.16567394375 0.71808791875 0.1660432640625 0.71875 0.1723363078125 0.71875 0.1724445015625 0.7001532 0.18265228125 0.6643225546875 0.18282543125 0.63456065 0.17952672812499998 0.62864705625 0.179630615625 0.6107899125 0.1763319125 0.6048763203125 0.18035784531250001 0.48578991250000003 0.175444421875 0.470967140625 0.1521110875 0.4712386484375 0.1515625 0.4722145140625 0.1515625 0.5105642828125 0.1535180296875 0.5158621109375 0.1515625 0.5760796218750001 0.1515625 0.64660375625 0.1560202453125 0.65868046875 0.1559509859375 0.6705852296874999 0.1625137625 0.6883647984375
1 0.151868 0.523102678125 0.142074371875 0.4963169640625 0.128741040625 0.4963169640625 0.11520133437499999 0.523102678125 0.11354338125 0.6421502968749999 0.1125 0.6458072875 0.1125 0.8760455515625001 0.11796418125000001 0.8765625 0.1256399078125 0.8765625 0.1452222453125 0.8088169624999999 0.1514657109375 0.71953125 0.13979381562499998 0.648102678125 0.151868 0.523102678125
1 0.79375 0.4390625 0.79375 0.6305491515625 0.8007918093749999 0.668253621875 0.79375 0.709925290625 0.79375 0.8194390859375 0.8102808703125 0.821875 0.8115285859375 0.821875 0.8235519234375002 0.8094035859375 0.8512128046874998 0.703057696875 0.8520899499999999 0.617919809375 0.8277565984375 0.5153798843749999 0.8346290234375001 0.4390625 0.79375 0.4390625
1 0.584280075 0.4390625 0.59011653125 0.525897290625 0.58125 0.582108959375 0.58125 0.6106567 0.6250002515624999 0.641422459375 0.6495480546875 0.6765289 0.672534859375 0.74375 0.67280386875 0.74375 0.67280386875 0.678899603125 0.6392121390625001 0.5575001390625001 0.6438630203125 0.4390625 0.584280075 0.4390625
1 0.36089080781250005 0.4390625 0.3616578921875 0.5304745765625001 0.3421875 0.5984880515625 0.3421875 0.89734470625 0.3766826515625 0.9015625 0.3885680828125 0.9015625 0.40009189375 0.8864663531249999 0.40996035468750003 0.74768114375 0.43128575468749997 0.6873815796875 0.4077648296875 0.5419932968750001 0.4175904765625 0.4390625 0.36089080781250005 0.4390625
1 0.2727155125 0.4390625 0.27437024375 0.527347346875 0.259375 0.5855921140625 0.259375 0.8186855515625 0.26369659375 0.834375 0.3110290328125 0.834375 0.3173993609375 0.8225388625000001 0.3233536515625 0.7066034562500001 0.3384080796875 0.6327179390625 0.3158262578125 0.521801715625 0.32237332812499997 0.4390625 0.2727155125 0.4390625
1 0.45518558124999997 0.4390625 0.4617040171875 0.5438588 0.4453125 0.61622443125 0.4453125 0.6198776500000001 0.4579258609375 0.675 0.46268055624999993 0.675 0.5232173453125 0.6072843984375 0.5232173453125 0.5875200140625 0.505294696875 0.522507815625 0.50791845 0.4390625 0.45518558124999997 0.4390625
1 0.5365870640624999 0.4390625 0.541074165625 0.5281705109375 0.528125 0.5732260546875001 0.528125 0.60625 0.5742632078125001 0.60625 0.585001815625 0.57168754375 0.583470346875 0.4390625 0.5365870640624999 0.4390625
1 0.6748337281250001 0.4390625 0.68761208125 0.5369533890625 0.6758880328125 0.5905563265625 0.7051994734375 0.7147099375 0.7067430140625001 0.884293365625 0.7202552890625 0.8890625 0.748325353125 0.8890625 0.7530041375 0.888107740625 0.7530041375 0.5991622953125 0.7343936953125 0.5421677453125 0.7316806421875001 0.4390625 0.6748337281250001 0.4390625
1 0.73125 0.4390625 0.73125 0.8515625 0.7431095828125 0.8515625 0.748440978125 0.85027003125 0.782650390625 0.7293754031249999 0.7865461125000001 0.6368316593750001 0.7656819984375 0.5300474109375 0.7762695171875 0.4390625 0.73125 0.4390625
0 0.6583012578125 0.8889502531249999 0.674187 0.8231327828125 0.6745464015625 0.761356721875 0.6619634453125001 0.703592 0.6299894109374999 0.6479832859375 0.5862639265625 0.6137453953125 0.5294388453125001 0.6105458718750001 0.49834124218750003 0.6263506953125 0.45277343124999997 0.6867224328124999 0.4359375 0.7432945828124999 0.4359375 0.8447755578125001 0.4438759 0.8837238328125 0.48099542812500007 0.943133415625 0.5257559703125001 0.971875 0.5878495796875 0.971875 0.6334951343749999 0.9336374375000001 0.6583012578125 0.8889502531249999