1 0.08590009374999999 0.490108959375 0.07981629375 0.46099358125 0.0742020921875 0.448844034375 0.073146103125 0.4252829875 0.0777043125 0.4138714890625 0.0758670734375 0.39036050625 0.0698864890625 0.380319325 0.0636364890625 0.38071984375 0.057914484375 0.3929008859375 0.061734415625000004 0.45242284843749997 0.05356085625 0.489084671875 0.053125 0.50944528125 0.053125 0.5131366296875 0.062246059374999996 0.563584025 0.0633304328125 0.5640625 0.07938879531250001 0.5640625 0.081712665625 0.5567768484375 0.08590009374999999 0.5114561390625 0.08590009374999999 0.490108959375
1 0.1786876234375 0.483072609375 0.18756159375 0.484375 0.188560740625 0.484375 0.191920390625 0.4799123359375 0.1948887453125 0.45818560937499997 0.1948887453125 0.41819555625 0.18693134218750002 0.3865607828125 0.1879766828125 0.3422347375 0.1835585984375 0.3314924734375 0.18035871718750002 0.33125 0.177990925 0.33125 0.17311677187500002 0.33972105625000004 0.17596151875 0.382954209375 0.16875 0.427372846875 0.16875 0.4379606015625 0.17390315625 0.47438407812500005 0.1786876234375 0.483072609375
1 0.162146696875 0.4415654546875 0.153357540625 0.39670498906249996 0.155232615625 0.35663226406250004 0.15070667499999998 0.347177975 0.1427549796875 0.347177975 0.1388425265625 0.356585790625 0.1417680796875 0.406790840625 0.134375 0.44813986562499997 0.134375 0.458021140625 0.13720435625 0.4840901671875 0.14510109375 0.5078125 0.1470131140625 0.5078125 0.158508203125 0.5039911890625 0.162146696875 0.48046331562500005 0.162146696875 0.4415654546875
1 0.1257435828125 0.46453810000000006 0.115797421875 0.42872250625 0.117699296875 0.3703437078125 0.10718878125 0.36440059062499996 0.1012445640625 0.3791544140625 0.104078671875 0.42906348593750004 0.096875 0.458815721875 0.096875 0.5013383109375 0.101136978125 0.5319094609375 0.1082606421875 0.5359375 0.1121165453125 0.5359375 0.119895059375 0.529975003125 0.1255496578125 0.4978714328125 0.1257435828125 0.46453810000000006
1 0.1171875 0.4026318390625 0.1171875 0.44029682656249997 0.11937862031249999 0.4515625 0.121278165625 0.4515625 0.1230911296875 0.44553794843750005 0.1229526953125 0.42340673124999995 0.120895740625 0.40692207500000005 0.1171875 0.4026318390625
1 0.11388250312499999 0.33538072343750003 0.1078125 0.33704735625 0.1078125 0.36536808125000003 0.1088177609375 0.365625 0.1177805921875 0.365625 0.11897275 0.359170784375 0.11897275 0.35265941875 0.1175436 0.34136432656250004 0.11388250312499999 0.33538072343750003
1 0.09174252499999999 0.4859375 0.0919218875 0.4859375 0.0919218875 0.42809589375 0.086474190625 0.40979339374999996 0.083962290625 0.3583954140625 0.07464191718749999 0.3484375 0.0740745546875 0.3484375 0.06875 0.356434784375 0.06875 0.37274749375 0.0695833484375 0.378021671875 0.0791561421875 0.393199453125 0.0803725546875 0.4487822796875 0.09174252499999999 0.4859375
1 0.0357308640625 0.447809525 0.036432382812500004 0.484375 0.041513884375 0.484375 0.042010509375 0.4842708046875 0.0497933640625 0.44838252812499996 0.0498329375 0.42331886093750004 0.0438005171875 0.3952227484375 0.0483001515625 0.3494530828125 0.04545205625 0.33889316406250003 0.040962484375000004 0.3359375 0.0409298734375 0.3359375 0.034375 0.342711315625 0.034375 0.3747677609375 0.0354045625 0.37956296875 0.034375 0.388099309375 0.034375 0.44103667343749997 0.0357308640625 0.447809525
1 0.031172764062500004 0.5390625 0.0394514296875 0.5358496796875001 0.04535653125 0.4979352828125 0.0441818984375 0.4647203484375 0.035992178125 0.4306493234375 0.037403717187500005 0.37642345625 0.0324467984375 0.3663915859375 0.0253993890625 0.368313271875 0.0203125 0.38020302968749997 0.0203125 0.3823014859375 0.0235406625 0.4274298484375 0.0203125 0.445250059375 0.0203125 0.531433715625 0.0214826796875 0.5372112703125 0.023735846875 0.5390625 0.031172764062500004 0.5390625
1 0 0.509375 0.0132558484375 0.509375 0.0160528796875 0.4866833921875 0.0160528796875 0.44047493437499996 0.007354628125 0.41002723906250005 0.008399971874999999 0.3655009078125 0.0023870640625000003 0.3526135390625 0 0.3532115328125 0 0.509375
0 1 0.354292146875 0.9584645343750001 0.351028609375 0.9335692046874999 0.3616261859375 0.9137611046874999 0.379399596875 0.9039704484375001 0.39803143125 0.8955140625 0.4023242609375 0.8956361796875001 0.4128190140625 0.8849850859374999 0.44350893437499994 0.88125 0.5149478234375 0.88125 0.523053265625 0.8871539265624999 0.5438946265625 0.9025551703125 0.5774161421875 0.9203081265625 0.598033821875 0.9368296218750001 0.60625 1 0.60625 1 0.354292146875
1 0.7426597375 0.5647070609375 0.7477116468749999 0.5185369078125001 0.7477116468749999 0.4557393109375 0.7450373171875 0.4255798796875 0.714851034375 0.3214333640625 0.7172983953125 0.188303184375 0.7075454375 0.16584418750000002 0.7003273203125 0.16042124687499998 0.67886695 0.16042124687499998 0.666298396875 0.1844386328125 0.6667519765625001 0.22341914218749998 0.6764846828125 0.28706963750000003 0.6770254875 0.3335464015625 0.6546875 0.436290346875 0.6546875 0.500205571875 0.6604329453125001 0.53900321875 0.6802877671875 0.6139062203125001 0.6837166046875 0.6203125 0.728224940625 0.6203125 0.7293052140625 0.61911846875 0.7426597375 0.5647070609375
1 0.51875 0.5559458859374999 0.528892271875 0.5966942875 0.5373003515625 0.6125 0.577135453125 0.6125 0.57999694375 0.6101517125 0.593299128125 0.5514065390625 0.5977892984375 0.5138046375 0.5977892984375 0.47388364374999997 0.5937988296875 0.4226459828125 0.5647172171875 0.32724277812499997 0.5623857531249999 0.29858204375 0.5661122421875 0.189574209375 0.5563592859375001 0.1670039375 0.547866409375 0.160437034375 0.5298673703125 0.160437034375 0.5263243953125001 0.161380775 0.51875 0.176770846875 0.51875 0.2402413828125 0.5275602078125 0.31051244375 0.51875 0.3589283390625 0.51875 0.5559458859374999
1 0.6601501859375001 0.590625 0.6728624640625 0.590625 0.6728624640625 0.4917807609375 0.6690965156249999 0.4559041890625 0.6702710656249999 0.4273835234375 0.6728624640625 0.41209419843750006 0.6728624640625 0.3012276734375 0.6720085015625 0.2983316296875 0.6681302421875 0.1753465546875 0.6540449828125 0.150754375 0.6358528296875 0.1479653234375 0.6249773265625 0.157844265625 0.6203125 0.173719503125 0.6203125 0.18517430937499998 0.637681034375 0.309233646875 0.6225416906250001 0.4009322734375 0.6220004390625 0.4549518328125 0.6285945 0.4953850484375 0.6526865453124999 0.5746242328125 0.6601501859375001 0.590625
1 0.75688664375 0.5640625 0.7604642046875 0.5593019875 0.7513749140625 0.5055692625 0.746826875 0.5061355296875 0.74375 0.52222330625 0.74375 0.5640625 0.75688664375 0.5640625
1 0.742017128125 0.4375 0.743542175 0.4375 0.7484734281250001 0.4044099375 0.7651886875 0.34172826562499997 0.7518516109375 0.2858176078125 0.7581774578125 0.171495703125 0.7554042484375 0.15223277500000001 0.7470699796875 0.1386339875 0.7291223171875 0.1355001953125 0.7140625 0.15174445625 0.7140625 0.1863911109375 0.7178808875 0.20001397812500002 0.7178167203125 0.291392475 0.7140625 0.318487303125 0.7140625 0.340111771875 0.7179967890625 0.36178146718750004 0.742017128125 0.4375
1 0.8422744218750001 0.42334673437500003 0.8414475640625 0.4102455734375 0.8134008421875001 0.321705559375 0.8101042703125 0.2963755265625 0.8147609765624999 0.18061880156250001 0.804990575 0.1578782953125 0.793903346875 0.150958528125 0.7769382375 0.1548479625 0.7695341890625 0.163486896875 0.76374353125 0.1817923484375 0.77529616875 0.31470155312500003 0.75625 0.41510521562499997 0.75625 0.5148274796875 0.7744363328125 0.5847762515625 0.782056775 0.6 0.8180250140625 0.6 0.82762823125 0.5984903921875 0.8422744218750001 0.512072278125 0.8422744218750001 0.42334673437500003
1 0.8928872703125 0.5297013328125 0.8871893609375 0.5000659609375 0.8864565562500001 0.468581703125 0.8915841703125 0.43068088125 0.899060740625 0.40763270937499996 0.9198259984374999 0.3726285671875 0.9198259984374999 0.34800188125 0.90354826875 0.2991971953125 0.9022332015625001 0.1566285578125 0.8922970093749999 0.1385522328125 0.8791574265625 0.133464278125 0.8642970078125 0.14051018125 0.85430299375 0.162983546875 0.8551404828125 0.1989655546875 0.8655014046874999 0.2568069796875 0.867478478125 0.2987160625 0.846875 0.40222445 0.846875 0.41858533124999997 0.8530846750000001 0.49794572031250006 0.8694455968749999 0.5553675828125 0.8792186125000001 0.575 0.9075333390625 0.575 0.9108992390624999 0.5719908390625 0.8928872703125 0.5297013328125
1 1 0.3326386390625 0.9833124999999999 0.2738989875 0.9823125000000001 0.2154282234375 0.9873125 0.14796195625 0.9823125000000001 0.1299709515625 0.9698125000000001 0.1172273234375 0.9488125000000001 0.121725075 0.9393125000000001 0.14196495468749998 0.9493124999999999 0.2709004875 0.9303125 0.3548585078125 0.9548124999999998 0.34511338125 0.9808125000000001 0.34511338125 1 0.3524461109375 1 0.3326386390625
1 0.263887203125 1 0.242828434375 0.9355137250000001 0.2385236671875 0.8338880375000001 0.2316971890625 0.8174126203125001 0.2270409046875 0.8143218234375 0.2128100828125 0.8143218234375 0.212149778125 0.814543740625 0.20625 0.8286827125 0.20625 0.8392127515624999 0.2076292140625 0.8620756109375 0.21592655 0.9043342750000001 0.217973884375 0.9461193390625 0.21077550937499998 0.9983051218749999 0.210772528125 1 0.263887203125 1