1 0.0640364421875 0 0.0850016546875 0.038562793750000005 0.0895528 0.0624103984375 0.10039030625 0.08055480468750001 0.1033153171875 0.1152032078125 0.1111278171875 0.1158867140625 0.11102782343749999 0.1330742140625 0.1078119203125 0.148425809375 0.10394657656249999 0.14105280781250001 0.10155282968749998 0.1494415078125 0.1045687453125 0.1684649078125 0.09600681250000001 0.162244303125 0.0858278359375 0.165261996875 0.0919869328125 0.1814338 0.0637255765625 0.20241068125 0.046401721875 0.22434447031250002 0.041614228125 0.24112186875 0.013252878125 0.2792862484375 0.010036975 0.294637846875 0 0.3037437234375 0 0.4624841796875 0.0177828 0.4796875 0.61875 0.4796875 0.61875 0.39878296875 0.5943574328125 0.355139034375 0.5625125328125 0.3203054125 0.40997840781250006 0.2053462109375 0.359556228125 0.1391846765625 0.3590281109375 0 0.0640364421875 0
1 0.74667370625 0 0.736451803125 0.0143284671875 0.7342640625 0.0525046671875 0.7511735140625 0.18679498125 0.6883112312499999 0.39535028437499997 0.6883112312499999 0.4796875 0.8953125 0.4796875 0.8953125 0.41363031875 0.8741561749999999 0.3333168515625 0.8199701156250001 0.1869111953125 0.8344433656250001 0.0642205734375 0.830805840625 0.013729314062500001 0.8215339484375 0 0.74667370625 0
1 0.6290301140625 0 0.6406434187500001 0.1494607296875 0.61875 0.2244098453125 0.61875 0.4796875 0.6870546953125001 0.4796875 0.685830059375 0.42084716093749996 0.7015471515625 0.34120114375 0.7408398828125 0.2173073375 0.7074410609374999 0.131761615625 0.7172642437500001 0.028516776562500002 0.7155376515625 0 0.6290301140625 0
1 1 0 0.9378903859375001 0 0.94909135625 0.0609651546875 0.9078339875000001 0.16420999218750001 0.8921168953125 0.2881037984375 0.9019400781249999 0.3471008484375 0.9323919453125 0.4252719390625 0.95989685625 0.44297105468750003 0.9962426328125 0.441496128125 1 0.438111171875 1 0
1 0.3992814078125 0.4796875 0.3949472796875 0.7025629640625001 0.3409405125 0.8494776296875 0.3309176375 0.9332293953124999 0.3309176375 1 0.48847735312499996 1 0.48470869531250005 0.8589291234375 0.4637609125 0.6976403109375 0.4890625 0.548923334375 0.4890625 0.4796875 0.3992814078125 0.4796875
1 0.5209058546875001 1 0.5515625 0.87890625 0.5515625 0.82265625 0.528125 0.71328125 0.5453125 0.56796875 0.534375 0.53984375 0.51953125 0.53125 0.50078125 0.5328125 0.4890625 0.54453125 0.48125 0.58671875 0.484375 0.65546875 0.475 0.72890625 0.496875 0.86484375 0.4925151203125 1 0.5209058546875001 1
1 0.337790178125 0.4796875 0.321875 0.50390625 0.3203125 0.67734375 0.275 0.80546875 0.265625 0.87265625 0.2671875 0.93671875 0.2800271734375 1 0.3337699140625 1 0.3328125 0.90234375 0.3484375 0.81796875 0.38125 0.73203125 0.378125 0.64609375 0.3953125 0.55234375 0.3921875 0.49453125 0.379925271875 0.4796875 0.337790178125 0.4796875
1 0.05355113593750001 0.4796875 0.05625 0.64296875 0.0484375 0.68203125 0.0125 0.77421875 0 0.83921875 0 0.95859375 0.0093854171875 1 0.1391644015625 1 0.1484375 0.96953125 0.159375 0.89140625 0.1546875 0.80234375 0.1203125 0.65703125 0.1265625 0.58359375 0.1484375 0.48984375 0.1484375 0.4796875 0.05355113593750001 0.4796875
2 0.61875 0.8028233140625 0.620113275 0.8046875 0.8515625 0.8046875 0.8515625 0.7747763546875 0.85080855 0.7729629640625 0.69378538125 0.7578356234375001 0.6187773 0.7526628625 0.61875 0.7527190812500001 0.61875 0.8028233140625
1 0.7578125 0.73211805625 0.74765625 0.6904513890625 0.75 0.6376736109375 0.740234375 0.6244791671875001 0.73203125 0.6390625 0.73515625 0.691840278125 0.7265625 0.7251736109375 0.725 0.7473958328125001 0.730078125 0.7536458328125001 0.7546875 0.7529513890625 0.75859375 0.7473958328125001 0.7578125 0.73211805625
1 0.793359375 0.6203125 0.787109375 0.617534721875 0.7796875 0.629340278125 0.78203125 0.6848958328125001 0.7734375 0.723784721875 0.7734375 0.748784721875 0.80234375 0.7515625 0.8046875 0.7251736109375 0.79453125 0.6710069437499999 0.796875 0.6307291671875 0.793359375 0.6203125
1 0.84453125 0.7515625 0.8484375 0.74600694375 0.84921875 0.7223958328125001 0.8390625 0.6723958328124999 0.84140625 0.6223958328125 0.837890625 0.6119791671875 0.830078125 0.610590278125 0.825 0.62100694375 0.828125 0.6737847218749999 0.81953125 0.7098958328125 0.81875 0.7376736109375 0.822265625 0.7508680562500001 0.84453125 0.7515625