1 0 0 0 0.2215845546875 0.007814706250000001 0.22124326249999998 0.023548793749999998 0.2115045859375 0.042935142187500004 0.15638067656250002 0.0495305875 0.1265477046875 0.05 0.0862064984375 0.05 0.0741462390625 0.0443169234375 0.037630675 0.028126509374999997 0 0 0
1 0.15100998906250002 0 0.1327585859375 0.052420173437499995 0.129548271875 0.09032801562500001 0.129548271875 0.12153653906249999 0.136818853125 0.1601781296875 0.1660700171875 0.2348326859375 0.18613860625 0.2359375 0.2181211859375 0.2359375 0.23014160625 0.23252475 0.241224553125 0.20739748125 0.2578125 0.1516373546875 0.2578125 0.048153175 0.25777676718750003 0.047840667187500005 0.2386748796875 0 0.15100998906250002 0
1 0.06373048906249999 0 0.0520777765625 0.034564234375 0.0520777765625 0.0680655 0.054942659375 0.13635406249999998 0.0786924125 0.1921875 0.1251808671875 0.1921875 0.1343119953125 0.1850032046875 0.1390813109375 0.1705855046875 0.1271085484375 0.0809077 0.14375 0.010297540625 0.14375 0.0039164859375 0.14205681406249998 0 0.06373048906249999 0
1 0.265840815625 0 0.261531440625 0.01096864375 0.261531440625 0.16721963125 0.27643623281249996 0.20625 0.3260685875 0.20625 0.3328918578125 0.204188521875 0.34848236718750003 0.16660670625000001 0.35957637343750004 0.124364665625 0.3640625 0.07560323125 0.3640625 0.059465139062500005 0.347146703125 0 0.265840815625 0
1 0.6390625 0 0.5853781703125 0 0.60753994375 0.06814736875 0.6078126546875 0.1150223671875 0.59413195 0.180811 0.6058187296875001 0.1984375 0.6390625 0.1984375 0.6390625 0
1 0.501055890625 0 0.501011553125 0.00015533906250000002 0.521034546875 0.042264924999999995 0.531773471875 0.08831971875 0.531620359375 0.1368939203125 0.51808670625 0.2101359296875 0.5271858843749999 0.2171875 0.564862640625 0.2171875 0.5746549562500001 0.21615219375 0.5884446718749999 0.205546884375 0.6015625 0.1643096359375 0.6015625 0.0215593265625 0.6001764796875 0.0165431734375 0.5926749296875 0 0.501055890625 0
1 0.385599759375 0.1796875 0.3745832984375 0.1302077703125 0.36775658125 0.1652822046875 0.3725168046875 0.1778367484375 0.376585246875 0.1796875 0.385599759375 0.1796875
1 0.3922077390625 0 0.376805196875 0.042882312500000005 0.376805196875 0.1814790734375 0.4023318296875 0.246875 0.4388875109375 0.246875 0.4571746765625 0.24653358124999997 0.47301793124999997 0.23909958593749997 0.49184234375 0.19092219531250001 0.5080328265625 0.12891910625 0.5109375 0.0842829078125 0.5109375 0.0741604546875 0.50634633125 0.043336803125000004 0.4887141625 0 0.3922077390625 0
1 0.3685992 0.8485230515625 0.3741642796875 0.853125 0.385451334375 0.853125 0.39127161093749996 0.8466068328125 0.40116376875000004 0.8019441828125 0.403125 0.76098786875 0.403125 0.7583501328125 0.3914060359375 0.7008098671875 0.3963142796875 0.6146078359375 0.3929198625 0.604273 0.3828605796875 0.596176053125 0.3713142796875 0.6151897171874999 0.372785325 0.6901351671875 0.3610720875 0.7570564078124999 0.360991640625 0.7597588140625 0.360991640625 0.8067320484374999 0.3685992 0.8485230515625
1 0.20869005624999998 1 0.204866065625 0.9861618343749999 0.1924953515625 0.9640850609375 0.1895885203125 0.9266214234374999 0.1902026234375 0.8210658687500001 0.1828898328125 0.80240223125 0.17161423125 0.7935062671875001 0.175135165625 0.7254143484375 0.1744428 0.7101456625 0.17095545625 0.705325459375 0.16080601562500002 0.7714113140625 0.159863159375 0.7991981828125001 0.144906284375 0.81881535 0.14169240156250001 0.8341294906249999 0.1422554828125 0.8716204 0.1559139671875 0.9409012109375 0.1564689671875 0.979781009375 0.15181424999999998 1 0.20869005624999998 1
1 0.6390625 1 0.6390625 0.8027013953125 0.6201953359375 0.8094864953125 0.6087500453125 0.8304837781250001 0.604132728125 0.9530019984375 0.5985427734375001 0.974249728125 0.5827006046875 1 0.6390625 1
1 0.31278254843750003 0.6666128296875 0.31278254843750003 0.7502343625 0.3143256296875 0.761883475 0.3201494546875 0.7640625 0.33183893750000004 0.7640625 0.3338568796875 0.7617698453124999 0.3396196421875 0.7353536828125 0.3453125 0.683269396875 0.3453125 0.675791203125 0.3367196734375 0.6340057 0.341723290625 0.5687142890625 0.3337520625 0.55348650625 0.3327327203125 0.5305812046875 0.32913220625 0.5326849890625 0.32750206249999997 0.55352286875 0.32228245312500003 0.5570246328125 0.320957375 0.5320382703125001 0.3208683015625 0.6396521609375 0.31278254843750003 0.6666128296875
1 0.7606004578125 0.8328868625 0.7603578437499999 0.8353630937500001 0.7603578437499999 0.8897637656249999 0.761767990625 0.9115420765625 0.7721021390625 0.9631393546875 0.77846710625 0.9754878234375 0.7849326515625 0.9765625 0.7931063390624999 0.9765625 0.801926153125 0.9730904578124999 0.8064340421875 0.9660429718749999 0.8102522625 0.9511432984375 0.8171875 0.9087512421875001 0.8171875 0.81825665 0.8015773296875001 0.756953428125 0.80215913125 0.7069534281250001 0.805151165625 0.6735594828125 0.8043680796875 0.6513615046875 0.7985670421875 0.6352972109375 0.7866525203125 0.630020471875 0.77667049375 0.6376582078124999 0.77152325625 0.6549030015625 0.77655578125 0.7593871609375 0.7606004578125 0.8328868625
1 0.8951127031249999 1 0.9071103812500001 0.9371110578125 0.9078125 0.9212081796875001 0.9078125 0.8841624265625001 0.9049964218750001 0.8528821015625001 0.8872197500000001 0.7753164375 0.8874675484375001 0.7327238453125 0.891404275 0.682681421875 0.8905457609375 0.6512120625 0.8820624406249999 0.632330578125 0.8690685437500001 0.627852459375 0.8606975 0.63443090625 0.8530295984375 0.654426190625 0.8528626062499999 0.6831298953125 0.8568030249999999 0.7219703 0.858058471875 0.7747298953125 0.85319859375 0.804414071875 0.8441720453125001 0.8341467265624999 0.8393337125 0.8601271968749999 0.838080978125 0.886521953125 0.838080978125 0.9270532656250001 0.8393535671875 0.9462322484375001 0.8504588625 1 0.8951127031249999 1
1 0.932762834375 0.6789851546875 0.9371971515624999 0.7221484765625 0.9369978359375001 0.7564077359375 0.926886528125 0.794194634375 0.9203125 0.837904621875 0.9203125 0.8539661140625 0.9216387921875 0.890846128125 0.9256600140625 0.9155303968750002 0.9337724843749999 0.9528618984375001 0.9359439484375001 0.9578125 0.944578996875 0.9578125 0.9446776640625 0.9575886578125001 0.9497368578125001 0.8933445703124999 0.9641279578124999 0.8357974984375 0.9703125 0.7990616656249999 0.9703125 0.78769978125 0.9614877765625 0.7527009625 0.9610208124999999 0.74348116875 0.9641906015625 0.6460616171875 0.9593369562499999 0.630232840625 0.954039246875 0.6264969328125 0.9466248859374999 0.6264969328125 0.9395560625 0.6298807140625 0.9350831906250001 0.6380865484375 0.9324089953125 0.65032091875 0.932762834375 0.6789851546875
1 1 0.6307230546875 0.999535240625 0.6298352046875 0.9909074468749999 0.6243311625000001 0.9830949468749999 0.6243766140625 0.97230099375 0.6336964765624999 0.9644963078125001 0.6527188640625 0.962692703125 0.684203375 0.9662943343749999 0.7619417625 0.9646720046875 0.8017565765625001 0.94662718125 0.8742902203125 0.94662718125 1 1 1 1 0.8092288453125001 0.99875254375 0.7960040640624999 1 0.7793575625 1 0.6307230546875