1 0.35 0 0.30828543124999996 0 0.30634100625 0.026201873437500002 0.29200679375 0.07537918906249999 0.29200679375 0.0859375 0.3343697234375 0.0859375 0.3412211203125 0.07982961875 0.35 0.054967409375 0.35 0
1 0.26305114375 0 0.265485496875 0.032125868749999995 0.2563957609375 0.0984878546875 0.26695686093750004 0.1125 0.3171875 0.1125 0.3171875 0 0.26305114375 0
1 0.13488969374999998 0 0.1362802875 0.0112984671875 0.13104741250000002 0.059663193749999996 0.1305919296875 0.061201128125000004 0.1305919296875 0.1375 0.1770322828125 0.1375 0.18017015 0.13564780468749998 0.1991103265625 0.09262555 0.215625 0.0355084140625 0.215625 0 0.13488969374999998 0
1 0.0036166859375 0.07782675156249999 0.0036166859375 0.0894720421875 0.0060845593750000005 0.09708473281249999 0.0088481421875 0.0984375 0.01875 0.0984375 0.01875 0.0973020515625 0.0106479359375 0.0495103265625 0.0036166859375 0.07782675156249999
1 0.0125988546875 0 0.012248275 0.0061654703125 0.012248275 0.050108396875 0.022434778125 0.09632613749999999 0.051639740625 0.165625 0.057940896875 0.165625 0.10637344062500001 0.164438665625 0.122034803125 0.1569132046875 0.1394950140625 0.108635203125 0.1515625 0.05666783125 0.1515625 0 0.0125988546875 0
1 0.47041017968750004 0.37458692656250003 0.4707467078125 0.375 0.4899777 0.375 0.490625 0.3730398171875 0.490625 0.27744914062500003 0.48331961406249996 0.2450930984375 0.48264876093750003 0.177621846875 0.47886719375000003 0.167702446875 0.4709415078125 0.1644696421875 0.46789196562499996 0.1661394828125 0.46341565468749996 0.177425375 0.46773234375 0.245108971875 0.4603495921875 0.28070438593749997 0.4595186703125 0.3240712296875 0.47041017968750004 0.37458692656250003
1 0.5375 0.4045474609375 0.5375 0.30298046562500003 0.5277212062500001 0.26970093125 0.5115753734374999 0.2692311375 0.5003594703124999 0.31285648125 0.4982509796875 0.334077003125 0.4994398984375 0.3627958625 0.5060526640624999 0.40092552656249997 0.5098582546875 0.4125 0.53554970625 0.4125 0.5364765078125 0.411063759375 0.5375 0.4045474609375
1 0 0.4890625 0 0.53914261875 0.0059348171875 0.59627919375 0 0.62973495625 0 0.800367496875 0.0103169140625 0.8440936546875001 0.0163156140625 0.85 0.0453125 0.85 0.0453125 0.64372486875 0.039577346875 0.618560675 0.038596403125 0.5944865984375001 0.03471683125 0.5757860734375 0.0349744578125 0.5055977125 0.0335887265625 0.4890625 0 0.4890625
2 0.35 1 0.9980554109374999 1 0.35 0.72345618125 0.35 1
1 0.5577404484375 0.4890625 0.5623409718750001 0.5700550015625 0.56051445 0.5922090296875 0.5462471734375 0.6500877234375 0.54444756875 0.7069412359375 0.55618783125 0.7752923078125 0.561476078125 0.7844678453125 0.579628046875 0.7890625 0.5902678359375 0.7890625 0.59375 0.779659990625 0.59375 0.62734246875 0.5854174671875001 0.5887697875 0.5887203265625001 0.49587335625 0.5880524453125 0.4890625 0.5577404484375 0.4890625
1 1 0.5182323281250001 0.9923393453125 0.5111199515625 0.98156363125 0.5139613609375 0.9736713187500001 0.5327636296875 0.9773392171874999 0.6091570640625 0.9759129796875001 0.6383419124999999 0.959698365625 0.6953999859375 0.9552280249999999 0.725991903125 0.9576016234375 0.780163115625 0.9670064734375 0.8342934203125001 0.9760589796874999 0.8488290296875001 0.9878825875 0.8515625 0.9966085281249999 0.8515625 0.9973145171875 0.8514840859374999 1 0.8468308078125 1 0.5182323281250001