1 0.35486843281249997 0.6015625 0.3551607140625 0.6015625 0.3598159734375 0.597264428125 0.3719179546875 0.561317890625 0.372693659375 0.5339229609375 0.364287828125 0.49690165156250005 0.3706679625 0.450856821875 0.3543188078125 0.45 0.3540582359375 0.45 0.35133294843749996 0.45441611406250004 0.35167595625 0.49493423593749997 0.3421875 0.520253365625 0.3421875 0.59824595625 0.34394065 0.6003518062500001 0.35486843281249997 0.6015625
1 0.3328203265625 0.6220268812499999 0.3328203265625 0.5429717015625 0.32578568125 0.5246772890625 0.32595885625 0.471223690625 0.317860709375 0.460283825 0.309162696875 0.4617393234375 0.3046875 0.4697521828125 0.3046875 0.47372443124999997 0.3090020171875 0.5223629046875 0.3046875 0.5412139015624999 0.3046875 0.5986600734375 0.3149992203125 0.6234375 0.3318733984375 0.6234375 0.3328203265625 0.6220268812499999
1 0.27571985312499997 0.6390625 0.277095115625 0.6314616953125001 0.277095115625 0.5731538203125 0.2667175390625 0.544901478125 0.2671001109375 0.4902310234375 0.259260409375 0.479120703125 0.2495554296875 0.48036597187499996 0.24549444843749998 0.4875018640625 0.2491394140625 0.5447992125 0.2421875 0.57369444375 0.2421875 0.6202570374999999 0.24756917500000003 0.6390625 0.27571985312499997 0.6390625
1 0.20482661562499999 0.6390625 0.207387259375 0.6308602343749999 0.2068255578125 0.5996272796875 0.199329246875 0.569736178125 0.2073794671875 0.5150259515625 0.2052391078125 0.5046263296875 0.1973823234375 0.498815246875 0.1914242859375 0.50015141875 0.18433663125 0.5099539734375 0.181849790625 0.5685363609375 0.178125 0.5774932015625 0.178125 0.6390625 0.20482661562499999 0.6390625
1 0.15999774687499999 0.6390625 0.1697870671875 0.600014821875 0.16896200781249998 0.5740528734375 0.1584092046875 0.5423776640625 0.16262604375 0.4886733859375 0.1553889390625 0.4742972984375 0.146592303125 0.47631682499999994 0.14018783125 0.48660060625 0.1418076421875 0.5437328406249999 0.13125 0.5806618359375 0.13125 0.619729821875 0.131579921875 0.623957084375 0.13733267031250002 0.6390625 0.15999774687499999 0.6390625
1 0.134319584375 0.5359132171875001 0.1254882328125 0.512565103125 0.1262426296875 0.4591796859375 0.1175439296875 0.4494140609375 0.1057348171875 0.4591796859375 0.10949184218750001 0.5034505171875 0.1 0.554965746875 0.1 0.5569028453125 0.10198605937500001 0.5828776015625 0.1125702453125 0.609375 0.1299700421875 0.609375 0.1303909265625 0.6089192703124999 0.134319584375 0.587857 0.134319584375 0.5359132171875001
1 0.09042946874999999 0.4490637046875 0.085342525 0.4397679890625 0.07210210156249999 0.4428745296875 0.0717526265625 0.48836200781250005 0.065625 0.5081450390625 0.065625 0.5766868390625 0.0668046421875 0.58125 0.0846309390625 0.58125 0.08664079218750001 0.5792720375 0.0959308765625 0.5278072828125 0.0864389515625 0.4857783515625 0.09042946874999999 0.4490637046875
1 0.178664103125 0.4847061265625 0.1837070984375 0.452222228125 0.17962841406250002 0.44372426562499995 0.16662116875 0.44372426562499995 0.1633811640625 0.44665592812500005 0.16433395312500002 0.47533585624999997 0.1609375 0.50128593125 0.1609375 0.556155859375 0.1671542015625 0.5828125 0.17463314531250002 0.5828125 0.175253871875 0.5823623765625 0.1818862328125 0.5603292343749999 0.1819792453125 0.5017013953125 0.178664103125 0.4847061265625
1 0.284516721875 0.52812095 0.27554568437500004 0.5010328984375 0.275770959375 0.4513942984375 0.2625 0.449959340625 0.2625 0.4852862390625 0.2674603671875 0.49385812656250005 0.2662585296875 0.5435764421875 0.27883493593750003 0.5796875 0.2816993859375 0.5796875 0.284516721875 0.569821346875 0.284516721875 0.52812095
1 0.221162946875 0.5912285500000001 0.2258369015625 0.5614341734375 0.217673196875 0.5166003640625 0.2228115078125 0.4620152234375 0.2113715859375 0.453125 0.2108948859375 0.453125 0.20625 0.4580113234375 0.20625 0.6089686890625 0.207714303125 0.6171875 0.208930475 0.6171875 0.2129619296875 0.61430779375 0.221162946875 0.5912285500000001
1 0.6165689890625 0.6390625 0.6201781875 0.626279284375 0.6254392828124999 0.5931097249999999 0.6240449328125 0.5414751765625 0.611446071875 0.4934340828125 0.610862615625 0.4780744171875 0.618299384375 0.3864896390625 0.6078361890624999 0.367895171875 0.605174134375 0.367895171875 0.5937542953125 0.371964525 0.5849528578125 0.3931033390625 0.5831727765625 0.42088111875 0.587108671875 0.45731977968750004 0.58584283125 0.489305165625 0.58125 0.5046935015625 0.58125 0.6390625 0.6165689890625 0.6390625
1 0.7902240953125 0.6390625 0.7902240953125 0.5158326671875 0.78344920625 0.49618308750000006 0.781312553125 0.46562753125 0.783002171875 0.3891159125 0.7694845484374999 0.36918839375 0.7564946625 0.373586884375 0.750873803125 0.38828613125 0.75923045625 0.49660582656249996 0.7453125 0.56279015 0.7453125 0.5772205890625 0.7485371781250001 0.623335634375 0.7517506968750001 0.6390625 0.7902240953125 0.6390625
1 0.7921875 0.470640084375 0.8025813781250001 0.5341522859375 0.805736228125 0.543195971875 0.8125385749999999 0.546706828125 0.8148925312499999 0.546875 0.8234959328125001 0.546875 0.8271235703125001 0.54123763125 0.8309727625000001 0.5202935140625 0.8309727625000001 0.4249133328125 0.8228044015625 0.3981957109375 0.8259543390624999 0.3149032859375 0.8211076109375 0.3030727296875 0.8138937140625 0.296875 0.8115072796874999 0.296875 0.805353234375 0.30020404843750004 0.8000437109374999 0.31197551562500003 0.8050347046875 0.3855957171875 0.7940822421875 0.43551845 0.7921875 0.460527990625 0.7921875 0.470640084375
1 0.7022052000000001 0.30894492812499996 0.6958883828125 0.2944047734375 0.688181128125 0.2930613359375 0.6828125 0.3030218265625 0.6828125 0.5145345671875 0.6841827687500001 0.5203125 0.6864626765625 0.5203125 0.69711726875 0.4894504875 0.7008453421875 0.45055705156250003 0.691984328125 0.3923009875 0.7022052000000001 0.30894492812499996
1 0.7557487281249999 0.372615403125 0.7482190390625 0.3246420203125 0.75245658125 0.267378709375 0.745143790625 0.24923455 0.7357364703125 0.25555538437499997 0.7305896625 0.26777546406249997 0.7325859578125 0.32730636562500004 0.7265625 0.3589415734375 0.7265625 0.44697364375 0.728642959375 0.4578125 0.744641215625 0.4578125 0.7474514078125 0.45658646249999996 0.746993371875 0.40109468281250005 0.7502314953125 0.3813951453125 0.7557487281249999 0.372615403125
1 0.94405499375 0.6390625 0.9445794124999999 0.6376641000000001 0.9445794124999999 0.534716390625 0.9371287781250001 0.5034613765625 0.9362232921875 0.48123915312500004 0.9445794124999999 0.42255550937499997 0.9445794124999999 0.39464989687499996 0.9378099062499998 0.376378040625 0.9234644421875 0.3694336 0.91875 0.3748655625 0.91875 0.49367834374999997 0.9225679937500001 0.5104058203124999 0.9315013000000001 0.5187391531250001 0.93548624375 0.5590169296874999 0.9255895171875 0.6229058203125 0.924430225 0.6390625 0.94405499375 0.6390625
1 0.9073208421875 0.6390625 0.909770075 0.6224812359375 0.9212843546875 0.583769625 0.926058390625 0.5366019515625 0.9235154046874999 0.5198807359375001 0.9125995374999999 0.5078774484374999 0.9062525359375 0.51054613125 0.8911402796875001 0.5006644515625001 0.890906571875 0.5006644515625001 0.8788386515625 0.5232701078125 0.8748458640625 0.5704514203125 0.87510406875 0.6302145515625 0.8733261421874999 0.6390625 0.9073208421875 0.6390625
1 0.6997169296875001 0.6390625 0.6994573703125 0.6357546296875001 0.7048880843750001 0.589347340625 0.7025600328125 0.5226806734375 0.6912613921874999 0.5020138296875001 0.67880989375 0.504423084375 0.6766168796875001 0.48649507812500004 0.6724628906250001 0.502155490625 0.6622797734375 0.513433090625 0.656805790625 0.5361654953125 0.666809903125 0.6390625 0.6997169296875001 0.6390625