1 0.48346174218750004 0.509375 0.490625 0.479104628125 0.490625 0.466661721875 0.489852146875 0.450950040625 0.47873118124999997 0.418710521875 0.4820162359375 0.36521144687499996 0.4745177796875 0.3504506 0.4657438671875 0.3520084203125 0.4595098453125 0.36195874375 0.46212961874999997 0.41919357812499997 0.45 0.463648521875 0.45 0.4643648609375 0.45328821093749994 0.4989048140625 0.45738102031250005 0.509375 0.48346174218750004 0.509375
1 0.43703664218749994 0.327210265625 0.42426082656249997 0.3367628171875 0.42363547031250004 0.3810677421875 0.4203125 0.392753521875 0.4203125 0.4875 0.433393478125 0.4875 0.4340941765625 0.48682627343749996 0.4463624453125 0.444027984375 0.44600191406249995 0.4166501421875 0.4387296046875 0.39045506093750004 0.44476863906249997 0.33712078125 0.43703664218749994 0.327210265625
1 0.41870485 0.38725978125 0.4105215015625 0.3624040859375 0.41047511875 0.3260309984375 0.404306865625 0.3161090890625 0.3912827046875 0.3176786125 0.39597935156249997 0.363279940625 0.3890625 0.396441090625 0.3890625 0.397498803125 0.3941189875 0.4359692875 0.401678971875 0.4569731109375 0.40476514999999996 0.459375 0.4178606875 0.459375 0.41870485 0.45855883750000004 0.41870485 0.38725978125
1 0.5 0.3243673484375 0.49851239999999997 0.321193559375 0.484333621875 0.321193559375 0.4821311640625 0.323087025 0.48308395312499997 0.351858021875 0.4796875 0.377692053125 0.4796875 0.432651271875 0.4862028359375 0.4609375 0.4919884859375 0.4609375 0.49400387187500006 0.45956756875 0.5 0.4398950359375 0.5 0.375310140625 0.497414103125 0.36191131875 0.5 0.34534794375 0.5 0.3243673484375
1 1 0 0.9643413734374999 0 0.9445801234375001 0.08739069687499999 0.940625 0.12632757187500002 0.940625 0.196602003125 0.940712378125 0.199944225 0.9438950703125 0.23153489062500002 0.9679224968749999 0.35386842500000004 0.9741545859375 0.36112676875 0.9815380125000001 0.3625 1 0.3625 1 0
1 0.766711778125 0 0.7578007250000001 0.041295585937500004 0.7522816453125 0.0778073203125 0.75036530625 0.10665670625000001 0.75 0.12008340625 0.75 0.1681768 0.755372325 0.2508097859375 0.7812288390625 0.396283840625 0.7828295484375 0.4 0.8545308921875 0.4 0.8557511015625 0.39848315625 0.888287175 0.25911522656249997 0.895298725 0.21045719531249998 0.8979491375 0.17312991093750002 0.8979491375 0.0746293921875 0.8953815281249999 0.0455695390625 0.88783793125 0 0.766711778125 0
1 0.6794273687500001 0 0.6789333953125001 0.0017232578124999997 0.6625 0.0491822671875 0.6625 0.337385840625 0.66335840625 0.33909578906250004 0.6795560390625 0.34375 0.7103901515625 0.34375 0.7125960203125 0.34207453593750003 0.7370135718749999 0.25556838437499996 0.733804853125 0.20613010312500002 0.7337588625 0.155984421875 0.7371397015625 0.09864985625 0.7452834984375001 0.0397912203125 0.7396952953125 0 0.6794273687500001 0
1 0.5 0 0.5 0.465625 0.5328581078125 0.465625 0.5308520015625 0.46143047812500004 0.525675990625 0.46435980312499997 0.5225078937500001 0.46074702656250005 0.514429590625 0.46051896093750005 0.5250689625 0.45696755 0.5381113453124999 0.4584405328125 0.54172485625 0.45555667343749995 0.550112059375 0.459943828125 0.556455478125 0.44540254218750003 0.5537651171875 0.4380709078125 0.5610244625 0.4350809640625 0.569023796875 0.4061347859375 0.59862535625 0.26355883750000003 0.60615063125 0.19387191718750002 0.6165931515625 0.12169518593749999 0.6165931515625 0 0.5 0
1 0.6205638609374999 0 0.6197583109375 0.011511714062500001 0.61366865625 0.0355039671875 0.6079536203125 0.10677298906249999 0.60625 0.1158718234375 0.60625 0.315625 0.619023696875 0.315625 0.6331400609375 0.3143674515625 0.6475283015625 0.268738671875 0.644836175 0.23439759218749998 0.6451271609375 0.166741359375 0.6502844515625 0.113999946875 0.6588179265624999 0.065951803125 0.6521039078124999 0.011149440625 0.6533044593749999 0 0.6205638609374999 0
1 0.48624318593750004 0.8053428499999999 0.48624318593750004 0.7719043812499999 0.48594020625 0.753934315625 0.481091103125 0.7264843187500001 0.46991657968749995 0.686508403125 0.46718851250000004 0.665394209375 0.46848167187499995 0.61898865 0.472432859375 0.5816602515625 0.47179351562500005 0.5613263015625 0.4646572203125 0.54376241875 0.458901121875 0.5395334109375 0.44538639062499996 0.5451099671875 0.438975628125 0.5626948484375001 0.43861640468749996 0.590509046875 0.44310628124999996 0.6457732390625 0.44275244375 0.674513365625 0.435638540625 0.7055788046875 0.42846 0.72553313125 0.428125 0.728698003125 0.428125 0.8392258828125 0.42916568125000004 0.846829428125 0.4392267859375 0.89375 0.46999837343750006 0.89375 0.4716279140625 0.8911016140625 0.4822691359375 0.8394108609375 0.48624318593750004 0.8053428499999999
1 0.40678596875000006 0.5612734859375 0.40463455000000004 0.549980275 0.40004505156250003 0.5408379875 0.39549397656249996 0.5367060593749999 0.38632120937500003 0.5367060593749999 0.37658500781250004 0.54616173125 0.37349036875 0.5580166671875 0.372177234375 0.5774246921875 0.3734765265625 0.6480864234375 0.3715671015625 0.6693098796875 0.3625 0.7023299984375 0.3625 0.8953125 0.3901975453125 0.8953125 0.3953698375 0.8799012656249999 0.4080953140625 0.81114880625 0.410427121875 0.76674078125 0.40877353281250006 0.7304111484375 0.3971256640625 0.67016854375 0.40678596875000006 0.5612734859375
1 0.4195492640625 0.74275784375 0.4213918921875 0.766786453125 0.4214420875 0.8158756828125 0.416219303125 0.859560903125 0.41855044062499996 0.8807965796874999 0.41657484843750003 0.8901164578125 0.41869978124999996 0.9015625 0.43893909999999997 0.9015625 0.4400877671875 0.8959159781249999 0.42779982812500006 0.8249530859374999 0.424829340625 0.7935473765625 0.4254939125 0.7611096609375 0.42973967343749997 0.7230103046874999 0.4382813921875 0.6959008234375 0.44318805 0.6698233515625 0.4433425625 0.6383267140625 0.43840015781249997 0.5717812859375 0.44362361406249995 0.5427958687500001 0.44362361406249995 0.5381963078124999 0.4392335671875 0.5314656203125 0.432742334375 0.528125 0.4321543484375 0.528125 0.4215575546875 0.5347586578125 0.41575652031250004 0.551136640625 0.42013131875000004 0.6584531203124999 0.4109375 0.6975409203125 0.4109375 0.69974814375 0.4195492640625 0.74275784375
1 0.3658189796875 0.6585321859375 0.3711579546875 0.5668655203124999 0.374427728125 0.5465315140625 0.36447868906249997 0.5338451453124999 0.3533794015625 0.5364320078125 0.3462487984375 0.5469665171875 0.34368010312499997 0.555263484375 0.3415414015625 0.583032171875 0.3428328140625 0.614568196875 0.3404414765625 0.6645772921875001 0.33125 0.6950300281249999 0.33125 0.8859375 0.3404719375 0.8859375 0.3455304140625 0.8815530593750001 0.3415653328125 0.8064075984375 0.3432555921875 0.76843554375 0.349201915625 0.737952715625 0.3666619453125 0.6798648484375 0.3658189796875 0.6585321859375
1 0.234286490625 0.6842094171875 0.22658221093750003 0.6580116359375 0.22423914687500002 0.62930793125 0.2253660171875 0.579459478125 0.22340086874999998 0.5553854046875 0.21534100625 0.5362144890625 0.2049160953125 0.5294450671875001 0.1953981734375 0.5337867578125 0.1896896203125 0.5497858734375 0.1910666 0.5793851937500001 0.1970554953125 0.6081949796874999 0.20203570625 0.6628397640625 0.1910968328125 0.71979253125 0.1890625 0.7419263765624999 0.1890625 0.750865846875 0.1895247125 0.7705517546875 0.1940349375 0.80670833125 0.212052471875 0.8746646359374999 0.21580431875 0.88125 0.234286490625 0.88125 0.234286490625 0.6842094171875
1 0.309314571875 0.833978396875 0.315586440625 0.7889084125 0.31499047343750003 0.746182315625 0.30143136406250004 0.6710735703124999 0.3019128859375 0.6423364890625 0.30909359687500004 0.5861887718750001 0.31006361718750003 0.5584109953125 0.3041513796875 0.540864159375 0.29541805625 0.53473730625 0.29198698749999996 0.53473730625 0.28439204687499997 0.538669925 0.27721878437499997 0.5572342 0.276593034375 0.6648418671874999 0.2625 0.7148605453125001 0.2625 0.8795171515625 0.264601528125 0.8886489281250001 0.2722846921875 0.8928532812500001 0.2821712421875 0.89375 0.290402109375 0.89375 0.2953953640625 0.888766290625 0.309314571875 0.833978396875
1 0.2730002125 0.5642008140625 0.27546970625 0.5530533359375001 0.2824837765625 0.537179246875 0.281076565625 0.5321290828125 0.27423839375000003 0.5267432421875 0.263074146875 0.5297755937499999 0.254199365625 0.5461550734375 0.25119255156250003 0.5702533937500001 0.251302490625 0.6007483359375 0.24654077968750002 0.6590816703125 0.2390625 0.6821103625 0.2390625 0.7951415046875 0.240217946875 0.774749675 0.2438967625 0.74878738125 0.24808816406249998 0.729282325 0.2630233 0.6864230359375 0.26975977812499996 0.6548445734375 0.2730002125 0.5642008140625
1 0.2390625 0.8307755218749999 0.2390625 0.875 0.24212462031249998 0.875 0.24216952812499998 0.8749062343749999 0.2390625 0.8307755218749999
1 0.0828125 0.8817004734375 0.0888316296875 0.8825564796875 0.0828125 0.8929969046874999 0.0828125 0.9097327109375 0.0833635671875 0.9114969828125 0.0932770421875 0.91875 0.09594431406250001 0.91875 0.0972707796875 0.91550425 0.0945319390625 0.904669403125 0.09574126250000001 0.8898545875 0.0927000890625 0.8827234468749999 0.10240215625 0.8589833015625 0.1160097859375 0.8064210546874999 0.1228300921875 0.7672559015625 0.12509757187499998 0.7394781234375 0.12356805312500001 0.7138284609375 0.114191678125 0.6574866484374999 0.1267562671875 0.5479511234375 0.12119887968750001 0.5304283640625 0.114805959375 0.526311796875 0.106993459375 0.5269037937500001 0.0976816734375 0.5363512859374999 0.09297768281249999 0.5495905125 0.08845234375 0.6557562625 0.0828125 0.6763562140625 0.0828125 0.8817004734375