1 0.075 0.5890625 0.075 0.581431321875 0.069101040625 0.5616275374999999 0.0681379953125 0.5042990625 0.0655194046875 0.49625109062500006 0.058130737499999995 0.49292078437500003 0.0540287390625 0.49445690625000005 0.05192749375 0.5012237500000001 0.056047871875 0.55971495 0.04995921875 0.5890625 0.075 0.5890625
1 0.109375 0.5890625 0.109375 0.565261509375 0.1072371953125 0.5574500875 0.105879040625 0.5037948734375 0.1024507640625 0.4949319046875 0.0969457515625 0.49018105 0.08989142812499999 0.4937150375 0.0878740265625 0.49875307968750004 0.0877224015625 0.512617721875 0.09397901875 0.553443321875 0.0894602328125 0.5890625 0.109375 0.5890625
1 0.1515625 0.5890625 0.1515625 0.5843044671875 0.1470206703125 0.5700099296875 0.14578143593749998 0.5562485875000001 0.149050084375 0.5051525984375 0.14602025937500002 0.4901511703125 0.13726046249999999 0.48673083124999994 0.1358999359375 0.48673083124999994 0.1300809671875 0.4937627 0.12834605937500002 0.5012976546875 0.13026419218750002 0.552894415625 0.1283353234375 0.5687627 0.12333396249999999 0.5890625 0.1515625 0.5890625
1 0.191805028125 0.5890625 0.1877982171875 0.5673469953125 0.1929468015625 0.5127931390625 0.1926813953125 0.49609616250000005 0.187622340625 0.48714074218750003 0.18354192656249999 0.485167653125 0.17716254843749998 0.4877635734375 0.171589309375 0.5010455312500001 0.1710884265625 0.567787971875 0.16774779687500002 0.5723266734375 0.1638088546875 0.5890625 0.191805028125 0.5890625
1 0.2446487984375 0.5890625 0.2373780703125 0.5502785203125 0.24028759375000003 0.513059471875 0.2396644109375 0.4954972140625 0.2351861515625 0.486958765625 0.23425360468749998 0.4867765125 0.2270073375 0.4867765125 0.22142446875 0.49470708906249994 0.2238795 0.5584746375 0.217843025 0.5890625 0.2446487984375 0.5890625
1 0.2776992046875 0.5890625 0.27172278437499997 0.55778506875 0.2736152875 0.52167395625 0.27671766249999996 0.502120328125 0.2760642015625 0.4947675125 0.2689731125 0.48636700624999996 0.26314689375 0.4885191125 0.258828175 0.4965941984375 0.257660284375 0.5585220515625 0.2504622984375 0.58477533125 0.2504622984375 0.5890625 0.2776992046875 0.5890625
1 0.309375 0.5890625 0.309375 0.5799048046874999 0.30558535 0.5519620984375 0.30889073125 0.49646113124999997 0.30474661406250003 0.489284671875 0.29957601093749997 0.48808579218750003 0.294979146875 0.4920204453125 0.29199769375 0.5011432234375001 0.29323626406250003 0.54760329375 0.2852743140625 0.5810094890624999 0.2852743140625 0.5890625 0.309375 0.5890625
1 0.20952121093749998 0.5890625 0.21738603125 0.5601686781249999 0.21913420156250002 0.535168678125 0.2173069984375 0.5242092421875 0.21886092812500002 0.5019870203125001 0.221875 0.48953397499999995 0.221875 0.48854687500000005 0.21517843593750002 0.49159672031249996 0.210789440625 0.5061457500000001 0.20937643281249999 0.556024409375 0.2046875 0.5719448671875 0.2046875 0.5890625 0.20952121093749998 0.5890625
1 0.8171093546874999 0.5890625 0.8144606156249999 0.6015119859375 0.8156731421875 0.6362342078125 0.8224029203125 0.6727597171874999 0.82684664375 0.6796875 0.8421875 0.6796875 0.8421875 0.5890625 0.8171093546874999 0.5890625
1 0.6498118453124999 0.5890625 0.6458749203125 0.6177045515625 0.657158578125 0.67205305625 0.6644310765625 0.6796875 0.671875 0.6796875 0.671875 0.5890625 0.6498118453124999 0.5890625
0 0.6390625 0.803125 0.6443256093749999 0.803125 0.659149496875 0.7901722359375001 0.6664693515625 0.7757821234375 0.66875 0.76442891875 0.66875 0.7107591 0.65599456875 0.689944915625 0.6453158250000001 0.6840711078125 0.6390625 0.6855384828125001 0.6390625 0.803125