1 0.4296875 0.45 0.4296875 0.441375653125 0.429250728125 0.4315202828125 0.42464011875 0.399722478125 0.40390352187499995 0.3233337328125 0.3987175140625 0.29311965 0.4007909359375 0.23374465 0.41229144062499995 0.1576026203125 0.41371009687500004 0.1169776203125 0.41011635 0.10074114999999999 0.4015337609375 0.085878165625 0.39155151875 0.0792129890625 0.37230397656249997 0.0792129890625 0.36948763281249997 0.0801627 0.359264415625 0.089940925 0.3518375796875 0.1015555515625 0.346549878125 0.1189340515625 0.3451585046875 0.15877780156250001 0.350046890625 0.2124081609375 0.35128944375 0.26618707812500003 0.3487993609375 0.29281324375 0.34197891875 0.324296690625 0.327621275 0.36310849843750004 0.314909259375 0.40597330625000005 0.314909259375 0.45 0.4296875 0.45
1 0.5452796375 0.45 0.5449268265625 0.44591945781250003 0.5196660671875 0.34797288437499996 0.5193083656249999 0.30659390625 0.5282387453124999 0.2322569703125 0.5283564125 0.192431403125 0.518779828125 0.17268680625 0.5116472875 0.1673453328125 0.5055662812499999 0.16661936875 0.499218934375 0.16661936875 0.48485746562500004 0.1756214828125 0.4796708625 0.1839109734375 0.4745059921875 0.20039904375 0.473958415625 0.23710870312500001 0.47952244843749997 0.2963564265625 0.48024386249999995 0.325235403125 0.47208637343750004 0.3730098375 0.45906153281249995 0.409156434375 0.45229501875 0.4353465328125 0.45229501875 0.45 0.5452796375 0.45
1 0.609375 0.45 0.609375 0.44226224687500004 0.5943213296875001 0.3795778140625 0.5955884453125 0.349127246875 0.598761296875 0.3209840640625 0.6040055203125 0.2998266765625 0.60755749375 0.2529516765625 0.59931326875 0.2347604875 0.5923767984375 0.2302002640625 0.5851807828125 0.2296875 0.583403275 0.2296875 0.57101066875 0.2375951609375 0.5648019234375 0.24745624375 0.5613097640625 0.25922045 0.55962825 0.2951397671875 0.5623029640625 0.321620446875 0.5622311875 0.3637534 0.5573774375 0.39348635625 0.5546755812499999 0.4015004203125 0.5546755812499999 0.45 0.609375 0.45
1 0.6790777625 0.45 0.6666066609375 0.40436614843749996 0.66738395625 0.3598348984375 0.671766175 0.31771103749999996 0.6711199734375 0.29503660468750004 0.669159371875 0.287968990625 0.660763353125 0.27649086093749997 0.648304265625 0.273928921875 0.63586695 0.2850434046875 0.6313866359375 0.30293942500000004 0.637025615625 0.36790136093750003 0.6374399937499999 0.40385704218749996 0.628773015625 0.43449210312500003 0.628773015625 0.45 0.6790777625 0.45
1 0.4571910953125 0.45 0.4578125 0.4452933359375 0.4791666671875 0.36956770781250003 0.4828125 0.3165236546875 0.4828125 0.304218978125 0.48125 0.290038075 0.47578125 0.2798580515625 0.4674479171875 0.2737578390625 0.4596354171875 0.2731658453125 0.45338541718750003 0.27581724687500003 0.446875 0.28430829375 0.44322916718750005 0.300438278125 0.44427083281249996 0.32786095937500004 0.4479166671875 0.3507934765625 0.44947916718750003 0.39388062343749997 0.44895833281249997 0.4039974078125 0.44166666718750003 0.4331323796875 0.44364799843749997 0.45 0.4571910953125 0.45
1 0.290625 0.45 0.290625 0.3940964046875 0.28323926875 0.3732986828125 0.2771190171875 0.347299065625 0.27374464062500004 0.302767815625 0.2774484421875 0.2352630921875 0.2741452296875 0.198517046875 0.270250634375 0.1881970234375 0.259579225 0.1740201765625 0.2424981625 0.1676779640625 0.22712192187500002 0.176988046875 0.22049939687500003 0.1957055875 0.2234121375 0.2409907921875 0.23076361875 0.276392703125 0.23592533124999998 0.3171268875 0.236671615625 0.34751375 0.214392971875 0.45 0.290625 0.45
1 0.29990178125 0.45 0.28819164375 0.405554984375 0.28800983593749996 0.37430498437500004 0.29343447500000003 0.322462471875 0.2932708484375 0.294337471875 0.284054 0.27596192343750003 0.271010440625 0.2709164984375 0.26765002187500003 0.2749171875 0.265177665625 0.297345603125 0.2654549203125 0.345001853125 0.26869355 0.36480650468750003 0.28782534531250004 0.4320719171875 0.2913839125 0.45 0.29990178125 0.45
1 0.184375 0.45 0.184375 0.39891255000000003 0.177360515625 0.3793266296875 0.1744056640625 0.35590125 0.1764892546875 0.279241784375 0.1734812796875 0.24877909374999999 0.16829424531249998 0.236327578125 0.162219653125 0.2289693375 0.150153528125 0.225 0.14431145781250002 0.225 0.13285101875 0.2332210328125 0.128572715625 0.24148173125 0.12731843125 0.2516622234375 0.129284740625 0.282137034375 0.1414656171875 0.354720559375 0.1416249859375 0.375832490625 0.13977544375 0.39149385312499996 0.12607415 0.44717471875000003 0.125717040625 0.45 0.184375 0.45
1 0.1015625 0.45 0.1015625 0.4153449078125 0.0999116875 0.4101001359375 0.09729868281250001 0.3843097953125 0.098076840625 0.3522906671875 0.1015625 0.3208503875 0.1015625 0.3005659015625 0.10145032968750001 0.2945114984375 0.0936709921875 0.27611121562499996 0.08244699062500001 0.269016334375 0.068054659375 0.273618990625 0.0633773265625 0.2802308296875 0.0602089953125 0.29192836875 0.060770500000000005 0.3184878375 0.066942678125 0.36773082968750004 0.0673653515625 0.40366226875000005 0.0544701484375 0.45 0.1015625 0.45
1 0.8002524671875 0.425 0.8043379187499999 0.4245029640625 0.8094878984375 0.41747215468750004 0.815262009375 0.397936796875 0.8234375 0.35605327343750004 0.8234375 0.264346125 0.8118500640624999 0.2110543109375 0.8121015984375 0.1666280484375 0.7992981718750001 0.165625 0.7872124640625 0.165625 0.7844435484375001 0.1689617328125 0.7842728390625 0.2106102171875 0.77920815625 0.223655 0.7655855453125 0.28034557968749996 0.76553753125 0.28072451875 0.76553753125 0.3658639640625 0.772095665625 0.4144230140625 0.7814212546875 0.4249029765625 0.794205109375 0.425 0.8002524671875 0.425
1 0.8543693265625001 0.45 0.8603376546874999 0.44783215624999995 0.8662327640624999 0.43524579062499996 0.88106966875 0.37673063125 0.8859375 0.3300704109375 0.8859375 0.3117353078125 0.8840892703125001 0.2888313046875 0.8744766984375 0.2372158265625 0.8746682625 0.214094953125 0.8820327078125001 0.164957240625 0.8538226984375001 0.16313789375 0.85071254375 0.16642863593749999 0.850019075 0.2099016984375 0.8473232062499999 0.23861449375000002 0.8348166656249999 0.277956271875 0.8348166656249999 0.45 0.8543693265625001 0.45
1 0.9531540671875 0.45 0.9595877734375 0.42212568125 0.9609375 0.38688690000000003 0.9609375 0.36363982968749997 0.95737671875 0.310015915625 0.945163990625 0.2634923390625 0.9459236093750001 0.21997382031249998 0.9513384046875 0.1783889765625 0.954088028125 0.170101096875 0.9471618328125 0.1639598484375 0.9252868328125 0.16357801875 0.9211040046875001 0.16443121562500002 0.9181505281250001 0.16947380625 0.923838503125 0.23162902968750002 0.92278431875 0.26217549375 0.9034239546875 0.3336019609375 0.9034239546875 0.4233782171875 0.908386915625 0.45 0.9531540671875 0.45
1 0.96318359375 0.33037296562499996 0.9657877609375 0.41019992656250004 0.9668514390624999 0.4140625 0.9720620437499999 0.4140625 0.9767252609374999 0.3536213125 0.9828125 0.3291925296875 0.9828125 0.2723728265625 0.9689127609374999 0.212288578125 0.9699544265625001 0.16977491718749999 0.9665690109374999 0.16535171875000002 0.9556315109375 0.163597 0.9470377609374999 0.1698902484375 0.9496419265625 0.18768017343750001 0.94599609375 0.2429594640625 0.94912109375 0.27282589062499996 0.95849609375 0.30316591718749997 0.96318359375 0.33037296562499996
1 1 0.082709025 0.9994645249999999 0.082403415625 0.9961195093749999 0.089051675 0.99565793125 0.099191290625 0.9958117468750001 0.1 1 0.1 1 0.082709025
1 0.20999336875000002 0.45 0.2104301453125 0.4589913515625 0.19910712656250001 0.493985990625 0.19910712656250001 0.5707055296875 0.2014260515625 0.5827934625 0.2018202671875 0.5828125 0.2172907328125 0.5828125 0.2264208140625 0.5595844031249999 0.2328125 0.5257478609375 0.2328125 0.48227013437500005 0.2251420765625 0.45 0.20999336875000002 0.45
1 0.2473265421875 0.45 0.24800078593750002 0.4701631359375 0.23745381875 0.5106045546875 0.2362838671875 0.5207374453125 0.2362838671875 0.5650070546875 0.2399911234375 0.5875 0.25916288593750003 0.5875 0.2697947796875 0.553073728125 0.2734375 0.518882315625 0.2734375 0.5094148734375 0.2632082484375 0.4574040375 0.26387322343749997 0.45 0.2473265421875 0.45
1 0.28556935 0.45 0.28504085468749996 0.47704044375 0.2781582375 0.4992149265625 0.2781582375 0.59375 0.29242736874999997 0.59375 0.3068066875 0.55017426875 0.309375 0.5162805625 0.309375 0.5151046375 0.30119207187499997 0.4698232640625 0.30437893125 0.45 0.28556935 0.45
1 0.3283422484375 0.45 0.33026877187500003 0.4773935296875 0.3209340546875 0.52046315 0.3209340546875 0.5764863124999999 0.3250103734375 0.5995612046875001 0.3300320234375 0.603125 0.34289779062500003 0.603125 0.3486418203125 0.588859196875 0.3515625 0.5492715296874999 0.3515625 0.5275846421875 0.3433803203125 0.48734757812499996 0.3462701390625 0.45 0.3283422484375 0.45
1 0.3798237625 0.45 0.381494140625 0.4657167734375 0.369775390625 0.524551003125 0.372119140625 0.5733397124999999 0.376806640625 0.59313935625 0.37772027656249996 0.59375 0.395600459375 0.59375 0.4 0.5788130140625001 0.4 0.51193440625 0.393994140625 0.483330634375 0.396842425 0.45 0.3798237625 0.45
1 0.42987260781250003 0.45 0.43084419687500003 0.463984071875 0.42566278906250005 0.498296859375 0.4258448875 0.5315073609375001 0.4357784171875 0.5804460203125 0.43949655625000006 0.5890625 0.45 0.5890625 0.45 0.4799954296875 0.444380478125 0.4577766125 0.44415517656250003 0.45 0.42987260781250003 0.45
1 0.47611834531249997 0.45 0.4761775015625 0.45054276875 0.46698026718749996 0.4802781171875 0.464765803125 0.5022952890625 0.467384284375 0.5497225625000001 0.47359170156249997 0.5765625 0.491679159375 0.5765625 0.49375 0.5633812859375 0.49375 0.48566248749999996 0.4871311609375 0.454277453125 0.48727865625 0.45 0.47611834531249997 0.45
1 0.79375 0.843162884375 0.7911700609375 0.8175257390624999 0.780270596875 0.7722017421875 0.780701875 0.7375113531249999 0.78586915 0.701241075 0.7843553484375 0.6984375 0.7602521671875 0.6984375 0.7576471484375 0.7051648593750001 0.758395596875 0.7730930796875001 0.7457863421875001 0.827684565625 0.7457863421875001 0.9125 0.754075446875 0.9125 0.7847954921875 0.9107086296875 0.7883353671875 0.909870934375 0.7913849984375 0.9007317390625001 0.79375 0.8654205125000001 0.79375 0.843162884375
1 0.8476181171875 0.7007529453125001 0.8262054593749999 0.6984375 0.8198831625 0.6984375 0.8175669046875 0.7137711437500001 0.8201125390625 0.7873004328125 0.8055164937500001 0.8398260343749999 0.8055164937500001 0.9125 0.8254990796874999 0.9125 0.8446004109375 0.911809509375 0.853125 0.907922275 0.853125 0.8431710828125001 0.8412467015624999 0.7855433515625 0.8476181171875 0.7007529453125001
2 0.7390625 1 1 1 1 0.9326426671875 0.7390625 0.9207364578125 0.7390625 1