1 0 0.46875 0.061502953125 0.46875 0.063652315625 0.44856345 0.062848715625 0.41474092812499996 0.0487851625 0.338792971875 0.045972834375 0.30634265781250003 0.0506997859375 0.267621278125 0.0640533078125 0.2076891640625 0.065625 0.18024812343750002 0.065625 0.1780661078125 0.0637758953125 0.169397559375 0.057597909375 0.1566189453125 0.0496415546875 0.14860440625 0.040654646875 0.1457770984375 0.0316502828125 0.1459505390625 0.025628460937500003 0.1493169796875 0.0178239046875 0.1581976828125 0.014267167187499999 0.1677258296875 0.010592589062500001 0.19750904062500002 0.011304534375 0.24708550156250003 0.006499021874999999 0.2993102578125 0.0003680875 0.3214313859375 0 0.3222302125 0 0.46875
1 0.3046875 0.46875 0.3046875 0.41516177968749995 0.2861249265625 0.32782262812499996 0.287705925 0.29195348125 0.29061863125 0.2846613859375 0.2923392953125 0.2607952375 0.29986791875 0.2208445234375 0.303870353125 0.178398503125 0.29966958125 0.160864484375 0.294038640625 0.149227071875 0.28517952812499997 0.13923786875 0.27613588125 0.1348575890625 0.26067079843749996 0.1367744734375 0.250573559375 0.14918600625 0.24572195625 0.16158956093750002 0.2431758765625 0.2003895328125 0.2460599625 0.233572603125 0.24714481875 0.28387013125 0.2440900109375 0.321884953125 0.2087684546875 0.42060794062499995 0.2002136453125 0.45823816562499997 0.199568375 0.46875 0.3046875 0.46875
1 0.459375 0.289337575 0.457710409375 0.2866500359375 0.44689412031250003 0.2836945609375 0.4372817484375 0.2906196890625 0.43335253749999997 0.2982472921875 0.43335253749999997 0.3546255984375 0.44659678437499994 0.3673819171875 0.44688750468749994 0.3730563859375 0.44719370312500006 0.3734375 0.451001846875 0.3734375 0.459375 0.34074535 0.459375 0.289337575
1 0.459375 0.46875 0.459375 0.411058403125 0.4576215765625 0.409441 0.4542547609375 0.41847815937500005 0.44572419375 0.41932725312499997 0.43033555156250003 0.40450967968749996 0.42298947968749995 0.41921687968750004 0.4197864203125 0.43650028281250003 0.41291960625 0.4455781671875 0.407716546875 0.46288484375000005 0.40709691875000004 0.46687080156249994 0.40709691875000004 0.46875 0.459375 0.46875
1 0.614451215625 0.403125 0.6181115187499999 0.392049484375 0.62458776875 0.3535611140625 0.625 0.3457613203125 0.625 0.313475240625 0.6141997296875 0.2584157609375 0.6169798171875 0.18356595625 0.5947343937499999 0.17866688749999998 0.5954497296875 0.257214209375 0.5842617406249999 0.29956885624999996 0.5817402234375 0.32997421562499996 0.5831572781250001 0.3550743453125 0.5914843765625 0.40145839375000003 0.5927622609375 0.403125 0.614451215625 0.403125
1 0.6451696265625 0.4193954765625 0.647996928125 0.4234375 0.66739766875 0.4234375 0.6686232875 0.422423275 0.675 0.39047665 0.675 0.32096321875 0.664550290625 0.2736482734375 0.6667541046875 0.19470012812499998 0.66152245 0.1811505859375 0.6497875375 0.1789422421875 0.64251919375 0.1916177 0.6464845734375 0.26405844218749996 0.6338659328125 0.32007417031249996 0.6335533578125 0.36029731875 0.6386772078125 0.3981251 0.6451696265625 0.4193954765625
1 0.715625 0.364483359375 0.715625 0.356190478125 0.7138032843750001 0.32225358125 0.707262634375 0.28693058125 0.715625 0.2192881609375 0.715625 0.208221509375 0.7121810046875 0.1930053546875 0.7047086281249999 0.18833804062499998 0.6957685703125 0.1968401375 0.69251783125 0.20780105624999998 0.6897473828124999 0.2802235375 0.6832809390625 0.3010082609375 0.6832809390625 0.434375 0.6975406265625 0.434375 0.7011672375 0.42894770156249995 0.715625 0.364483359375
1 0.75025378125 0.4515625 0.75269265625 0.44845131406250005 0.7528734890625 0.42484929375 0.7567341953125 0.4067573734375 0.7703125 0.3749395515625 0.7703125 0.343431771875 0.762156059375 0.2928593921875 0.7673860484375 0.2219987890625 0.754534771875 0.20201898593749998 0.7441749203125 0.21671595312499997 0.7441307187499999 0.29445736875 0.7338457921874999 0.3316103875 0.7338457921874999 0.4459849375 0.7339992515625 0.44728060000000003 0.7373353625 0.4515625 0.75025378125 0.4515625
1 0.8079851281250001 0.3319487203125 0.8083650390624999 0.3597446765625 0.8317518375 0.3643376125 0.83798540625 0.3703125 0.8390625 0.3703125 0.8390625 0.299756625 0.8332007953125 0.2788345890625 0.8311612640625 0.24966792031249999 0.83439195625 0.2287800421875 0.8314740531249999 0.198233578125 0.8289867640624999 0.1906174140625 0.81687953125 0.1851982203125 0.806765415625 0.20269114687499998 0.8160132953125 0.2790345828125 0.8079851281250001 0.3319487203125
1 0.85859375 0.3220486109375 0.8578125 0.358159721875 0.86796875 0.41788194375 0.871484375 0.42274305625 0.88828125 0.4220486109375 0.89453125 0.4095486109375 0.90078125 0.3748263890625 0.90234375 0.326215278125 0.8890625 0.26788194375 0.8921875 0.19149305625 0.887890625 0.1782986109375 0.875390625 0.1755208328125 0.8671875 0.19288194375 0.871875 0.26510416718749996 0.85859375 0.3220486109375
1 0.9171875 0.3123263890625 0.91796875 0.35538194375 0.92578125 0.3970486109375 0.931640625 0.407465278125 0.9390625 0.408159721875 0.947265625 0.407465278125 0.9515625 0.3998263890625 0.9609375 0.338715278125 0.959375 0.3026041671875 0.9484375 0.2567708328125 0.95078125 0.17899305625 0.948046875 0.17413194375000002 0.92734375 0.1776041671875 0.93046875 0.251215278125 0.9171875 0.3123263890625
1 0.76640625 0.29288194375 0.78125 0.3692708328125 0.784375 0.37065972187499996 0.78828125 0.36649305625 0.790625 0.3470486109375 0.78671875 0.3109375 0.7765625 0.2734375 0.77890625 0.1942708328125 0.773046875 0.176909721875 0.759765625 0.176909721875 0.7546875 0.18732638906250001 0.75390625 0.201215278125 0.7703125 0.220659721875 0.76640625 0.29288194375
1 0.712109375 0.1907986109375 0.71796875 0.20677083281250003 0.71484375 0.28038194375000003 0.72578125 0.3248263890625 0.7296875 0.358159721875 0.72734375 0.37899305625 0.7228112765625 0.4067499234375 0.73358140625 0.38186912500000003 0.73828125 0.3192708328125 0.7359375 0.2942708328125 0.72421875 0.24288194375 0.7285809546875 0.203300390625 0.7278956703125 0.178944940625 0.7050530593750001 0.17813309375 0.7046875 0.18732638906250001 0.712109375 0.1907986109375
1 0.8421875 0.376215278125 0.8484375 0.3595486109375 0.85 0.333159721875 0.84765625 0.3067708328125 0.8359375 0.24982638906250001 0.8390625 0.1776041671875 0.817578125 0.1755208328125 0.815625 0.1859375 0.825390625 0.18802083281249998 0.8296875 0.19704861093749998 0.8265625 0.27899305625 0.840625 0.345659721875 0.8421875 0.376215278125
0 0.8428320312500001 0.46875 0.84453125 0.463715278125 0.84765625 0.43177083281249995 0.84375 0.40538194375 0.832421875 0.376909721875 0.816796875 0.3630208328125 0.797265625 0.36163194375 0.779296875 0.376909721875 0.77109375 0.39149305624999997 0.7640625 0.41788194375 0.76328125 0.438715278125 0.7671875 0.46788194375 0.7675074093750001 0.46875 0.8428320312500001 0.46875
1 0.3227392546875 0.46875 0.30161637343750003 0.5462256015625 0.2978883390625 0.6040108078124999 0.2978883390625 0.6132822171875001 0.30346872812500003 0.6577065656250001 0.319345509375 0.7228988562499999 0.321384684375 0.725 0.3643174375 0.725 0.3656064859375 0.7239758984375 0.3809797046875 0.6607861984375 0.3828125 0.6331426453125 0.3828125 0.5473745046875 0.361838090625 0.46875 0.3227392546875 0.46875
1 0.2028246953125 0.46875 0.20294520624999998 0.47015154375 0.17801249531250002 0.5815235140625 0.17744309375 0.6399266703125 0.20119451875 0.7490471937500001 0.2045174625 0.753125 0.2451021296875 0.753125 0.25108474531249997 0.743109571875 0.2625 0.6861778375 0.2625 0.571218846875 0.23812084375000003 0.48769332343749994 0.23859886874999997 0.46875 0.2028246953125 0.46875
1 0.0965095609375 0.46875 0.0965095609375 0.536777375 0.10669589374999999 0.607514075 0.1008432296875 0.6792121859375 0.0965095609375 0.6956899625 0.0965095609375 0.7265625 0.1087541296875 0.7265625 0.1108968078125 0.725376346875 0.12740126406250002 0.6771207765625 0.14046375312499998 0.6248513140625 0.140625 0.6228759578125 0.140625 0.54681408125 0.12910799687500002 0.46875 0.0965095609375 0.46875
1 0.0623326140625 0.46875 0.059718737499999994 0.5070042484374999 0.038454156249999996 0.5727155140625 0.038454156249999996 0.7406375546875 0.0452054109375 0.7711988265625 0.0475871625 0.775 0.0861289234375 0.775 0.0928591734375 0.766872528125 0.1149919328125 0.68363548125 0.115625 0.67275229375 0.115625 0.5934084578125 0.096506903125 0.493374890625 0.09872647500000001 0.46875 0.0623326140625 0.46875
1 0 0.46875 0 0.579366709375 0.007486278125 0.5996364328125 0.015125025 0.6373141 0.018951209375 0.69203108125 0.013041268750000001 0.7506380078125 0.024293379687499998 0.7515625 0.0296875 0.7515625 0.0296875 0.5194269984375 0.016806160937500002 0.48245166875 0.0164874703125 0.46875 0 0.46875
0 0.40805088125 1 0.4425 0.9300707546875 0.44625000000000004 0.8753537734375 0.43624999999999997 0.8281839625 0.409375 0.781957546875 0.37687499999999996 0.7593160375 0.34187500000000004 0.7574292453125 0.304375 0.7800707546875 0.27749999999999997 0.822523584375 0.265 0.8715801890625 0.265 0.9168632078125001 0.2725 0.9527122640624999 0.290625 0.9895047171875 0.3027014796875 1 0.364465625 1 0.37 0.9810141515625 0.384375 0.9612028296874999 0.3897096109375 1 0.40805088125 1
1 0.540625 0.896875 0.5502230875 0.896875 0.5662488015625 0.8714390859375001 0.5984375 0.84819645625 0.5984375 0.8334545015625 0.5890805421875001 0.801036346875 0.589348028125 0.7550593359375 0.5928297390624999 0.7495331843749999 0.5932644046875 0.674820540625 0.5847273046875 0.6599002859375 0.567485925 0.6587954078125 0.558781646875 0.672610784375 0.5615277703125 0.7935214171875 0.540625 0.8717016390625 0.540625 0.896875
1 0.686108859375 1 0.690625 0.978468503125 0.690625 0.8688169765625 0.6891532984375 0.8596164390624998 0.6748252015625 0.8126749171875 0.67673538125 0.6807321375 0.6575358062500001 0.659290996875 0.6472578515625 0.66431474375 0.6388712203125 0.6838268671875 0.6437907203125001 0.8105047750000001 0.6339140109375 0.8500112828124999 0.6565618625 0.8716935484375 0.67609580625 0.9218703218750001 0.68041344375 0.9968240937499999 0.6792785015625 1 0.686108859375 1
1 1 1 1 0.6853226859375 0.9971150093750001 0.689392440625 0.993526275 0.7758203124999999 0.9965054171875 0.7817884140625 0.9925880109375 0.7873145640625 0.9955671531250001 0.7932826671875001 0.9804524656249999 0.8385395062500001 0.9804524656249999 1 1 1
1 0.7734375 1 0.7734375 0.825352746875 0.7716666921875 0.8175023890625 0.7641495609375 0.7100023890625 0.7615722593750001 0.6731452625000001 0.7365167453125 0.663416228125 0.725854353125 0.6836716046875 0.73814395 0.8100682625000001 0.7271639953125 0.8504586453125 0.7208379484374999 0.9080502828124999 0.7291087640624999 0.9769756749999999 0.73533814375 1 0.7734375 1
1 0.9485155125 1 0.9498559625 0.986498465625 0.9526214062499999 0.9327484890625 0.9498559625 0.8974270749999999 0.933263428125 0.8052842703125 0.9369506453125 0.72235571875 0.9378724171874999 0.6854985921875001 0.9258889968750001 0.668605740625 0.910218234375 0.6762842875 0.9037715515624999 0.6890625 0.9072198281249999 0.8212464078125 0.886530171875 0.8959590515624999 0.886530171875 0.9591774421875 0.8940666453125001 1 0.9485155125 1
1 0.855436828125 1 0.8604407546874999 0.9757484999999999 0.8604407546874999 0.9173913453125 0.84476999375 0.843677103125 0.8420045515625001 0.7592128390624999 0.84476999375 0.6901057234375 0.8309428999999999 0.6762842875 0.8158405171875 0.674694684375 0.8072198281249999 0.700556753125 0.8141163796875001 0.8097521546875001 0.7934267234375 0.890211925 0.7899784484375 0.9476831890625 0.7992108265625 1 0.855436828125 1
1 0.8640274781249999 1 0.8761853453124999 0.9189475578125 0.8727370687499999 0.8844647984375001 0.8520474140625 0.7982579015625 0.8589439656250001 0.6890625 0.846875 0.66320043125 0.833081896875 0.66320043125 0.8158405171875 0.674694684375 0.8475354375 0.6962485578125 0.8475354375 0.7592128390624999 0.8456917656249999 0.8298556671874999 0.8622843 0.891284240625 0.861362528125 0.9388913796875 0.8572869125 1 0.8640274781249999 1
0 0.6725592671875 1 0.6761853453125 0.987913075 0.6761853453125 0.9534303156250001 0.662392240625 0.890211925 0.646875 0.8643498562499999 0.633081896875 0.852855603125 0.5985991375 0.8471084765625001 0.5641163796875001 0.8758441093750001 0.5589439656249999 0.890211925 0.5451508625 0.9074533046875001 0.5417025859375 0.9189475578125 0.5417025859375 0.9936602015624999 0.5432241375 1 0.6725592671875 1