0 0 0.7296875 0.037799334375 0.7296875 0.0456094484375 0.7060545328125001 0.046875 0.6996969140625 0.046875 0.554708353125 0.039352810937499996 0.526887865625 0.0204319484375 0.49092735625 0.0273080421875 0.39026687187500003 0.025901507812500002 0.34998909375 0.015059903125 0.3222137734375 0.0053454 0.3118359890625 0 0.3095124765625 0 0.7296875
0 0.1404141875 0.4208522890625 0.1550298328125 0.46318632812500005 0.16069145 0.510529890625 0.1592503484375 0.5325701015625001 0.161738734375 0.534375 0.1908976109375 0.534375 0.194456528125 0.531855109375 0.1984375 0.5188414 0.1984375 0.32411538906250004 0.1967885125 0.3162805078125 0.1984375 0.29790102812499997 0.1984375 0.18617182968749998 0.19402401875 0.17715219843750002 0.17776755625000001 0.1679088140625 0.1643311328125 0.168508990625 0.14856442187500002 0.1862579328125 0.14597641249999999 0.206848584375 0.150744690625 0.310833240625 0.129838425 0.34971560468749996 0.12486211875 0.37984646875 0.12601980156249998 0.395124246875 0.1404141875 0.4208522890625
0 0.22315206562499998 0.3734375 0.229431396875 0.3734375 0.24912458750000002 0.34964202968749997 0.2625 0.3385103859375 0.2625 0.2738791125 0.2563988703125 0.2598950640625 0.2625 0.2025703390625 0.2625 0.14400878749999999 0.2595321796875 0.136138503125 0.24145010781249998 0.124532940625 0.225099171875 0.1288935421875 0.2136043734375 0.1491839421875 0.214100740625 0.2520465640625 0.2042210640625 0.27301322968749997 0.20090711562500002 0.298073834375 0.20405365625 0.325839490625 0.2174063765625 0.3507061609375 0.22315206562499998 0.3734375
0 0.11875 0.1651981234375 0.11875 0.14079548749999998 0.110372128125 0.12349468906250001 0.10190948749999999 0.117987615625 0.0873261515625 0.1180724578125 0.079122128125 0.1236764953125 0.06963038125 0.14109517968750002 0.0707869296875 0.23554568437499998 0.09518528125 0.2319310453125 0.1099228578125 0.2375 0.1115351703125 0.2375 0.11875 0.1651981234375
0 0.023136021875000003 0.533148228125 0.0288104765625 0.568252590625 0.030066159375000002 0.6309709546875 0.037440290625 0.6375 0.07431098593749999 0.6375 0.078959803125 0.6349256421875 0.09398930625 0.6036908859375 0.11603842187499999 0.5338402 0.1171875 0.52640696875 0.1171875 0.460122859375 0.11666535781250001 0.45312087031250003 0.10675954843749999 0.4191870296875 0.09698976875000001 0.404752228125 0.1171875 0.2788533640625 0.1171875 0.275014621875 0.1103555078125 0.2523019984375 0.0937825484375 0.23820679375 0.06858848281249999 0.2410632671875 0.0513752875 0.2631337671875 0.047215271875 0.2851922140625 0.047248521875 0.3965762828125 0.021284843749999997 0.438376234375 0.0211586421875 0.43892353125000005 0.0211586421875 0.5277364078125 0.023136021875000003 0.533148228125
0 0 0.296126403125 0.02092183125 0.308824378125 0.0387097140625 0.3445046875 0.0414460484375 0.3806158 0.038164415624999996 0.44713700625 0.0404797765625 0.477692559375 0.0428588890625 0.48125 0.04563295 0.48125 0.05 0.4484253234375 0.05 0.31610435625 0.044096225 0.3057612578125 0.043483840625 0.1878511625 0.03482400625 0.169668328125 0.025285756250000003 0.16048600156249998 0.007366934375 0.1573991234375 0 0.16243628593749998 0 0.296126403125
1 0.5761707687500001 0.360791325 0.5858694984375 0.4199899796875 0.587523703125 0.44869974218750003 0.5754283671875 0.5229798734375 0.5766831359375 0.5739361 0.5840772750000001 0.6164802093749999 0.5984932046875 0.669136778125 0.602899084375 0.6734375 0.615625 0.6734375 0.615625 0.4572966015625 0.61349520625 0.4474707953125 0.6103271265625 0.3919031171875 0.6119382468750001 0.36500884375 0.6091722140625 0.33538527500000004 0.6002519640624999 0.31741759531249997 0.5873309890625 0.312007490625 0.580009625 0.318579878125 0.5747972140625001 0.3357852640625 0.5761707687500001 0.360791325
1 0.6089609828125 0.33567437031249997 0.6117004375 0.3772925203125 0.61651585625 0.4058264171875 0.6176477140625 0.4336041953125 0.6133071390625 0.45514307187499997 0.6133899625 0.46998214374999997 0.6254666875 0.510237721875 0.631701059375 0.5479823609375 0.6323571796875 0.58969754375 0.626695209375 0.64283919375 0.6309414515625 0.64375 0.6484375 0.64375 0.6484375 0.46392482343749997 0.640602109375 0.4334627578125 0.6390248765625 0.40756109062499996 0.641901403125 0.3628983234375 0.6406940890625 0.33326869375 0.6365577828125 0.3214014640625 0.630768340625 0.3137858046875 0.6218009890625 0.3114204171875 0.6142525890625 0.3182657703125 0.6089609828125 0.33567437031249997
1 0.6529847015625 0.41352825156249995 0.6528466359375 0.43379849375 0.6492598359375 0.44923884375 0.6500368015625 0.46034995468749995 0.660833378125 0.488695134375 0.6685639890624999 0.53251404375 0.67037405 0.5658139984375 0.6660578906250001 0.6153133515625 0.6678954390625 0.6171875 0.68125 0.6171875 0.68125 0.4487636234375 0.6759604015624999 0.4306708078125 0.6729172906249999 0.3871522890625 0.67514154375 0.35964152031249996 0.672743046875 0.33275629375000004 0.666335465625 0.3189799140625 0.654097309375 0.3145085515625 0.646183403125 0.3236800609375 0.644356203125 0.3346242890625 0.6529847015625 0.41352825156249995
1 0.7089872984375 0.43750600781250004 0.709504528125 0.4597282296875 0.6925648265625 0.5376150921875 0.6901510125 0.5681888296875 0.69084065 0.597818459375 0.696454853125 0.6376060015625 0.709270909375 0.695872671875 0.71277688125 0.7 0.74114804375 0.7 0.7421480640625 0.6984595546875 0.7316524046875 0.6503659468749999 0.732072690625 0.6012827828125 0.7400217093749999 0.5623423812499999 0.7453125 0.5512118859374999 0.7453125 0.494445896875 0.7359377203124999 0.45401813906250005 0.7399464 0.35768548125 0.7390376468750001 0.34102184375 0.7315430453125 0.32115534375 0.7183713562499999 0.314749615625 0.7086479296875 0.32221459375 0.702600865625 0.34215987812500004 0.7032905031250001 0.37178950781250003 0.710463596875 0.4337932140625 0.7089872984375 0.43750600781250004
1 0.73137610625 0.39213889687500003 0.73137610625 0.494093153125 0.7367490546875001 0.5265625 0.74512486875 0.5265625 0.7585516343750001 0.515933225 0.7609375 0.5105727234375 0.7609375 0.5089147046875 0.7526134390625 0.46967680625 0.750437203125 0.4491426625 0.7587804109375 0.33726939843750003 0.7562591734375 0.3241426625 0.7521124078125 0.3178921296875 0.74078345 0.31451384843749997 0.7328647984375001 0.3219884296875 0.735777496875 0.33792024062500003 0.735999771875 0.355567425 0.73137610625 0.39213889687500003
1 0.7595985109375001 0.509375 0.7642957171875 0.509375 0.778125 0.5053885578124999 0.778125 0.48244715156250007 0.7701607218750001 0.433533234375 0.77235335625 0.4048204375 0.778125 0.3687994484375 0.778125 0.325726390625 0.7765066125000001 0.3201118515625 0.7695385203124999 0.31468357343750003 0.7632885203124999 0.3147926671875 0.7568944703125 0.32184165937500003 0.7570718296875001 0.36346287187500004 0.753873075 0.3865742046875 0.753873075 0.48763619687500004 0.7543171203125001 0.49115882656250004 0.75756699375 0.5068268375 0.7595985109375001 0.509375
1 0.80625 0.49978145625000003 0.80625 0.429216709375 0.805286 0.42603340312500004 0.8025065828125 0.3344394640625 0.7959503140624999 0.31999215468750003 0.7836904984374999 0.3160793546875 0.7806909734375 0.3211128546875 0.785961315625 0.356343496875 0.7857939093749999 0.40904854375 0.7886301046874999 0.439613190625 0.79993995625 0.47217514843749997 0.80625 0.49978145625000003
0 0.832245409375 0.7296875 0.8377604171874999 0.7232638890625 0.8546875 0.69131944375 0.8614583328125001 0.6579861109375 0.8630208328125001 0.6366898140624999 0.8614583328125001 0.60335648125 0.8572916671874999 0.5802083328125 0.8526041671875 0.5635416671875 0.8416666671874999 0.5422453703125 0.8309895828125 0.5260416671875 0.8143229171874999 0.512152778125 0.79140625 0.5075231484375 0.7721354171874999 0.512152778125 0.76015625 0.5223379625 0.74375 0.543171296875 0.7291666671875 0.581134259375 0.7234375 0.6292824078125 0.7234375 0.646875 0.7286458328125 0.681134259375 0.734375 0.7015046296875 0.7471354171875 0.7241898140624999 0.7520833343750001 0.7296875 0.832245409375 0.7296875
2 0.2625 1 0.2625 0.9103951703125001 0.2567125734375 0.90467801875 0.024786568749999998 0.892552628125 0 0.89216463125 0 0.9929451390625001 0.1267901203125 0.9966695578125 0.1689299359375 1 0.2625 1
1 0.6131853828125 1 0.6140625 0.9816004906250001 0.6140625 0.9502107265624999 0.6132850078125001 0.9483803484375001 0.5917575171875 0.946875 0.5897988328125 0.946875 0.5866471375 0.9555233796875001 0.5902732515625 1 0.6131853828125 1