1 0.4642348125 0.5796875 0.4642348125 0.3623226828125 0.44530173125 0.30869543906249997 0.4429092703125 0.1499427828125 0.42450514687499996 0.125824503125 0.40149675625 0.1310400046875 0.39375 0.152565671875 0.39375 0.1994799953125 0.40530491875 0.291647915625 0.401511771875 0.35387547656249996 0.43452687343749996 0.464339590625 0.42736673124999996 0.5796875 0.4642348125 0.5796875
1 0.2720959609375 0.478125 0.2720959609375 0.4140006109375 0.24945137968750003 0.34439353125 0.24688364218749997 0.147392128125 0.2231998703125 0.11482916875 0.1999440546875 0.1150997734375 0.184375 0.1471150515625 0.184375 0.19165136562500001 0.19853465312500002 0.310215771875 0.1898640375 0.3914471890625 0.2395899484375 0.427570484375 0.26606004375 0.4639643765625 0.271562096875 0.478125 0.2720959609375 0.478125
1 0 0.5796875 0.05030721875000001 0.5796875 0.05030721875000001 0.3860821890625 0.034357440625 0.33113270156249996 0.0283586171875 0.1499813875 0.0019546406249999998 0.1135746 0 0.1135746 0 0.5796875
1 0.0457708140625 0.1572492921875 0.040625 0.296169825 0.040625 0.4484375 0.04106705625 0.4484375 0.09889680625 0.3915076328125 0.0848435625 0.310787375 0.105517509375 0.152350909375 0.0862326375 0.1199157546875 0.059762504687499995 0.1280888015625 0.0457708140625 0.1572492921875
1 0.1380333359375 0.314840396875 0.125 0.35878378906249997 0.125 0.3921875 0.17142448125 0.3921875 0.18169142968750002 0.36015001406249997 0.180410284375 0.1362719328125 0.1688609984375 0.12302906250000001 0.14558272187500002 0.12743135156250002 0.131179903125 0.1605806703125 0.1380333359375 0.314840396875
1 0.3514416375 0.5796875 0.3514416375 0.38896760937499997 0.3328311953125 0.3318023296875 0.32816370156249997 0.15451201875 0.29934202656250003 0.114457178125 0.289121315625 0.114457178125 0.28037918125 0.1159899234375 0.2640625 0.1551922953125 0.2640625 0.15749093281249998 0.28604958125 0.3260461234375 0.2743255328125 0.3794684421875 0.3036369734375 0.503862878125 0.304327615625 0.5796875 0.3514416375 0.5796875
1 0.35796765625 0.5796875 0.37661641874999996 0.5178732609375001 0.3815965421875 0.42504357812500004 0.3619975578125 0.3151139921875 0.38330184843750004 0.14958759375 0.3655056546875 0.1180036046875 0.3429588671875 0.1180036046875 0.3296875 0.13774337812499998 0.3296875 0.5796875 0.35796765625 0.5796875
0 0.2747258640625 0.5796875 0.2747258640625 0.5164132968749999 0.26740410312499996 0.49229642343749996 0.23086210624999998 0.4385704890625 0.1843013328125 0.4068931734375 0.12716121875 0.4070073359375 0.09732374375 0.42461962499999995 0.05663893125 0.48762724999999996 0.04375 0.548233278125 0.04375 0.5634688375 0.0444060796875 0.5796875 0.2747258640625 0.5796875
1 1 0.16347795468749998 0.9971432390625001 0.1545010453125 0.9894169937499999 0.1525128265625 0.9859375 0.1570396734375 0.9859375 0.24375 1 0.24375 1 0.24221318281249998 0.9959257984375001 0.21981064374999998 1 0.171747503125 1 0.16347795468749998
1 0.9457750171875 0.1560936390625 0.9421875 0.16895528124999998 0.9421875 0.240625 0.9582889453125001 0.240625 0.9551283640625 0.2273543890625 0.959143221875 0.16722376875 0.9578825500000001 0.159761796875 0.953317303125 0.152796684375 0.9528893484375001 0.152796684375 0.9457750171875 0.1560936390625
1 0.8664324140625 0.1559534421875 0.8625 0.1659853390625 0.8625 0.2453125 0.87459275 0.2453125 0.876141353125 0.2440839046875 0.8724529171875 0.21918390781250002 0.8787688812500001 0.167295690625 0.8762526656249999 0.1567066359375 0.8717919125 0.15401067968749999 0.8664324140625 0.1559534421875
2 1 0.2539619375 0.994282178125 0.25604568437499997 0.93439711875 0.25558792812500003 0.7609326875 0.2642543578125 0.7437128640624999 0.2702099546875 0.70881703125 0.2710221640625 0.70625 0.2772176421875 0.70625 0.29095725 0.7123497390625 0.29038175312500003 0.71414841875 0.294505990625 0.70625 0.297317184375 0.70625 0.3265625 1 0.3265625 1 0.2539619375
1 0.183571665625 1 0.183571665625 0.8507941156250001 0.1719135640625 0.8139973375 0.169151153125 0.787206153125 0.16770727968750002 0.71572785 0.1630527328125 0.7001994546875 0.1527942890625 0.6910384296875 0.1415732984375 0.6954095062500001 0.1375 0.7061423015624999 0.1375 0.7377482453125 0.1460696703125 0.7941267906249999 0.1470322359375 0.817305271875 0.1380330625 0.87266294375 0.1375 0.886704328125 0.1375 0.8963829624999999 0.140624084375 0.9375687640624999 0.148786028125 0.9751980437500001 0.1569647265625 1 0.183571665625 1
0 0 0.996875 0.0281163265625 0.996875 0.034402175 0.9842564140625001 0.034402175 0.9586792421875 0.0329016828125 0.9509982687499999 0.0217577734375 0.930698246875 0.00879633125 0.91724716875 0 0.9153994875 0 0.996875