1 0.6356621015624999 0.759375 0.6385038796875 0.7519636953125 0.6196370328125 0.7025015906250001 0.6310894203124999 0.6465497375 0.615125478125 0.62609155 0.5978468609375 0.6257899484375 0.58583511875 0.636986109375 0.5873825218750001 0.6896553859375001 0.5625 0.7330667546875 0.5625 0.759375 0.6356621015624999 0.759375
1 0.535655603125 0.64973135625 0.5349271890625 0.6416469046875 0.5193490546875 0.6158590734375 0.522688775 0.559567878125 0.510671921875 0.552087965625 0.488100915625 0.5590202578125 0.49111818593749995 0.6080676406250001 0.46875 0.6568586375 0.46875 0.66075744375 0.47534009062499993 0.6946359359375001 0.49315845156250004 0.7125 0.51230715 0.7125 0.518842865625 0.7106713390625 0.535655603125 0.6754816546875 0.535655603125 0.64973135625
1 0.35043230937500003 0.6745839703125001 0.33077548437500004 0.64288725625 0.33785403281250004 0.5951915109375 0.3246836984375 0.5813430328125 0.3073029 0.5844067140625 0.296919496875 0.5965467015625 0.3025955484375 0.6467692484375 0.2875 0.674660890625 0.2875 0.724997571875 0.288949353125 0.7333888078124999 0.3024551859375 0.75 0.3199520984375 0.75 0.33112408437499996 0.7476594296875 0.3509572359375 0.7024904828125 0.35043230937500003 0.6745839703125001
1 0.1280313109375 0.759375 0.11852915312500001 0.7235677921875 0.15009509062499998 0.699176090625 0.1301317203125 0.672237834375 0.13103733281250002 0.6197194453125 0.115604990625 0.607410490625 0.1048058546875 0.6079764484375 0.09375 0.6213553609375 0.09375 0.666706590625 0.09701904375 0.6862164109375 0.09375 0.692305946875 0.09375 0.759375 0.1280313109375 0.759375
1 0.10292365781249999 0.66861115625 0.0918285265625 0.6169788140625 0.1176545921875 0.603001696875 0.1089132171875 0.58485371875 0.1086784640625 0.54450284375 0.0885109859375 0.5336382078125 0.0877595578125 0.5336382078125 0.0734375 0.54275645 0.0734375 0.550511403125 0.08306673906249999 0.5953220640625 0.0734375 0.6171016640625 0.0734375 0.6523417453125 0.0935161140625 0.6875 0.095056434375 0.6875 0.10292365781249999 0.66861115625
1 0.27908014375 0.665625 0.28222056093750003 0.665625 0.289581065625 0.65998323125 0.3009620359375 0.6270270109375 0.297162971875 0.5970516046875 0.28040494374999997 0.5666236609374999 0.285398303125 0.528178015625 0.2727710390625 0.5140625 0.26884507968750004 0.5140625 0.24874248593749998 0.5233870546875 0.256708090625 0.5622852390624999 0.2453125 0.5873200515625 0.2453125 0.6362916000000001 0.2635712703125 0.664341315625 0.27908014375 0.665625
1 0.45712823125 0.5708203140625 0.4423166546875 0.5461208656250001 0.4440817734375 0.5023366125 0.4338005546875 0.49251784374999996 0.4208415921875 0.49229164531249997 0.41168436562500005 0.5017711140625 0.4203096546875 0.5387263234375 0.40625 0.5716465000000001 0.40625 0.6019463828125 0.40711829218749995 0.608600159375 0.4294478640625 0.6375 0.4393460375 0.6375 0.45184755625 0.63566995 0.45712823125 0.619801765625 0.45712823125 0.5708203140625
1 0.41776693906249995 0.759375 0.40419110781249995 0.7342409812499999 0.4101442796875 0.6778490374999999 0.385638075 0.667892178125 0.3645837171875 0.6875082906250001 0.3716405578125 0.7413910734375 0.3613877875 0.759375 0.41776693906249995 0.759375
1 0.176932425 0.759375 0.177185996875 0.715789675 0.1696827390625 0.7058325328125 0.1535060484375 0.700785428125 0.1469885171875 0.700785428125 0.135125503125 0.7044244328125 0.128125 0.713544640625 0.128125 0.729270975 0.1350882671875 0.759375 0.176932425 0.759375
0 0.5366345921875 0.4937105609375 0.5082408890625 0.47576075624999997 0.47192264375 0.48166481250000004 0.4578125 0.49767728125 0.4578125 0.5040131984375 0.46127372187500004 0.5266467046875001 0.4843578609375 0.5453125 0.5242623281250001 0.5453125 0.540187896875 0.5269492640625 0.540187896875 0.5097765 0.5366345921875 0.4937105609375
1 0.65 0.703125 0.651021071875 0.703125 0.6542889984375 0.69902881875 0.66001631875 0.6548072078125 0.65481421875 0.608751040625 0.6501752 0.600226709375 0.6527532796875 0.5600444328124999 0.65 0.5534421578125001 0.65 0.703125
1 0.72109375 0.6008680562500001 0.7203125 0.5772569437499999 0.711328125 0.5460069437499999 0.70078125 0.5494791671875 0.69609375 0.5744791671875 0.696875 0.6036458328125 0.70234375 0.62725694375 0.70625 0.6314236109375 0.712890625 0.6321180562500001 0.7171875 0.6258680562500001 0.72109375 0.6008680562500001
1 0.69453125 0.62725694375 0.69375 0.5994791671875 0.682421875 0.5515625 0.6734375 0.5536458328125 0.6734375 0.567534721875 0.66640625 0.6008680562500001 0.66953125 0.6425347218749999 0.678125 0.6647569437499999 0.683984375 0.6654513890625 0.6890625 0.6592013890625 0.69453125 0.62725694375
1 0.929980775 0.759375 0.930002234375 0.7829464453125 0.9165664109375001 0.8491964484375 0.9140625 0.8788229734374999 0.9140625 0.8823640921875 0.9150127796875 0.9094725718750001 0.9232741703125 0.9647734968750001 0.9319785796875 1 0.9661737468750001 1 0.9765160500000001 0.946814771875 0.9765160500000001 0.8537604359375 0.9563707890625001 0.7709077515625 0.9568320187499999 0.759375 0.929980775 0.759375