0 0.504080484375 0.3796875 0.5018091859375 0.37393229843750003 0.5196248796875 0.30226563125 0.512315284375 0.29268229843750004 0.4990657109375 0.2885156328125 0.482325628125 0.29268229843750004 0.4719386390625 0.30476563125 0.46922171874999996 0.36309896406250003 0.4594115296875 0.3796875 0.504080484375 0.3796875
0 0.45257163125 0.3796875 0.4694321421875 0.3361815640625 0.46636912343750003 0.32211117499999997 0.4500322234375 0.3129249890625 0.43129165937499997 0.315024909375 0.414347084375 0.3274813203125 0.41004492656249997 0.34338686093750004 0.41118977343749996 0.3691479875 0.40981161562499996 0.3796875 0.45257163125 0.3796875
0 0.3022257515625 0.3796875 0.2972752328125 0.37083617343749997 0.3026024046875 0.3027194640625 0.2991117375 0.29598059062500004 0.28503832500000004 0.287938075 0.2830298 0.287938075 0.26725540468750003 0.2898298015625 0.25714939062500003 0.3024937390625 0.2650865796875 0.3501140859375 0.26413466093750004 0.3692326125 0.25796825624999997 0.3796875 0.3022257515625 0.3796875
0 0.21085063437499998 0.3796875 0.21632198749999998 0.3472164921875 0.21461703906250001 0.3247164921875 0.20284309375 0.31206409687500003 0.1860626421875 0.30802382968750003 0.178138215625 0.30802382968750003 0.167386753125 0.31311099375 0.1625 0.320952190625 0.1625 0.34296564531249996 0.1703939859375 0.3663901265625 0.1714016 0.3796875 0.21085063437499998 0.3796875
0 0.11743685781249999 0.3796875 0.1093886921875 0.36588575625 0.1055840921875 0.3342010390625 0.1076926203125 0.2992912921875 0.10289995 0.291719090625 0.08982979062499999 0.2839050328125 0.0850722703125 0.2839050328125 0.0718464234375 0.28493659375 0.061972346874999994 0.2959970609375 0.0755675828125 0.3569748015625 0.0677774109375 0.3796875 0.11743685781249999 0.3796875
1 1 0.125152884375 0.9961933421874999 0.12934027812499999 0.9924861437499999 0.141840278125 0.9919238984375 0.22100694375000002 0.984375 0.24981939375 0.984375 0.3170560328125 1 0.32260259375 1 0.125152884375
1 0.302870259375 0.6723849875 0.29658542187500003 0.6647460984375 0.2877329171875 0.670301653125 0.28288618906249996 0.682107209375 0.2820602 0.7501627640625 0.2765625 0.769626209375 0.2765625 0.871875 0.292912359375 0.871875 0.3003176296875 0.8446072093750001 0.3050598453125 0.8098849874999999 0.30524892187499997 0.789051653125 0.29846645 0.7501627640625 0.30469650000000004 0.6834960984375 0.302870259375 0.6723849875
1 0.266162109375 0.8938839015625 0.264599609375 0.8606233453125001 0.252099609375 0.8153722078125 0.254443359375 0.7291519359375 0.251708984375 0.7202515109375 0.244677734375 0.71502344375 0.233740234375 0.7196995296875001 0.229443359375 0.730316328125 0.234130859375 0.8078757843750001 0.2234375 0.8632928140625001 0.2234375 0.9220824343749999 0.231787109375 0.9593738343750001 0.23399222968750003 0.9640625 0.2514140046875 0.9640625 0.254443359375 0.9624852671875 0.263037109375 0.9245850062500001 0.266162109375 0.8938839015625
1 0.48228138906250007 1 0.484705478125 0.9864571390624999 0.484705478125 0.9452536625000001 0.4786732265625 0.9230761078124999 0.46440712656249994 0.9084132328125001 0.44432099999999997 0.9138506140625001 0.43604403593749996 0.9311594546874999 0.43443599375 0.949201375 0.438263521875 1 0.48228138906250007 1
1 0.7504926078125 0.5771918421875 0.7469761531250001 0.574414065625 0.737471775 0.5771918421875 0.732591871875 0.586914065625 0.7312682765625 0.6600622125 0.7265625 0.6773898875000001 0.7265625 0.809375 0.7432970203125 0.809375 0.743595871875 0.8091362875 0.7556877906249999 0.7508029546875 0.7568488609374999 0.7146918421875 0.7479780671875 0.6591362875 0.7543806203125 0.5887659171875 0.7504926078125 0.5771918421875
1 0.6442708328125 0.671951890625 0.64375 0.651605778125 0.640625 0.6397142921875 0.63359375 0.63124548125 0.6236979171875 0.6335582375 0.6166666671875001 0.6510153515624999 0.6161458328125 0.6769655359375 0.6197916671875 0.7101290640625 0.6197916671875 0.737906840625 0.6098958328124999 0.7781825625 0.6046875 0.8136103296874999 0.6057291671875 0.8607840343750001 0.6130208328125 0.901185159375 0.6161520546875 0.9125 0.6432757 0.9125 0.6526041671875 0.8641563515625 0.6546875 0.8390593203125001 0.6536458328125 0.79744116875 0.6401041671875001 0.7369607703125001 0.6401041671875001 0.7091829921875 0.6442708328125 0.671951890625
0 0.9579823890625001 0.8358631359375 0.9567342484375001 0.80712306875 0.9501430656250001 0.782921721875 0.9404582953125 0.7665407375 0.9266652125 0.7570360171875 0.9098638375 0.7613747296875 0.8906019453124999 0.7786400406249999 0.8796875 0.79567213125 0.8796875 0.8721916359375002 0.8810022343749999 0.8757440765624999 0.8933962281250001 0.8921875 0.9166721109375 0.8921875 0.9264045015625 0.8913589156249999 0.9522711046874999 0.8709665031250001 0.9579823890625001 0.8358631359375