1 0.2702961765625 0 0.26933886406249996 0.0020808953125 0.2766188953125 0.099854371875 0.2578125 0.18445842968749998 0.2578125 0.1896526671875 0.261204915625 0.2546309390625 0.27554794375 0.311849509375 0.2792113203125 0.3171875 0.3118555765625 0.3171875 0.3146219828125 0.31358038593750004 0.3248837390625 0.2562560703125 0.3248837390625 0.17278370781250002 0.3047169234375 0.10302495468749999 0.307341903125 0.0007984343749999999 0.3071464078125 0 0.2702961765625 0
1 0.39678073281250004 0.17127146875000002 0.3813923859375 0.12052366249999999 0.3818944546875 0.0456625359375 0.3745825015625 0.02783818125 0.3697068203125 0.024773889062500002 0.3600835703125 0.024773889062500002 0.355563484375 0.0262856734375 0.35065330625 0.0386182171875 0.35871955624999996 0.12616310625 0.349249396875 0.15834699218749998 0.3453125 0.19672255 0.3453125 0.20035735625 0.3490975234375 0.24072691562499998 0.3589265390625 0.2804783484375 0.3671902453125 0.3 0.3950346265625 0.3 0.39678073281250004 0.2896147859375 0.39678073281250004 0.17127146875000002
1 0.1949193890625 0.303761765625 0.1997047875 0.30625 0.2055725296875 0.30625 0.22294741875000001 0.3040879015625 0.2351398125 0.2636145203125 0.2413262 0.22307125625 0.23950458125 0.182434809375 0.2262835171875 0.120605959375 0.23352002343749997 0.043972467187499996 0.22053989375 0.0265625 0.2204067125 0.0265625 0.209367415625 0.030905143750000003 0.2035775046875 0.0406155171875 0.2041302328125 0.1248609875 0.1921875 0.1637054546875 0.1921875 0.291687340625 0.1949193890625 0.303761765625
1 0.188480071875 0.074795396875 0.177326190625 0.0598023609375 0.16837845625 0.06198878125 0.1623927734375 0.0752637703125 0.1675197234375 0.151803796875 0.15625 0.201102096875 0.15625 0.215037253125 0.15873458437500002 0.2565492625 0.16992945312500002 0.2890625 0.19340006406250002 0.2890625 0.19340006406250002 0.165578065625 0.18753974375 0.15028677031249998 0.188480071875 0.074795396875
1 0.144652765625 0.09497598125 0.1374077609375 0.084091240625 0.12836375 0.08606714062500001 0.1225957421875 0.09763386874999999 0.123267728125 0.1546718046875 0.1140625 0.19103210312500002 0.1140625 0.2741771421875 0.1153876609375 0.2796875 0.13786126875 0.2796875 0.145982728125 0.25260841875 0.14748774375 0.18794676562499998 0.14014474375 0.1597950171875 0.144652765625 0.09497598125
1 0.24857274375 0.229489121875 0.23993022343749998 0.2859375 0.25142907812500004 0.2859375 0.25625 0.2721337015625 0.25625 0.24892946562499998 0.254246303125 0.1726610265625 0.2490400796875 0.137812259375 0.25280787031249996 0.097420596875 0.2423156171875 0.08125 0.2418280796875 0.08125 0.2332227375 0.0851194265625 0.23125 0.092898040625 0.23125 0.109358721875 0.23199681718749998 0.13240915625 0.24842401718749998 0.2039252125 0.24857274375 0.229489121875
1 0.339444546875 0.2859375 0.340202896875 0.2859375 0.340924078125 0.27935119375 0.33338541875 0.23656326718749998 0.333539690625 0.203404709375 0.3544458921875 0.1220632671875 0.35140578906250003 0.0828125 0.3432454296875 0.0828125 0.3374256109375 0.0921265140625 0.33938162968749996 0.15107653593749998 0.328125 0.1895772609375 0.328125 0.2617262953125 0.3337070234375 0.284835271875 0.339444546875 0.2859375
1 0.4471078484375 0.29137606250000003 0.44867053593749995 0.28050063125 0.44867053593749995 0.1800622046875 0.43585294843750005 0.1377303015625 0.43622118906249996 0.073226028125 0.426068309375 0.0569381828125 0.41417884374999997 0.059316178124999994 0.409375 0.07135635781250001 0.409375 0.0734145546875 0.41701775 0.14124483593749998 0.409375 0.173937896875 0.409375 0.24048289218750002 0.41284934531250006 0.25956968593749996 0.426209375 0.29328191718749996 0.4471078484375 0.29137606250000003
1 0.480230246875 0.2828125 0.480230246875 0.18154239375 0.4715993171875 0.1601553203125 0.46870155156250004 0.09536537187500001 0.457108534375 0.0817532015625 0.45 0.0886909875 0.45 0.12214173749999999 0.4542404578125 0.156734540625 0.45048888125 0.17359663125 0.45800074375 0.2063586015625 0.45889650625 0.27127684375 0.46271123281250004 0.2828125 0.480230246875 0.2828125
1 0.79375 0.34579674374999997 0.79375 0.429207375 0.795325675 0.43358341874999995 0.8041510781250001 0.47714738749999996 0.8093252812499999 0.48689839687500003 0.81655086875 0.490625 0.8303373781250001 0.490625 0.8376137171875 0.48289687187499997 0.8452789640624999 0.45424165 0.8506630390625001 0.4203536 0.8506630390625001 0.3389256765625 0.8381454484375 0.2820012453125 0.839564303125 0.23109047187499998 0.84399679375 0.197787440625 0.8438926421874999 0.1709386171875 0.8380251968750001 0.153777171875 0.83045394375 0.1484375 0.8283330843750001 0.1484375 0.8181473234375 0.14995832343749999 0.8099091703125 0.1651861046875 0.80858373125 0.1753621984375 0.8115398468749999 0.2799948578125 0.7994241609375 0.31880799375 0.79375 0.34579674374999997
1 0.874220440625 0.4045471 0.883197334375 0.4301848296875 0.8914377640625 0.4511504125 0.9017392171875 0.4640625 0.9171875 0.4640625 0.9171875 0.32455818281250004 0.9165639171875 0.322219846875 0.8916236671875 0.2657620609375 0.8872446984375 0.24972371093749998 0.876549425 0.1649117546875 0.8691030937499999 0.1504770953125 0.8531706218749999 0.1504770953125 0.8491210875 0.1552935546875 0.846875 0.1687237640625 0.846875 0.1710516765625 0.85110486875 0.197886146875 0.8651507437499999 0.25437703749999996 0.8661857609375 0.276599259375 0.863392465625 0.32802596093749997 0.8662454125 0.3669998796875 0.874220440625 0.4045471
0 0.6390625 0.45 0.64292966875 0.45 0.65969948125 0.43882597187499994 0.6698602625000001 0.4208825328125 0.6775740546875 0.38855391250000004 0.678490071875 0.35707242968749997 0.6701119156249999 0.32270408437500003 0.6579846296875 0.3007963453125 0.6411204296874999 0.2894852375 0.6390625 0.2895830734375 0.6390625 0.45