1 0.280420975 0.25298553749999997 0.275916634375 0.23749045937500002 0.27864641562500003 0.18182571875 0.2754064484375 0.169503140625 0.267615496875 0.168060725 0.2625 0.179711509375 0.2625 0.1893152234375 0.264174496875 0.21774789062500002 0.2628957984375 0.23817285312499997 0.2625 0.23962500156250002 0.2625 0.253125 0.2802888828125 0.253125 0.280420975 0.25298553749999997
1 0.254254796875 0.2503954140625 0.2506520578125 0.2431578140625 0.248671075 0.22566225312500002 0.249944378125 0.18579892343749999 0.24845190781249998 0.1738346609375 0.2451068921875 0.16704789375 0.237826 0.16553565625 0.2328430703125 0.171784628125 0.2328125 0.171931334375 0.2328125 0.207147915625 0.2360579515625 0.2456888953125 0.232911403125 0.24953814843750002 0.2328125 0.2505358125 0.2328125 0.2546875 0.25352535781249996 0.2546875 0.254254796875 0.2503954140625
1 0.200160590625 0.22500296562500002 0.2001784546875 0.18062215625 0.1973392953125 0.171326534375 0.1924965078125 0.1661566671875 0.18535600624999998 0.1678812421875 0.1828125 0.17776327187500002 0.1828125 0.1828730078125 0.1872826765625 0.2201551453125 0.1855346546875 0.24971204687499998 0.186202865625 0.2515625 0.2013412265625 0.2515625 0.2013412265625 0.22951597499999998 0.200160590625 0.22500296562500002
1 0.1421875 0.2578125 0.1586014984375 0.2578125 0.154098346875 0.23372167500000002 0.15840766875 0.179164796875 0.15493529687500002 0.168380240625 0.1471982546875 0.166255565625 0.1421875 0.1727422609375 0.1421875 0.2578125
1 0.1015625 0.177930390625 0.1015625 0.2578125 0.11459877656249999 0.2578125 0.111178178125 0.24213882656250002 0.1165975171875 0.1819263671875 0.1155097078125 0.174546234375 0.11100680781250001 0.1676881546875 0.1034778 0.171519134375 0.1015625 0.177930390625
1 0.038894131250000005 0.181068125 0.0349506671875 0.1706369234375 0.030117590625000003 0.1681595359375 0.025006309375 0.170345153125 0.021875 0.1826254765625 0.021875 0.184344590625 0.026361828124999997 0.2311101171875 0.024274110937500003 0.2578125 0.042124053125 0.2578125 0.042124053125 0.24213702812500001 0.0395282359375 0.2330534828125 0.038894131250000005 0.181068125
2 0 0.30414924375 0.0082386109375 0.30423575468749997 0.0430482390625 0.31078798124999996 0.056155278125 0.3081471609375 0.0909433546875 0.3156253109375 0.11600800781250001 0.314888265625 0.14200657187500001 0.3188658828125 0.1451962265625 0.31634319375 0.1722149046875 0.3213317671875 0.19367682656250002 0.31844526093750003 0.2029871734375 0.3219883140625 0.24832122656250002 0.32476121562500004 0.297408865625 0.32320209375000003 0.38076374999999996 0.32907860625 0.3907242375 0.3271086203125 0.41624507031249997 0.32919186875 0.4175900171875 0.3296875 0.4334026640625 0.3296875 0.43639413437499996 0.3266620359375 0.43790992656250005 0.3063766953125 0.43307333124999997 0.256350734375 0.4132601109375 0.2556610828125 0.410478534375 0.25290447656250004 0.404840009375 0.25290447656250004 0.3893017796875 0.25370538125 0.38258797499999997 0.25290447656250004 0 0.25290447656250004 0 0.30414924375
1 0.819230746875 0 0.8221810765625 0.0687877015625 0.8140625 0.103567246875 0.8140625 0.245925503125 0.81943885 0.2716382515625 0.8233600531249999 0.2765625 0.8503859 0.2765625 0.8569550125 0.267113884375 0.8658154140625001 0.22088028906249998 0.8691828218750001 0.1790680734375 0.8678869718750001 0.133307515625 0.8487839796875001 0.0606060859375 0.8500696515625 0 0.819230746875 0
1 0.70786404375 0 0.7138361375 0.023798646875000003 0.7265999890625 0.0559203703125 0.727847103125 0.071198146875 0.7170971859375 0.130647634375 0.7188101640625 0.161189553125 0.737545734375 0.23779662968749998 0.74840078125 0.2608701203125 0.7538869187499999 0.2640625 0.7580926906250001 0.2640625 0.760083459375 0.2638481625 0.760083459375 0.0901402578125 0.742099246875 0.0450956296875 0.737011659375 0 0.70786404375 0
1 0.9513885265625 1 0.9590049546875001 0.918899896875 0.9586241796875001 0.8948500812500001 0.9517087484375001 0.8752701546875 0.9413351796875 0.868347915625 0.928282025 0.8745099265625 0.9200932906249999 0.8947933359375 0.9193839140625 0.927225 0.9236512375 0.9992288968749999 0.9235987109374999 1 0.9513885265625 1
1 0.8886267796875 1 0.8866858140625 0.99370719375 0.8845104062499999 0.979800125 0.8844952906250001 0.9095297562500001 0.8824545578125 0.8845297562500001 0.874394696875 0.8654346359374999 0.865532284375 0.858807696875 0.8534857812500001 0.8641450625000001 0.8484375 0.87980265 0.8484375 0.8838673937499999 0.8492215421875 0.9042910187500001 0.8600985781249999 0.9738263734375 0.8600477312500001 0.9923176187500001 0.8587649687500001 1 0.8886267796875 1