1 0.22250943125 0.4018749 0.22250943125 0.368438565625 0.2196927953125 0.3529850046875 0.21370805 0.3378668375 0.2140703578125 0.32496454531249996 0.2105636265625 0.32245255156249997 0.205737025 0.324479184375 0.2064163828125 0.337442146875 0.203125 0.35158930625 0.203125 0.4003837671875 0.2038543390625 0.40744849531250005 0.20647145625 0.417755021875 0.21019991249999997 0.421875 0.218358971875 0.421875 0.22058248125 0.41949999531250004 0.22250943125 0.4018749
1 0.256261146875 0.38088127968749996 0.24840380624999997 0.34906908593749997 0.24856907343749998 0.328656203125 0.245094765625 0.32383995625 0.23988643125000003 0.324265109375 0.237094578125 0.328665609375 0.2380033015625 0.3508453171875 0.2359375 0.3616021109375 0.2359375 0.421749053125 0.23910258906249998 0.4328125 0.2501539203125 0.4328125 0.25140473281250003 0.431348946875 0.2562815703125 0.4031869828125 0.2562815703125 0.382051334375 0.256261146875 0.38088127968749996
1 0.2848922765625 0.3589640125 0.2854579328125 0.324668384375 0.2757551609375 0.3225778359375 0.27241015625 0.324045521875 0.2749695015625 0.3582684140625 0.2695546921875 0.3871175890625 0.26875 0.4081044078125 0.26875 0.4106894484375 0.2756022890625 0.4421875 0.28794995624999997 0.4421875 0.289023178125 0.4292858921875 0.2921428890625 0.41909072812500003 0.2921428890625 0.3909965171875 0.2848922765625 0.3589640125
1 0.2609375 0.4078125 0.26289260625 0.4078125 0.27380118124999997 0.3521887015625 0.27425036875000003 0.324423046875 0.2724759546875 0.3230765859375 0.2674472015625 0.3255065640625 0.2609375 0.3568118 0.2609375 0.4078125
1 0.310744778125 0.3731474859375 0.310744778125 0.3673859484375 0.306420759375 0.32551064375 0.303996175 0.323018228125 0.30069159375 0.3250765125 0.301467609375 0.347298734375 0.2953125 0.3817086796875 0.2953125 0.3885119015625 0.296863159375 0.408822709375 0.30308049062500003 0.43125 0.30439867187499997 0.43125 0.3063963390625 0.42893808125 0.30542631875000004 0.4011603015625 0.310744778125 0.3731474859375
1 0.318645696875 0.4278793921875 0.32110893906250004 0.4001441296875 0.3152359953125 0.364278703125 0.3201681984375 0.3237080234375 0.3089567453125 0.32155616875000004 0.3074690296875 0.32155616875000004 0.30625 0.33102598437499997 0.30625 0.3456666109375 0.306967409375 0.3626725328125 0.30625 0.365416725 0.30625 0.4515625 0.31161163125 0.4515625 0.3136401734375 0.4470262328125 0.318645696875 0.4278793921875
1 0.3325159109375 0.32382398125 0.3286419890625 0.32550886874999996 0.325 0.3445858296875 0.325 0.3859998546875 0.32847800625 0.4015625 0.329271959375 0.4015625 0.3377242453125 0.36081210625 0.3377242453125 0.348821975 0.33740634687500004 0.3433959265625 0.3325159109375 0.32382398125
1 0.355525034375 0.4421875 0.355525034375 0.377467328125 0.3489696890625 0.3588356890625 0.3490183109375 0.3320930203125 0.3469795203125 0.3223025578125 0.3375 0.3235424421875 0.3375 0.3447615140625 0.339664853125 0.359270290625 0.3375 0.3713819125 0.3375 0.418300271875 0.3419126671875 0.436857 0.34591703749999997 0.4421875 0.355525034375 0.4421875
1 0.38057483593749997 0.375162584375 0.3729383984375 0.345617803125 0.37372148437499997 0.32338346093750003 0.3708299671875 0.321101978125 0.362783984375 0.323510728125 0.3641057796875 0.3475726828125 0.35625 0.38545988750000004 0.35625 0.38610017343749997 0.3580568125 0.40968850312500005 0.36252579687500003 0.428125 0.3771669015625 0.428125 0.38125 0.40402992343750005 0.38125 0.38782303281249997 0.38057483593749997 0.375162584375
1 0.394004928125 0.32128229375 0.3877697765625 0.3244184859375 0.3867173390625 0.3383073734375 0.3828125 0.35067514375000003 0.3828125 0.4203125 0.39131451875 0.4203125 0.39259236875000003 0.419072028125 0.400537040625 0.383051828125 0.40072860156249995 0.35987640625 0.39654300937500003 0.33940603281250004 0.397665609375 0.32459121875 0.394004928125 0.32128229375
1 0.51445990625 1 0.51445990625 0.9710243546874999 0.4953902015625 0.9129346390624999 0.49075763125 0.8443554499999999 0.4934685265625 0.8168203546875 0.49138192031249994 0.7770055390625 0.4816963421875 0.7556716781249999 0.473331775 0.7503916937499999 0.46283941406249995 0.7503916937499999 0.4583073671875 0.755232525 0.4546875 0.7628468890625 0.4546875 0.8200341874999999 0.46362904374999997 0.881545575 0.46461250937500004 0.91021894375 0.46632058593750003 0.9130877265624999 0.46141635625 0.9284947812500001 0.4546875 0.9688689078125 0.4546875 1 0.51445990625 1
1 0.6689803859375 1 0.6689803859375 0.937033040625 0.665675928125 0.9174505328125001 0.6524647953125 0.87773015625 0.6495858734375 0.8622019906249999 0.65138558125 0.7860209734375 0.6494836765625001 0.7667040765625 0.64011858125 0.7530962406249999 0.6291325953125 0.751211284375 0.621734053125 0.7606240484375 0.618835321875 0.77384210625 0.6191908875000001 0.7942124765624999 0.6257443203124999 0.8409670296874999 0.6262291828125 0.868744809375 0.615625 0.9250117031249999 0.615625 1 0.6689803859375 1
1 0.6078106156249999 1 0.6078106156249999 0.9543445734375 0.6059499640625 0.9446700281249999 0.5896423640624999 0.8857501984375 0.5880079796875 0.8654040734375 0.59023484375 0.7986404265625 0.588986584375 0.77365255 0.5855113421875 0.7616882484375 0.5803344218750001 0.7539330421875 0.5692891546875 0.750483909375 0.5590610796875 0.75720784375 0.5531299093750001 0.77726678125 0.55445899375 0.8050324359375001 0.5604396953124999 0.8493677765625 0.561571246875 0.8882566656249999 0.5475807484375 0.9627065390624999 0.547021153125 1 0.6078106156249999 1
1 0.37376623124999997 1 0.3612573640625 0.9446658671874999 0.36524491718749996 0.87518505625 0.3724221375 0.80377965625 0.36925782812499996 0.775172934375 0.36367241875 0.7637382671875 0.35250509218750004 0.75567163125 0.34469259218750004 0.75585346875 0.3345380875 0.7634912046875 0.3246313203125 0.7863885328125 0.32314744375000004 0.8437838187500001 0.326735584375 0.875156196875 0.32613519062499996 0.9519595578125 0.3150504140625 1 0.37376623124999997 1
1 0.322915675 1 0.322915675 0.9550046421874999 0.310601065625 0.9097686015625002 0.3085281984375 0.8652846875 0.3116313296875 0.820269515625 0.31033796874999997 0.78323248125 0.302579203125 0.76186635 0.295144103125 0.756614971875 0.2810477125 0.756614971875 0.2754132890625 0.76488695625 0.2726762984375 0.7757612703125 0.273772165625 0.8220181 0.27968835937500003 0.8575584812500001 0.28088123125000003 0.9065930906249999 0.2679076234375 0.9813350234375001 0.2668017203125 1 0.322915675 1
1 0.42049664218749994 1 0.42435099843749996 0.9799622906250001 0.42081751875 0.9331132968750001 0.41364391562499997 0.9008665421875 0.4118786046875 0.8811670046875001 0.42232002187499995 0.7767924671875 0.416680834375 0.756311103125 0.41239416406249996 0.752865378125 0.3995914265625 0.752865378125 0.3924325671875 0.7622470296875 0.3891161828125 0.7722196390625 0.387044278125 0.8018492687500001 0.3884915671875 0.8410782796875 0.38557795 0.8827449453125 0.3828125 0.89172646875 0.3828125 1 0.42049664218749994 1
1 0.26371224843749996 1 0.27432046718750003 0.9352098046874999 0.27432046718750003 0.9034253187499999 0.270455 0.8819592703125 0.2711447171875 0.7770928421875001 0.2647995421875 0.762268928125 0.25635845 0.7582707609374999 0.2465488234375 0.7627243265625 0.2404155515625 0.7794213593749999 0.2397402578125 0.7952410328124999 0.245437053125 0.8606660421875001 0.24545499999999998 0.8838536578125 0.24017480156249998 0.9259939218749998 0.2353543921875 0.9430552515624999 0.23467909374999998 0.9588749249999999 0.2328125 0.9617668078125 0.2328125 0.9965190015625 0.2330905125 1 0.26371224843749996 1
1 0.240083809375 1 0.240083809375 0.8480035375 0.23699858125 0.7747201265625 0.2304423125 0.7600816703125 0.2266045515625 0.7570308921875 0.221364978125 0.7570308921875 0.2152679828125 0.75836416875 0.2109375 0.7704481984375 0.2109375 0.7931309078125001 0.2174604859375 0.8317978593750001 0.2196759859375 0.8678816734374999 0.21227630625 0.9071505734375 0.2109375 0.9217516828125 0.2109375 0.9442511453125 0.2129508515625 0.9708210968749998 0.218507346875 1 0.240083809375 1
1 0.51875 1 0.51875 0.9412320296875001 0.5130497187499999 0.9111767140625 0.5010850015625 0.867791525 0.5025471125000001 0.7696130734375 0.495869696875 0.755336978125 0.48489987343749996 0.75268646875 0.48125 0.7566716015624999 0.48125 0.7572878328125 0.4874321703125 0.7688629015625 0.49129348593750005 0.7873389953125 0.49020504843749996 0.8280979187499999 0.487805590625 0.8457208140624999 0.4896768640625 0.9170049875 0.5059483109375 0.9723787312500001 0.511089190625 1 0.51875 1
1 1 1 1 0.509375 0.876568553125 0.509375 0.878253596875 0.5236041796875 0.8811773593750001 0.5715822671875 0.8856203578125001 0.706597390625 0.8847330203125001 0.7752859703125 0.8784147250000001 0.8017645953125001 0.860106325 0.9182375031250001 0.8483821046875001 0.9637023156249999 0.8360686890625001 1 1 1