2 0 0.4890625 0.253125 0.4890625 0.253125 0.48409960625000004 0 0.38781049218749997 0 0.4890625
1 0.49257463437500004 0 0.49257463437500004 0.1453125 0.5080938265625 0.1453125 0.514158834375 0.1407444375 0.523970965625 0.1145828703125 0.5384422078125 0.0579339421875 0.5433118046875001 0.0246688046875 0.543973528125 0 0.49257463437500004 0
0 0.7638725531249999 0.4890625 0.765898734375 0.48443085 0.782503240625 0.4306278953125 0.7875 0.39755980625 0.7875 0.3544703984375 0.7794751718749999 0.3052641828125 0.76439793125 0.2700267015625 0.7824973890625 0.16894090625 0.78554945625 0.128663128125 0.7777058765625 0.10129185624999999 0.7690675812500001 0.09129685 0.7508438 0.083806834375 0.7216663624999999 0.0968773703125 0.7090975859374999 0.1180869 0.7037624671875 0.147162640625 0.7048124437500001 0.2710768453125 0.6805576109375 0.3170980921875 0.6805576109375 0.4890625 0.7638725531249999 0.4890625
0 0.908489584375 0 0.9057291671875 0.09201388906249999 0.8817708328125 0.13229166718750002 0.8744791671875 0.162847221875 0.8744791671875 0.178125 0.8869791671874999 0.203125 0.8984375 0.24479166718749998 0.9005208328125001 0.29201388906250003 0.8973958328125 0.3142361109375 0.90625 0.3204861109375 0.9213541671875 0.31979166718749996 0.9328125 0.3114583328125 0.9390625 0.2947916671875 0.9494791671874999 0.215625 0.9692708328125 0.162847221875 0.9651041671874999 0.13506944375000002 0.9536458328125 0.11006944375000001 0.9515625 0.0947916671875 0.9671684453125 0 0.908489584375 0
0 1 0 0.972800534375 0 0.9703125 0.03506944375 0.9588541671874999 0.055902778125 0.9536458328125 0.08090277812499999 0.9546875 0.10868055624999999 0.9661458328125001 0.13368055625 0.9703125 0.1572916671875 0.9744791671874999 0.15868055625 0.9979166671874999 0.13298611093749999 1 0.13137792343750002 1 0
0 0.5926267109375 0 0.6015625 0.07256944374999999 0.5890625 0.10669642812499999 0.5890625 0.230902778125 0.5984375 0.2642361109375 0.6088541671875001 0.2892361109375 0.6213541671875 0.29756944375 0.6255208328124999 0.21840277812500003 0.6359375 0.18506944375 0.6484375 0.162847221875 0.6515625 0.1420138890625 0.6401041671875001 0.040625 0.6467692046875 0 0.5926267109375 0
0 0.69912109375 0 0.7057291671875 0.01006944375 0.7119791671875 0.0295138890625 0.7088541671875 0.09201388906249999 0.7088541671875 0.10868055624999999 0.7119791671875 0.11145833281249999 0.7260416671875001 0.08993055625 0.7526041671875 0.078125 0.7505208328124999 0.050347221875 0.7359375 0.02256944375 0.7366145828125 0 0.69912109375 0
0 0.8776041671874999 0.380902778125 0.8963541671874999 0.31006944375 0.8994791671875 0.28090277812500003 0.8932291671874999 0.2295138890625 0.8817708328125 0.19618055625 0.8713541671874999 0.1822916671875 0.8859375 0.053125 0.8776041671874999 0.0295138890625 0.8604166671875 0.016319443750000003 0.8354166671875 0.0204861109375 0.8192708328125 0.043402778125 0.8161458328125001 0.065625 0.8213541671875 0.1767361109375 0.7973958328125 0.21979166718749998 0.7890625 0.265625 0.7890625 0.2795138890625 0.8036458328125 0.3142361109375 0.8109375 0.3489583328125 0.8151041671874999 0.4114583328125 0.828125 0.421875 0.8484375 0.42256944374999994 0.8640625 0.412847221875 0.8776041671874999 0.380902778125
0 0.6543262765625 0 0.6442708328125 0.0197916671875 0.6421875 0.043402778125 0.6515625 0.16006944375 0.6369791671875 0.1864583328125 0.6286458328125 0.215625 0.6244791671875001 0.28090277812500003 0.6328125 0.33506944375000003 0.6494791671875 0.390625 0.6625 0.40659722187499997 0.6786458328125 0.40868055625000005 0.6838541671875 0.34756944375 0.6963541671875 0.3114583328125 0.7151041671875 0.275347221875 0.7171875 0.25729166718749996 0.7109375 0.17256944375 0.7057291671875 0.155902778125 0.7109375 0.0295138890625 0.6966724531249999 0 0.6543262765625 0
0 0.7489073828125 0 0.7494791671875001 0.03506944375 0.7536458328125 0.078125 0.775 0.09131944374999999 0.7901041671875 0.12673611093749998 0.7901041671875 0.162847221875 0.7817708328124999 0.2295138890625 0.7817708328124999 0.26006944375 0.7859375 0.2670138890625 0.7963541671875 0.21701388906250002 0.8182291671874999 0.1767361109375 0.8192708328125 0.153125 0.8130208328125 0.11701388906250001 0.7984375 0.087847221875 0.8046384796874999 0 0.7489073828125 0
1 0.1890625 1 0.1890625 0.8375637062500001 0.18187946093750001 0.8226567750000001 0.1765139015625 0.820100734375 0.1669738765625 0.820100734375 0.1577578328125 0.8253149140625 0.15233121562500002 0.8430240453125 0.15863976562499998 0.9444538781249999 0.1576471328125 0.9863252640625 0.15441735625 1 0.1890625 1
1 0.303056334375 1 0.30209437499999997 0.9894303437499999 0.3041992515625 0.9616525640625 0.321875 0.8818869265625 0.321875 0.8389716249999999 0.3131833921875 0.8275906875000001 0.29969165625 0.829982021875 0.290172984375 0.847104446875 0.2782682125 0.9525463421874999 0.27158108125 0.9787988390625 0.2619186875 1 0.303056334375 1
1 0.423046875 1 0.41875 0.9732638890625 0.41875 0.9427083328125001 0.43203125 0.8677083328125 0.43203125 0.8496527781250001 0.427734375 0.8364583328125 0.416015625 0.828125 0.406640625 0.8322916671874999 0.3984375 0.8510416671875 0.39453125 0.944097221875 0.390625 0.9635416671874999 0.37713301875 1 0.423046875 1
1 0.27179418125 1 0.27578125 0.987152778125 0.27421875 0.9524305562500001 0.26875 0.921875 0.27890625 0.8052083328125 0.273046875 0.7920138890625 0.266796875 0.787847221875 0.255859375 0.790625 0.24921875 0.8052083328125 0.24453125 0.9121527781250001 0.225 0.969097221875 0.22082812500000001 1 0.27179418125 1
1 0.1484375 0.8524305562500001 0.15859375 0.81631944375 0.15625 0.7927083328125001 0.147265625 0.780902778125 0.133984375 0.7864583328125001 0.1265625 0.8010416671874999 0.121875 0.921875 0.109375 0.9635416671874999 0.112890625 0.97118055625 0.14375 0.9802083328125001 0.14765625 0.93993055625 0.1484375 0.8524305562500001
1 0.08828125 0.9427083328125001 0.08828125 0.9704861109374999 0.10078125 0.9704861109374999 0.10859375 0.96493055625 0.121875 0.9177083328125001 0.12578125 0.8038194437499999 0.130859375 0.7892361109375 0.140625 0.77881944375 0.1390625 0.762152778125 0.129296875 0.750347221875 0.116796875 0.7545138890625 0.11171875 0.7677083328125001 0.1109375 0.8552083328125001 0.08828125 0.9427083328125001
1 0.66875 0.984375 0.66875 0.8376787718750001 0.6680670203125001 0.834226840625 0.66875 0.8299293953125 0.66875 0.523752103125 0.656340990625 0.4996406140625 0.6388136421875 0.49767209218749997 0.6324251109375 0.49767209218749997 0.6177742453125 0.52297515625 0.6365956765625 0.6808700515625 0.615191584375 0.7827457796875 0.618547334375 0.8678232843749999 0.6493628046875 0.97471260625 0.65877715625 0.984375 0.66875 0.984375
1 0.8538859000000001 0.689171421875 0.875 0.541498640625 0.875 0.5330166234375 0.857032746875 0.49385238906250006 0.8337769328124999 0.4931757140625 0.8093262718750001 0.5253551640625 0.80215716875 0.72249191875 0.7848644890625 0.7718388375 0.7848644890625 0.8375 0.7860813671875 0.8375 0.8100788156250001 0.8059170281250001 0.860661840625 0.7706284312499999 0.8538859000000001 0.689171421875
1 1 0.512522121875 0.9962047796875 0.5030707046875 0.9703649875 0.495348696875 0.9484011625000001 0.5281672296875 0.9561531000000001 0.6864683874999999 0.9354812656250001 0.7675494687500001 1 0.83538963125 1 0.512522121875
1 0.8760497421875 0.5127232140625 0.8734657625000001 0.7366614375 0.88509366875 0.773340975 0.9303133078125001 0.7714104734375 0.9354812656250001 0.752105453125 0.9173934109375 0.6903293921875 0.9251453484375001 0.5358892375 0.9109334624999998 0.5030707046875 0.8876776484375 0.49920970000000003 0.8760497421875 0.5127232140625
1 0.7875378046875 1 0.78044250625 0.883379584375 0.801114340625 0.7598274609375 0.785610465625 0.7057734078125 0.7959463828125 0.5358892375 0.7765665375 0.495348696875 0.7584786828125 0.49148769375 0.7313468999999999 0.5320282328125 0.7390988375 0.7096344109375 0.7080910859375 0.82932553125 0.70550710625 0.9181286203125001 0.722727596875 1 0.7875378046875 1
1 0.720587878125 1 0.7029231265625 0.8717965734374999 0.7287629203125 0.74824445 0.718427003125 0.663302365625 0.726178940625 0.5243062265625 0.7119670546875 0.49920970000000003 0.6912952203125 0.495348696875 0.6693313953125 0.5281672296875 0.6770833328125 0.6941903953125 0.6486595609375 0.8022985031250001 0.6460755812500001 0.894962596875 0.6687518234375001 1 0.720587878125 1
0 1 1 1 0.8416841906249999 0.9600290703125001 0.7887849906250001 0.9290213171874999 0.773340975 0.8721737718749999 0.777201978125 0.8282461234374999 0.8119510140624999 0.7959463828125 0.8679355687499999 0.7830264859375 0.925850628125 0.7830264859375 0.9876266890625001 0.7859491375000001 1 1 1