0 0.4234658515625 0.2113350390625 0.4286382140625 0.1837209546875 0.4280167625 0.159610503125 0.421193796875 0.13250402187500002 0.408748540625 0.1140028609375 0.397630275 0.1057803125 0.3816987015625 0.1057803125 0.370206875 0.11265695625000001 0.357131296875 0.13026690937500002 0.3515625 0.145557359375 0.3515625 0.2050198125 0.35357721249999996 0.21445341718750002 0.365420825 0.23756601718749998 0.3776557484375 0.246875 0.40176387968749994 0.246875 0.41133496718749996 0.23453692343750002 0.4234658515625 0.2113350390625
1 0.465625 0 0.465625 0.053125 0.47079626093750004 0.053125 0.475535671875 0.0494600328125 0.48002940625 0.026372496875000002 0.48763989375000005 0.0098513 0.4892784703125 0 0.465625 0
1 0.428125 0 0.428125 0.03260524375 0.4287511765625 0.038489742187499995 0.43712335781249995 0.06853223281250001 0.43731786875 0.06875 0.45834771874999997 0.06875 0.45834771874999997 0 0.428125 0
1 0.3609375 0 0.3609375 0.0038329421874999997 0.36098969062499997 0.0060752671874999995 0.36910030312500003 0.041557565625 0.3726904546875 0.0504918078125 0.376164753125 0.0515625 0.3863604875 0.0515625 0.3916685453125 0.0498775328125 0.3942332140625 0.025930793749999997 0.397963115625 0.013759437499999999 0.397963115625 0 0.3609375 0
1 0.8867377281250001 0 0.8869374999999999 0.0043749999999999995 0.8909375 0.022125 0.8964375 0.040125 0.8986875 0.042749999999999996 0.9014374999999999 0.043625000000000004 0.9066875 0.04375 0.9101874999999999 0.042749999999999996 0.9144375 0.039625 0.9206041671874999 0.013875000000000002 0.9229558625 0 0.8867377281250001 0
0 0.22330910468749998 0.6650443187499999 0.21547053749999998 0.6513364828125 0.20620867187499997 0.6445276171875 0.1963290015625 0.6432561203125 0.1847413703125 0.6502633953125 0.178125 0.660682559375 0.178125 0.7232670859375 0.18623276875 0.7390625 0.2117676484375 0.7390625 0.22238786406250002 0.7178220984375 0.226893934375 0.6985231546875 0.22669634374999997 0.6799864515625 0.22330910468749998 0.6650443187499999
1 0.1239973625 0.6078583984374999 0.1320014265625 0.5850013484375 0.1359494484375 0.553592640625 0.13039291718749998 0.5096617328124999 0.1358440484375 0.4653143203125 0.13343552187500002 0.45916238125 0.1281565328125 0.45625 0.1276191890625 0.45625 0.12413068437500001 0.4577998093750001 0.121260715625 0.46463509062499997 0.1203125 0.49314694531250003 0.1203125 0.6109375 0.1205761953125 0.6109375 0.1239973625 0.6078583984374999
1 0.16866009375 0.461637646875 0.1628015515625 0.4640817390625 0.1596135234375 0.4708593421874999 0.1604528609375 0.5201154265625 0.15625 0.5336341421874999 0.15625 0.6140625 0.1682458203125 0.6140625 0.1686402921875 0.6134360624999999 0.17709302968750001 0.5777193078125 0.1775640859375 0.556392675 0.16943640625 0.51785334375 0.1742831078125 0.4698568734375 0.16866009375 0.461637646875
1 0.21242840312500003 0.4822083703125 0.2102818546875 0.4733454015625 0.204334184375 0.46949622656249995 0.199491396875 0.4744857781249999 0.197248653125 0.48278274374999997 0.19540993281250002 0.524485778125 0.1921875 0.53544605 0.1921875 0.625 0.19416329999999998 0.625 0.1993017546875 0.6238386703125001 0.20669373906250002 0.6036016468750001 0.21118747343750002 0.5805141125000001 0.21143895625 0.558255521875 0.20649035312500003 0.5293821031249999 0.21242840312500003 0.4822083703125
1 0.20243671718749998 0.6046875 0.19926146250000001 0.5634542031249999 0.20456357500000003 0.524938709375 0.20155825312500003 0.5075039828125 0.200817415625 0.48339044218749994 0.2019431875 0.47493870937500005 0.206756428125 0.4678719593749999 0.206756428125 0.4654547203125 0.20509728593749998 0.46029086093749993 0.2007365203125 0.45690288749999997 0.1945835703125 0.45922833750000003 0.19375 0.46222697031250004 0.19375 0.47807767968750003 0.19711338125 0.5124888109375 0.19375 0.5287271609374999 0.19375 0.5831332953125 0.1941760796875 0.586150021875 0.19940771562499998 0.6046875 0.20243671718749998 0.6046875
1 0.237699028125 0.48599327500000006 0.2441465953125 0.472380278125 0.236346675 0.461424403125 0.231702278125 0.46308525624999997 0.22854315 0.47266953437500003 0.2327026015625 0.5172413125 0.225 0.5564235375 0.225 0.58032803125 0.22938599062499998 0.603125 0.23213069218750002 0.603125 0.2318907890625 0.5717860531250001 0.2393405265625 0.534162646875 0.2373901015625 0.5174323125 0.237699028125 0.48599327500000006
1 0.255517465625 0.5781013046875 0.247902615625 0.5353026296875 0.25190774843749997 0.48721509375 0.24924523125000003 0.48020397500000006 0.2435968890625 0.47729285 0.2395424609375 0.4822945234375 0.2371358265625 0.49335714374999995 0.237593715625 0.5313564734374999 0.2328125 0.5521291640625 0.2328125 0.63119914375 0.23435624375000003 0.633665228125 0.237971975 0.634375 0.24596604531250002 0.634375 0.2500306578125 0.6233746953124999 0.2543230875 0.6012373312499999 0.255517465625 0.5781013046875
1 0.27156338281250003 0.5177166 0.2696345625 0.486098415625 0.27555191093750003 0.4699169375 0.27555191093750003 0.46677835000000006 0.27111809375 0.457091234375 0.265920534375 0.45756149062499996 0.2615742578125 0.464118615625 0.26124735781249997 0.48073971562499995 0.26520564062499996 0.5079105375 0.2609375 0.526994678125 0.2609375 0.5880453359375 0.2615416828125 0.5954633984375001 0.26510427812500004 0.60625 0.266111440625 0.60625 0.2684094828125 0.6043891 0.270593459375 0.568505825 0.27156338281250003 0.5177166
1 0.2912302171875 0.5465205890625 0.287713875 0.53582690625 0.28375001875 0.5165341359375001 0.285321090625 0.494129903125 0.2838290515625 0.48027134999999993 0.2809996984375 0.4734634140624999 0.275597125 0.4709889859375 0.2734375 0.4750446078125 0.2734375 0.5203838515625 0.27501963281249997 0.5337771703125 0.27545286406249997 0.5923228484375 0.278763534375 0.61723184375 0.2824815578125 0.6234375 0.2912302171875 0.6234375 0.2912302171875 0.5465205890625
1 0.30663332187500003 0.461976996875 0.300758578125 0.464588071875 0.2980508859375 0.471464321875 0.298228765625 0.5178363906250001 0.29375 0.5341659765625 0.29375 0.6125 0.30613660625 0.6125 0.3144910046875 0.5758045218750001 0.3147110078125 0.5517001374999999 0.3083187015625 0.5144206265625 0.31315505312499997 0.4719038078125 0.31065441250000003 0.4648760109375 0.30663332187500003 0.461976996875
1 0.33125 0.5634167515625 0.3321917125 0.5716162406249999 0.33996985625 0.6029158421874999 0.34468882968750003 0.609375 0.34954257499999997 0.609375 0.34954257499999997 0.5240268546875 0.3469275859375 0.5153877328125 0.34530736875 0.46994461093749995 0.3437366234375 0.4634995046875 0.33844510781250003 0.4578125 0.337978309375 0.4578125 0.33227416718749997 0.46064980312500003 0.33125 0.4640224984375 0.33125 0.473135496875 0.3360574234375 0.510195934375 0.33125 0.5489317984375 0.33125 0.5634167515625
1 0.8045449124999999 0.5399096140624999 0.8130534984375 0.4483157234375 0.8071576578125 0.427831153125 0.8001462171875 0.4227216484375 0.7959590296875 0.4227216484375 0.78616915 0.4254598078124999 0.777431728125 0.44247524218750006 0.774254340625 0.57752495 0.7734375 0.5802122703125 0.7734375 0.7671875 0.7838168515625 0.7671875 0.8038794109375 0.7607944437499999 0.8134587828125 0.7326679031250001 0.8169156687499999 0.7077406749999999 0.8192026406249999 0.6465204015625 0.8044680578125 0.571963221875 0.8045449124999999 0.5399096140624999
2 0.76875 1 1 1 1 0.6921902359375001 0.76875 0.7666049078125 0.76875 1