1 1 0.3890625 1 0 0.945463690625 0 0.9533827359375 0.12469920000000001 0.91752460625 0.27505622500000004 0.9163437671875 0.32157339375 0.9163437671875 0.3639900984375 0.9228157703125 0.3890625 1 0.3890625
1 0.831493634375 0 0.829864403125 0.006490409375000001 0.8377697953125001 0.1257326546875 0.8130124593750001 0.22676914843749998 0.8130124593750001 0.28217228437499997 0.8147587968749999 0.29974816406250004 0.8130124593750001 0.3312759625 0.8130124593750001 0.3890625 0.8989324578125 0.3890625 0.9051163296875 0.3678020796875 0.9109375 0.2795913734375 0.9109375 0.26053068125 0.8810594890625 0.1249490515625 0.8892684609374999 0 0.831493634375 0
1 0.7425788296875 0 0.7414194578125001 0.0012296124999999999 0.7365794484375 0.028642335937500003 0.7471175953125 0.1213168875 0.744016978125 0.16125870312499999 0.7800321171875 0.193134178125 0.80625 0.242994784375 0.80625 0.23059955 0.7872630421875 0.1470150890625 0.791492178125 0.014602365624999999 0.7845117390625 0 0.7425788296875 0
1 0.94216686875 0 0.934720490625 0.018236475 0.9384777515625 0.143197690625 0.9152066484375 0.230905509375 0.9152066484375 0.265625 0.9157288203124999 0.265625 0.9484375 0.1360581609375 0.9484375 0.05832801562499999 0.9447882328125001 0 0.94216686875 0
0 0.8140625 0.3890625 0.8140625 0.2487610328125 0.8118049218750001 0.23966926093750002 0.7730023859374999 0.1771705875 0.738504659375 0.1533346125 0.7137512359375 0.150735096875 0.679274840625 0.150735096875 0.6408699609374999 0.171768490625 0.6042067421875 0.22688621874999998 0.6 0.242588028125 0.6 0.38810339374999997 0.600269253125 0.3890625 0.8140625 0.3890625
1 0.07694739218749999 0.8265625 0.0892577203125 0.8156060468749999 0.10658277499999999 0.772468678125 0.126389134375 0.6862802984374999 0.12844946562499998 0.64878484375 0.12294009374999999 0.5669085765624999 0.1313718234375 0.507163628125 0.145948309375 0.4487712078125 0.146875 0.43654177499999997 0.146875 0.4216902546875 0.1420520984375 0.40228660937500005 0.13018355937499998 0.394026 0.11648133593750001 0.399658821875 0.10487394531250001 0.42402119374999997 0.0970413671875 0.5170812921875 0.09008305 0.557381796875 0.06920659375 0.6065132453125 0.06920659375 0.8260396921875 0.07445850312499999 0.8265625 0.07694739218749999 0.8265625
1 0.0811824125 0.3890625 0.0749620359375 0.46207419843749997 0.0639922234375 0.5032858390625 0.0578920109375 0.5113006546875 0.052781228125 0.5268821390625 0.052781228125 0.640625 0.0531012765625 0.640625 0.0551962953125 0.6297202328125 0.08258851406249999 0.5685398078125 0.0921010671875 0.5258482718749999 0.0989419109375 0.4355704953125 0.103540321875 0.4163080625 0.1125 0.40069990468750005 0.1125 0.3890625 0.0811824125 0.3890625
1 0.0622576625 0.3890625 0.057917834375 0.4454248359375 0.04942621875 0.46154520000000004 0.0399148 0.4921075765625 0.0399148 0.6125 0.0400809140625 0.6125 0.045963003125 0.5657664984374999 0.06815411875 0.5018544781250001 0.07676996875 0.4634572640625 0.08180346875 0.3890625 0.0622576625 0.3890625
1 0.2479048859375 0.7828125 0.2696102 0.7828125 0.2737684046875 0.7774945859375 0.283707496875 0.7476215703125 0.284375 0.7434281687500001 0.284375 0.5970618234374999 0.2788218703125 0.5701623109375 0.2768527390625 0.522985590625 0.284375 0.482419375 0.284375 0.42830640625000005 0.28129214999999996 0.418738765625 0.268225896875 0.4082885015625 0.2574501828125 0.4104292421875 0.2494769765625 0.4272670734375 0.2494834671875 0.5476908828125 0.2281513625 0.622578184375 0.2238172859375 0.6818453812499999 0.22519247656250002 0.7054564921875001 0.23664518750000002 0.7684115171875 0.2479048859375 0.7828125
1 0.203285340625 0.3890625 0.19644029375 0.4526692671875 0.18859547968749998 0.4943359328125 0.1735673203125 0.5245341546875 0.1735673203125 0.684375 0.1798775453125 0.684375 0.182876084375 0.6832248234375 0.1942223265625 0.6262803781249999 0.21604055 0.5651692671874999 0.21327974843750003 0.49850259999999996 0.233298346875 0.3890625 0.203285340625 0.3890625
1 0.33818768125 0.746875 0.3505534875 0.746875 0.35888610781249997 0.735506840625 0.37001753437499996 0.7012806859375 0.3820837375 0.6406018734375 0.3822776671875 0.607268540625 0.375634271875 0.5411758265625 0.378977440625 0.5034207375 0.3875 0.46223075781249995 0.3875 0.41301800625 0.38291005 0.40961030000000004 0.36651311249999996 0.40961030000000004 0.358336190625 0.42736482656249997 0.3515205671875 0.52509723125 0.323716240625 0.60649595 0.31861364375 0.6396440984374999 0.31861364375 0.6981791718749999 0.3222077578125 0.7315597234375 0.33266171093749997 0.7466710109375001 0.33818768125 0.746875
0 0 0.8832740171874999 0.0019839828125 0.8821177406250001 0.017167134375 0.8615485046875001 0.0345822109375 0.8248590468749999 0.04375 0.7804026765625001 0.04375 0.7048288312500001 0.0372247171875 0.6734701578125 0.020434493749999998 0.629663259375 0 0.6127858375 0 0.8832740171874999
2 0.6 1 1 1 1 0.8877393437500001 0.6 0.8877393437500001 0.6 1