2 0 0.5 0.35 0.5 0.35 0.4154390453125 0 0.44528821250000006 0 0.5
1 0.29444185625 0.36319720312500003 0.3150552765625 0.36533951875000004 0.3357103421875 0.3671875 0.3485665 0.3671875 0.3485665 0.2692776109375 0.33860998750000004 0.2385584109375 0.33398109374999996 0.1738286265625 0.33457196875 0.1214760015625 0.330891821875 0.08532237499999999 0.32542902812499996 0.0701674390625 0.31910969375 0.05999880625 0.3117735953125 0.055296442187499996 0.3035240375 0.055296442187499996 0.29410969374999996 0.0579580734375 0.290625 0.0641499671875 0.290625 0.12904352187499998 0.297881578125 0.16904322031250002 0.3046748125 0.23486899218750001 0.2938521625 0.3121271765625 0.2910044984375 0.3505058828125 0.2918145796875 0.3597651421875 0.29444185625 0.36319720312500003
1 0.23236723124999997 0.1142129140625 0.2272558625 0.097667471875 0.2218382875 0.0889984625 0.21353727656250002 0.08363686718749999 0.2052039421875 0.083830828125 0.191586859375 0.0971089765625 0.186013065625 0.11529181875000001 0.1853090765625 0.1467854203125 0.1901888125 0.203145678125 0.1914065515625 0.2623685703125 0.1765625 0.3326445765625 0.1765625 0.3640625 0.24586169062500002 0.3640625 0.2460492625 0.3583058046875 0.2297758375 0.2911011328125 0.22474527187499999 0.2606668015625 0.22490687812500001 0.2328890234375 0.2321355953125 0.1540277296875 0.23236723124999997 0.1142129140625
1 0.8516185374999999 0 0.8519019390625001 0.0110398953125 0.86294905625 0.103713378125 0.8645409328125 0.1579174515625 0.8478911546875001 0.256876553125 0.846875 0.2741839921875 0.846875 0.3320885859375 0.8471047437500001 0.33944796093749996 0.85010533125 0.3724071453125 0.8553177390624999 0.3880806296875 0.8562574749999999 0.407121440625 0.8768760531249999 0.5 0.905625215625 0.5 0.905625215625 0.17751640468750002 0.8997831796875001 0.1449787953125 0.8971304453125001 0.076774725 0.8996447734374999 0.030284948437499997 0.898299753125 0 0.8516185374999999 0
1 0.7765625 0 0.7765625 0.0109426828125 0.777215 0.023218 0.7857893421875 0.08150370312500001 0.7899887984375 0.12950370312499998 0.787663321875 0.1710139265625 0.7765625 0.23230006250000002 0.7765625 0.3034503609375 0.782548634375 0.3622180828125 0.8038600578124999 0.45827926406249997 0.8112662234375 0.4663302609375 0.8157095812499999 0.4671875 0.8228813078125 0.4671875 0.8228813078125 0.16005027031250002 0.8215010375 0.1549117671875 0.8183015812499999 0.1069933953125 0.82061481875 0.0426464296875 0.8188777375 0.0057688734375000005 0.8174893484375 0 0.7765625 0
1 0.6986298546875 0.1723131546875 0.6951860046875 0.1414413203125 0.6995065203124999 0.061928656250000005 0.6992024 0.033864573437500003 0.6932243109374999 0.0131849875 0.6835318390625 0.0042777546875000004 0.6765318390624999 0.0047263359375 0.6702647203125001 0.010142874999999999 0.663969521875 0.031107475000000002 0.6652859765625 0.0701395171875 0.6692298250000001 0.10097930937499999 0.6708380671875 0.15704339218750002 0.655203853125 0.241293009375 0.653125 0.28749365312499997 0.653125 0.2922999671875 0.6565353984375 0.3344852578125 0.6699820015625 0.4078444296875 0.673056775 0.415625 0.7014889453125 0.415625 0.7014889453125 0.184524671875 0.6986298546875 0.1723131546875
1 0.7214981406250001 0 0.7159577968749999 0.0123163171875 0.7143007156250001 0.03935123125 0.717765475 0.1312581296875 0.715625846875 0.15530467812499998 0.6997825953125 0.214665446875 0.69375 0.24902436875 0.69375 0.3729743359375 0.70006666875 0.423630534375 0.7032998625 0.4390625 0.7374578609375 0.4390625 0.7472121140625 0.3975365984375 0.74400300625 0.347618059375 0.744293896875 0.297618059375 0.7475266109375001 0.257548234375 0.75371278125 0.2254085828125 0.753765140625 0.21640858281250003 0.745044396875 0.16861805937500002 0.743765475 0.1306529734375 0.746405103125 0.106594784375 0.7454923703125 0.091618059375 0.7511727234375 0.060490046875 0.752911253125 0.0194551328125 0.747898490625 0 0.7214981406250001 0
1 0.8273594078125001 0.0344825421875 0.8245263312500001 0.04742435 0.821875 0.1106536015625 0.821875 0.2124187953125 0.836208215625 0.169991740625 0.843643365625 0.1321372265625 0.8478087546874999 0.067137225 0.847359025 0.0155281140625 0.8334104453125001 0.0221353015625 0.8273594078125001 0.0344825421875
1 0.8973125 0.155875 0.8923124999999998 0.195875 0.9043125 0.264875 0.9068125 0.323875 0.9033125 0.38487499999999997 0.8893125000000002 0.460875 0.8930624999999999 0.465375 0.9003125000000001 0.46587500000000004 0.9170625000000001 0.46637500000000004 0.9203125 0.46287500000000004 0.9388124999999998 0.373875 0.9433125 0.319875 0.9408125 0.26387499999999997 0.9258124999999999 0.18587499999999998 0.9243124999999999 0.161875 0.9268125000000002 0.11487499999999999 0.9333124999999999 0.063875 0.9338124999999999 0.033875 0.9275625 0.012375 0.9180624999999999 0.002375 0.9045625000000002 0.007375 0.8963125 0.023875 0.8943125000000001 0.036875000000000005 0.8973125 0.155875
1 1 0 0.9783249999999999 0 0.9773125 0.001875 0.9738125 0.016875 0.9728125000000001 0.05387499999999999 0.9773125 0.147875 0.9728125000000001 0.18587499999999998 0.9528125 0.264875 0.9478125000000001 0.298875 0.9458125 0.330875 0.9488125000000001 0.396875 0.9618125 0.48587499999999995 0.9640625 0.492375 0.9685625 0.495375 0.9858125000000001 0.49787499999999996 0.9920625000000001 0.49837499999999996 0.9963124999999999 0.49387499999999995 0.9963124999999999 0.444875 1 0.401546875 1 0
0 0.35 0.5 0.51051654375 0.5 0.5168125 0.48287500000000005 0.5233125000000001 0.45187499999999997 0.5270625 0.44437499999999996 0.5450625 0.433375 0.5528125 0.41987500000000005 0.5568125 0.377875 0.5563125 0.317875 0.5533125 0.26887500000000003 0.5433125000000001 0.223875 0.5318125 0.188875 0.5140625 0.15537499999999999 0.4885625 0.125375 0.4685625 0.110375 0.4145625 0.08937500000000001 0.3860625 0.08837500000000001 0.3610625 0.095375 0.35 0.1041547625 0.35 0.5
1 0.1828125 0.5 0.1828125 0.5077248 0.19243137500000002 0.5710496093749999 0.2242664265625 0.6512153406250001 0.2453109515625 0.6878383671874999 0.26647305 0.690341484375 0.29497141718750003 0.6921875 0.31334415625 0.6921875 0.31334415625 0.5 0.1828125 0.5
1 0 0.5 0 0.6783862421875 0.002599790625 0.68125 0.0712335375 0.68125 0.0842395546875 0.669243134375 0.10651453125000002 0.5999839859375 0.114599740625 0.55292715 0.113112346875 0.5 0 0.5
1 0.09611580625 0.5 0.09074394999999999 0.565524303125 0.0667872140625 0.64622873125 0.0746680078125 0.646875 0.0824237046875 0.646875 0.0938503609375 0.6391891234375 0.11600476562499999 0.58660969375 0.1308809546875 0.5 0.09611580625 0.5
1 0.8818628562499999 0.9671875 0.9001073484375001 0.9671875 0.9001073484375001 0.8634339046875 0.88980208125 0.8290715750000001 0.8855491593749999 0.7804604640624999 0.8875462375 0.7323595359375 0.884334746875 0.704517984375 0.8823859671874998 0.7021476078125 0.8515625 0.7021476078125 0.8515625 0.7398607875 0.8623368187499999 0.8254506359375 0.8515625 0.8915677125 0.8515625 0.9621000375000002 0.8524046656250001 0.9646053296874999 0.8575435468750001 0.9657142984375 0.8818628562499999 0.9671875
1 0.60108604375 0.7001049484375 0.5872176093749999 0.7051727828125001 0.57917121875 0.7258874140625 0.589745375 0.8519759140625001 0.5752051171874999 0.9267385140624999 0.5734375 0.9537446765625 0.5734375 0.9671875 0.6299896359374999 0.9671875 0.6339066296875 0.9667364609375 0.6339066296875 0.9052738703125 0.6179350640625 0.8515624718750001 0.6184277843749999 0.72755084375 0.6091572984375 0.7051598562500001 0.60108604375 0.7001049484375
1 0.40907103593750005 0.6941793515625 0.3735120421875 0.6970900484375 0.3785363734375 0.773351646875 0.37754503437500003 0.809480946875 0.3609375 0.8868087078125001 0.3609375 0.9625 0.423684028125 0.9625 0.42668852187499995 0.955539403125 0.4246922265625 0.8958717343749999 0.406451284375 0.80880814375 0.405904365625 0.7685485484375001 0.41172056718750005 0.708699040625 0.40907103593750005 0.6941793515625