1 0.1601748375 0.1459324828125 0.154783434375 0.12883770156250002 0.1471972734375 0.1224016703125 0.1346326046875 0.12432624375000001 0.1283035125 0.1340833171875 0.125343671875 0.1442836484375 0.1237558140625 0.17484223593749998 0.12637045 0.21926244218750002 0.123776746875 0.26371294375 0.1140625 0.2987840828125 0.1140625 0.3703125 0.1617763125 0.3703125 0.1660533359375 0.3652981484375 0.1637331984375 0.3273563921875 0.151837078125 0.26540116875 0.155468959375 0.20613282187499998 0.15979031875 0.1718553796875 0.1601748375 0.1459324828125
1 0.073667415625 0.128271525 0.069825128125 0.11397118749999999 0.061310517187500004 0.10574087812499999 0.0484709609375 0.11421966406249999 0.04174566875 0.132344915625 0.039671490625 0.247129428125 0.036244662500000004 0.25457319843750004 0.028125 0.28843521562499996 0.028125 0.365625 0.0754985953125 0.365625 0.0772183765625 0.36052741875 0.07657609374999999 0.312409575 0.063592096875 0.24777657187500002 0.0656598015625 0.20980755 0.0732450375 0.15141361250000002 0.073667415625 0.128271525
1 0.2987088453125 0.102877165625 0.2946553625 0.100220625 0.2753468046875 0.10170727500000001 0.2692932578125 0.11621825156250001 0.2672568125 0.23003136875000002 0.2546875 0.2849696734375 0.2546875 0.3703125 0.2987505265625 0.3703125 0.3029849078125 0.368178421875 0.30557389375 0.362091703125 0.307648965625 0.31116578125 0.29370612500000004 0.23203625468750003 0.303109696875 0.11615912343749998 0.2987088453125 0.102877165625
1 0.3738890078125 0.1051972078125 0.3692079828125 0.1002485828125 0.3447288171875 0.10096085625 0.34055567343750004 0.10616710781250001 0.34056207656250004 0.1755054703125 0.338003165625 0.21440951406250003 0.33125 0.2396468109375 0.33125 0.36875 0.34893699375 0.36875 0.3661700734375 0.366597003125 0.3693015484375 0.3614210578125 0.3741119984375 0.339092753125 0.375642196875 0.290048990625 0.3635725234375 0.21274100625 0.3738890078125 0.1051972078125
1 0.050178459375 0.11233851406249999 0.0606176734375 0.1061042640625 0.0618857125 0.1006215484375 0.0582246984375 0.094329878125 0.053404815625000004 0.0939928390625 0.0323385828125 0.0939928390625 0.029035482812500003 0.0992530015625 0.0302142234375 0.18569189531250002 0.0270818578125 0.1984727578125 0.026251828124999998 0.218843128125 0.0203125 0.2376558734375 0.0203125 0.332119546875 0.025799978125 0.29402522656249996 0.040450507812499994 0.242121534375 0.0416881859375 0.2245653625 0.03961221875 0.21142029999999998 0.043490896875000004 0.1290493109375 0.050178459375 0.11233851406249999
1 0.77863930625 0.4 0.7880166531249999 0.368935725 0.7883994296875001 0.33560693750000004 0.7812122109375 0.2953791578125 0.7844289796874999 0.2703655203125 0.7949195046875 0.2383665359375 0.7973065203124999 0.21474633125000003 0.7887560406249999 0.191189765625 0.7894566890625001 0.1599420359375 0.7798929187500001 0.187769809375 0.7720319171875 0.18920415 0.7641977828125001 0.20105288593749998 0.7593319765625 0.27328874375 0.7557704671875 0.285806925 0.737661446875 0.3122958078125 0.7375 0.3129444578125 0.7375 0.4 0.77863930625 0.4
1 0.7079323875 0.055914568750000004 0.7034391281250001 0.0534919890625 0.6923073875 0.0570985609375 0.6882575984375 0.0650038484375 0.681547709375 0.1387333578125 0.6765625 0.147579696875 0.6765625 0.2640625 0.6801075531249999 0.2640625 0.6870635984375 0.2598899875 0.7055008093749999 0.20737630624999998 0.7056779078125001 0.1603908828125 0.7007875968749999 0.14142003593750002 0.711990746875 0.07011310468750001 0.7079323875 0.055914568750000004
1 0.6356078187499999 0.25062791562500003 0.6432271015625 0.19778650312499998 0.6434645234375 0.1727955953125 0.6388108421875 0.1624380171875 0.6241368703125 0.158444071875 0.6145016765625 0.1745208375 0.6154085078125 0.24808649531250002 0.6046875 0.2768573015625 0.6046875 0.38467192968749997 0.6123007984375001 0.3953125 0.62429964375 0.3953125 0.6266537546875 0.3937198328125 0.6415196015625 0.3546764046875 0.6467385421875 0.303251153125 0.6356078187499999 0.25062791562500003
1 0.5907502484375 0.12107456093749999 0.5949726140625 0.0557513203125 0.5904887140625 0.04131574375 0.5858578078125001 0.040063246875 0.5771508703125 0.043091078125 0.57315420625 0.054998928125 0.5737891187499999 0.11601911093749999 0.5703125 0.12383971406250001 0.5703125 0.23477488124999998 0.573589378125 0.2390625 0.5855537375 0.2390625 0.5876155390625 0.236306875 0.5994129828125 0.1957335796875 0.59838191875 0.14443562031249998 0.5907502484375 0.12107456093749999
1 0.6375 0 0.6375 0.1421875 0.643356484375 0.1421875 0.644682409375 0.1399959078125 0.654605778125 0.0994908109375 0.6555714546875 0.0661802109375 0.6513595343749999 0.0274731765625 0.6536557921874999 0 0.6375 0
1 0.6015625 0 0.6015625 0.0578125 0.6158075375000001 0.0578125 0.6162522109374999 0.057621678125 0.624585096875 0.026168907812499996 0.6256513984375001 0 0.6015625 0
1 0.55 0 0.55 0.1193103078125 0.5539641140625 0.128125 0.56726511875 0.128125 0.569775390625 0.12522775625 0.574462890625 0.0803732109375 0.572900390625 0.0485654625 0.563525390625 0.029941225 0.563525390625 0 0.55 0
1 0.54885308125 0.7632031265625 0.5476681218749999 0.70766575 0.5264027062500001 0.6008667531249999 0.5265377421874999 0.55226473125 0.5350187921875 0.48833948125 0.5362798203125 0.45222837031249996 0.528973965625 0.42658165 0.5175462203125 0.41831649375 0.5025084671875 0.42395840937500007 0.49194257343750003 0.4469318890625 0.4899972984375 0.48026976875000005 0.4933320015625 0.5413490640624999 0.49076144375 0.614960175 0.4765625 0.6689307796875 0.4765625 0.820290134375 0.47765115937499997 0.8226331531250001 0.4920315546875 0.8421875 0.5299257359375 0.8421875 0.5347846453125 0.8417412531250001 0.5451513015625 0.80210565 0.54885308125 0.7632031265625
1 0.2787111328125 0.6803401109375 0.28193753906249996 0.689766334375 0.28403634218749996 0.687535003125 0.28743985 0.649975803125 0.30820366875 0.553076878125 0.307996571875 0.5226989203125 0.297198325 0.5048665140625 0.27835120468749996 0.50767619375 0.26639608125 0.5286142765624999 0.250438309375 0.6790286734375 0.23125 0.729089659375 0.23125 0.7998316109375001 0.27401149999999996 0.7753310015625 0.25310341875 0.752047790625 0.24821310468750002 0.7330769421875 0.2491843125 0.719188053125 0.260548140625 0.68447948125 0.2787111328125 0.6803401109375
2 0 1 0.55 1 0.55 0.8489429015625 0.43417847343749993 0.8561269718750001 0.4027021015625 0.8620461562500001 0 0.8812401296874999 0 1
1 0.8475136296875 0.5905360671875 0.8453125 0.58866865 0.8453125 0.6182402453125 0.847682275 0.6155300078125 0.8475136296875 0.5905360671875
1 0.8523232046875 0.61875 0.8551670703124999 0.6155031984375 0.8555894515624999 0.5923611109375 0.8515625 0.5875501578125 0.8515625 0.61875 0.8523232046875 0.61875
1 0.8815880937499999 0.6057208484375 0.8821917499999999 0.590906034375 0.8805386125 0.586792409375 0.8796875 0.5868171734375001 0.8796875 0.6166897078125 0.880614515625 0.6168471140625 0.8807950671875 0.6171875 0.8809243265625 0.6171875 0.8816939140625 0.61589088125 0.8820711984375 0.606631621875 0.8815880937499999 0.6057208484375