1 0.2752199609375 0 0.276704290625 0.019439859375 0.2634916671875 0.0915484515625 0.26307424375 0.1581787578125 0.26791756875 0.1956878453125 0.28661468437500004 0.26659390312500003 0.29371596875 0.275 0.3109375 0.275 0.3109375 0.026944360937500002 0.3085801734375 0 0.2752199609375 0
1 0.3945221578125 0 0.3741812109375 0.0728342359375 0.37290115468749996 0.08564304218749999 0.37290115468749996 0.1707221875 0.378847415625 0.209236446875 0.38627351875 0.221875 0.412568565625 0.221875 0.42355643593750003 0.196032746875 0.4359375 0.1307543578125 0.4359375 0.0790295921875 0.43539345156250003 0.052061337500000006 0.42651944375 0.008569134374999999 0.4269727171875 0 0.3945221578125 0
1 0.337140365625 0 0.337140365625 0.13125 0.3559153703125 0.13125 0.3647999 0.0629194 0.381628365625 0.0107146265625 0.38218989531249997 0 0.337140365625 0
1 0.5040134828125 0 0.49386465625 0.03461311875 0.49018746875 0.0694444453125 0.492019446875 0.10553737187500001 0.5008692609375001 0.16787371874999998 0.511719228125 0.17804490312500001 0.516157528125 0.178125 0.5287748859375 0.178125 0.5346246609375 0.1726473703125 0.5453125 0.13233547343750002 0.5453125 0.0037104796874999997 0.544598884375 0 0.5040134828125 0
1 0.22089457499999998 0 0.22089457499999998 0.0875 0.2223511328125 0.0875 0.24215735624999998 0.03429225625 0.246982965625 0.013549849999999999 0.2481686265625 0 0.22089457499999998 0
1 0.2160497609375 0 0.22122584375 0.0499891484375 0.22959277031249997 0.0828125 0.23493881718749998 0.0828125 0.23532228437499997 0.02082248125 0.23916266406250003 0 0.2160497609375 0
1 0.08313518125 0 0.081187984375 0.050377574999999994 0.06972818750000001 0.09723166250000001 0.060587515625 0.13800076249999998 0.056883275 0.172927703125 0.058906353125 0.2520124828125 0.0750000109375 0.3317491671875 0.0820274640625 0.34375 0.1155754890625 0.34375 0.1195716625 0.3363598296875 0.1325701015625 0.287052678125 0.1390625 0.249847625 0.1390625 0.11856131249999999 0.1330705234375 0.0943640765625 0.12776390937499998 0.06962133125 0.12284367812500001 0.0306231359375 0.1237936828125 0 0.08313518125 0
1 0.7545313109375 0.3796875 0.7373006359375001 0.28235894375 0.7552328046875 0.096417334375 0.7428210953125001 0.0676651296875 0.7137946828125 0.059113751562500004 0.6941689046875 0.0742794546875 0.6825666765625 0.10819370156250001 0.68526995625 0.27532642812499997 0.6781843375000001 0.31679335468750003 0.6571798578125 0.3796875 0.7545313109375 0.3796875
1 0.9020293796875001 0.3796875 0.884283671875 0.31469966875 0.8857561640625 0.1405279359375 0.8644398750000001 0.1103660734375 0.8431980453125 0.11086048281250001 0.8250133843749999 0.1321311765625 0.8206106375000001 0.1494021328125 0.8351927484375 0.3133896328125 0.8211289624999999 0.3796875 0.9020293796875001 0.3796875
1 0.9819375828125001 0.3796875 0.9774407249999999 0.3525586609375 0.997581553125 0.18608217031250002 0.98252544375 0.1598476609375 0.964751659375 0.156873696875 0.9492454890625 0.16624972031250002 0.93672389375 0.1892249953125 0.9324893781250001 0.3414235015625 0.9197069328125 0.3796875 0.9819375828125001 0.3796875
1 0.6682892984375 0.200774365625 0.6773697828125 0.359375 0.6774510328125001 0.359375 0.690625 0.301573065625 0.690625 0.21950760156250002 0.6869667203125001 0.165625 0.6839018453125 0.165625 0.6779078484375 0.16839781874999998 0.6682892984375 0.200774365625
1 0.424886803125 0.6788090578125 0.431847021875 0.690625 0.4390625 0.690625 0.4390625 0.648898384375 0.4345734671875 0.6467632296875 0.4305639109375 0.6370654328125 0.42955316874999994 0.6255125890625 0.42881559999999996 0.61708214375 0.4324278578125 0.6061803593749999 0.4390625 0.60449728125 0.4390625 0.4276394734375 0.43485984687499996 0.4175780890625 0.4296434859375 0.41262672812499995 0.42310162343749996 0.412961828125 0.41604755937500004 0.41836337968750004 0.4135354234375 0.43303481093750007 0.4225101578125 0.517766121875 0.412162353125 0.5690686546875 0.4102696296875 0.6009858250000001 0.41408867968749996 0.635712596875 0.424886803125 0.6788090578125
0 0.2670001875 0.6732050421875 0.28050237031249997 0.6884251546875 0.28698385000000004 0.6921875 0.3205298671875 0.6921875 0.3250336203125 0.6904992296875 0.3381909078125 0.6681829515625 0.3421875 0.6451677515625001 0.3421875 0.582097790625 0.329424515625 0.548265475 0.32021898437499996 0.5402528015625 0.3104831328125 0.5381474859375001 0.297921709375 0.5392142890625 0.28480929375 0.5476888375 0.2713695984375 0.566406146875 0.263900525 0.6048918625 0.263900525 0.6074416171875 0.26414992656249997 0.64944838125 0.2670001875 0.6732050421875
1 0.61875 0.6112334890625 0.640625 0.5990207390625001 0.640625 0.5805327515625001 0.62661019375 0.5237885656250001 0.6300529046875 0.42945328125 0.62737509375 0.42446481562500005 0.61875 0.42406309531249997 0.61875 0.6112334890625
1 0.6515376578125001 0.52921295 0.64973736875 0.548625559375 0.646250371875 0.5613705953125 0.646250371875 0.6032393953125 0.6678370734375 0.6140843125 0.6826614 0.6299987609375 0.6981383265625001 0.6625 0.709375 0.6625 0.709375 0.6195176828125 0.6876741 0.5418202328125 0.684859678125 0.520827734375 0.692788725 0.4292884015625 0.6778818984375 0.42241764687499994 0.647267571875 0.42395391875 0.646250371875 0.4311306140625 0.646250371875 0.44469101875000006 0.6517948734375001 0.4944270609375 0.6515376578125001 0.52921295
1 0.8992571359374999 0.6844951234375 0.919745053125 0.824391040625 0.9198124671875 0.8535758906249999 0.9257798921875 0.8609375 0.9447457109374999 0.8609375 0.9541874671875 0.8527758046875 0.95625 0.841141784375 0.95625 0.6211843359375 0.9343187937499999 0.5460859328125001 0.9325810562499999 0.48636370937500006 0.9361504171874999 0.42095864687500006 0.8911679218749999 0.41992088125000004 0.8888174671875 0.43317896874999995 0.8993106046874999 0.4982567234375 0.90072504375 0.5468678359375 0.8864202484374999 0.6194719203125001 0.8848443359375 0.64591535625 0.8992571359374999 0.6844951234375
0 0.61875 0.8719439890625 0.6323992671875 0.88125 0.6680648296875 0.88125 0.680774075 0.8698961031250001 0.7175885187500001 0.8172568390624999 0.725 0.7830438578125001 0.725 0.70529074375 0.7159022734375 0.6617422265625 0.6933821171875 0.6191591171875 0.669925771875 0.60151673125 0.6342527359375 0.60151673125 0.61875 0.611099290625 0.61875 0.8719439890625