1 0.266004225 0 0.2683778953125 0.06719948125 0.2674548 0.12919705312500002 0.24824149062499998 0.21753647968749998 0.24789667187500003 0.23235129531249998 0.25239918281249996 0.22877509062499998 0.256686184375 0.2344581453125 0.2558420828125 0.2483865 0.21758426874999998 0.3954751921875 0.2106550828125 0.43202137343749997 0.2106550828125 0.6 0.4020990796875 0.6 0.4046875 0.586390303125 0.4046875 0.461295084375 0.3927997796875 0.372955225 0.37253390625 0.2608028578125 0.3681445171875 0.2260123375 0.3670525390625 0.183577609375 0.36838871093750003 0.126170203125 0.38022054375000003 0.0199042515625 0.3810686484375 0 0.266004225 0
1 0.1001713828125 0 0.1041852 0.040376423437499996 0.10457120625 0.098600571875 0.09556933437500001 0.1449319546875 0.09556933437500001 0.2941867296875 0.10977000781249999 0.3488714 0.11703310468749999 0.3578125 0.13174158281249998 0.3578125 0.14165308125 0.3522853078125 0.145815275 0.343284290625 0.159725303125 0.25842452968749996 0.1609375 0.21676402343749998 0.1609375 0.1967315703125 0.154930271875 0.155130259375 0.141173190625 0.109625540625 0.13757229843750002 0.0903994609375 0.1373209984375 0.02754568125 0.14028489375 0 0.1001713828125 0
1 0 0 0 0.5431441890625 0.015853729687500002 0.575 0.058187931250000005 0.575 0.0649194671875 0.5625767953125 0.0756420296875 0.479744109375 0.0765625 0.46595355937500005 0.0765625 0.3448379203125 0.0719578234375 0.31618036875 0.06765832968749999 0.3047688703125 0.059282195312499994 0.260616196875 0.0342000859375 0.1866250203125 0.026933775 0.1555354390625 0.0226238171875 0.0995793671875 0.024240521875 0.053283068749999996 0.02900660625 0 0 0
1 0.9058561296875001 0 0.8990978140625 0.05826289531249999 0.8990978140625 0.0970897390625 0.9267472031249999 0.10625 0.9300257734375 0.10625 0.9484375 0.0349218265625 0.9484375 0.027472809375 0.9353442734374999 0 0.9058561296875001 0
1 0.76875 0 0.76875 0.10206698437499999 0.7705337390625 0.1092979265625 0.8103567484375 0.11378223125 0.8324806421875 0.0330647421875 0.8188865468750001 0 0.76875 0
1 0.8412088593749999 0 0.8324806421875 0.05548626718750001 0.8413301984375 0.100329315625 0.8811532078125 0.1092979265625 0.89442754375 0.015127521875 0.8925617046875001 0 0.8412088593749999 0
1 0.274377753125 1 0.2857540515625 0.9827437203125001 0.30625 0.9015933640625 0.30625 0.8675443859375 0.28220929375 0.7805921859375 0.289056971875 0.663612396875 0.27817823750000004 0.6436401484375 0.269753496875 0.642002971875 0.25607468437500003 0.642002971875 0.23520865624999998 0.6732385359374999 0.24146886093750003 0.7587234031250001 0.2123976625 0.8537807000000001 0.2123976625 0.9377685124999999 0.2266461953125 1 0.274377753125 1
1 0.025285484375 0.6 0.012041590625 0.6218532296875 0.02340033125 0.7116689375 0.007044278125 0.7748285562499999 0.007044278125 0.8602928249999999 0.026067740625000002 0.9317753953124999 0.0449076421875 0.9375 0.06544909843749999 0.9375 0.078108640625 0.9239743515625 0.090625 0.8303083000000001 0.090625 0.813687321875 0.059009309375 0.7000308953125 0.062016375 0.6139197828125 0.052597840625 0.6 0.025285484375 0.6
1 0.1856079609375 0.975 0.2025934953125 0.96670471875 0.2078125 0.9358520796875001 0.2078125 0.824321259375 0.1797172578125 0.7415604703125 0.1748009296875 0.636004915625 0.1605302265625 0.6177930890625001 0.1438719234375 0.61482298125 0.125602284375 0.643761253125 0.1405904390625 0.7438814609375 0.12097213124999999 0.8547040734374999 0.15287734375 0.963349946875 0.1754420375 0.975 0.1856079609375 0.975
1 0.056107954687499996 0.6 0.0620480375 0.6079861109375 0.06411415312499999 0.7052083328125 0.09717200468750001 0.79131944375 0.1054364671875 0.8607638890625001 0.12403150781250001 0.749652778125 0.088907540625 0.6357638890625 0.08993066562499999 0.6 0.056107954687499996 0.6
1 0.15071345625000002 0.6 0.1756844015625 0.6413194437499999 0.17155216874999998 0.7274305562500001 0.21080836718749998 0.8552083328125001 0.225271178125 0.79131944375 0.1922133265625 0.66631944375 0.1956152921875 0.6 0.15071345625000002 0.6
1 0.196034121875 0.6 0.19427944218749998 0.6802083328124999 0.229403409375 0.79131944375 0.237667871875 0.7079861109375 0.2128744828125 0.621875 0.2139965984375 0.6 0.196034121875 0.6
1 0.274599690625 0.6 0.2707257234375 0.6052083328125 0.2686596078125 0.6329861109375 0.2893207640625 0.66631944375 0.2851885328125 0.7829861109375 0.3203125 0.894097221875 0.334775309375 0.8385416671874999 0.334775309375 0.7635416671875 0.314114153125 0.721875 0.31618026875 0.6052083328125 0.313010659375 0.6 0.274599690625 0.6
2 1 0.8119568546875 0.76875 0.8119568546875 0.76875 0.9078125 0.7879511625 0.9078125 0.9285395390625 0.9013007171874999 1 0.8948875359375 1 0.8119568546875