1 0.1769407953125 0.30480582031250003 0.1783219109375 0.268421559375 0.1773507046875 0.25453266874999997 0.1735922765625 0.2513062828125 0.1625 0.253704996875 0.1625 0.273914884375 0.1674686734375 0.30407249531249997 0.1625 0.3290400484375 0.1625 0.3796875 0.1861286984375 0.3796875 0.1861286984375 0.33175427812499997 0.1769407953125 0.30480582031250003
1 0.1964226140625 0.255274790625 0.196633996875 0.29677768437499996 0.1953125 0.3014667734375 0.1953125 0.384375 0.211319890625 0.384375 0.214729865625 0.3719382640625 0.2156925 0.3359090390625 0.20825562656250002 0.29755241875 0.21351299375 0.255762921875 0.2094589203125 0.2525158890625 0.1964226140625 0.255274790625
1 0.47101486562500006 0.409375 0.473632884375 0.39638958125 0.473632884375 0.3216705671875 0.46437755625 0.29020365937500003 0.4668289546875 0.2405225234375 0.462649478125 0.2331334015625 0.45027072500000004 0.2331334015625 0.44799812968749997 0.236214196875 0.45183714375 0.2877944046875 0.446875 0.31776408906250003 0.446875 0.3870774375 0.45335467500000004 0.409375 0.47101486562500006 0.409375
1 0.5203931984375 0.409375 0.524861884375 0.38098166875 0.524861884375 0.3514215265625 0.52464214375 0.3466100328125 0.51373435625 0.3042646703125 0.515486884375 0.24782346406250003 0.49479588124999996 0.2499656109375 0.50045310625 0.3051933859375 0.4890625 0.3535705828125 0.4890625 0.3696245296875 0.48926223750000003 0.3810674703125 0.49514108749999997 0.409375 0.5203931984375 0.409375
1 0.5767890390625 0.3315462265625 0.571254396875 0.31239024843749996 0.5689674218749999 0.25111524687500003 0.56586469375 0.2464453421875 0.5546875 0.247226928125 0.5546875 0.2971601390625 0.5566211359375 0.31620600312499997 0.5546875 0.328597746875 0.5546875 0.3953125 0.5590672953125 0.3953125 0.5767890390625 0.3714664171875 0.5767890390625 0.3315462265625
1 0.552224090625 0.385486078125 0.552224090625 0.250200940625 0.5520309234375 0.2479930109375 0.54911428125 0.24571847343750003 0.5390625 0.24655848281249998 0.5390625 0.2746901703125 0.5409540453125 0.29001059218749997 0.5390625 0.2987247890625 0.5390625 0.3678329953125 0.53989404375 0.3755207703125 0.5510223890625 0.387342075 0.552224090625 0.385486078125
0 0.8530840281250001 0.20217004218749998 0.8538210515625 0.2046875 0.8616061640625 0.2046875 0.869093346875 0.1903181703125 0.8751241890625 0.1639581171875 0.8776277140625 0.1276891359375 0.8762376 0.1129927203125 0.8697576671875 0.08850578906249999 0.854710921875 0.06235523125 0.8335075921874999 0.051010389062499994 0.8178718187499999 0.053120306250000006 0.8000126484375001 0.067425128125 0.7875306453124999 0.08918591718749999 0.7796875 0.114818090625 0.7796875 0.1820682515625 0.782688884375 0.1922399609375 0.7870351624999999 0.19884894375 0.7990466515625 0.1951634390625 0.8007457312499999 0.2046875 0.84477264375 0.2046875 0.8530840281250001 0.20217004218749998
1 0.6761918375 0 0.6750481296874999 0.0055185671875 0.671875 0.036087350000000004 0.671875 0.062197517187499995 0.6739750359375 0.08747351249999999 0.6886650078125001 0.14785621875 0.69154071875 0.1515625 0.7196746015625 0.1515625 0.7196746015625 0.002979984375 0.71869175 0 0.6761918375 0
1 0.5890625 0 0.5890625 0.128125 0.609168534375 0.128125 0.61210265625 0.12272682812499999 0.6267954875 0.06844991406249999 0.6319247890625 0.032202325 0.6317926859374999 0 0.5890625 0
1 0.734375 0 0.734375 0.06945255624999999 0.7344378218750001 0.07024780625 0.743570465625 0.1162559046875 0.7480637171875 0.1265625 0.7523253140625 0.1265625 0.7532148828125 0.1262804375 0.7503950640625 0.0650842953125 0.7518856796875 0.044883985937499996 0.7614469546875 0 0.734375 0
1 0.76187645 0 0.753125 0.036924921875 0.753125 0.13904783125 0.76335385625 0.1794504421875 0.7636704156249999 0.1796875 0.786243665625 0.1796875 0.7823212578125001 0.1308442546875 0.7850422046875 0.10747758437499999 0.792418328125 0.0819312796875 0.8020736015625 0.06268663125 0.8020736015625 0.051375840625 0.798853403125 0.0323473234375 0.7900480140624999 0 0.76187645 0
1 0.8483227093749999 0 0.8484323109374999 0.0017103109375000002 0.8430657796875 0.0486380703125 0.8702414265625 0.0684437421875 0.879814221875 0.08307032343750001 0.8814461171874999 0.0875 0.882157034375 0.0875 0.882157034375 0.0450967375 0.87357736875 0.018413375000000003 0.8698590359375 0 0.8483227093749999 0
1 0.8206692999999999 0 0.8171875 0.0211162234375 0.8171875 0.0515625 0.8246500140624999 0.0515625 0.8268290593750001 0.049973846875 0.84127206875 0.04710223125 0.8429231953125 0.0435764734375 0.8429231953125 0 0.8206692999999999 0
1 0.8828125 0 0.8828125 0.026177948437499998 0.8991337312500001 0.0847423625 0.9022930453125 0.1208534734375 0.9057318421874999 0.125 0.90698665625 0.125 0.90698665625 0.11181015937500001 0.9025827625 0.0886645875 0.9021200625000001 0.0656256984375 0.9040532906250001 0.034472 0.90698665625 0.021075304687499997 0.90698665625 0 0.8828125 0
1 0.9019707203125 0 0.8947916671874999 0.0236111109375 0.8895833328125 0.052314814062500006 0.8901041671875 0.11435185156250001 0.8942708328125001 0.1449074078125 0.90390625 0.177777778125 0.915625 0.18194444375000002 0.9263020828125 0.18148148125000002 0.9317708328125001 0.17361111093749998 0.9427083328125001 0.11898148125 0.9453125 0.0893518515625 0.9432291671874999 0.0504629625 0.9307567875 0 0.9019707203125 0
1 0.9562586796874999 0 0.9520833328125 0.017129629687500002 0.9489583328125001 0.040277778125000004 0.9484375 0.066203703125 0.9510416671874999 0.0921296296875 0.9588541671874999 0.1356481484375 0.9635416671874999 0.1504629625 0.9671875 0.1541666671875 0.9888020828125 0.15370370312499998 0.9942708328125001 0.1476851859375 1 0.1226851859375 1 0.0019718765624999997 0.9995169703125001 0 0.9562586796874999 0
1 0.44254518593750003 0.409375 0.43443850156249997 0.44574508437500004 0.4072547765625 0.5458665515625001 0.4 0.582815428125 0.4 0.8690639171874999 0.42369319687500007 1 0.5339227640625 1 0.5615909109375 0.8773872875000001 0.5699313453125 0.831424921875 0.5768924375 0.7698402124999999 0.5786738406249999 0.661467415625 0.5720357218750001 0.5611334828125 0.5607137765625 0.5055597281249999 0.5364879796875 0.409375 0.44254518593750003 0.409375
1 0.1904226125 0.409375 0.183770565625 0.43732084687499995 0.1549590609375 0.5154010046875 0.146875 0.5420241953125 0.146875 1 0.2925505640625 1 0.31007125156250004 0.9316369515625 0.3223541546875 0.8747187390625001 0.3333221171875 0.7846582625 0.3368803484375 0.726352225 0.3370545921875 0.671913665625 0.33214713906250004 0.6085160984375 0.32561815 0.56088656875 0.30193784218749997 0.43943075625 0.298082540625 0.409375 0.1904226125 0.409375
1 0 0.409375 0 0.46227164062500004 0.0060190703125 0.486287415625 0.0393256984375 0.5952347812500001 0.0565313171875 0.66868994375 0.0655203109375 0.72761849375 0.072973746875 0.78734541875 0.07683523125 0.8486265921874999 0.0784877328125 0.9411341546875001 0.0745851671875 1 0.0947592171875 1 0.107573575 0.9407372296875 0.117977903125 0.8782034734374999 0.117977903125 0.5651620312500001 0.111209521875 0.52997565 0.078154309375 0.411811540625 0.0776060203125 0.409375 0 0.409375
1 0.7003254828125 0.409375 0.7000589125000001 0.411540709375 0.6953125 0.42372463437499996 0.6953125 0.537716315625 0.6968695203124999 0.551473921875 0.7018408218750001 0.571449628125 0.7040678953125 0.60365970625 0.7102127578124999 0.6125 0.751528196875 0.6125 0.7528969390625 0.6110609765625 0.7653178453125 0.572190284375 0.7790820921874999 0.5073147375 0.7818549703125 0.4478976125 0.7809175453125 0.409375 0.7003254828125 0.409375
1 0.7895975953125 0.409375 0.7936053234375 0.44236106093750005 0.7974168265625 0.5193221734375 0.80028535 0.521875 0.8361796968749999 0.521875 0.8395705265625001 0.5196310875 0.840907840625 0.5125591734375 0.8374676749999999 0.4858165828125 0.845316834375 0.4745674984375 0.848763675 0.46324524531249994 0.848763675 0.409375 0.7895975953125 0.409375