1 0 0.36875 0.0166097109375 0.36875 0.026233010937500002 0.3233814609375 0.0265625 0.3184362453125 0.0265625 0.2345585578125 0.0255070109375 0.22637756250000002 0.014002690625 0.177008275 0.013307946875 0.1557847546875 0 0.1531659265625 0 0.36875
1 0.1151283953125 0.36875 0.1158967765625 0.364878796875 0.11875 0.3377604984375 0.11875 0.3184673921875 0.11869120156249999 0.303731325 0.114901634375 0.27139664531249996 0.0985652890625 0.1985485078125 0.097379884375 0.166168371875 0.08935545 0.16214261875 0.07322039218750001 0.161498521875 0.0703180953125 0.1647892609375 0.069941 0.197196671875 0.067717609375 0.20927006874999998 0.055752890624999996 0.25298859687499997 0.0484767640625 0.2912800140625 0.0484767640625 0.3539801953125 0.050263859375 0.36875 0.1151283953125 0.36875
1 0.240625 0.36875 0.240625 0.2862187140625 0.22342569375000002 0.23350400312500003 0.21915514374999998 0.20844338437499998 0.21825261875000002 0.1862514703125 0.21173648125 0.180058671875 0.18709530000000002 0.17749455 0.1850002921875 0.1862074953125 0.1891664875 0.2278893171875 0.1782166046875 0.29868550781250003 0.175484734375 0.332778065625 0.175634840625 0.364183771875 0.176095309375 0.36875 0.240625 0.36875
1 0.1537231265625 0.36875 0.158138415625 0.320415378125 0.1765625 0.2448829109375 0.1765625 0.19194069062500002 0.17295872968749998 0.175770928125 0.1701695765625 0.1725801921875 0.14956433281249998 0.17432818125 0.1351857765625 0.23288879375 0.13110303437499998 0.2571892515625 0.13110303437499998 0.310397340625 0.133792159375 0.3375002421875 0.1397836015625 0.36875 0.1537231265625 0.36875
1 0.2875 0.36875 0.2875 0.2524942328125 0.2718682109375 0.19764084375 0.243914625 0.1944663109375 0.231823428125 0.26884453750000004 0.2463210890625 0.325101 0.2516415234375 0.35956051875 0.2520948140625 0.36875 0.2875 0.36875
1 0.3947477765625 0.36875 0.3934269390625 0.360484771875 0.3803990078125 0.3148962125 0.371537740625 0.2693803828125 0.36954427500000003 0.232316071875 0.3715235421875 0.1786578234375 0.3696629171875 0.1753852640625 0.34933964375 0.1741047828125 0.32778431874999997 0.17882009062499998 0.3303309375 0.2186712703125 0.3303272609375 0.263106621875 0.313480859375 0.336871596875 0.30593771406250003 0.35988337656249997 0.3065447375 0.3672998765625 0.3062432453125 0.36875 0.3947477765625 0.36875
1 0.434375 0.36875 0.434375 0.33916340312500004 0.42603845625 0.2818131140625 0.41599888281249997 0.248859790625 0.4110814515625 0.223586834375 0.4105569421875 0.1790877984375 0.3806251890625 0.17612940625 0.3787753359375 0.1783486859375 0.37835514375 0.214459796875 0.3717172765625 0.24746558125 0.37093786562500003 0.2696605078125 0.377256184375 0.308904240625 0.391284678125 0.36875 0.434375 0.36875
1 0.3182694890625 0.36875 0.328125 0.316801815625 0.328125 0.1903766875 0.3258032140625 0.1788660671875 0.322575778125 0.1765625 0.3111674125 0.1765625 0.29825694375 0.1786232375 0.2897146625 0.23379629687499998 0.289922903125 0.24216909531250003 0.2955477125 0.2585200328125 0.30263066875 0.291537634375 0.30797719843750004 0.3526487453125 0.31231731875 0.3663008359375 0.3155636421875 0.36875 0.3182694890625 0.36875
1 0.44528585 0.36875 0.4481517421875 0.35648498906250004 0.453125 0.3165153 0.453125 0.27113305 0.4489152890625 0.24083518593750003 0.43745707500000003 0.18758618124999998 0.41687068437499997 0.1887675640625 0.4138534546875 0.1851729890625 0.4112807 0.1931252015625 0.41225942031249996 0.2310154125 0.4248131875 0.28237619375 0.43196108750000006 0.32282592656250003 0.432175021875 0.36875 0.44528585 0.36875
1 0.4639100046875 0.357691796875 0.4703125 0.3270759609375 0.4703125 0.2110387796875 0.45967184687499996 0.1725793625 0.45540009374999996 0.16875 0.4531782015625 0.16875 0.43854038749999996 0.17007523125 0.43675517968750005 0.1733796296875 0.43801232968750003 0.191861771875 0.4511372296875 0.24512896562500003 0.4573512296875 0.2865955671875 0.457728325 0.31900297499999997 0.4534717890625 0.356203703125 0.4545488046875 0.365625 0.4554113390625 0.365625 0.4639100046875 0.357691796875
1 0 0.844213303125 0.005206946875 0.8717287578124999 0.0110941734375 0.8804205062499999 0.0276526640625 0.88125 0.0321016796875 0.88125 0.039240721875 0.8780777296875 0.042706946875 0.87107419375 0.0552679140625 0.8208650953125 0.0609375 0.784864071875 0.0609375 0.6993847140625 0.0455620875 0.6257038234375 0.0453752515625 0.597009209375 0.052465632812499996 0.5246778937500001 0.051801062499999995 0.49228866875 0.0482845171875 0.48124119531250004 0.0434066328125 0.47530904375 0.036754409375000005 0.4703125 0.02905925 0.4703125 0.0199368125 0.4784959234375 0.013769453125000001 0.49387825 0.0124153375 0.520748284375 0.016596453125 0.5641849828125001 0.016470840625 0.619731446875 0 0.6829594125 0 0.844213303125
1 0.11511696874999999 0.8007684328125 0.1227093203125 0.822231428125 0.1261993765625 0.8265625 0.1296875 0.8265625 0.1296875 0.5039242453125 0.1280486625 0.497290559375 0.115838146875 0.48539065781249996 0.1057455125 0.48879126875 0.09933325937500001 0.5075378515625 0.111010325 0.6113173265625 0.1003730375 0.6738104953125 0.098682834375 0.7079333625 0.1026060046875 0.7468374062500001 0.11511696874999999 0.8007684328125
1 0.1189722046875 0.9592234296874999 0.1380462671875 0.9609375 0.1411369375 0.9609375 0.149722921875 0.9577611234375001 0.1565027265625 0.9460734093750001 0.175478975 0.8689215499999999 0.18125 0.8201868515624999 0.18125 0.7728938140625 0.1776699828125 0.7300508421874999 0.16381217812499999 0.6543976515625 0.1654967734375 0.6043885609374999 0.1742539203125 0.541298321875 0.1757230046875 0.5005484890625 0.1729212734375 0.486714146875 0.166701796875 0.47432778750000004 0.15710523125 0.4671875 0.1566402109375 0.4671875 0.14282966875 0.471042278125 0.1350297453125 0.481822246875 0.13056136406250002 0.49485794062499994 0.1285067921875 0.5383946421875 0.13042853125 0.6124050765625 0.1283739609375 0.655941778125 0.1051635375 0.7379747765625 0.1051635375 0.9025799234375 0.111689509375 0.9477811765624999 0.1189722046875 0.9592234296874999
1 0.20244625625 0.539668778125 0.2093555703125 0.590828340625 0.2108060171875 0.6296504734375 0.19617658437500002 0.708937721875 0.20943480781249998 0.7863236 0.2125598546875 0.8593716171875 0.2186054890625 0.876818325 0.2244899890625 0.8796875 0.2453125 0.8796875 0.2453125 0.6642968140625 0.238304703125 0.637867534375 0.2364389046875 0.59256391875 0.23988691874999998 0.541145959375 0.23840351875 0.5179978125 0.23113821093750003 0.49770657499999993 0.21862502031250003 0.48860557968750007 0.2056173765625 0.4960711265625 0.20158917031249998 0.5101059015625 0.20244625625 0.539668778125
1 0.24813709843749998 0.6436518453125 0.2396169296875 0.6722009984375 0.2486398078125 0.731605715625 0.24596364531249998 0.8148754109375 0.2503340875 0.8234375 0.260244590625 0.8234375 0.27397380625 0.760745796875 0.284375 0.7258127468750001 0.284375 0.6549359765625 0.2770344109375 0.6210128015625 0.278589815625 0.575678796875 0.28286789687499997 0.5405754328125 0.28263086875 0.5202050625 0.2793550296875 0.5071875515625 0.2696064828125 0.4972971421875 0.2587120796875 0.5008099328125 0.25135931875 0.517807740625 0.2540315546875 0.613205384375 0.24813709843749998 0.6436518453125
1 0.33205976875 1 0.3347349984375 0.9973198890624999 0.3462112046875 0.9515968015624999 0.3484375 0.92953715 0.3484375 0.804308575 0.347532746875 0.793236175 0.344472390625 0.78751684375 0.34458013125 0.778257584375 0.337525496875 0.757505075 0.329838609375 0.7015127890625 0.32940029531250004 0.6496063453125 0.339116390625 0.5759962984375 0.3424531984375 0.5131698140625 0.33954368281249997 0.4944875203125 0.3331894890625 0.48072040000000005 0.32546318125 0.47290355625 0.3171621734375 0.469689046875 0.305671515625 0.47186631874999996 0.2993460984375 0.47802025156249994 0.288372725 0.5029236515625 0.2857399109375 0.550036690625 0.2895547078125 0.6252823515625 0.288462846875 0.67432913125 0.285557003125 0.7001185781249999 0.2795153859375 0.726670178125 0.2600219734375 0.7895764203125 0.25257951093750003 0.8326976703125 0.25257951093750003 0.9473826109375001 0.254275184375 0.96994090625 0.2586502359375 0.9970384187499999 0.2618780703125 1 0.33205976875 1
1 0.344474675 0.49739441093750003 0.3487914484375 0.5287574921875 0.34875571875 0.6182383765624999 0.351590525 0.692588715625 0.3641824984375 0.74662635 0.379008384375 0.790242 0.385848315625 0.8204818218749999 0.3859375 0.8212196140625 0.3859375 0.66683995 0.383894103125 0.6603148375 0.378478003125 0.610393771875 0.3820666484375 0.54953765625 0.378583303125 0.50972284375 0.3750070390625 0.4988090625 0.3664423578125 0.4878072515625 0.357774721875 0.48594415468749996 0.35241761718750003 0.48594415468749996 0.34525020624999997 0.491277225 0.344474675 0.49739441093750003
1 0.3768240171875 0.5444007203125001 0.37256746406249996 0.5833987374999999 0.3679912765625 0.60666496875 0.3679912765625 0.6781469859375 0.3753509265625 0.72019933125 0.3778203859375 0.724738021875 0.3815110421875 0.758833590625 0.382759184375 0.7874645421875 0.379992503125 0.8484375 0.380586253125 0.8484375 0.39342726875 0.7963418546875001 0.396875 0.7647541390624999 0.396875 0.7193707546875 0.3961214359375 0.7037492625 0.38474404375 0.647722478125 0.3892610734375 0.581890796875 0.394316815625 0.5511897390625 0.395259775 0.51878233125 0.3891938953125 0.503731903125 0.377870271875 0.49950240625 0.3749383328125 0.5019172562499999 0.3771383765625 0.5157152046875 0.3768240171875 0.5444007203125001
1 0.39021636875 0.5959736578125 0.391635128125 0.6283446890625 0.3901265 0.6330288828125 0.39468103593750004 0.6662167125 0.40501860624999997 0.7038341046875 0.40737129375 0.7269095015625 0.407963871875 0.7778354265625 0.4016994203125 0.8215903890625 0.404501215625 0.825 0.4068516953125 0.825 0.4105643609375 0.8222071218749999 0.4180536375 0.794156525 0.4234375 0.7679632734374999 0.4234375 0.6771539093750001 0.41641597187499996 0.653415784375 0.4124900109375 0.629469025 0.418704265625 0.5366218015625 0.4153745578125 0.5191383359375 0.4050944046875 0.5088448515625 0.4004069046875 0.5090085421875 0.395529021875 0.515199846875 0.3968400390625 0.53831161875 0.393222853125 0.5856793437500001 0.39021636875 0.5959736578125
2 1 0.8171875 0.6168122203124999 0.8171875 0.5298787265625 0.8229608468750002 0.5118453328125 0.8288300468750001 0.4796875 0.8293913640625 0.4796875 1 0.612231728125 1 0.89501375625 0.9929404546875 0.920843490625 0.9883237734375001 1 0.9869420921875001 1 0.8171875