1 1 0.309375 1 0 0.459375 0 0.459375 0.257986665625 0.4813341390625 0.28238812343749997 0.5125644031250001 0.309375 1 0.309375
1 0.2314179359375 1 0.2354974171875 0.9930126984375001 0.24247180156249998 0.9524656468749999 0.24247180156249998 0.8357478031250001 0.2291936609375 0.789436540625 0.226636203125 0.7692362312500001 0.2252089859375 0.7460445453125 0.22805505625000003 0.718097728125 0.2288381078125 0.7069015875 0.22780365156250001 0.66245714375 0.22312872968750003 0.6521703750000001 0.21618548906249999 0.6453156640625 0.2036854890625 0.6463360312499999 0.1953826796875 0.6595375328124999 0.193080228125 0.6727130734375001 0.19957442187500002 0.7723729500000001 0.19709595625 0.80040581875 0.1890625 0.8313187390625 0.1890625 0.9096007359375001 0.19359729375 0.963963996875 0.203389065625 1 0.2314179359375 1
1 0.15988306562500001 1 0.1661779171875 0.9754049765625 0.1694647171875 0.9226697093750001 0.1674590828125 0.8611334484375 0.159976584375 0.8242570624999999 0.15693896093749998 0.79239294375 0.1606010171875 0.742477975 0.16647903125000002 0.7001829875000001 0.16731691875000002 0.6742145453124999 0.159814996875 0.6526797125 0.154457084375 0.6499130765625 0.1410916875 0.6499130765625 0.13077448281249998 0.66286263125 0.12687307187500002 0.677422353125 0.126035184375 0.7033907921875 0.12870723281250002 0.7621917984375 0.1272514609375 0.7899695734375001 0.120914084375 0.8210684203125 0.11875 0.8278975703124999 0.11875 1 0.15988306562500001 1
1 0.1158311625 1 0.11614583281249999 0.9697916671875 0.1119791671875 0.9142361109374999 0.0979166671875 0.8586805562500001 0.0921875 0.82164351875 0.1 0.7197916671875 0.0994791671875 0.6920138890625 0.09635416718749999 0.6799768515625 0.08932291718749999 0.6665509265624999 0.07890625 0.66006944375 0.07161458281250001 0.6609953703125 0.06171875 0.6693287031249999 0.055208332812500004 0.687384259375 0.0546875 0.7271990734375 0.058854167187499994 0.778125 0.05989583281250001 0.837384259375 0.0453125 0.8864583328125001 0.0359375 0.9457175921874998 0.0338541671875 0.9799768515625 0.0344977671875 1 0.1158311625 1
1 0.032282365625 1 0.0338541671875 0.9984953703125001 0.0359375 0.9401620375 0.0432291671875 0.893865740625 0.0463541671875 0.8771990734374999 0.059375 0.8355324078125002 0.058854167187499994 0.7929398140624999 0.054166667187499996 0.72164351875 0.0546875 0.6864583328125 0.060416667187499995 0.6679398140625 0.05989583281250001 0.6614583328125001 0.05390625 0.64710648125 0.0419270828125 0.6415509265624999 0.0309895828125 0.649884259375 0.025520832812499998 0.6670138890625 0.0260416671875 0.703125 0.03125 0.7651620375 0.028125 0.7947916671875 0.017708332812499998 0.8355324078125002 0.013020832812499999 0.8651620375 0.0125 0.9133101859374999 0.0166666671875 0.9484953703125001 0.0239583328125 0.9827546296874999 0.029873284374999996 1 0.032282365625 1
1 0.9041512421875 0.733145509375 0.9017284906249999 0.731713021875 0.8989829859375 0.731713021875 0.8925742390625 0.7342630796875 0.8887438015625001 0.740990578125 0.8871087734374999 0.75018308125 0.88704281875 0.79201663125 0.8848605781250001 0.8179091812500001 0.88125 0.8288245406249999 0.88125 0.8765625 0.8814771140625 0.8765625 0.8849001031250001 0.8662575875 0.8939520640625 0.8514971453125 0.9080343515625 0.8398482484375001 0.9025952937499999 0.8023105625 0.9084167953125 0.744110734375 0.9041512421875 0.733145509375
1 0.9860193921875 0.73116966875 0.9807698734375 0.73116966875 0.9748794375 0.7411405875 0.9732877625 0.8014533203124999 0.9703125 0.81384473125 0.9703125 0.91875 0.9836310953125 0.91875 0.9948909624999999 0.868308865625 0.9938881453124999 0.837540734375 0.9870235328125 0.7988550109375 0.9924907171874999 0.7444379578125 0.98961481875 0.7344393859375 0.9860193921875 0.73116966875
1 0.9403645828125 0.732233796875 0.9338541671874999 0.7382523140624999 0.93125 0.7484375 0.9333333328125001 0.79195601875 0.9260416671874999 0.8345486109374999 0.9283854171874999 0.838715278125 0.94765625 0.8498263890625001 0.9578125 0.8697337968750001 0.9604166671875 0.8678819437499999 0.9598958328125 0.851215278125 0.9520833328125 0.819733796875 0.95 0.8021412031249999 0.9520833328125 0.7475115734375 0.9481770828125 0.7350115734375 0.9403645828125 0.732233796875
1 0.8471354171875 0.7340856484375 0.8427083328125 0.7419560187500001 0.84375 0.8123263890625001 0.8369791671875 0.839178240625 0.8338541671874999 0.8623263890625001 0.8359375 0.902141203125 0.8427083328125 0.9336226859375 0.8473958328125001 0.9373263890625001 0.8565104171875 0.9377893515625001 0.8604166671875 0.9336226859375 0.8682291671875 0.90491898125 0.8703125 0.8873263890625 0.8671875 0.8465856484375 0.8588541671875 0.8114004625 0.8588541671875 0.77899305625 0.8609375 0.770659721875 0.8614583328125001 0.7475115734375 0.8575520828125001 0.7350115734375 0.85234375 0.732233796875 0.8471354171875 0.7340856484375
1 0.8096354171875 0.7350115734375 0.8041666671875 0.7438078703125 0.8067708328125001 0.8002893515625 0.7984375 0.8382523140625 0.7958333328125 0.864178240625 0.7989583328125001 0.895659721875 0.8041666671875 0.9188078703125001 0.8083333328125001 0.9243634265625001 0.8169270828125 0.9248263890625001 0.821875 0.920659721875 0.8307291671874999 0.8688078703125001 0.828125 0.839178240625 0.81875 0.7984375 0.8213541671875 0.777141203125 0.8213541671875 0.7410300921874999 0.8153645828125 0.7340856484375 0.8096354171875 0.7350115734375
1 0.78046875 0.7359375 0.77421875 0.738715278125 0.771875 0.7447337968750001 0.7729166671875 0.8039930562500001 0.7640625 0.8530671296874999 0.7645833328125 0.8734375 0.7713541671874999 0.9095486109375 0.7765625 0.914178240625 0.78515625 0.913715278125 0.7875 0.9104745375000001 0.7953125 0.8669560187500001 0.7947916671874999 0.8410300921874999 0.7859375 0.7984375 0.7875 0.745659721875 0.78515625 0.738715278125 0.78046875 0.7359375
1 0.8760416671875 0.8502893515625001 0.8671875 0.8039930562500001 0.8682291671875 0.7475115734375 0.8638020828125 0.7359375 0.8611979171874999 0.7359375 0.8588541671875 0.8104745375 0.8661458328125 0.839178240625 0.8713541671874999 0.89288194375 0.8755208328125 0.8678819437499999 0.8760416671875 0.8502893515625001
0 0.9158854171874999 0.839641203125 0.8986979171874999 0.85538194375 0.8890625 0.8780671296874999 0.8848958328125001 0.907696759375 0.8875 0.9345486109374999 0.8921875 0.9502893515625 0.9013020828125 0.96649305625 0.9213541671875 0.9817708328125001 0.9330729171875 0.98038194375 0.9518229171874999 0.963715278125 0.9609375 0.9438078703125001 0.9651041671874999 0.914178240625 0.9640625 0.8882523140625 0.95625 0.864178240625 0.94609375 0.8479745375000001 0.93046875 0.838715278125 0.9158854171874999 0.839641203125