2 0.5 0.198435696875 0.4192128453125 0.19301694062500002 0.3620073828125 0.192379340625 0.33433856562500003 0.18750984375 0.3005706015625 0.188648234375 0.2952976140625 0.18547579218750002 0.193192728125 0.176814453125 0.141716434375 0.176610984375 0.131213565625 0.1721179515625 0.05571428125 0.1673212515625 0.040545462500000004 0.1633989484375 0.03227678125 0.1655452640625 0.0222947421875 0.1610917 0 0.1598521203125 0 0.2546875 0.5 0.2546875 0.5 0.198435696875
0 0.2890165171875 0.4296875 0.3092700140625 0.3739133125 0.3125 0.3523768390625 0.3125 0.3152141890625 0.3123004328125 0.30763835 0.21001769062500003 0.30763835 0.18710098749999998 0.3097544015625 0.1770033421875 0.3395072453125 0.1770033421875 0.3731356890625 0.180821671875 0.39288130312499997 0.1887704859375 0.41813630156250003 0.19415552656249999 0.4296875 0.2890165171875 0.4296875
1 0.8510485453125 0 0.8312539984375 0.10514049218749999 0.83378089375 0.18019969062500002 0.8350016218749999 0.1828125 0.9140625 0.1828125 0.9140625 0.0834920421875 0.89389183125 0 0.8510485453125 0
2 1 0.18485361718749999 0.5300083375 0.18485361718749999 0.5 0.18712751249999998 0.5 0.3491114984375 0.863483190625 0.3202691921875 1 0.31400840625000004 1 0.18485361718749999
1 0.22123367656249998 1 0.221875 0.995746325 0.221875 0.9236119468750001 0.2169912171875 0.9133793000000001 0.20998853125 0.909375 0.2089004875 0.909375 0.20100705156249998 0.9099731296875 0.192106128125 0.9194206218750001 0.1845916125 0.9412299812499999 0.184094115625 0.9554764390624999 0.184094115625 0.9820846984374999 0.1854391328125 1 0.22123367656249998 1
1 0.12010216250000001 1 0.12109375 0.9974537031249999 0.1296875 0.9951388890625001 0.1328125 0.9701388890625001 0.1328125 0.9442129625 0.1307291671875 0.9321759265625001 0.1247395828125 0.921527778125 0.11796875 0.9159722218749999 0.11015625 0.9159722218749999 0.10052083281249999 0.9266203703125001 0.09635416718749999 0.9423611109374999 0.09895833281250001 0.9942129625 0.1013020828125 0.9983796296874999 0.1078125 0.9997685187500001 0.10777994843750001 1 0.12010216250000001 1
1 0.051738664062499995 1 0.0489583328125 0.9923611109374999 0.05078125 0.9891203703125001 0.05989583281250001 0.9895833328125001 0.06302083281250001 0.9442129625 0.0609375 0.9321759265625001 0.056510417187499995 0.9233796296874999 0.0471354171875 0.9168981484375 0.03828125 0.9206018515625001 0.03125 0.934027778125 0.0302083328125 0.9645833328125001 0.0317708328125 0.977546296875 0.0348958328125 0.9886574078125001 0.0393229171875 0.990046296875 0.040625 0.9942129625 0.03798014375 1 0.051738664062499995 1
1 0.405338540625 1 0.4096354171875 0.9974537031249999 0.41197916718750005 0.9895833328125001 0.4145833328125 0.9618055562500001 0.4135416671875 0.9386574078125001 0.41041666718750003 0.92476851875 0.3971354171875 0.9085648140625 0.38203125 0.9131944437499999 0.3776041671875 0.921990740625 0.37447916718749996 0.9395833328125001 0.37552083281250004 0.9729166671874999 0.3791666671875 0.9988425921874999 0.38037574531249996 1 0.405338540625 1
1 0.2805919203125 1 0.2869791671875 0.971990740625 0.28125 0.9201388890625001 0.2747395828125 0.9131944437499999 0.2674479171875 0.9141203703125 0.26223958281250004 0.9196759265625001 0.25729166718749996 0.934027778125 0.25625 0.9442129625 0.259375 0.9886574078125001 0.265625 0.996990740625 0.2650275734375 1 0.2805919203125 1
1 0.44060872343749996 1 0.43958333281249995 0.9979166671874999 0.43958333281249995 0.9886574078125001 0.4458333328125 0.9784722218749999 0.446875 0.9395833328125001 0.44140625 0.9196759265625001 0.43359375 0.91226851875 0.42682291718750004 0.91226851875 0.4192708328125 0.9201388890625001 0.41875 0.95625 0.41614583281249995 0.9673611109374999 0.41979166718750005 0.9831018515625001 0.4231770828125 0.9891203703125001 0.42890625 0.98726851875 0.43052335468749997 1 0.44060872343749996 1
1 0.472206265625 1 0.46979166718750004 0.977546296875 0.47447916718750005 0.9673611109374999 0.47552083281249996 0.9321759265625001 0.4734375 0.9229166671875 0.4674479171875 0.91226851875 0.46015625 0.909490740625 0.45104166718750005 0.9173611109375 0.44895833281249997 0.9581018515625 0.45104166718750005 0.971990740625 0.45338541718750003 0.9761574078125002 0.46015625 0.9761574078125002 0.4640625 0.9923611109374999 0.46302083281249995 0.9988425921874999 0.46106770781249995 1 0.472206265625 1
1 0.6020285640624999 0.4296875 0.6045773062500001 0.446809384375 0.6055686578125 0.4894019765625 0.5919084203125 0.5502944875 0.5894946062499999 0.5806132453125 0.5911922031250001 0.5859375 0.640625 0.5859375 0.640625 0.541642553125 0.6290277109375 0.49210388906249997 0.6312511640625 0.4312690453125 0.631194190625 0.4296875 0.6020285640624999 0.4296875
1 0.6254254234375 0.4296875 0.62179849375 0.4781296359375 0.622322815625 0.49286551875000006 0.63340360625 0.5474344140625 0.63480661875 0.578125 0.64964706875 0.578125 0.6515625 0.5757015265625001 0.6515625 0.5303362484375 0.64934496875 0.507440465625 0.639144175 0.4574222671875 0.6409594265624999 0.4296875 0.6254254234375 0.4296875
1 0.9163162125 0.4296875 0.9166666671874999 0.4589699078125 0.9005208328125001 0.5293402781250001 0.8994791671875 0.5774884265625 0.9005208328125001 0.5839699078125 0.90390625 0.5881365734375 0.9333333328125001 0.5885995375 0.9549479171874999 0.586284721875 0.9567708328125001 0.579340278125 0.9572916671874999 0.5497106484375001 0.95625 0.5293402781250001 0.9510416671874999 0.5015625 0.9380208328125 0.45248842656250005 0.9380208328125 0.4311921296875 0.9382073171875 0.4296875 0.9163162125 0.4296875
2 0.5 0.7029513890625 0.5846354171875 0.7029513890625 0.6143229171875 0.70758101875 0.6377604171875 0.7029513890625 0.73359375 0.7066550921875 0.79765625 0.7038773140625001 0.8283854171874999 0.710358796875 0.8611979171874999 0.7066550921875 0.9419270828125 0.7066550921875 0.9502604171875 0.7094328703125 0.9559895828125 0.7066550921875 0.9596354171874999 0.7168402781250001 0.96328125 0.7131365734375 0.965625 0.7163773140625 0.9638020828125 0.7362847218749999 0.959375 0.7247106484375 0.9598958328125 0.7404513890625 0.9760416671875 0.7385995375000001 0.9734375 0.717303240625 0.9786458328125001 0.7098958328125 0.9791666671874999 0.698784721875 0.98515625 0.6964699078125001 0.9869791671874999 0.6867476859374999 0.9911458328125 0.68211805625 0.9927083328125 0.6682291671874999 0.9911458328125 0.605266203125 0.9895833328125001 0.592303240625 0.9846354171874999 0.585358796875 0.9653645828125 0.5844328703125 0.9559895828125 0.5899884265625 0.9111979171875 0.5899884265625 0.87734375 0.58350694375 0.7028645828125001 0.58350694375 0.59453125 0.5881365734375 0.54921875 0.58258101875 0.5 0.58258101875 0.5 0.7029513890625