1 0 0 0 0.03825300625 0.0019083375 0.052883353125 0.0049122765625 0.1293268703125 0 0.153624946875 0 0.401109621875 0.005828884375 0.42878056718749996 0.0141518984375 0.4390625 0.0481736953125 0.4390625 0.052003459375000005 0.434781534375 0.053125 0.42923394843749996 0.053125 0.18777468749999998 0.0401089390625 0.133174125 0.041003234374999996 0 0 0
1 0.07745327656249999 0 0.075215725 0.009162040625 0.0771438953125 0.110773765625 0.07451960625000001 0.1635197109375 0.055376940625 0.2297949359375 0.055376940625 0.4688597453125 0.060909309375 0.475 0.0920345828125 0.475 0.10051961875 0.47196032812500005 0.10508918593750001 0.38591288281249997 0.1247017390625 0.317168778125 0.128125 0.28405854062499997 0.128125 0.2641235859375 0.11177710156250001 0.1719921625 0.1142506546875 0.10115882968750001 0.1230712109375 0.0278023859375 0.122621315625 0 0.07745327656249999 0
1 0.16778677656250002 0 0.16226521875 0.009932234375 0.15896244531249998 0.0253920234375 0.1631383015625 0.136184615625 0.1617267640625 0.19039678437500002 0.14050923906249999 0.26935763125 0.1390782171875 0.2777383328125 0.1390782171875 0.3078125 0.1403232109375 0.3078125 0.1658109765625 0.275517684375 0.2109375 0.2527773546875 0.2109375 0.2525738359375 0.20078926562500002 0.188121653125 0.20901093125 0.0183131875 0.201528059375 0 0.16778677656250002 0
1 0.22006402656250001 0 0.226223340625 0.0907903828125 0.2259215828125 0.1450389359375 0.2144237125 0.1887495890625 0.2132814609375 0.2068870296875 0.22463380000000002 0.2577436546875 0.24062076718749997 0.265625 0.24983084843749997 0.265625 0.251357934375 0.2632960171875 0.2583945921875 0.22955324843749997 0.2628612125 0.18621108749999998 0.253604825 0.0573719703125 0.25621259687500003 0.0349859734375 0.2640625 0.011617125 0.2640625 0 0.22006402656250001 0
1 0.25571341875 0.0578812921875 0.27099991874999996 0.17605958125 0.27166690625 0.2190742265625 0.2631488484375 0.27580048437500004 0.297603828125 0.32217928749999997 0.31701653125 0.3766186875 0.3203125 0.39771568749999997 0.3203125 0.262763815625 0.31989302343750003 0.261531825 0.31072940625 0.21975606406249998 0.3066546265625 0.1503252578125 0.309319734375 0.0768505140625 0.3066931953125 0.0504479875 0.2949366 0.0218053046875 0.2834163765625 0.013281056250000001 0.2740413765625 0.013117415625 0.260608015625 0.02744846875 0.25571341875 0.0578812921875
1 0.3171875 0.5515625 0.3171875 0.49259213593749995 0.310618803125 0.5195236640625 0.2976203421875 0.5456534546875 0.30081944374999997 0.5515625 0.3171875 0.5515625
1 0.3080781140625 0 0.30409258437500003 0.014477964062500001 0.30163376249999996 0.1506527109375 0.298615178125 0.17563452968749999 0.29775001093750003 0.1787500078125 0.29775001093750003 0.32786642499999996 0.30030312812500004 0.3479931125 0.29775001093750003 0.384957646875 0.29775001093750003 0.484375 0.3173996859375 0.484375 0.31901895156250004 0.4830244171875 0.34200310312500004 0.397122390625 0.350141340625 0.3513526921875 0.3515625 0.326952334375 0.3515625 0.275901346875 0.35017335312500003 0.2568446125 0.33611517812499997 0.1760708828125 0.3515625 0.0148003765625 0.3515625 0.006411146875 0.35049619062500004 0 0.3080781140625 0
1 0.3982530359375 0.14248001875 0.39514300156250004 0.1924527359375 0.3751395125 0.264344140625 0.3751395125 0.524803665625 0.3802862765625 0.528125 0.41472204062499995 0.528125 0.4163365 0.52706831875 0.425507459375 0.49817446875 0.44410314531250006 0.4181372671875 0.45 0.3397764796875 0.45 0.331682296875 0.4481038625 0.2986382609375 0.4319961140625 0.2076511546875 0.4435455859375 0.077286571875 0.444834371875 0.0328148453125 0.43698204531249996 0.00819555 0.4184908015625 0.001985228125 0.405831571875 0.013367915624999999 0.3976359265625 0.0381223796875 0.39588933593750003 0.07562237968749999 0.3982530359375 0.14248001875
1 0.443231428125 0 0.4426909484375 0.0017496968750000002 0.44421913281250003 0.038216006250000004 0.44175548593749997 0.06977768906250001 0.44175548593749997 0.4546875 0.444592109375 0.4546875 0.46576816093750006 0.385178734375 0.47675713125 0.3314856640625 0.481669790625 0.284322640625 0.46892534843749994 0.16032443125 0.4755391765625 0.09371696406249999 0.4859375 0.0272650640625 0.4859375 0 0.443231428125 0
1 0.55 0 0.5416535 0 0.5374379078125 0.007240073437499999 0.5335772000000001 0.0254958859375 0.5357525125 0.12509536875 0.5318697046875001 0.18213994375 0.509488209375 0.25943380625 0.509488209375 0.4807182984375 0.5101574546875 0.48551849843749995 0.5156674812500001 0.49375 0.55 0.49375 0.55 0
0 0.239168675 0.56875 0.2395149640625 0.56870490625 0.271968790625 0.547379725 0.29375 0.5131117984375 0.29375 0.339414325 0.29190200312500003 0.3341510765625 0.2675142234375 0.2905809765625 0.24102799375 0.2646383859375 0.2393410828125 0.2640625 0.1898069171875 0.2640625 0.1747351171875 0.2710592390625 0.1589081046875 0.2890282984375 0.143654146875 0.3188325109375 0.133219615625 0.364342546875 0.1336339453125 0.42719774375 0.1395932953125 0.46168316875000004 0.14978665 0.4902578390625 0.1615425046875 0.5187141109375 0.1727253046875 0.5353352265625 0.201555284375 0.5611002203125001 0.2222762828125 0.56875 0.239168675 0.56875
1 0.6495554 0.403125 0.65134751875 0.402156078125 0.665625 0.40273784218750003 0.665625 0.3607817765625 0.6624829796875 0.3446571 0.66552935625 0.28729213593749997 0.6642255296874999 0.2798210625 0.6604324484374999 0.276421153125 0.6525552796875 0.2779546703125 0.64990435625 0.286655465625 0.6488766453125 0.3459571703125 0.6414442609375 0.3676875984375 0.6414442609375 0.403125 0.6495554 0.403125
1 0.7218967359375 0.3795193453125 0.7215537328125 0.38596996875 0.7215537328125 0.4094245390625 0.722501103125 0.4140625 0.7484375 0.4140625 0.7484375 0.3654071296875 0.7436926421875001 0.34031264375000003 0.7464224234375 0.2846357453125 0.74364941875 0.27693222031250003 0.73859884375 0.2745177578125 0.7383806374999999 0.2745177578125 0.7321803140625 0.27852551875 0.7297342078125 0.287458321875 0.7311926421875 0.34104068593750003 0.7218967359375 0.3795193453125
2 0.55 0.47900762343750003 0.552383878125 0.4788826890625 0.6655124671875 0.47758915 0.845763903125 0.46999668124999994 0.85507425 0.46672758124999997 0.8921875 0.46796528437499996 0.8921875 0.414586421875 0.55 0.414586421875 0.55 0.47900762343750003
0 0.55 0.4109375 0.5875 0.4109375 0.5875 0.376989584375 0.5825791546875 0.36620413749999997 0.570864690625 0.3549021109375 0.5572582781250001 0.3537398140625 0.55 0.35809478437500003 0.55 0.4109375
1 0.102669953125 1 0.09769909375 0.9812990640624999 0.0976127734375 0.92162234375 0.10600156406250001 0.8045461546875 0.1023054078125 0.7867181109375 0.0942558140625 0.7740014453125 0.08173454375 0.7708480703125 0.0747943234375 0.7708480703125 0.06609849375 0.7784173171875001 0.056815135937500004 0.8046350421875001 0.0589436546875 0.9571853078125001 0.056357487500000004 0.9781551484375001 0.0506386171875 1 0.102669953125 1
1 0.19395053906249998 1 0.192006190625 0.9474804046875 0.1981377 0.8748487468749999 0.19788449375 0.8303633593749999 0.1858290171875 0.799707040625 0.1727159828125 0.794618884375 0.168706140625 0.794618884375 0.154675996875 0.80551145 0.1471355703125 0.8344135796875 0.1480083921875 0.8719135796874999 0.1570439015625 0.9576562 0.155669953125 0.99944569375 0.155555853125 1 0.19395053906249998 1
1 0.259375 1 0.259375 0.97450341875 0.25536830625 0.9608646796875 0.250410871875 0.9011288203125 0.25229473125 0.827640440625 0.24908546718750002 0.79290458125 0.24411089062500002 0.7775586203125 0.237717353125 0.7698174546875001 0.2125231125 0.7666033000000001 0.2063195296875 0.7727373875 0.20152633749999999 0.793461628125 0.2164114984375 0.93937678125 0.2156216765625 0.9615580921875001 0.20926170000000002 0.9933525328125 0.209506725 1 0.259375 1
1 0.13402865 1 0.1395094796875 0.9686558015625 0.1387836015625 0.9408507515625001 0.13544360625000001 0.9310830781250001 0.1388389734375 0.91305479375 0.138006678125 0.860231559375 0.1415106234375 0.826916409375 0.15 0.8029419093750001 0.15 0.7662689828125 0.14714440625 0.76374469375 0.1112878 0.7619376328125 0.10700368593750001 0.7750911687500001 0.1058391640625 0.8890436906250001 0.10193075 0.9293032875 0.10072070156249999 0.9331902203125001 0.10072070156249999 1 0.13402865 1
1 0.3259997140625 1 0.3243291625 0.9906580421874999 0.338217396875 0.84368135625 0.33794866875 0.8158490140625 0.3285985328125 0.789786265625 0.313167596875 0.7850739625 0.3009960265625 0.79438695625 0.291790228125 0.8156282749999999 0.2888095671875 0.8628232140625001 0.2916310765625 0.9366525796874999 0.28962074375 0.9630141875 0.2860479125 0.9893212312500002 0.28274825312499996 1 0.3259997140625 1
1 0.3690342640625 1 0.36030638125 0.9474455765625001 0.36601744531249997 0.8821677984375 0.38125 0.7873735609375 0.38125 0.7849242625 0.3771447296875 0.7774546875 0.34475050625 0.775 0.33875287187500003 0.775 0.3346102046875 0.79170781875 0.3376487140625 0.8198999953125 0.3345362265625 0.85547588125 0.3345362265625 1 0.3690342640625 1
1 0.47039648593749994 1 0.46265919375 0.9627977390625 0.4673908953125 0.8849198312500001 0.475010175 0.831791603125 0.475756934375 0.7943416671875 0.4699501796875 0.777767071875 0.43837350624999993 0.777767071875 0.4333541125 0.783206340625 0.426810096875 0.8099456828125 0.428656903125 0.8984841156249999 0.42515919375 0.9652008515624999 0.4153323578125 1 0.47039648593749994 1
1 0.8803380109375001 0.56875 0.8827756593749999 0.602974684375 0.8745726218750001 0.642596896875 0.8744805 0.665625 0.9046875 0.665625 0.9046875 0.627683675 0.896514859375 0.5928469171875 0.8973233015625001 0.56875 0.8803380109375001 0.56875
2 1 0.6805696078125 0.6857594812500001 0.6714613046875 0.6138359796875 0.6711772843749999 0.6045848484375 0.6786070578125 0.60400806875 0.71751413125 0.6071599359375 0.7280126265625 0.612531684375 0.7309176890625 0.6799788984374999 0.7359375 1 0.7359375 1 0.6805696078125