0 0.1940895984375 0.5064112078125 0.20762006875 0.5318327890625001 0.232555425 0.544984634375 0.24277631875 0.53470256875 0.2618890828125 0.571875 0.272561346875 0.571875 0.2750325453125 0.565821365625 0.276031965625 0.5283851390625001 0.280397521875 0.516930334375 0.2850769421875 0.518701859375 0.288523884375 0.5307943953125001 0.289465471875 0.5704733859375 0.29572355 0.5695946796875 0.3063633484375 0.5544833921875 0.31987892812499996 0.5152897515625 0.3240275875 0.4739419515625 0.3180603984375 0.4248206578125 0.30228314375 0.382541090625 0.2906532765625 0.366306721875 0.2688040625 0.3559732 0.2454827015625 0.3559732 0.227363946875 0.36253000625 0.21280981875 0.3787113203125 0.2008971390625 0.41108805937500004 0.2129378328125 0.4238820921875 0.21250276562499998 0.4314890953125 0.194807475 0.4501930953125 0.1921875 0.4595164984375 0.1921875 0.47238584843750003 0.21183336874999997 0.4793738765625 0.2176563828125 0.486102171875 0.2168185703125 0.49576062031249996 0.21249341406250002 0.50027098125 0.19491125 0.4995305375 0.1940895984375 0.5064112078125
2 1 0.35 0.659375 0.35 0.659375 0.42906628593749996 1 0.4596504890625 1 0.35
1 0.4647863375 0.9850266890625001 0.46776600156250003 0.990625 0.5000001203125 0.990625 0.5022971125 0.986235934375 0.5018139859375 0.9797119375 0.47532418125 0.9758039125 0.46568215312500005 0.9758039125 0.46430859687500003 0.9775767671875 0.4647863375 0.9850266890625001
1 0.470404946875 0.7296875 0.4671875 0.750115740625 0.453125 0.800115740625 0.44947916718750003 0.8241898140625 0.44895833281249997 0.843634259375 0.45390625 0.8478009265625 0.515625 0.8519675921875001 0.51953125 0.850578703125 0.5208333328125 0.8464120375 0.5197916671875 0.8269675921875 0.50107165 0.7296875 0.470404946875 0.7296875
1 0.42931315156250005 1 0.43125 0.9862268515625001 0.4302083328125 0.980671296875 0.3825520828125 0.981134259375 0.3807291671875 0.988078703125 0.383243815625 1 0.42931315156250005 1
1 0.3916666671875 0.7296875 0.3916666671875 0.7519675921875 0.3875 0.7760416671875 0.37552083281250004 0.8195601859374999 0.3734375 0.84085648125 0.3763020828125 0.844097221875 0.4291666671875 0.8464120375 0.43984375 0.846875 0.44114583281249997 0.838078703125 0.421875 0.7547453703125 0.4221138984375 0.7296875 0.3916666671875 0.7296875
1 0.164163478125 1 0.165625 0.993634259375 0.1666666671875 0.984375 0.16484375 0.9802083328125001 0.1138020828125 0.981134259375 0.10833333281249999 0.9862268515625001 0.1107279828125 1 0.164163478125 1
1 0.120690678125 0.7296875 0.12291666718750001 0.756597221875 0.1145833328125 0.837152778125 0.11536458281249999 0.84039351875 0.1223958328125 0.8417824078124999 0.165625 0.83993055625 0.165625 0.8334490734375001 0.1515625 0.7769675921875 0.1510416671875 0.7482638890625 0.1525949296875 0.7296875 0.120690678125 0.7296875
1 0.0982356765625 0.7296875 0.0973958328125 0.737152778125 0.08072916718749999 0.809375 0.07760416718749999 0.8362268515625001 0.0796875 0.8445601859374999 0.10859375 0.843171296875 0.11822916718750001 0.8390046296874999 0.1177083328125 0.8195601859374999 0.1223958328125 0.7769675921875 0.1234375 0.7427083328124999 0.12197265625 0.7296875 0.0982356765625 0.7296875
1 0.053075921875 1 0.056770832812500005 0.9862268515625001 0.0557291671875 0.980671296875 0.00859375 0.9802083328125001 0.007291667187500001 0.988078703125 0.009806315625000001 1 0.053075921875 1
1 0.0189453125 0.7296875 0.0182291671875 0.7519675921875 0 0.8293852906250001 0 0.8500811625000001 0.06119791718749999 0.8487268515625 0.06770833281250001 0.8454861109374999 0.0640625 0.8177083328125001 0.0489583328125 0.7519675921875 0.0491541546875 0.7296875 0.0189453125 0.7296875
2 0 0.979770128125 0.04921875 0.9774305562500001 0.05989583281250001 0.9825231484374999 0.1497395828125 0.97835648125 0.35234375 0.9802083328125001 0.42265625 0.9774305562500001 0.4596354171875 0.9802083328125001 0.47265625 0.9765046296875 0.5205729171875 0.9829861109374999 0.5747395828124999 0.9774305562500001 0.5877604171875 0.9802083328125001 0.60234375 0.97835648125 0.6138020828124999 0.9820601859375 0.62578125 0.9765046296875 0.6286458328125 0.96585648125 0.6291666671875 0.8667824078124999 0.62578125 0.8570601859375 0.59765625 0.85335648125 0.4596354171875 0.8542824078125 0.37578125 0.8478009265625 0.3658854171875 0.850578703125 0.35703125 0.846875 0.3434895828125 0.8496527781250001 0.33984375 0.8459490734375 0.3361979171875 0.8487268515625 0.33203125 0.8459490734375 0.3283854171875 0.8487268515625 0.32473958281250004 0.8459490734375 0.3200520828125 0.8487268515625 0.31692708281250004 0.8459490734375 0.2888020828125 0.8478009265625 0.28515625 0.8450231484374999 0.2731770828125 0.8487268515625 0.27005208281250004 0.8459490734375 0.25703125 0.8487268515625 0.25338541718749996 0.8459490734375 0.24973958281250003 0.8496527781250001 0.2455729171875 0.8459490734375 0.24192708281250003 0.8496527781250001 0.23046875 0.8459490734375 0.22630208281250003 0.8496527781250001 0.21328125 0.846875 0.21015625 0.850578703125 0.19973958281249998 0.846875 0.1950520828125 0.850578703125 0.18203125 0.8478009265625 0.17890625 0.850578703125 0.17109375 0.8459490734375 0.1127604171875 0.846875 0.059114582812500004 0.8542824078125 0 0.8546716390625001 0 0.979770128125
0 0.8103546875 0.7296875 0.7972556328125 0.7489494421875 0.7903986109375 0.7632115625 0.7875 0.77431109375 0.7875 0.88440466875 0.790127571875 0.8993651859374999 0.7991532718750001 0.91538698125 0.805951040625 0.91131005 0.8175063375 0.8955787203125001 0.8222046109375001 0.8941095062500001 0.8265428109374999 0.9097486625 0.823288525 0.9317157921874999 0.8289390640625 0.940625 0.8304481015625 0.940625 0.842317796875 0.9300268578124999 0.8612455625 0.9010018531250001 0.8685641671875001 0.8969674359375001 0.8768490171875 0.9059810140625 0.8846884515625 0.9019891125000001 0.888838959375 0.9051070125 0.8936872156250001 0.9226405375000001 0.8920762328125 0.9308463249999999 0.8964952374999999 0.9325965921874999 0.89786465625 0.9211288062499999 0.9026167984375 0.9104003328125 0.9048078703125 0.8920518749999999 0.8981447750000001 0.872980659375 0.8992564703125 0.8610286515624999 0.9042394015624999 0.855414028125 0.92037985 0.857657928125 0.9232740578125 0.8527991687500001 0.9239834328125 0.8204342765625 0.9189690265625 0.7866757921875001 0.9045957828125001 0.7493742515624999 0.8918164453124999 0.7296875 0.8103546875 0.7296875