1 0.00513794375 0 0 0.00476686875 0 0.4890625 0.0597514671875 0.4890625 0.0509719859375 0.44363483906249995 0.0438319921875 0.38380237031250003 0.044761603125 0.34483159375 0.050668823437499996 0.268960259375 0.0699001765625 0.14826446875 0.07564258125 0.0668102828125 0.0714693453125 0.0340753265625 0.061322996875 0.0089241375 0.053589035937499994 0 0.00513794375 0
1 0.201803859375 0 0.2000202953125 0.00517319375 0.19646736250000002 0.0255890171875 0.19302063125 0.1107651140625 0.1976053546875 0.20227723125 0.19937693437499998 0.320668471875 0.1938899953125 0.404955003125 0.173528378125 0.4890625 0.295666753125 0.4890625 0.2941288984375 0.47629400625 0.2912195265625 0.47171892499999996 0.283214575 0.4089468765625 0.28346002812500004 0.3589832421875 0.28743091718749997 0.2849000765625 0.30951812031250003 0.12353441093749999 0.31440129843750003 0.05221084375 0.3137377890625 0.0105896328125 0.31139855 0 0.201803859375 0
1 0.61875 0.4890625 0.61875 0 0.5187885515625 0 0.51653408125 0.09759457499999999 0.5240414765625 0.239318659375 0.526237659375 0.326792740625 0.5182029781249999 0.45442483749999996 0.5126492796875 0.4890625 0.61875 0.4890625
1 0.46271707187500005 0 0.45534813906249993 0.012337896875 0.447439409375 0.043491996875 0.4462583890625 0.07395661249999999 0.44819905000000004 0.1156232796875 0.4679872890625 0.2725412703125 0.47226338281249997 0.3420220890625 0.4719050765625 0.378986375 0.4669886484375 0.418564746875 0.4525493734375 0.4890625 0.5359375 0.4890625 0.5359375 0.1416783734375 0.5278533953125 0.08420133125 0.522668340625 0.006368990624999999 0.5188638734375 0 0.46271707187500005 0
1 0.774598671875 0.4890625 0.7847822828125001 0.449507821875 0.7906942625 0.41688806874999995 0.79375 0.3850387015625 0.79375 0.34162245625 0.79365834375 0.337410115625 0.779493953125 0.2432531484375 0.7826665625 0.197882778125 0.7926042859375 0.13736390625 0.79375 0.1209794296875 0.79375 0.0949842546875 0.792063453125 0.0857547359375 0.7817786734375 0.0726344734375 0.7699738546875 0.0726344734375 0.7640312890625001 0.0749383328125 0.7545634531250001 0.0879388609375 0.749360834375 0.10299635625 0.746444359375 0.1372859515625 0.7482182421875 0.1786796015625 0.745766425 0.23599600468749998 0.7407637609375 0.2630298671875 0.731946003125 0.2903711765625 0.731946003125 0.4890625 0.774598671875 0.4890625
1 0.665660671875 0.25098200312499996 0.665660671875 0.4671875 0.6898052875 0.4671875 0.6954389859375001 0.4564036015625 0.7076027796875 0.4133764078125 0.71984571875 0.3201854375 0.7180986390624999 0.29036473749999997 0.7070425124999999 0.21824956874999998 0.708064415625 0.1941482 0.7183624562500001 0.12315215625 0.7203125 0.09272214375 0.7203125 0.09132138125 0.71802625 0.0794698625 0.7077480421875 0.06453115312499999 0.6994740453125 0.06316849531249999 0.6924658671875 0.06651735625 0.6841720828125 0.0776956421875 0.6814953906250001 0.08684571875 0.678732978125 0.11364297812499999 0.678779078125 0.19447149218749998 0.6763726812499999 0.2157131953125 0.665660671875 0.25098200312499996
1 0.61875 0.409375 0.6374495578125 0.409375 0.643840125 0.3954993390625 0.650342228125 0.36763065 0.6609375 0.2698749484375 0.6609375 0.2644842453125 0.6482488203125001 0.18910876875 0.65118469375 0.1372478265625 0.6562536734375 0.10662863281249998 0.6580682796875 0.0788417640625 0.655633290625 0.0640814953125 0.6478189125 0.052998250000000004 0.64359510625 0.052998250000000004 0.6339938187499999 0.0538197234375 0.62707370625 0.06272965781249999 0.6229103640625 0.07390440781249999 0.6210957609375 0.10169127656250002 0.622983415625 0.1728966625 0.61995131875 0.193303396875 0.61875 0.197385734375 0.61875 0.409375
1 0.2515625 1 0.2515625 0.9560213234375 0.2394306671875 0.9086868156250001 0.23443037812499998 0.85779845625 0.2375382359375 0.8133540140625 0.24543071562500002 0.7672476609375 0.24882564999999998 0.7075709437500001 0.239978384375 0.683879671875 0.22769899374999997 0.6780801328124999 0.2211491890625 0.6780801328124999 0.204387234375 0.6977100937499999 0.1982429265625 0.71881644375 0.20017860937499998 0.8179825921875 0.19741598124999998 0.8530381375000001 0.19291699843750001 0.8730017171875 0.19291699843750001 0.9748862609375 0.199760453125 0.980850571875 0.21128579374999998 1 0.2515625 1
1 0.4233500390625 1 0.4253211765625 0.9899782421874999 0.42816930624999994 0.9455338000000001 0.41385965 0.8263318234374999 0.42772442499999996 0.732296815625 0.4296875 0.7016634406250001 0.4296875 0.7000720828125 0.42234471406249996 0.6755759640625 0.40785697968749995 0.6692424765625 0.3981259640625 0.6743067109374999 0.38845427187500003 0.696793471875 0.38435015781250004 0.821998190625 0.3687944796875 0.8809930578125 0.3687944796875 1 0.4233500390625 1
1 0.3897591859375 0.685502440625 0.4 0.6622585578125 0.4 0.661278796875 0.3900526703125 0.6421875 0.37800653125 0.6421875 0.36839670625 0.6581201296875 0.3641372375 0.78309285625 0.3515625 0.8216391578125 0.3515625 0.9931589203125 0.352212703125 0.99375 0.35278701562500003 0.99375 0.35897212968750003 0.9275100281250002 0.3850468984375 0.8201973890625001 0.385793234375 0.70361254375 0.3897591859375 0.685502440625
1 0.3617580453125 0.7823119796875 0.3646540671875 0.6696480921875001 0.375 0.644541228125 0.375 0.640594284375 0.374277846875 0.6313055078125 0.3656492578125 0.6230383671874999 0.35445300468749996 0.627829096875 0.34869564999999997 0.6420573359375 0.3474865171875 0.7353314109375 0.3359375 0.7801741640625 0.3359375 0.91875 0.33749040625000004 0.91875 0.34211736875 0.8506091890625 0.3617580453125 0.7823119796875
1 0.5001717984375 0.95625 0.5171875 0.95625 0.5171875 0.6509196875 0.51236091875 0.6398591125 0.49973154218750004 0.6366448265625 0.49123232968749997 0.6467477500000001 0.488689528125 0.6591386234375001 0.4959545921875 0.7481366406250001 0.480891840625 0.8266485453125 0.48035937031250003 0.8654555859374999 0.494267553125 0.9463658031249998 0.5001717984375 0.95625
1 0.5502563359375 1 0.5637003265625 0.9299865125 0.5640625 0.9153103781249999 0.5640625 0.8765460140625001 0.552885721875 0.8120218625 0.553632478125 0.7745264078125 0.5631538140625 0.7133743890625001 0.5640625 0.6992150296874999 0.5640625 0.6739011265625 0.5633456953125 0.6703279234374999 0.5536973734374999 0.65625 0.5517457109375 0.65625 0.537598265625 0.660063521875 0.5286877296875 0.67747235625 0.5243190265625 0.8038567015625 0.5069015953125 0.8617781203125 0.5069015953125 1 0.5502563359375 1
1 0.68598756875 1 0.687709334375 0.9929086796875 0.6900828015625 0.9191747390625 0.6834669250000001 0.8756278609375 0.689459840625 0.8188062453124999 0.7 0.770733596875 0.7 0.731703390625 0.69621425625 0.7195211625000001 0.6901422625 0.7164158359374999 0.675812753125 0.71984551875 0.667367328125 0.735428778125 0.657725246875 0.849194834375 0.6381891375000001 0.9078800046875 0.6381891375000001 1 0.68598756875 1
1 0.61875 1 0.6223184390625 1 0.6232376796875 0.99895231875 0.63200554375 0.9280235265624999 0.648526209375 0.8750002875 0.649431846875 0.8555558421875 0.6434306265624999 0.816803321875 0.6447890859375 0.7876366562499999 0.653125 0.7305880921875 0.653125 0.68841058125 0.647940221875 0.68125 0.6362383765625 0.68125 0.6272482171875 0.694962928125 0.620117515625 0.7977816171875001 0.61875 0.8018920328125001 0.61875 1
1 0.7898437359375 1 0.7925732875 0.9921984171875 0.801022696875 0.9454132359375 0.8018586609374999 0.9106363828124999 0.7946133953125 0.8474261890625 0.79993780625 0.8004224890625 0.8078125 0.7699803624999999 0.8078125 0.72230906875 0.8058692765625001 0.715142396875 0.7951905296875 0.7088220187500001 0.7871192765625 0.7138312703125 0.7770675406249999 0.7361196875 0.7710415312500001 0.8318437609375 0.748291271875 0.8917583296875 0.748291271875 1 0.7898437359375 1