1 0.279507240625 0 0.2792416125 0.0006465890625 0.2759800359375 0.0346206203125 0.278568459375 0.122949490625 0.2735191171875 0.16349403906249999 0.2671774140625 0.19210076250000002 0.2625 0.2036833875 0.2625 0.4890625 0.2950572953125 0.4890625 0.2986222125 0.47944837187499995 0.320772321875 0.3937009375 0.3279964421875 0.34656357187500003 0.329642490625 0.2835278734375 0.32022148437500003 0.2081763203125 0.312190340625 0.1764523890625 0.31153995156250003 0.16437898281250002 0.3151479359375 0.12365036562500001 0.3307781640625 0.027548029687499996 0.33208155625 0.0034618328125 0.3316642421875 0 0.279507240625 0
1 0.5319442453125001 0 0.5358786078125 0.055490687500000004 0.5335618578125 0.0834140171875 0.5251298156249999 0.116258071875 0.521875 0.14117258593749998 0.521875 0.1441459578125 0.5310119281250001 0.24671659531249998 0.54121765 0.2837920765625 0.5480054359375 0.2859375 0.5658474640625 0.2859375 0.5688757 0.284358240625 0.57310071875 0.2772076046875 0.5780416265625 0.2476959 0.5780416265625 0.11644235781250001 0.5656110484375 0.07357667500000001 0.5629349984375 0.053303335937499995 0.56137234375 0.030080601562499996 0.5640573703125 0.0022561203124999997 0.5642026015625 0 0.5319442453125001 0
1 0.4698223453125 0 0.4780286125 0.0522405015625 0.479646484375 0.08001828125 0.476792571875 0.11169076093750001 0.46875 0.15241379375 0.46875 0.2182073546875 0.4740892 0.2714381359375 0.489627684375 0.3320611328125 0.49241009375000006 0.3375 0.5210068421875 0.3375 0.5210068421875 0.1261353671875 0.515855071875 0.1100990859375 0.509333984375 0.07880860625 0.5074634828125 0.028766162499999998 0.5082476296875 0 0.4698223453125 0
1 0.3860854859375 0 0.3849457796875 0.012034478125000001 0.3849553984375 0.0629361640625 0.381159775 0.12218936250000001 0.3703125 0.1508748265625 0.3703125 0.4109375 0.387839525 0.4109375 0.394716559375 0.40253280937499997 0.405174453125 0.3700799515625 0.42199915624999995 0.304272546875 0.426601453125 0.2542695171875 0.42696974687499994 0.1987382 0.41744220624999995 0.1432644609375 0.414736346875 0.10626075312500001 0.43086294062499997 0.0043634515625000005 0.43113734062500003 0 0.3860854859375 0
1 0.3656844515625 0 0.3714851015625 0.0488673265625 0.3693947921875 0.0784424109375 0.3609375 0.116581140625 0.3609375 0.21648194843750002 0.3633039109375 0.23194610624999998 0.37179193593750004 0.266332640625 0.3779827515625 0.2828125 0.3816549375 0.2828125 0.3822374484375 0.28224611718750003 0.3822837375 0.22394914843749997 0.3879587015625 0.177780125 0.3905016890625 0.1611680046875 0.39713865312499996 0.1373882671875 0.39713865312499996 0.048080934375 0.39288206875 0.005748818750000001 0.3927663828125 0 0.3656844515625 0
1 0.1759822609375 0 0.176513303125 0.0130327515625 0.18821185 0.1079936859375 0.186814996875 0.1377597953125 0.1738309984375 0.20339348125 0.171875 0.2231216578125 0.171875 0.3003181703125 0.172251975 0.3055455859375 0.1783354328125 0.3395591828125 0.1950766640625 0.404562940625 0.20051014843749998 0.4171875 0.235418434375 0.4171875 0.2392039484375 0.4115293578125 0.2429628921875 0.38970060625 0.2429628921875 0.19903643437500002 0.23769748750000003 0.18241621875 0.2315763015625 0.147476696875 0.22241293906249998 0.1275430578125 0.21946184999999999 0.10635594374999999 0.218850825 0.07855086875 0.22205954062500002 0.029203839062499997 0.2200452484375 0 0.1759822609375 0
1 0.0964794953125 0 0.1050294078125 0.0699970515625 0.103165434375 0.1059808296875 0.0921875 0.16169496875 0.0921875 0.2559783296875 0.09508473281249999 0.276704125 0.1072474390625 0.32712856874999996 0.113102453125 0.34585931406250003 0.11804684843749999 0.3515625 0.1426938 0.3515625 0.14998462343750002 0.3445883171875 0.1540191390625 0.3254604890625 0.1540191390625 0.1610725046875 0.13663159375 0.0962491703125 0.13331608281250001 0.0757726875 0.1358073578125 0 0.0964794953125 0
1 0.03347138125 0 0.036761451562500005 0.036572549999999995 0.037138546875 0.068979959375 0.025 0.13200834374999998 0.025 0.2238398734375 0.0386072515625 0.2846964546875 0.042637403125 0.2954355203125 0.045177615625 0.296875 0.06901666875 0.296875 0.074598621875 0.290162540625 0.08199093125 0.25423326562500004 0.0836840234375 0.2326730171875 0.0836840234375 0.1417555640625 0.080482553125 0.12460363593749998 0.0652419984375 0.067782725 0.06399562343750001 0.050165884375000004 0.066083775 0 0.03347138125 0
1 0.214485465625 0 0.213719984375 0.0176258265625 0.2058691296875 0.06290528437500001 0.2046875 0.08319307031249999 0.2046875 0.1280409015625 0.2101932546875 0.1408376109375 0.21302871250000002 0.1816692640625 0.22030047968750002 0.2179440171875 0.22261546718749997 0.253125 0.2228928625 0.253125 0.2277524890625 0.242172640625 0.234705009375 0.20336557187499998 0.23709634375 0.15335648125 0.23336255156250002 0.11899721875 0.2243849546875 0.0762046203125 0.22334472968750002 0.0493073140625 0.2296377421875 0 0.214485465625 0
1 0.9910110109375001 0.4890625 0.9917864125 0.47044609531250003 0.9902049875 0.4500029890625 0.9790406875000001 0.3838864484375 0.9811158671874999 0.34961506875000004 0.9904637843749999 0.2951066640625 0.9914865265625 0.27472416875 0.98768144375 0.256084425 0.9797629062500001 0.2481202546875 0.9745805359374999 0.2481202546875 0.9654110875 0.250464503125 0.9558296765625001 0.2701840125 0.95341445625 0.2951718890625 0.9542727171875001 0.35270052343749997 0.9518170296875 0.385107928125 0.9484375 0.39585876249999996 0.9484375 0.4890625 0.9910110109375001 0.4890625
2 0.66875 0.5642557125 0.5687170609375001 0.56695025 0.54146370625 0.561678128125 0.5277115515624999 0.56414071875 0.52285403125 0.5593898625 0.5182663890625 0.5648484390624999 0.5025712265625 0.5654106890625 0.495109540625 0.5605992203125 0.47993521093749997 0.5611735953125 0.4661533609375 0.5571425828125001 0.4595199 0.5569477109375 0.141686284375 0.5569477109375 0.1411128953125 0.556997653125 0.140952090625 0.5569477109375 0.06875 0.5569477109375 0.06875 0.6574886 0.1176296984375 0.66033768125 0.131802828125 0.6523195328125 0.14214933125 0.653487909375 0.160718540625 0.6631957046875 0.2462202171875 0.667504671875 0.379055515625 0.6703125 0.47144576093749996 0.6703125 0.486520021875 0.66706858125 0.5121788203125 0.6703125 0.5499775546875 0.6703125 0.554058334375 0.6640027578125001 0.565416809375 0.6587017765625001 0.5797896546875 0.661818984375 0.5888865609375 0.6703125 0.66875 0.6703125 0.66875 0.5642557125
1 0.6025472484375001 0.908175703125 0.6118088984375001 0.8470843390624999 0.6118088984375001 0.7575723875 0.611670478125 0.7556931375 0.5938093171875 0.6795690328124999 0.5858126968749999 0.6646429984375001 0.5732588125 0.66337334375 0.5655540796875 0.66744091875 0.5589673671875001 0.68304618125 0.545416878125 0.7550702265625 0.5453125 0.7567912515625 0.5453125 0.8021671250000001 0.5462341875 0.8190076296875001 0.55530400625 0.8797791265624999 0.56455335625 0.9108724765625 0.5646032328125 0.9109375 0.6005949984375001 0.9109375 0.6025472484375001 0.908175703125
1 0.525847840625 0.6125 0.5282860015625 0.6125 0.5304524671874999 0.6019815328125 0.5304524671874999 0.5838262171874999 0.52596101875 0.57878524375 0.5256189874999999 0.5639492078125 0.519476125 0.5525979671875 0.5112321921875 0.5455088953125 0.5038865953125 0.54488008125 0.4953560046875 0.5507964171874999 0.4921875 0.5562005859375 0.4921875 0.5772565234375 0.494190184375 0.58007980625 0.4937956671875 0.5912333609375 0.495969121875 0.5971776015625 0.500818409375 0.5997643796875 0.5252975765625 0.5987669296875 0.525847840625 0.6125
1 0.528241825 0.7827256921875 0.5265611406249999 0.75867283125 0.5193945281250001 0.718918615625 0.51527733125 0.6800721484375 0.5106695390625 0.6759342703125 0.4951957046875 0.674173321875 0.485367209375 0.6797834187499999 0.4824565890625 0.6867414984375 0.48138193749999997 0.712661365625 0.471875 0.745697846875 0.471875 0.9421875 0.49601786406250004 0.9421875 0.4967898125 0.941629559375 0.5026825140625 0.930026696875 0.5140391531249999 0.8929411796875 0.520028046875 0.8642162656250001 0.526940425 0.8114233359374999 0.528241825 0.7827256921875
1 0.17146905625 0.9331451765625001 0.1789187734375 0.892891059375 0.1789187734375 0.775557725 0.1757745875 0.7583270015625001 0.1613992125 0.7044051078125 0.1532957046875 0.69593540625 0.15228986093750002 0.682037428125 0.1460901078125 0.675914359375 0.133133940625 0.6775389328125 0.12885236093750002 0.6816283249999999 0.12936970625 0.6964431375 0.11352977187499999 0.7794491890625 0.1125 0.7932537125 0.1125 0.83739983125 0.11360932812499999 0.8562555859375 0.1279812171875 0.9249832015624999 0.13658764375000002 0.9404018921875 0.1374482171875 0.940625 0.167483725 0.940625 0.17146905625 0.9331451765625001
1 0.0654188609375 0.578873984375 0.0706671421875 0.5647991421875 0.0706671421875 0.5591998421875 0.06911805 0.541563990625 0.0649817453125 0.5297180234375001 0.060309426562500004 0.5239315203125 0.045650634375 0.5228439484375 0.04230663125 0.530442425 0.0359375 0.5357950625 0.0359375 0.5699553765625 0.0388338140625 0.573307975 0.054941915625000004 0.57153588125 0.063010703125 0.5966303515625 0.06431514375 0.5984375 0.06665765312500001 0.5984375 0.0654188609375 0.578873984375
1 0.0795096546875 0.9038056203124999 0.0821854671875 0.8761763984375 0.084358059375 0.8674576078125 0.084358059375 0.749833540625 0.07903068437500001 0.7262612875000001 0.073337340625 0.712160175 0.06816831718750001 0.6832866937500001 0.062230725 0.6696379328125 0.0419505578125 0.6697361890625 0.036350728124999995 0.6732064453125 0.033175484374999994 0.6790870203124999 0.03125 0.6971984156250001 0.03125 0.70255780625 0.031908415625 0.8066313515625 0.036416801562500004 0.8761606875 0.041812160937499995 0.9115156500000001 0.0471427953125 0.9140625 0.0712610328125 0.9140625 0.0795096546875 0.9038056203124999
1 0.7997469015625 0.7374164859375 0.8020958859375 0.715248809375 0.7996335 0.7006313859375 0.789989125 0.703933146875 0.792764153125 0.7386826421875 0.7875 0.7649674609374999 0.7875 0.7870783296875 0.7886482015625 0.799684659375 0.792814446875 0.8109375 0.8046777359374999 0.8109375 0.8055171250000001 0.8042834640625 0.8055171250000001 0.7587368234375 0.7997469015625 0.7374164859375
1 0.836982940625 0.7681193546875 0.8305907874999999 0.747482853125 0.8316894937500001 0.71680446875 0.8268549875 0.7038352124999999 0.8189631234375 0.711904009375 0.8219970374999999 0.7479332328125 0.8171875 0.7736375296875 0.8171875 0.7917008796875 0.8178975671875 0.8010385578125 0.82506339375 0.821875 0.833191528125 0.821875 0.8359339609375 0.8209711359374999 0.836982940625 0.8137529765625 0.836982940625 0.7681193546875
1 0.8651044953125 0.825 0.8651044953125 0.7684099109375 0.8606005343750001 0.751256696875 0.860805 0.712431475 0.8483318671875001 0.7015213890625001 0.846875 0.7121374765625 0.846875 0.7210234812499999 0.85278803125 0.7509383625 0.8472170453124999 0.7701281390625001 0.846875 0.7776315281249999 0.846875 0.8019621546875 0.8550731703125001 0.825 0.8651044953125 0.825
1 0.8897990234375 0.7611029359374999 0.8909090109375001 0.722250415625 0.8833820859374999 0.7130498921875 0.8792872265625 0.7303109921875001 0.8811729500000001 0.7581251359375 0.875 0.7955779265625 0.875 0.8089243671874999 0.87890449375 0.8316635140624999 0.8801771484375 0.8328125 0.8899856453125 0.8328125 0.8962807937499999 0.8083964703125 0.8962807937499999 0.7982946265624999 0.8897990234375 0.7611029359374999
1 0.90259565 0.7505793046875 0.898957603125 0.7727606171875 0.8984375 0.7741932203124999 0.8984375 0.8265625 0.9087612671875 0.8265625 0.916170625 0.7994767875 0.9118088625 0.753520725 0.9148551328125001 0.714645471875 0.9070969203124999 0.706863396875 0.9018697703124999 0.7227606171875001 0.90259565 0.7505793046875
1 0.93671875 0.7473958328125001 0.9390625 0.7154513890625 0.934765625 0.7036458328125 0.92734375 0.70850694375 0.92890625 0.74600694375 0.921875 0.7765625 0.92265625 0.804340278125 0.9296875 0.823784721875 0.9375 0.8210069437499999 0.94375 0.7960069437499999 0.94296875 0.7723958328125 0.93671875 0.7473958328125001
1 0.9625 0.7154513890625 0.960546875 0.7022569437499999 0.95078125 0.7057291671874999 0.95390625 0.7376736109375 0.9453125 0.76961805625 0.9453125 0.7932291671874999 0.95 0.8126736109374999 0.95390625 0.816840278125 0.96171875 0.8126736109374999 0.96640625 0.7890625 0.96640625 0.7682291671874999 0.959375 0.7376736109375 0.9625 0.7154513890625
1 0.88125 0.7598958328125001 0.8796875 0.723784721875 0.88515625 0.7168402781250001 0.880859375 0.7036458328125 0.87265625 0.70850694375 0.8734375 0.7473958328125001 0.86640625 0.7793402781250001 0.871875 0.8210069437499999 0.875 0.8210069437499999 0.87421875 0.7876736109375 0.88125 0.7598958328125001
1 0.899609375 0.7022569437499999 0.896875 0.70850694375 0.896875 0.7182291671875 0.9 0.7376736109375 0.89375 0.7585069437499999 0.8921875 0.773784721875 0.89375 0.786284721875 0.89765625 0.7987847218749999 0.8983151296875 0.7884167390625001 0.8992410453125 0.7804639625 0.902018803125 0.7730596515625 0.9027904031249999 0.761541840625 0.9046422359375 0.75166944375 0.90294471875 0.7242460875 0.9041792828125 0.7149221484374999 0.908203125 0.7078125 0.905078125 0.7022569437499999 0.899609375 0.7022569437499999
0 0.87734375 0.916840278125 0.8765625 0.89461805625 0.864453125 0.8703125 0.842578125 0.8730902781250001 0.834375 0.89461805625 0.8359375 0.9279513890625001 0.844140625 0.9453125 0.85234375 0.948784721875 0.863671875 0.948090278125 0.87109375 0.9376736109374999 0.87734375 0.916840278125