0 0.5009734828125 0.5890625 0.4981638390625 0.572745928125 0.48999210781249997 0.5444341265625 0.476858996875 0.5181200625 0.46446135 0.49972643281250007 0.45254143750000003 0.4887735875 0.4375031734375 0.4809633875 0.3983645328125 0.4809633875 0.356498015625 0.5187434203125 0.3399220796875 0.5468587265625 0.3314486890625 0.5703987749999999 0.327796778125 0.5890625 0.5009734828125 0.5890625
1 0.6796875 0.5890625 0.76857118125 0.5890625 0.76524305625 0.5225 0.7385763890625 0.47361111093749997 0.6896875 0.43361111093750004 0.6796875 0.40861111250000004 0.6796875 0.5890625
1 1 0.16875 0.9963541671874999 0.0958333328125 0.9696875 0.046944443749999995 0.9585763890625 0.040277778125000004 0.9230208328125 0.040277778125000004 0.911909721875 0.046944443749999995 0.8896875 0.10916666718750001 0.8896875 0.1536111109375 0.8941319437499999 0.15805555625 0.8941319437499999 0.1713888890625 0.9163541671875001 0.2158333328125 0.9385763890625001 0.2425 0.9674652781249999 0.24472222187499998 0.9763541671875 0.240277778125 0.991909721875 0.2158333328125 0.991909721875 0.20249999999999999 1 0.18631944375 1 0.16875
1 0.7741319437499999 0.11805555625 0.7963541671875001 0.16694444375 0.7963541671875001 0.20694444375 0.7785763890624999 0.24694444375 0.7741319437499999 0.304722221875 0.791909721875 0.35805555624999996 0.8185763890625001 0.39805555625 0.8407986109374999 0.4158333328125 0.8741319437499999 0.41805555625 0.8985763890625 0.3936111109375 0.911909721875 0.3491666671875 0.911909721875 0.300277778125 0.88524305625 0.22916666718749998 0.85413194375 0.19805555625 0.8496874999999999 0.0691666671875 0.8341319437499999 0.058055556249999994 0.8030208328124999 0.058055556249999994 0.76524305625 0.0736111109375 0.7741319437499999 0.11805555625
1 0.5439451359375 1 0.5461309875 0.9816587859375 0.5455436640625 0.9482753875000001 0.5417990203125 0.920247284375 0.5299441765624999 0.87572128125 0.5111860953125 0.875908615625 0.5052661203125 0.8859497968750001 0.49375 0.9387651890625 0.49375 0.9971053671875 0.49447262812500004 1 0.5439451359375 1
1 0.48418945312500006 1 0.4828125 0.9510416671874999 0.465234375 0.8892361109374999 0.446484375 0.8920138890625001 0.4390625 0.91631944375 0.42890625 0.9677083328125 0.42890625 1 0.48418945312500006 1
1 0.2769846265625 1 0.275 0.9635416671874999 0.258203125 0.9003472218749999 0.241796875 0.9003472218749999 0.23671875 0.9079861109374999 0.2203125 0.9885416671874999 0.22074218750000002 1 0.2769846265625 1
1 0.20078125 1 0.20078125 0.956597221875 0.183984375 0.8892361109374999 0.168359375 0.887847221875 0.1625 0.894097221875 0.14609375 0.96631944375 0.14609375 1 0.20078125 1
1 0.12437666249999998 1 0.12578125 0.94131944375 0.110546875 0.875347221875 0.090234375 0.875347221875 0.07578125 0.9260416671874999 0.07265625 0.98993055625 0.07368607968749999 1 0.12437666249999998 1
1 0.7043149953125 0.5890625 0.69608036875 0.5968685734375 0.6953125 0.6003043203125 0.6953125 0.6548978375 0.6984757921875 0.7131225828125001 0.6953125 0.7546692140625 0.6953125 0.7977948749999999 0.7053707828125 0.8479547406249999 0.751460146875 0.884375 0.7599387796875 0.884375 0.760033134375 0.8681570484375 0.7570735015625 0.848882375 0.737046640625 0.7712589359375001 0.7331652078124999 0.73443059375 0.74001865625 0.612407609375 0.7286077015625 0.5890625 0.7043149953125 0.5890625
1 0.6796875 0.84902069375 0.702979465625 0.846055246875 0.6855792609375 0.7443064390625 0.691720509375 0.6155306046875 0.6866028015625 0.596452703125 0.6796875 0.5894153281250001 0.6796875 0.84902069375