1 0.4067798609375 0.1773148140625 0.400991303125 0.190277778125 0.3984375 0.211749825 0.3984375 0.217528884375 0.400473084375 0.2384259265625 0.407830834375 0.25648148125 0.42734883281249997 0.259375 0.44983615937500004 0.259375 0.44983615937500004 0.1847756296875 0.43405213906249995 0.1523148140625 0.43297816093749997 0.1106481484375 0.427678125 0.08194444375 0.41928093750000006 0.071875 0.41656354999999995 0.071875 0.408071328125 0.0740740734375 0.402197759375 0.0893518515625 0.40162830312500003 0.11620370312499999 0.40804016875000004 0.1458333328125 0.409373259375 0.1634259265625 0.4067798609375 0.1773148140625
2 0.56875 0.2616746234375 0.5544220546874999 0.259375 0 0.259375 0 0.314292071875 0.5431469296875 0.36364363593750004 0.56875 0.365630153125 0.56875 0.2616746234375
1 0.56875 0.3546875 0.5820628265625001 0.3546875 0.5820628265625001 0.16386835625 0.569750809375 0.12632378125 0.56875 0.1019454578125 0.56875 0.3546875
1 0.5377002296875 0.5890625 0.5450553031250001 0.6479058171875 0.5351580078125 0.71318359375 0.5342431265625 0.7423502609375 0.5396996421875 0.7937391500000001 0.555057378125 0.8520724843749999 0.56365953125 0.8703125 0.56875 0.8703125 0.56875 0.602214646875 0.56813770625 0.5890625 0.5377002296875 0.5890625
1 0.419102078125 0.5890625 0.41658170625 0.6497234390625 0.4140625 0.6569792734375 0.4140625 0.8921875 0.42489011718749997 0.8921875 0.4287371609375 0.8885130125 0.45286800312500003 0.792566246875 0.45455130625000006 0.72835849375 0.44236295625000005 0.6518279453125 0.44710192656250003 0.59766128125 0.4493360421875 0.5890625 0.419102078125 0.5890625
1 0.36924940624999997 0.5890625 0.371875 0.6505208328125 0.35625 0.72274305625 0.3609375 0.819965278125 0.36875 0.8588541671875 0.37578125 0.8657986109374999 0.399609375 0.8651041671874999 0.409375 0.8282986109374999 0.4109375 0.707465278125 0.39921875 0.664409721875 0.39609375 0.6380208328125 0.398089334375 0.5890625 0.36924940624999997 0.5890625
1 0.3059164328125 0.5890625 0.309375 0.657465278125 0.29453125 0.72274305625 0.2890625 0.78663194375 0.290625 0.8338541671874999 0.3 0.8880208328125001 0.30546875 0.91024305625 0.3140625 0.9185763890625 0.331640625 0.9192708328125001 0.34453125 0.91024305625 0.35859375 0.819965278125 0.35546875 0.7338541671875001 0.33671875 0.6560763890625 0.3375 0.59913194375 0.339118303125 0.5890625 0.3059164328125 0.5890625
1 0.257336128125 0.5890625 0.2609375 0.6546875 0.24296875 0.7491319437499999 0.24296875 0.78663194375 0.2515625 0.8352430562500001 0.25234375 0.8560763890625 0.26171875 0.8880208328125001 0.285546875 0.8887152781250001 0.2953125 0.8782986109375 0.2890625 0.8282986109374999 0.2890625 0.764409721875 0.29765625 0.707465278125 0.29765625 0.6963541671875 0.28671875 0.6546875 0.2889973953125 0.5890625 0.257336128125 0.5890625
1 0.2202899640625 0.5890625 0.22265625 0.6546875 0.21171875 0.69774305625 0.21171875 0.7130208328125 0.2234375 0.776909721875 0.221875 0.8574652781250001 0.225 0.8630208328125001 0.248046875 0.863715278125 0.25078125 0.8574652781250001 0.2421875 0.782465278125 0.2421875 0.7505208328124999 0.25390625 0.682465278125 0.246875 0.6435763890625 0.2490970328125 0.5890625 0.2202899640625 0.5890625
1 0.1646162015625 0.5890625 0.16796875 0.6657986109375 0.14921875 0.7491319437499999 0.1453125 0.7963541671875 0.146875 0.8421875 0.16015625 0.9227430562500001 0.167578125 0.945659721875 0.17578125 0.94774305625 0.191796875 0.9484375 0.20703125 0.9407986109375 0.21875 0.8782986109375 0.2234375 0.8296875 0.22109375 0.76163194375 0.19765625 0.6546875 0.20086616875000002 0.5890625 0.1646162015625 0.5890625
1 0.07365234375 0.5890625 0.07734375 0.6546875 0.06171875 0.7296875 0.0609375 0.7741319437499999 0.075 0.8560763890625 0.080078125 0.8623263890625001 0.0921875 0.8630208328125001 0.09453125 0.851909721875 0.0859375 0.8005208328125001 0.08515625 0.7505208328124999 0.0890625 0.719965278125 0.10078125 0.6727430562500001 0.1015625 0.5907986109375 0.10151110156250001 0.5890625 0.07365234375 0.5890625
1 0.1308944875 0.5890625 0.13359375 0.66024305625 0.12578125 0.7046875 0.11640625 0.73663194375 0.11328125 0.776909721875 0.1171875 0.8421875 0.128125 0.8991319437499999 0.134375 0.9130208328125 0.154296875 0.913715278125 0.15703125 0.9060763890625001 0.14765625 0.851909721875 0.1453125 0.7935763890625 0.1484375 0.7519097218749999 0.1640625 0.682465278125 0.1609375 0.6546875 0.1640625 0.59774305625 0.163700809375 0.5890625 0.1308944875 0.5890625
1 0.1014053515625 0.5890625 0.10234375 0.66163194375 0.0890625 0.72413194375 0.08515625 0.7588541671875 0.08828125 0.8144097218749999 0.096875 0.8671875 0.1046875 0.88663194375 0.1234375 0.8838541671875 0.1125 0.807465278125 0.1125 0.7727430562500001 0.11640625 0.7352430562500001 0.13125 0.6727430562500001 0.12890625 0.6546875 0.12890625 0.5890625 0.1014053515625 0.5890625
1 0.936441834375 1 0.93828125 0.9522569437499999 0.929296875 0.929340278125 0.923046875 0.9251736109375 0.912109375 0.93350694375 0.90546875 0.9550347218749999 0.9084195968750001 1 0.936441834375 1
1 0.8515269890624999 1 0.8484375 0.9244791671874999 0.836328125 0.9126736109374999 0.826171875 0.916840278125 0.8171875 0.9342013890625 0.8191562078124999 1 0.8515269890624999 1
1 0.81640625 1 0.81640625 0.9369791671875 0.811328125 0.9265625 0.803515625 0.9223958328125 0.793359375 0.929340278125 0.78828125 0.9439236109374999 0.7893815859375 1 0.81640625 1
1 0.788619290625 1 0.78828125 0.9453125 0.780859375 0.93350694375 0.772265625 0.93211805625 0.76328125 0.942534721875 0.76015625 0.9536458328125 0.7622421875 1 0.788619290625 1