1 0.9695308812500001 0.409375 0.972485625 0.36984366562500004 0.9819358968749998 0.30575470781249997 0.98506378125 0.2520510078125 0.98326855 0.2382530546875 0.9770192703125 0.22507266406249998 0.9640168953125 0.216286290625 0.9514090375 0.2185746515625 0.9426981999999999 0.22534714218750002 0.934364146875 0.239036790625 0.928598065625 0.257719 0.925685896875 0.30771899999999996 0.9283212093750001 0.3963350734375 0.9273137484374999 0.409375 0.9695308812500001 0.409375
1 0.9194779093750001 0.409375 0.9118986484375 0.364829409375 0.915208275 0.32130483125 0.92064738125 0.28515735625 0.9212671218749999 0.2592435515625 0.9161972468750001 0.2449613953125 0.9050949312500001 0.23953916875 0.8958254109375 0.24612367812499997 0.88925894375 0.2633169421875 0.887894215625 0.28461323906249997 0.8897335875 0.3290031390625 0.8877029734375 0.36881189375 0.8859375 0.3745792375 0.8859375 0.409375 0.9194779093750001 0.409375
1 0.8686142640625001 0.409375 0.8693005125 0.3836046796875 0.8794930718749999 0.30558431875 0.882281865625 0.2620658 0.8766450109375 0.24063402812499998 0.8689050390624999 0.23176290000000002 0.8622528781250001 0.2302264046875 0.8471355203125001 0.23923896875 0.8397647312500001 0.2529681203125 0.8370287015625 0.2632503390625 0.8346091156250001 0.29290422656250004 0.8367517375 0.36481109218749996 0.83437681875 0.409375 0.8686142640625001 0.409375
1 0.8141417296875 0.409375 0.8106168546875001 0.389322915625 0.8141939765625 0.326359953125 0.8203340375 0.2958043984375 0.8229794312500001 0.263396990625 0.82128225625 0.2522858796875 0.815271371875 0.2397858796875 0.8031492859375 0.23515625 0.7955552890625001 0.23885995312500002 0.787428090625 0.2522858796875 0.7845889296874999 0.2615451390625 0.7825399531249999 0.2930266203125 0.7837259140625 0.35506365781250004 0.7809293546875 0.389322915625 0.778125 0.399249059375 0.778125 0.409375 0.8141417296875 0.409375
1 0.785912459375 0.409375 0.7854166671874999 0.4036458328125 0.7760416671874999 0.36846064843750004 0.775 0.3471643515625 0.778125 0.28975694375 0.7776041671874999 0.2619791671875 0.77265625 0.248553240625 0.76171875 0.24114583281250002 0.75078125 0.2476273140625 0.7458333328125001 0.2619791671875 0.7510416671875 0.3703125 0.74219156875 0.409375 0.785912459375 0.409375
1 1 0.258892746875 0.996875 0.2453125 0.9872395828125 0.23466435156249998 0.9848958328125 0.236053240625 0.9885416671874999 0.2592013890625 0.9885416671874999 0.299016203125 0.9848958328125 0.3471643515625 0.9822916671874999 0.3592013890625 0.98130715625 0.409375 1 0.409375 1 0.390514521875 0.9973958328125001 0.379571759375 0.996875 0.34901620312500004 1 0.3115162078125 1 0.258892746875
1 0.5390625 0.4766457359375 0.53515311875 0.4689175609375 0.5272298328125 0.465625 0.5248451515625 0.465625 0.515625 0.474159584375 0.515625 0.5142555468750001 0.5320799890625 0.5839301328125 0.5316594796875 0.6255210250000001 0.5284407015625 0.663332440625 0.5304173046875 0.691125371875 0.5390625 0.7306203 0.5390625 0.4766457359375
1 0.458713109375 0.7910355328125 0.468121984375 0.7450658921875 0.468121984375 0.646868671875 0.456270696875 0.5967245953125 0.454298725 0.579031871875 0.4592808125 0.502613915625 0.45878513437499996 0.48131762031249997 0.45185447187500005 0.46284485625 0.44391801875 0.45770408749999997 0.440212803125 0.45770408749999997 0.4320628046875 0.46157655000000003 0.425972634375 0.47921489843750004 0.42609833750000004 0.5069593 0.43045175156250004 0.5599373359375 0.4295573390625 0.588540909375 0.41618087031249995 0.63945821875 0.4125 0.6671906703125 0.4125 0.6976952359374999 0.41401846249999996 0.7253023187500001 0.4235371109375 0.7767622703124999 0.4293399046875 0.7914645734375 0.4309455609375 0.7921875 0.45751722499999997 0.7921875 0.458713109375 0.7910355328125
1 0.3018850703125 0.66861631875 0.3160886203125 0.6395832921875 0.3160886203125 0.638162553125 0.3034512625 0.5796182453125 0.3032250140625 0.54072935625 0.3052006125 0.52210165625 0.30332651875 0.51340089375 0.2824778734375 0.5566360015624999 0.28061540156250003 0.5947081453124999 0.2703125 0.6418824765625001 0.2703125 0.7231473921875 0.27849236093749996 0.7670941421874999 0.279617175 0.7703125 0.3031200265625 0.7703125 0.2960283140625 0.7365364578125 0.29632289843750004 0.6976202734375001 0.3018850703125 0.66861631875
1 0.131992621875 0.54740306875 0.1395553765625 0.515721521875 0.141154790625 0.49718481406250004 0.1378509875 0.482515503125 0.1302903984375 0.47400111875000006 0.117053846875 0.4781595203125 0.10839621875000001 0.4974047265625 0.10054247812499999 0.5965515531250001 0.0859375 0.6367521765624999 0.0859375 0.8078125 0.10173736874999999 0.8078125 0.1034586796875 0.8052833609375 0.1172898921875 0.7641424890625 0.12796063124999998 0.7147955968749999 0.130333509375 0.6740548546875 0.1241233078125 0.6021963890625 0.131992621875 0.54740306875
1 0.3720203015625 0.8005693749999999 0.38269410000000004 0.78425355625 0.3959457046875 0.748015175 0.40046181406250003 0.7100279687500001 0.400086034375 0.6915276312499999 0.39572159687499997 0.6702980015625 0.3837885984375 0.641291934375 0.365763821875 0.6220717265625 0.343545996875 0.619554546875 0.3301691484375 0.6252616171875001 0.3207809578125 0.6336979781250001 0.3015826265625 0.6612158156250001 0.296875 0.6761003515625 0.296875 0.7841805984375 0.298774003125 0.7903188453125 0.31714160156250004 0.8123107734375001 0.3256246765625 0.815625 0.34873021406250004 0.815625 0.35932910156250003 0.8118198796874999 0.3720203015625 0.8005693749999999
1 0.5693030546875 0.409375 0.5860883390625 0.5605375984375 0.5390625 0.7181104453125 0.5390625 0.8564550203125 0.546711515625 0.9099675484375 0.583456696875 1 0.7141140171875 1 0.723803696875 0.9588132953125001 0.723803696875 0.68811986875 0.674977228125 0.563124 0.68263098125 0.409375 0.5693030546875 0.409375
1 0.8546777953125 0.409375 0.8626239343750001 0.548163084375 0.840625 0.6241187796875 0.840625 0.6491344625 0.8635547875 0.7081630859375 0.8701653828125 0.7923778312499999 0.846837146875 0.8913170015624999 0.856406053125 0.8984375 0.9308007609375 0.8984375 0.9663975781249998 0.8094725140625 0.9690342453125 0.7357623296875 0.9690342453125 0.6910174 0.9615880906250001 0.618541390625 0.9338126156250001 0.5577696453125001 0.9443218874999999 0.409375 0.8546777953125 0.409375
1 0.7198803437500001 0.409375 0.7255744015625 0.4990140765625 0.7140973546875 0.5598259999999999 0.7015625 0.5934957203125 0.7015625 0.7458930968749999 0.7029664 0.7509371125 0.7015625 0.75983986875 0.7015625 0.95 0.766504203125 0.95 0.7807243359375 0.9389441546875 0.8183069281249999 0.8267466203125 0.8313898500000001 0.7527317734375 0.825554996875 0.7023021734375 0.7948739312499999 0.5436990046875 0.8163971468749999 0.409375 0.7198803437500001 0.409375