1 0.517571634375 0.509375 0.517571634375 0.452796065625 0.51140725 0.42760547656250003 0.5121857078125001 0.3572775265625 0.5103591078124999 0.3507778640625 0.50404883125 0.34283779999999997 0.4963117875 0.34459874375 0.49135237343749993 0.357035109375 0.49514822968749994 0.42463982343750006 0.4890625 0.44986117812500004 0.4890625 0.509375 0.517571634375 0.509375
1 0.32695512031249996 0.509375 0.32916931250000003 0.4902683234375 0.3290723484375 0.473601659375 0.3247386875 0.4448737125 0.3167753546875 0.41890233749999994 0.31897011875 0.348547115625 0.3149965328125 0.336950315625 0.3087249859375 0.3332102515625 0.3035328140625 0.3359577265625 0.29866300625000003 0.34935486718750003 0.3016496421875 0.4151107578125 0.2921875 0.4614535703125 0.2921875 0.4997511 0.29272452968749996 0.509375 0.32695512031249996 0.509375
1 0.4854564578125 0.509375 0.4854564578125 0.41732589375 0.48347452031250004 0.4112565640625 0.482519328125 0.3434212921875 0.4784673671875 0.334822175 0.4723873875 0.3305262328125 0.4658270421875 0.33369836406250003 0.4625 0.3426958484375 0.4625 0.3476306203125 0.468089703125 0.4084325796875 0.4625 0.4415570265625 0.4625 0.45166289531250003 0.46849436874999995 0.482810003125 0.46965936406250003 0.509375 0.4854564578125 0.509375
1 0.45705296874999995 0.509375 0.45705296874999995 0.430877496875 0.452791115625 0.41881474062499996 0.45278823125 0.3652565859375 0.4507758421875 0.3485414015625 0.4441121453125 0.33668835937499997 0.4338033375 0.338055046875 0.43125 0.33263241093749996 0.43125 0.34486415625 0.434938009375 0.3976681078125 0.43335849687500005 0.41513940781249997 0.43125 0.421679665625 0.43125 0.509375 0.45705296874999995 0.509375
1 0.40341375468749996 0.509375 0.405422696875 0.47724482031250004 0.41174179375 0.4466044078125 0.40753986875 0.3995761453125 0.414807715625 0.340268396875 0.4102705578125 0.329747534375 0.400976565625 0.3290398125 0.39869643125 0.32539672343750004 0.3942521921875 0.34351895312499997 0.3921875 0.38711982031250003 0.3921875 0.509375 0.40341375468749996 0.509375
1 0.38854900625 0.509375 0.38854900625 0.43391016718750003 0.3834886140625 0.412572253125 0.38414715625 0.36620322656250004 0.38229323593750003 0.3486197265625 0.3800142625 0.3426330265625 0.3696272921875 0.336324278125 0.3659409921875 0.3289714171875 0.3625 0.34530519375 0.3625 0.3588919296875 0.368524771875 0.41468775 0.3652702171875 0.426797515625 0.3625 0.4577816796875 0.3625 0.4605063171875 0.36320026875 0.48895273906250003 0.3672178390625 0.509375 0.38854900625 0.509375
1 0.35385423125000004 0.509375 0.3515625 0.468739834375 0.35625 0.44185484218750004 0.35625 0.4239741875 0.35208333281250004 0.408530390625 0.3557291671875 0.3426198421875 0.3536458328125 0.3343835421875 0.34765625 0.3277180671875 0.3424479171875 0.3279606484375 0.3377604171875 0.3328086015625 0.334375 0.343614428125 0.33645833281250004 0.40740628437500004 0.3265625 0.4474505265625 0.3265625 0.45578385312499997 0.328125 0.47446108281250005 0.3276463046875 0.509375 0.35385423125000004 0.509375
1 0.3733239328125 0.38736695625 0.3709901828125 0.413283790625 0.37652285625 0.453125 0.37657718125 0.453125 0.381221178125 0.4384928875 0.376713634375 0.3985507953125 0.383526359375 0.33841106718749997 0.37925542968750003 0.32118597968749996 0.373723434375 0.31875 0.3721389 0.31875 0.3671875 0.3229681875 0.3671875 0.338783346875 0.373467228125 0.3368449 0.37832088124999996 0.345736653125 0.376772665625 0.3827918734375 0.3733239328125 0.38736695625
1 0.4345244703125 0.3228674875 0.434375 0.32315986093750004 0.434375 0.3432925421875 0.4373423890625 0.3402780703125 0.445834659375 0.34375 0.4492251546875 0.34375 0.44923084375 0.3298733109375 0.4433948 0.3214258671875 0.4345244703125 0.3228674875
1 0.40723287499999994 0.3102840015625 0.402545375 0.3104476921875 0.3984375 0.3150761453125 0.3984375 0.3348646609375 0.40170651875 0.3298739484375 0.40795651875 0.32965569375000003 0.4133619515625 0.33408525624999996 0.4150201421875 0.3289471953125 0.41280160156249995 0.3160933578125 0.40723287499999994 0.3102840015625
0 0.35013129374999996 0.3380603 0.3490145046875 0.359375 0.35185355625 0.359375 0.3590960890625 0.3293388390625 0.3630077234375 0.32223671249999997 0.37160685781249997 0.3149162671875 0.372899478125 0.304706821875 0.369685390625 0.285480703125 0.36262983125 0.27243078125000003 0.35374596875000003 0.266385946875 0.345412634375 0.2667740765625 0.33905200625 0.27537425 0.3292560328125 0.281366453125 0.325 0.2895755875 0.325 0.3535255703125 0.3252756953125 0.354441828125 0.3278650140625 0.3510919234375 0.3304799515625 0.3371302609375 0.3349124203125 0.3300038796875 0.3463707546875 0.32947019843750003 0.35013129374999996 0.3380603
1 0.76248763125 0 0.7700078953125 0.035712059375 0.784628846875 0.0812709671875 0.7936041640625 0.0984375 0.8062444828125 0.0984375 0.8185216625 0.095660378125 0.8185216625 0 0.76248763125 0
1 0.71875 0.509375 0.61441500625 0.509375 0.6131913078125 0.511231 0.6010388203125 0.55794236875 0.6000811546875 0.5727679375 0.6028939984374999 0.629023996875 0.6143903468749999 0.6939707734375 0.630675875 0.82534804375 0.6305865546875 0.887036490625 0.6236105656250001 0.9330272125000001 0.6107984109375 0.9891014609375001 0.6066552828125 1 0.71875 1 0.71875 0.8021279531250001 0.71798753125 0.78341563125 0.71875 0.7761723109374999 0.71875 0.509375
1 0.45659881406249997 1 0.43229500156249995 0.92053150625 0.4210711546875 0.871249125 0.41965678281249996 0.807180565625 0.4289935609375 0.7111443859375 0.42860722031250004 0.6447381359375 0.4211655625 0.6189144640625 0.41301765 0.605976871875 0.4030718203125 0.5973255500000001 0.386898715625 0.5925441171875 0.3749377296875 0.5955994234374999 0.363008559375 0.60412348125 0.35139662031249996 0.622414678125 0.3468272953125 0.6426999078125 0.3453647890625 0.6598783171875 0.34664280625 0.7005093765625 0.3552852109375 0.7536828578125 0.360286328125 0.8076163796875001 0.36065448906249997 0.8708976281249999 0.3510359125 0.9184963078124999 0.33519915 0.971527375 0.3286564015625 1 0.45659881406249997 1
1 0.3182781125 1 0.3182781125 0.931876078125 0.29771486875000003 0.8626223875000001 0.29374849531249997 0.8102786375000001 0.2959256875 0.7630699515625 0.29262185937499996 0.6918548609374999 0.2827433546875 0.6684969296875 0.269355359375 0.6575062218750001 0.26026439375 0.65489691875 0.246900328125 0.65802938125 0.23956142656249999 0.66473440625 0.2339094015625 0.6764417203125 0.23125 0.693052646875 0.23125 0.707061828125 0.23406430312499998 0.7337156515625 0.2512297234375 0.8221714500000001 0.25448570312499996 0.8651402000000001 0.24448466249999998 0.9402690015624999 0.238104915625 0.9665356140625001 0.23541594687499998 1 0.3182781125 1
1 0.038156676562500005 0.509375 0.035311065625 0.51119035 0.0222849734375 0.5327888734374999 0.01649489375 0.558230509375 0.0192299453125 0.6230257421875 0.0415235265625 0.74716673125 0.0465547453125 0.7622045453125 0.0491638046875 0.7802460703125 0.0566570609375 0.8553916203125 0.057526503124999996 0.8881556015625 0.048236884375 0.9516116484375001 0.037124406250000005 1 0.1758364375 1 0.167467109375 0.9743057593749999 0.160398059375 0.9599521609374999 0.1469124125 0.9156927390625 0.1411531546875 0.8881549249999999 0.136496475 0.8349571484375 0.1381856953125 0.80153320625 0.1367044125 0.7671824640625 0.1375745890625 0.719696021875 0.142110896875 0.6638098953125 0.13849099375 0.5927404046875 0.1343852390625 0.5668378625 0.12785732968750002 0.54393903125 0.1105385796875 0.51858978125 0.0991466375 0.509375 0.038156676562500005 0.509375
1 0.178887878125 1 0.19166185156249999 0.9426758109375001 0.1921758390625 0.9130368015624999 0.18806111406249998 0.9006580265625 0.1845027546875 0.8640968703125 0.1815404265625 0.8563692281249999 0.187340659375 0.8078953609375 0.196991775 0.756992884375 0.19982011875 0.7187237578125 0.19034873125000001 0.6873680125 0.17610715 0.6838011921875 0.169583746875 0.6870716625 0.1587310078125 0.698239490625 0.1497093890625 0.7152121421875 0.1442249375 0.7660176375 0.1454949109375 0.8049710359375 0.14874705 0.8212681828124999 0.14508209375 0.8572178046874999 0.14075275468749998 0.8651151625000001 0.1375 0.8754778 0.1375 1 0.178887878125 1
1 0 1 0.0347823640625 1 0.0347823640625 0.7329867562500001 0.016299376562500002 0.6451172921875 0.0117888609375 0.61312240625 0.0091195125 0.6088664421875001 0.0043136140625 0.6073857625000001 0 0.6077570859375 0 1
2 1 0.5590305578125 0.71875 0.5562302156250001 0.71875 0.661864871875 1 0.6660772093749999 1 0.5590305578125