1 0.82862241875 0 0.8355664843749999 0.08764672343749999 0.8046875 0.18034290625 0.8046875 0.20548061093749997 0.8132616531250001 0.263338409375 0.8095441765625001 0.322032121875 0.816979121875 0.381115284375 0.8095441765625001 0.418288809375 0.81667818125 0.4390625 0.85182021875 0.4390625 0.8950460374999999 0.421274596875 0.9061984531250001 0.39492608125 0.9210683421875 0.29384106875 0.909915925 0.197194934375 0.8801761484374999 0.099899715625 0.8838936203125 0.009120440625 0.88548835625 0 0.82862241875 0
1 0.5530146375 0.4390625 0.54916356875 0.437784090625 0.54916356875 0.36291778125 0.5194237921875 0.368265375 0.521282528125 0.354896390625 0.545446096875 0.35222259375 0.552881040625 0.261313503125 0.5565985125 0.13297125625 0.5398698890625 0.060778743749999996 0.48410780625000005 0.0661263375 0.463661709375 0.12227606875000001 0.4785315984375 0.3147894390625 0.50083643125 0.3361798125 0.48224907031250003 0.346875 0.513847584375 0.354896390625 0.5157063203125001 0.368265375 0.48410780625000005 0.360243984375 0.45994423749999996 0.3896557484375 0.46306659687499996 0.4390625 0.5530146375 0.4390625
1 0.3484609875 0 0.32983271406250003 0.047409759375 0.3447026015625 0.25061831562500003 0.3744423796875 0.27200868906250003 0.3409851296875 0.27200868906250003 0.31195254375000003 0.4390625 0.45464773437500006 0.4390625 0.448791821875 0.3843081546875 0.41161709999999996 0.266661096875 0.42648698906250004 0.2185327546875 0.42648698906250004 0.15436163125 0.41161709999999996 0.0153241984375 0.397686409375 0 0.3484609875 0
1 0.638083178125 0 0.6328066921875 0.0126504015625 0.60492565 0.0206717921875 0.60492565 0.15436163125 0.601208178125 0.159709225 0.60492565 0.16505681875 0.60492565 0.1917947859375 0.6123605953125 0.2131851609375 0.6123605953125 0.234575534375 0.617936803125 0.24259692500000002 0.6328066921875 0.24259692500000002 0.634665428125 0.255965909375 0.6513940515625001 0.25863970625 0.6551115234375 0.24259692500000002 0.6662639406249999 0.24794451875 0.673698884375 0.24259692500000002 0.6755576203125 0.223880346875 0.682992565625 0.2078375671875 0.6792750921875 0.1864471921875 0.682992565625 0.1810995984375 0.682992565625 0.13297125625 0.690427509375 0.1062332890625 0.690427509375 0.047409759375 0.6792750921875 0.0099766046875 0.67447365625 0 0.638083178125 0
1 0.6942333796875 0.4390625 0.6978624531250001 0.27200868906250003 0.6811338296875 0.25863970625 0.617936803125 0.25863970625 0.60492565 0.2880514703125 0.6064042125 0.4390625 0.6942333796875 0.4390625
1 0.7249459078125 0 0.72760223125 0.12227606875000001 0.7313197031249999 0.159709225 0.7406133828125 0.151687834375 0.7424721187500001 0.1704044125 0.72760223125 0.1810995984375 0.7164498140625 0.28270387656249996 0.7108736062500001 0.2746824859375 0.7015799250000001 0.2987466578125 0.7015799250000001 0.4217413109375 0.720845725 0.4390625 0.80607380625 0.4390625 0.8168215609375 0.432436496875 0.8093866171874999 0.19714237968749998 0.803810409375 0.2212065515625 0.787081784375 0.159709225 0.7963338359375001 0 0.7249459078125 0
1 0.13046875 0.4390625 0.13046875 0.46610952968749997 0.1125 0.55109315625 0.1125 0.5784450078125 0.115625 0.61836895 0.11640625 0.679507346875 0.1234375 0.7325306578124999 0.132421875 0.7599277343749999 0.1462184 0.7640625 0.16573669062500002 0.7640625 0.17265625 0.757860525 0.1875 0.68198999375 0.1921875 0.6307647953125001 0.19140625 0.580737515625 0.1875 0.5514344375 0.165625 0.4603927671875 0.16533946093750002 0.4390625 0.13046875 0.4390625
1 0.052337321874999995 0.4390625 0.05446380625 0.49045035156249994 0.0484375 0.5267852421875 0.0484375 0.5348349390625 0.06818140624999999 0.61046800625 0.074878571875 0.6635323890625 0.072814946875 0.7424943374999999 0.0610261359375 0.7723947953125 0.06053582656249999 0.7848538515625 0.065985709375 0.8010922062500001 0.07745664218750001 0.80625 0.098879359375 0.80625 0.1061392671875 0.799728578125 0.1147656171875 0.7468834515625 0.1147656171875 0.580422621875 0.11418358437500001 0.5754246203125 0.09023967187500001 0.4853893109375 0.0911038515625 0.4390625 0.052337321874999995 0.4390625
1 0.82275390625 0.7599486343749999 0.82900390625 0.7092409640625 0.82587890625 0.664687390625 0.8112955734374999 0.5975114625 0.81181640625 0.5651222421875 0.8159830734375 0.5319344140625 0.8154622406249998 0.5124717828125 0.8097330734374999 0.4872717140625 0.8053059906249999 0.479246746875 0.8016859015625 0.4773651375 0.795116615625 0.4773651375 0.789680990625 0.47870110937500004 0.7831705734375001 0.4937515390625 0.7831705734375001 0.5317145015625 0.78681640625 0.5633233 0.787337240625 0.5892674125 0.775 0.6448872578125 0.775 0.74433426875 0.7826497406249999 0.7854000171875001 0.78603515625 0.793388609375 0.78710295625 0.79375 0.8116065156250001 0.79375 0.8159830734375 0.7893418203125 0.82275390625 0.7599486343749999
1 1 0.4669400421875 0.9882250609375 0.4669400421875 0.981664403125 0.47969022031249997 0.9811830656249999 0.5037097015625001 0.9869050218750001 0.5483998078125 0.9875946593750001 0.5780294375 0.9782339984374999 0.6228538921875 0.9765625 0.637605859375 0.9765625 0.6851597890625 0.9860931265625 0.7370157390625 0.99121165 0.7557799187500001 0.9935846015625 0.7578125 1 0.7578125 1 0.4669400421875
1 0.9161458328125001 0.4969328703125 0.9213541671875 0.5811921296875 0.9083333328125001 0.642303240625 0.9052083328125 0.6774884265625 0.925 0.7191550921875 0.9291666671875 0.7413773140625001 0.9307291671875 0.7719328703125 0.9338541671874999 0.7765625 0.94609375 0.773321759375 0.9505208328125001 0.7635995375 0.9578125 0.72008101875 0.9604166671875 0.680266203125 0.9572916671874999 0.6432291671874999 0.9432291671874999 0.5811921296875 0.9463541671875 0.49508101875 0.93984375 0.47887731406249995 0.9283854171874999 0.4751736109375 0.9182291671874999 0.48674768593750006 0.9161458328125001 0.4969328703125
1 0.85546875 0.47424768593750005 0.8515625 0.48396990781250004 0.8510416671875 0.5163773140625001 0.8546875 0.5561921296875 0.8546875 0.5848958328125 0.8427083328125 0.6385995375 0.8395833328125001 0.672858796875 0.8401041671874999 0.7006365734375001 0.8440104171874999 0.7001736109375 0.85390625 0.6844328703125 0.86328125 0.6770254625 0.8799479171875 0.6723958328125 0.8919270828125001 0.6742476859375 0.89375 0.6710069437499999 0.8901041671875 0.6413773140625001 0.8786458328125001 0.5876736109375 0.8828125 0.5080439812499999 0.8760416671875 0.4774884265625 0.8674479171874999 0.46961805625 0.85546875 0.47424768593750005
1 0.7203125 0.560821759375 0.7197916671875 0.6006365734375001 0.7088541671874999 0.64508101875 0.7036458328125 0.6950810187500001 0.7057291671874999 0.7274884265624999 0.7145833328125 0.7774884265625 0.7184895828125 0.786284721875 0.7270833328124999 0.7895254625 0.73828125 0.7899884265624999 0.7479166671875 0.7821180562500001 0.7578125 0.730266203125 0.7598958328125 0.705266203125 0.7578125 0.648784721875 0.7541666671875 0.6274884265624999 0.7463541671875 0.6015625 0.7442708328125 0.58211805625 0.7484375 0.5284143515624999 0.7479166671875 0.4969328703125 0.7453125 0.4811921296875 0.73515625 0.47146990781250003 0.7299479171875001 0.47146990781250003 0.7231770828124999 0.4770254625 0.7182291671875001 0.4969328703125 0.7166666671875 0.530266203125 0.7203125 0.560821759375
1 0.653125 0.5524884265625 0.653125 0.5941550921875 0.6411458328125 0.6432291671874999 0.6375 0.6737847218749999 0.6385416671874999 0.7089699078125 0.6473958328125 0.7626736109375 0.6528645828125 0.7770254624999999 0.6572916671875 0.7793402781250001 0.6731770828125001 0.779803240625 0.6796875 0.7719328703125 0.6880208328125 0.7311921296875 0.6916666671874999 0.7006365734375001 0.690625 0.6571180562500001 0.6765625 0.59508101875 0.6765625 0.5515625 0.6802083328125 0.5145254625 0.6796875 0.498784721875 0.6731770828125001 0.48258101875000003 0.6643229171874999 0.4779513890625 0.6596354171875 0.47887731406249995 0.6533854171875 0.486284721875 0.65 0.4969328703125 0.65 0.5293402781250001 0.653125 0.5524884265625
1 0.5859375 0.4904513890625 0.5890625 0.5867476859374999 0.5770833328125 0.6385995375 0.5744791671874999 0.6719328703125 0.5770833328125 0.710821759375 0.5854166671875 0.7561921296875 0.5893229171875 0.766840278125 0.5958333328125001 0.7682291671874999 0.6096354171874999 0.7686921296875 0.6151041671874999 0.7635995375 0.6265625 0.6932291671874999 0.625 0.64508101875 0.6109375 0.5867476859374999 0.6109375 0.547858796875 0.6145833328125001 0.5135995375 0.6145833328125001 0.49137731406250007 0.61015625 0.4770254625 0.60234375 0.47146990781250003 0.59140625 0.4751736109375 0.5859375 0.4904513890625
0 0.8716145828125 0.6742476859375 0.8533854171874999 0.686284721875 0.8359375 0.7135995375 0.8302083328125001 0.7469328703125 0.8333333328125001 0.7932291671874999 0.8401041671874999 0.817303240625 0.85390625 0.8372106484374999 0.8791666671874999 0.8524884265625001 0.9033854171875 0.8446180562500001 0.9203125 0.8117476859374999 0.9291666671875 0.7774884265625 0.928125 0.7413773140625001 0.9213541671875 0.7117476859374999 0.90703125 0.6872106484375 0.8903645828125001 0.6742476859375 0.8716145828125 0.6742476859375