1 0.5199297171875 0 0.5199297171875 0.021595978125 0.521430553125 0.0296875 0.53477164375 0.0296875 0.5390625 0.013027835937500001 0.5390625 0 0.5199297171875 0
1 0.8578125 0.55 0.8578125 0.54288194375 0.8515625 0.5137152781250001 0.84296875 0.49704861093749997 0.84140625 0.4234375 0.837890625 0.4157986109375 0.826953125 0.41302083281249996 0.822265625 0.4157986109375 0.8171875 0.43038194374999994 0.8234375 0.501215278125 0.8171875 0.520659721875 0.8152458640625 0.55 0.8578125 0.55
1 0.961583534375 0.55 0.96328125 0.5303819437499999 0.959375 0.49010416718750005 0.953125 0.4748263890625 0.95625 0.41371527812500003 0.952734375 0.40190972187499996 0.944140625 0.39913194375 0.939453125 0.40052083281249995 0.934375 0.41510416718750004 0.9359375 0.48038194375 0.92734375 0.50399305625 0.9245460296875001 0.55 0.961583534375 0.55
1 0.880859375 0.29774305624999997 0.878125 0.326215278125 0.87265625 0.338715278125 0.87421875 0.388715278125 0.86796875 0.42760416718750005 0.8671875 0.4609375 0.875 0.501215278125 0.878515625 0.507465278125 0.88671875 0.508159721875 0.8953125 0.4984375 0.896875 0.43177083281249995 0.89609375 0.41510416718750004 0.890625 0.40399305625000004 0.8890625 0.388715278125 0.89140625 0.3373263890625 0.884375 0.3234375 0.880859375 0.29774305624999997
1 0.91953125 0.42482638906250003 0.9234375 0.4220486109375 0.93125 0.3845486109375 0.93046875 0.3567708328125 0.92265625 0.32899305624999997 0.9234375 0.2970486109375 0.920703125 0.2935763890625 0.909375 0.2970486109375 0.91015625 0.326215278125 0.9015625 0.3595486109375 0.9015625 0.3873263890625 0.90859375 0.4192708328125 0.91953125 0.42482638906250003
1 0.976171875 0.28940972187499997 0.9734375 0.3151041671875 0.96640625 0.338715278125 0.96640625 0.39010416718749996 0.95703125 0.4095486109375 0.95546875 0.44149305625 0.96015625 0.4859375 0.966015625 0.4921875 0.97421875 0.49149305625000006 0.98203125 0.4734375 0.9859375 0.4470486109375 0.9859375 0.41788194375 0.98046875 0.38315972187499997 0.984375 0.32760416718749996 0.97890625 0.31649305625 0.97890625 0.29288194375 0.976171875 0.28940972187499997
1 0.2834428625 0.55 0.28239203125 0.5531966781250001 0.2806748375 0.5874771578125 0.28466494375 0.6668308984375 0.282006571875 0.7131696390625 0.26344334687500004 0.780102215625 0.26344334687500004 0.834375 0.2749011796875 0.834375 0.3301953984375 0.8300182781250001 0.3328125 0.828136753125 0.3328125 0.7900929640625 0.3205193953125 0.72731870625 0.31735508437500004 0.6987847796875 0.3197836265625 0.644133928125 0.3274528359375 0.5883449281249999 0.3282253640625 0.5513291125 0.3277961609375 0.55 0.2834428625 0.55
1 0.18697916718750002 0.55 0.18697916718750002 0.5618055562500001 0.19375 0.6386574078125 0.1932291671875 0.68125 0.171875 0.7710648140625 0.1677083328125 0.8081018515625 0.1671875 0.8331018515625 0.1700520828125 0.83819444375 0.1875 0.83773148125 0.24869791718749998 0.83726851875 0.2520833328125 0.8321759265625 0.24895833281250002 0.777546296875 0.22916666718749998 0.6923611109375 0.2270833328125 0.67569444375 0.22916666718749998 0.6053240734374999 0.2338541671875 0.5543981484375 0.23368355 0.55 0.18697916718750002 0.55
2 0.5890625 0.8549803890625001 0.5736979171875001 0.8548611109375 0.5388020828125 0.85023148125 0.5075520828125 0.8520833328125 0.5002604171875 0.8567129625 0.4778645828125 0.8576388890625001 0.46901041718750003 0.8613425921874999 0.4643229171875 0.8576388890625001 0.3955729171875 0.8613425921874999 0.38671875 0.8576388890625001 0.3752604171875 0.859490740625 0.3700520828125 0.8548611109375 0.3190104171875 0.8557870375000001 0.2955729171875 0.8604166671875 0.29244791718749996 0.8576388890625001 0.2643229171875 0.8576388890625001 0.2580729171875 0.8539351859375 0.25338541718749996 0.8567129625 0.19192708281249998 0.8585648140625001 0.1455729171875 0.8557870375000001 0.12317708281249999 0.859490740625 0.1018229171875 0.8567129625 0.0486979171875 0.86319444375 0.012760417187500001 0.8613425921874999 0.0096354171875 0.8585648140625001 0 0.8624579109375 0 1 0.03671875 1 0.04453125 0.996527778125 0.0552734375 1 0.0563368046875 1 0.06015625 0.9974537031249999 0.0721354171875 0.9993055562500001 0.07682291718749999 0.99375 0.10338541718750001 0.9983796296874999 0.12317708281249999 0.9956018515625 0.15182291718750002 0.9993055562500001 0.15859375 0.9983796296874999 0.16484375 0.9928240734374999 0.1783854171875 0.9928240734374999 0.21380208281250002 0.9974537031249999 0.24869791718749998 0.9918981484374999 0.2684895828125 0.9928240734374999 0.27734375 0.990972221875 0.2825520828125 0.9854166671875 0.2955729171875 0.984490740625 0.33151041718749996 0.984490740625 0.3388020828125 0.990972221875 0.3419270828125 0.98726851875 0.39401041718749996 0.98726851875 0.40442708281249995 0.990972221875 0.45546875 0.990972221875 0.46015625 0.99375 0.46796875 0.990046296875 0.50546875 0.990046296875 0.5268229171875001 0.99375 0.5330729171875 0.990972221875 0.5486979171875 0.9956018515625 0.5830729171875 0.9928240734374999 0.5890625 0.9929634468749999 0.5890625 0.8549803890625001
1 0.5890625 0.79149305625 0.589453125 0.7921875 0.5953125 0.79149305625 0.6 0.7748263890625 0.60078125 0.75538194375 0.5984375 0.7401041671875 0.59453125 0.7317708328125 0.596875 0.70538194375 0.59609375 0.6970486109375 0.594140625 0.6935763890625 0.589453125 0.6935763890625 0.5890625 0.6946676593750001 0.5890625 0.79149305625
1 0.612109375 0.6935763890625 0.6109375 0.695659721875 0.6109375 0.7067708328125 0.6125 0.713715278125 0.6125 0.7206597218749999 0.60703125 0.7442708328125 0.60703125 0.7651041671875 0.611328125 0.7838541671874999 0.61875 0.7845486109375 0.6203125 0.7831597218749999 0.621875 0.776215278125 0.62421875 0.751215278125 0.62265625 0.738715278125 0.61796875 0.7234375 0.61953125 0.695659721875 0.616796875 0.6935763890625 0.612109375 0.6935763890625
1 0.73671875 0.695659721875 0.7368323359375 0.7223041015625 0.73610430625 0.726185346875 0.73515625 0.73038194375 0.7328125 0.7442708328125 0.7328125 0.7637152781250001 0.73671875 0.7831597218749999 0.738671875 0.78524305625 0.74453125 0.7845486109375 0.74765625 0.7803819437499999 0.7482988609375 0.7717899890625001 0.749936934375 0.7455915765625 0.7453125 0.7248263890625 0.74611475625 0.705161925 0.7448406953125 0.6938416187499999 0.7388344265625 0.6938416187499999 0.73671875 0.695659721875
1 0.76953125 0.6984375 0.766796875 0.6921875 0.761328125 0.6907986109375 0.758984375 0.6921875 0.75703125 0.6970486109375 0.75859375 0.726215278125 0.753125 0.7498263890625 0.753125 0.76788194375 0.75625 0.7845486109375 0.758984375 0.789409721875 0.76484375 0.7901041671875 0.767578125 0.789409721875 0.76953125 0.7859375 0.77265625 0.7748263890625 0.7734375 0.7526041671874999 0.7703125 0.7345486109375 0.76796875 0.7276041671875 0.76953125 0.6984375
1 0.7899787375 0.7258619109375 0.7905247671875 0.708719734375 0.78925070625 0.6938416187499999 0.7848824984375 0.691577559375 0.7801502874999999 0.69351818125 0.7774201671875 0.7022509890624999 0.78046875 0.7317708328125 0.778125 0.7373263890625 0.77578125 0.7498263890625 0.77421875 0.7664930562500001 0.77890625 0.788715278125 0.783203125 0.7949652781250001 0.7890625 0.7942708328125001 0.7921875 0.79149305625 0.79489295 0.7779353 0.794528946875 0.759822815625 0.7943469203125 0.7459150125 0.79252685625 0.737829084375 0.7899787375 0.7258619109375
1 0.8131038468749999 0.698976296875 0.806829253125 0.6924493125 0.8017789640625 0.6954408453125 0.8005546578124999 0.7055032812500001 0.8007076906249999 0.7310672921875 0.7985651515625 0.7460249593749999 0.795810446875 0.76207045625 0.7967286781249999 0.776212253125 0.801171875 0.789409721875 0.81171875 0.7901041671875 0.8132568796874999 0.77539638125 0.8131038468749999 0.698976296875