1 0.10309069062500001 0.083889909375 0.099174728125 0.091774634375 0.0987864515625 0.17344592812499998 0.0875 0.22052420156250002 0.0875 0.265625 0.12886184843749998 0.265625 0.1290319265625 0.23498571250000003 0.11853606875 0.167913503125 0.1262078984375 0.1106412765625 0.12744530625 0.087030165625 0.124184440625 0.0824148921875 0.10309069062500001 0.083889909375
2 0.459375 0.28032857031249997 0.37886249843750003 0.2730017765625 0 0.2730017765625 0 0.348244371875 0.008223515625 0.3473555078125 0.4214077984375 0.3749377265625 0.43610693281249996 0.38125 0.457208728125 0.38125 0.459375 0.3780392546875 0.459375 0.28032857031249997
1 0.529285834375 0.009705090625 0.5277572765625 0.038871757812500005 0.5314257359375001 0.057988418750000006 0.52651986875 0.06248286875 0.5234375 0.0752198640625 0.5234375 0.165625 0.5414985171875 0.165625 0.5504425546875 0.125848584375 0.549064484375 0.09273377187500001 0.54058236875 0.061499521875 0.5447458359375 0.026613409375 0.5422856453125 0.006720356249999999 0.529285834375 0.009705090625
1 0.6599198640624999 0.015291734375 0.6564931265625 0.007489103125 0.6513506265625 0.0054125515625 0.6458716078125 0.0054125515625 0.6404694203125001 0.0074376046875 0.643890834375 0.049286209375 0.6375 0.0748216828125 0.6375 0.1366811203125 0.6422947015625 0.15625 0.65614400625 0.15625 0.666342503125 0.13510005 0.6639609171874999 0.0710656140625 0.6555934234375 0.05122090781250001 0.6599198640624999 0.015291734375
1 0.6953125 0.012152778125 0.678515625 0.0045138890625 0.675 0.009375 0.67890625 0.0385416671875 0.6703125 0.069097221875 0.66875 0.10798611093749999 0.676953125 0.14618055624999998 0.69375 0.149652778125 0.7 0.1454861109375 0.703125 0.13298611093749999 0.7046875 0.09131944374999999 0.69921875 0.062152778124999995 0.68984375 0.0427083328125 0.6953125 0.012152778125
1 0.491796875 0.005902778125 0.4890625 0.0079861109375 0.4890625 0.016319443750000003 0.49375 0.049652778125000005 0.4828125 0.087152778125 0.48203125 0.1135416671875 0.4890625 0.15381944375 0.49921875 0.15798611093749998 0.5109375 0.15381944375 0.51484375 0.1357638890625 0.515625 0.10243055625 0.503125 0.053819443749999994 0.5046875 0.0107638890625 0.491796875 0.005902778125
0 0.503515625 0.15868055625 0.491015625 0.155902778125 0.483203125 0.16006944375 0.46953125 0.18020833281249998 0.4625 0.20381944375 0.46484375 0.234375 0.473828125 0.25729166718749996 0.4796875 0.259375 0.507421875 0.255902778125 0.5203125 0.224652778125 0.51796875 0.1829861109375 0.503515625 0.15868055625
1 0.8884560031250001 0 0.8890625 0.0204861109375 0.89296875 0.0357638890625 0.8828125 0.071875 0.88125 0.10243055625 0.8859375 0.1357638890625 0.889453125 0.143402778125 0.89609375 0.1454861109375 0.903515625 0.1447916671875 0.90703125 0.1385416671875 0.91171875 0.109375 0.91171875 0.0857638890625 0.90078125 0.037152778125 0.9052594859374998 0 0.8884560031250001 0
1 0.975390625 0.003125 0.9734375 0.0079861109375 0.97734375 0.051041667187499994 0.96953125 0.0732638890625 0.96796875 0.08993055625 0.9703125 0.1427083328125 0.9734375 0.15798611093749998 0.9796875 0.16354166718750002 0.989453125 0.162847221875 0.9921875 0.15798611093749998 0.99765625 0.12881944375 0.996875 0.08993055625 0.9859375 0.053819443749999994 0.99140625 0.009375 0.985546875 0.0017361109374999999 0.975390625 0.003125
1 0.955859375 0.005902778125 0.933984375 0.000347221875 0.9296875 0.006597221875000001 0.93359375 0.046875 0.92421875 0.084375 0.92265625 0.11215277812499999 0.9296875 0.14826388906250001 0.93671875 0.1552083328125 0.9484375 0.1510416671875 0.9546875 0.121875 0.9546875 0.084375 0.94921875 0.05243055625 0.9578125 0.0385416671875 0.959375 0.012152778125 0.955859375 0.005902778125
1 0.2850021796875 0.45 0.28705762031250004 0.48966910781250006 0.284218865625 0.543835771875 0.2796875 0.5612965140625 0.2796875 0.7817974171875 0.2800027546875 0.7828125 0.31149699375 0.7828125 0.3172300953125 0.775389434375 0.3334423125 0.70368201875 0.3369701046875 0.66607275625 0.33421395625 0.5998431328125 0.3184677125 0.52898666875 0.3217299671875 0.45 0.2850021796875 0.45
1 0.1559061828125 0.45 0.156581071875 0.45479436093750003 0.1582622125 0.5118479703125 0.1484375 0.554245565625 0.1484375 0.6478572687499999 0.156861703125 0.6993843578125001 0.1686236125 0.729809471875 0.1734025171875 0.73125 0.18818576250000002 0.73125 0.1920611125 0.730901090625 0.2012151796875 0.7167362125000001 0.21040689375000002 0.6657475828124999 0.21243806875 0.6255425796875 0.20904897656250002 0.5809161984375 0.1858968640625 0.48812152500000006 0.1855562609375 0.45 0.1559061828125 0.45
1 0.2046875 0.45 0.2046875 0.458159721875 0.196875 0.49704861093749997 0.196875 0.5164930562500001 0.2109375 0.5692708328125 0.21640625 0.6401041671875001 0.21875 0.64288194375 0.234765625 0.6421875 0.2421875 0.633159721875 0.24921875 0.5901041671875 0.25078125 0.5317708328124999 0.24609375 0.4984375 0.2321538875 0.45 0.2046875 0.45
1 0.051619945312500005 0.45 0.05390625 0.4845486109375 0.04375 0.5470486109375 0.04296875 0.5817708328125 0.04921875 0.62899305625 0.06484375 0.6817708328125001 0.07109375 0.6873263890625 0.087890625 0.6866319437499999 0.0984375 0.676215278125 0.10546875 0.613715278125 0.10625 0.5776041671875001 0.1015625 0.54288194375 0.078125 0.470659721875 0.07778815624999999 0.45 0.051619945312500005 0.45
1 0.32614847812500003 0.45 0.3265625 0.520659721875 0.3296875 0.54149305625 0.34765625 0.60399305625 0.35390625 0.670659721875 0.35859375 0.6651041671875 0.36875 0.60399305625 0.3671875 0.54149305625 0.36171875 0.508159721875 0.346875 0.4595486109375 0.346875 0.45 0.32614847812500003 0.45
1 0.34769736875 0.45 0.36640625 0.52899305625 0.3703125 0.5956597218749999 0.375 0.5928819437499999 0.38203125 0.558159721875 0.38515625 0.49704861093749997 0.38203125 0.470659721875 0.3763624234375 0.45 0.34769736875 0.45
1 0.6328125 0.6310763890625 0.6390625 0.5685763890625 0.636328125 0.5553819437499999 0.60234375 0.5588541671875 0.60703125 0.6491319437499999 0.5859375 0.7671875 0.5859375 0.8005208328125001 0.5890625 0.819965278125 0.651953125 0.820659721875 0.6546875 0.8144097218749999 0.653125 0.7435763890625 0.63359375 0.664409721875 0.6328125 0.6310763890625
1 0.716796875 0.5553819437499999 0.684375 0.5588541671875 0.6890625 0.6130208328125 0.68828125 0.6421875 0.671875 0.714409721875 0.66796875 0.7505208328125 0.66875 0.7880208328125 0.67421875 0.819965278125 0.730859375 0.820659721875 0.73359375 0.8157986109375 0.73671875 0.7491319437499999 0.73203125 0.7102430562500001 0.71484375 0.63663194375 0.71875 0.5588541671875 0.716796875 0.5553819437499999
2 0.459375 0.9477144609374999 0.655859375 0.945659721875 0.6609375 0.9380208328125 0.66171875 0.88524305625 0.665234375 0.8776041671874999 0.721484375 0.88038194375 0.745703125 0.8720486109374999 0.753515625 0.88038194375 0.810546875 0.88038194375 0.8 0.87274305625 0.813671875 0.8678819437499999 0.823046875 0.88038194375 0.895703125 0.88038194375 0.898046875 0.8748263890625001 0.910546875 0.876215278125 0.91640625 0.8671875 0.9171875 0.8380208328125001 0.913671875 0.8248263890625 0.903515625 0.8220486109374999 0.459375 0.8255547546875001 0.459375 0.9477144609374999