1 0.302474659375 0.255406309375 0.2988162484375 0.24473543437499998 0.29521351875 0.24286237187499998 0.2910252984375 0.24376405625 0.28580799218749997 0.25530934375 0.2860774234375 0.310873990625 0.2796875 0.3406566921875 0.2796875 0.40635031250000003 0.281803203125 0.4171875 0.298753009375 0.4171875 0.306986225 0.374893175 0.30659109375 0.3471093375 0.2986205234375 0.3090948609375 0.302474659375 0.255406309375
1 0.2685170421875 0.3476822921875 0.2615068515625 0.31208471875 0.266320575 0.25012045625 0.26203981875000004 0.240521271875 0.255309821875 0.240521271875 0.2495083328125 0.2521219734375 0.2485345453125 0.3105523359375 0.2453125 0.321934103125 0.2453125 0.41273527187500003 0.25066323437500004 0.4265625 0.25833507031249997 0.4265625 0.2586631875 0.42611915624999996 0.2688534484375 0.3811126609375 0.26948428281250003 0.36907562031249996 0.2685170421875 0.3476822921875
1 0.2328125 0.3599254703125 0.22291666718749997 0.318719709375 0.22239583281250003 0.30763285625000003 0.22239583281250003 0.2835587828125 0.225 0.277881934375 0.22552083281250002 0.25656138125 0.2205729171875 0.24243998281249998 0.21380208281250002 0.24090348593750002 0.20963541718749998 0.24387532968749998 0.2046875 0.2566057828125 0.20677083281250003 0.3111383796875 0.1994791671875 0.34110762499999997 0.196875 0.3708585453125 0.20078125 0.3748432765625 0.21848958281250003 0.3730925703125 0.23125 0.3794426890625 0.234375 0.3755934359375 0.2328125 0.3599254703125
1 0.153125 0.39430366562499997 0.15385745312500002 0.40973250468750005 0.15908687187499998 0.4359375 0.1598563609375 0.4359375 0.1618100109375 0.43385203125 0.1699817375 0.40612273437499996 0.1921875 0.3747813109375 0.1921875 0.37468065156249997 0.19050263125 0.35254023437500004 0.17984894375 0.3117388921875 0.1831661765625 0.255278621875 0.180502753125 0.24507828593749997 0.1750304171875 0.2390625 0.174829284375 0.2390625 0.16615559687499998 0.24082829062500002 0.16129656406249998 0.25607728281250003 0.165265609375 0.3116540484375 0.1551344484375 0.360667521875 0.153125 0.380287265625 0.153125 0.39430366562499997
1 0.1313040984375 0.2425488328125 0.12775526718750002 0.23972863125 0.1203665984375 0.24242156406249998 0.11605617343750001 0.2539501859375 0.11590845624999999 0.31786331562500003 0.1109375 0.3347568796875 0.1109375 0.4390625 0.1276357875 0.4390625 0.1354947203125 0.4135003453125 0.138451071875 0.38852458749999996 0.1379232578125 0.3588767765625 0.12997095625 0.3180269484375 0.1343823421875 0.2513845234375 0.1313040984375 0.2425488328125
1 0.1388476375 0.2440805625 0.1359375 0.2420372515625 0.1359375 0.3080204203125 0.141426184375 0.2547287109375 0.1388476375 0.2440805625
1 0.1381340875 0.3806546375 0.140929815625 0.35750648906250004 0.14000954999999998 0.3352842671875 0.1359375 0.31431858749999997 0.1359375 0.38849061093750004 0.1381340875 0.3806546375
1 0.1043104984375 0.4287616640625 0.1043104984375 0.3370098375 0.09657044687500001 0.3119232578125 0.096686853125 0.2546067796875 0.094784675 0.2480798359375 0.0889519796875 0.240976265625 0.08275050625 0.24172033593750003 0.0787844171875 0.2503878171875 0.08317435937499999 0.3143070140625 0.0765625 0.35834965625000004 0.0765625 0.3766810359375 0.0768694296875 0.3825375921875 0.08444257499999999 0.4178894796875 0.08810135625 0.4281655953125 0.09161784843750001 0.43125 0.102046328125 0.43125 0.1043104984375 0.4287616640625
1 0.0685539203125 0.415625 0.0690510453125 0.4150482984375 0.0690510453125 0.3323629671875 0.062561109375 0.3084477859375 0.060832756249999995 0.2824945625 0.0621000265625 0.2539273390625 0.059910542187500006 0.2459614328125 0.052827965624999994 0.2403916546875 0.051779759375 0.2403916546875 0.048322831249999997 0.24258315000000003 0.046875 0.24729544374999998 0.046875 0.26927859062500004 0.04988860625 0.3040889859375 0.046875 0.3242249296875 0.046875 0.3909207875 0.051895564062499996 0.41411039531249993 0.0531087875 0.415625 0.0685539203125 0.415625
0 0.2368644796875 0.548942696875 0.2489990171875 0.5318145999999999 0.2592379171875 0.5020483734375001 0.263171928125 0.47977082343750005 0.263171928125 0.45700090781249997 0.2593331875 0.42893969218750005 0.243229603125 0.39023596718750003 0.2238671921875 0.3730349703125 0.22081767968750002 0.37239778437500004 0.195569778125 0.37239778437500004 0.18692573437499999 0.3767143375 0.16962595625000002 0.40085517499999995 0.1625 0.424787425 0.1625 0.48555249062500005 0.1671366078125 0.5098776359375 0.1810922171875 0.5373123843750001 0.1962771875 0.5523458 0.2115218359375 0.5578125 0.2165384734375 0.5578125 0.2368644796875 0.548942696875
1 0.5350815640625 0.46551226406249996 0.540730815625 0.47457413125 0.546257525 0.475 0.5521853609375 0.475 0.5681392187500001 0.471955434375 0.5743057 0.4587950796875 0.5860136328125 0.3921875 0.587732359375 0.3519142671875 0.5813099078125 0.29214659374999996 0.566913325 0.2392779109375 0.5742192921875 0.1268051828125 0.5672338265625 0.10801200312499999 0.55649241875 0.103125 0.554066675 0.103125 0.5444805984375 0.1120468609375 0.5398442921875 0.1266051953125 0.5425975953125001 0.24330367812499998 0.5328125 0.2833774796875 0.5328125 0.45361818437499996 0.5350815640625 0.46551226406249996
1 0.50625 0.6890625 0.50625 0.9731557765625001 0.5141347515625 1 0.66525955625 1 0.6720110140625 0.9778658374999999 0.6802293828125 0.9380934453125 0.6874240281249999 0.8751638140625 0.6886093421874999 0.8242378875 0.6801322796875 0.740843953125 0.6690456250000001 0.6890625 0.50625 0.6890625