1 0.24041194375 0.0974408625 0.234081115625 0.09469944687500001 0.22610026093750002 0.102386059375 0.22432228593749998 0.1218441390625 0.22964297500000003 0.170432525 0.23026596875 0.171875 0.2421875 0.171875 0.2421875 0.10254781093750001 0.24041194375 0.0974408625
1 0.21605973281250002 0.246971090625 0.21614170625 0.2685739625 0.22732405 0.31246769531249996 0.2308071515625 0.3171875 0.24778643125 0.3171875 0.2515625 0.2971800359375 0.2515625 0.24647528749999997 0.2269072359375 0.24647528749999997 0.21605973281250002 0.246971090625
1 0.1953125 0.090673990625 0.1937516546875 0.0868933203125 0.1843766546875 0.08678423125 0.1777158234375 0.09922223125 0.1777158234375 0.104787934375 0.18128518437500002 0.152742815625 0.178572571875 0.171875 0.193141728125 0.171875 0.193165584375 0.14732361875 0.1953125 0.137433215625 0.1953125 0.090673990625
1 0.1702234875 0.25470309375 0.1702234875 0.2709711078125 0.1762683 0.303125 0.196147046875 0.303125 0.1997698875 0.295038175 0.203125 0.274856909375 0.203125 0.24767256093749998 0.17060502187499998 0.24767256093749998 0.1702234875 0.25470309375
2 0.309375 0.174494896875 0.1560543140625 0.174494896875 0.11309109218749999 0.175335675 0.1119759046875 0.177664146875 0.1119759046875 0.2407223484375 0.11274653750000001 0.2453125 0.1856906171875 0.2453125 0.22449651875 0.243441440625 0.24782064374999999 0.244284815625 0.24866247343749998 0.2453125 0.309375 0.2453125 0.309375 0.174494896875
1 0.25402636562500003 0.7529258328124999 0.254914634375 0.8026781859375 0.2727823453125 0.867945540625 0.2876533109375 0.8703125 0.296875 0.8703125 0.296875 0.7085744500000001 0.29073821093749996 0.6932170921875 0.28966234218750003 0.6057424578124999 0.2834123734375 0.5933133140625 0.276799515625 0.5910810234375 0.2697132375 0.5910810234375 0.2643933546875 0.59453210625 0.258894065625 0.6122422953125 0.26727727031250004 0.687173678125 0.25402636562500003 0.7529258328124999
1 0.309375 0.7637874234375 0.297764953125 0.71769266875 0.30176895625 0.6590460531250001 0.2962634515625 0.6492716171875 0.2882554421875 0.6477678578124999 0.28375093906250004 0.68761748125 0.30176895625 0.7703242484375 0.3007679546875 0.8034069546874999 0.29175894687500004 0.8455122187499999 0.292259446875 0.8522791359374999 0.298765953125 0.85152725625 0.309375 0.8138567999999999 0.309375 0.7637874234375
1 0.19065784531250002 0.7973919171875 0.20166885625000003 0.8575422937500001 0.22268987812500002 0.8605498125000001 0.23470188906249997 0.8274671046875 0.2407078953125 0.7853618421874999 0.236703890625 0.7492716171875 0.22569287968750001 0.7086701124999999 0.2306978859375 0.6394971796875 0.2251923796875 0.6267152250000001 0.21318036718750003 0.62370770625 0.2036708578125 0.6394971796875 0.2066738609375 0.704158834375 0.19265984687499998 0.7567904140625 0.19065784531250002 0.7973919171875
1 0.161628815625 0.7628054515625 0.1596268140625 0.8049107140625 0.1686358234375 0.8470159781250001 0.173140328125 0.8522791359374999 0.185652840625 0.85152725625 0.191658846875 0.8470159781250001 0.19466185 0.8349859015625001 0.19065784531250002 0.7703242484375 0.19566285 0.737241540625 0.19065784531250002 0.7207001875 0.1936608484375 0.656038534375 0.1821493375 0.6462640984375 0.1716388265625 0.6605498125 0.17364082812499998 0.7252114656249999 0.161628815625 0.7628054515625
1 0.6251507281249999 0.409375 0.6031326781249999 0.5322073359375 0.6060962046875 0.6072027906249999 0.60792859375 0.6109375 0.684375 0.6109375 0.684375 0.4981760890625 0.662076375 0.409621496875 0.662065646875 0.409375 0.6251507281249999 0.409375
2 1 0.6116042875 0.309375 0.6116042875 0.309375 0.774506190625 0.6478027625 0.7516009703125001 0.9264131234375 0.7421112437499999 1 0.736304940625 1 0.6116042875