1 0.33932291718749996 0.746296296875 0.33151041718749996 0.7416666671875001 0.3239583328125 0.7495370375 0.3213541671875 0.7606481484375001 0.3244791671875 0.8245370375000001 0.3161458328125 0.85694444375 0.31302083281250004 0.9004629625 0.3145833328125 0.921759259375 0.3213541671875 0.9550925921875001 0.32734375 0.9611111109375001 0.3385416671875 0.9606481484374999 0.3447916671875 0.9495370375000001 0.3484375 0.9300925921875001 0.3515625 0.9087962968750001 0.35208333281250004 0.8819444437499999 0.3484375 0.85694444375 0.3401041671875 0.8226851859375 0.3427083328125 0.7569444437499999 0.33932291718749996 0.746296296875
1 0.1419270828125 0.7546296296875 0.13671875 0.752777778125 0.1299479171875 0.7574074078125 0.1270833328125 0.766203703125 0.13125 0.8365740734375 0.121875 0.8763888890624999 0.1203125 0.9115740734375001 0.1302083328125 0.9689814812499999 0.13359375 0.9740740734375001 0.1421875 0.9745370375 0.14921875 0.972222221875 0.153125 0.9625 0.1583333328125 0.9263888890624999 0.1588541671875 0.8976851859374999 0.1572916671875 0.8763888890624999 0.1458333328125 0.83194444375 0.1473958328125 0.765277778125 0.1419270828125 0.7546296296875
1 0.29348958281250004 0.734259259375 0.2880208328125 0.7402777781250001 0.2854166671875 0.7495370375 0.2890625 0.816203703125 0.2833333328125 0.8384259265624999 0.28958333281250004 0.8773148140625 0.2890625 0.9069444437499999 0.2854166671875 0.934722221875 0.28828125 0.9490740734375 0.3 0.9513888890625 0.3072916671875 0.946759259375 0.31302083281250004 0.9226851859374999 0.31302083281250004 0.8800925921875 0.3151041671875 0.85601851875 0.30416666718749996 0.8125 0.30625 0.7458333328125 0.3018229171875 0.7370370375 0.29348958281250004 0.734259259375
1 0.16484375 0.740740740625 0.1604166671875 0.7458333328125 0.1583333328125 0.753240740625 0.1609375 0.8236111109375001 0.1536458328125 0.8578703703125001 0.159375 0.89305555625 0.1583333328125 0.9458333328125 0.16171875 0.9574074078124999 0.1729166671875 0.958796296875 0.1799479171875 0.95648148125 0.1833333328125 0.9421296296874999 0.1822916671875 0.8893518515625001 0.1859375 0.8550925921875001 0.1765625 0.8199074078124999 0.1776041671875 0.753240740625 0.1736979171875 0.74351851875 0.16484375 0.740740740625
1 0.2104166671875 0.7578703703125 0.20546875 0.747222221875 0.19609375 0.747222221875 0.1921875 0.7523148140625 0.1890625 0.7671296296875 0.1927083328125 0.8300925921875001 0.184375 0.8736111109375001 0.1828125 0.9134259265625 0.1848958328125 0.9356481484374999 0.1921875 0.9643518515625 0.1971354171875 0.9694444437499999 0.20572916718749998 0.9689814812499999 0.21067708281250003 0.9666666671874999 0.2140625 0.958796296875 0.21979166718749998 0.9254629624999999 0.22135416718749998 0.8884259265625 0.2182291671875 0.8671296296875 0.21875 0.8421296296874999 0.20989583281250002 0.80694444375 0.2104166671875 0.7578703703125
1 0.2747395828125 0.74444444375 0.2684895828125 0.74351851875 0.26223958281250004 0.7490740734375 0.259375 0.7578703703125 0.2625 0.8291666671875 0.2536458328125 0.8625 0.2515625 0.9134259265625 0.259375 0.9550925921875001 0.26640625 0.9638888890624999 0.275 0.9643518515625 0.28072916718749996 0.958796296875 0.2838541671875 0.9458333328125 0.28854166718749996 0.9106481484375 0.2890625 0.8754629625 0.2828125 0.8365740734375 0.2770833328125 0.816203703125 0.2802083328125 0.758796296875 0.2747395828125 0.74444444375
1 0.2427083328125 0.816203703125 0.24479166718749998 0.7430555562500001 0.24244791718749997 0.7370370375 0.2325520828125 0.7351851859375 0.22734375 0.7398148140624999 0.22395833281250002 0.7504629625 0.2265625 0.815277778125 0.2208333328125 0.8375 0.2182291671875 0.8578703703125001 0.221875 0.891203703125 0.2203125 0.9300925921875001 0.22578125 0.9518518515625001 0.2421875 0.953240740625 0.24635416718749997 0.94398148125 0.2510416671875 0.915277778125 0.2526041671875 0.8625 0.25052083281250004 0.8476851859375 0.2520833328125 0.8300925921875001 0.25078125 0.827777778125 0.24713541718749998 0.8379629625 0.2427083328125 0.816203703125
1 0.21197916718749998 0.7643518515625 0.21197916718749998 0.741203703125 0.20703125 0.73055555625 0.19973958281249998 0.727777778125 0.1921875 0.7365740734374999 0.190625 0.74398148125 0.19192708281249998 0.753703703125 0.20390625 0.7490740734375 0.21197916718749998 0.7643518515625
1 0.2416666671875 0.8143518515625001 0.246875 0.834722221875 0.2515625 0.8430555562500001 0.2526041671875 0.8291666671875 0.24348958281250002 0.7925925921875 0.2416666671875 0.8143518515625001
1 0.24348958281250002 0.746296296875 0.24583333281250003 0.7458333328125 0.24635416718749997 0.73194444375 0.23932291718749998 0.7194444437499999 0.2325520828125 0.7185185187500001 0.22552083281250002 0.7291666671875 0.225 0.7384259265625001 0.22734375 0.7416666671875001 0.23723958281250002 0.7370370375 0.24348958281250002 0.746296296875
1 0.26171875 0.728703703125 0.25625 0.7430555562500001 0.2588541671875 0.8106481484374999 0.253125 0.8300925921875001 0.25052083281250004 0.8495370375 0.2518229171875 0.85648148125 0.2552083328125 0.85694444375 0.2625 0.8273148140625001 0.2604166671875 0.7550925921875 0.26640625 0.7453703703125 0.27578125 0.747222221875 0.2776041671875 0.7430555562500001 0.27421875 0.73055555625 0.2674479171875 0.7259259265625 0.26171875 0.728703703125