1 0.230422103125 0 0.230422103125 0.15625 0.25062286562499997 0.15625 0.251974278125 0.154609490625 0.26216021875 0.11748154531249999 0.26892448125 0.0850195953125 0.2703125 0.06742121875 0.2703125 0.027652457812499996 0.26938602500000003 0.0128458578125 0.26699079375 0 0.230422103125 0
1 0.303182246875 0 0.297975271875 0.0214476890625 0.295128696875 0.062962678125 0.2990691125 0.1020942515625 0.30814304843749996 0.146875 0.3346438109375 0.146875 0.3347588171875 0.1467799625 0.34277063281250003 0.11297572812500001 0.3453125 0.09743448906249999 0.3453125 0.0124952890625 0.3421267359375 0 0.303182246875 0
1 0.36271236406249996 0 0.36271236406249996 0.134375 0.38009681562500003 0.134375 0.3841956 0.13220595625 0.3914347796875 0.1058459015625 0.40074027812499996 0.06181431875 0.403125 0.0284912046875 0.403125 0.0199788703125 0.40036824531250004 0 0.36271236406249996 0
1 0.024816701562499998 0 0.024816701562499998 0.140625 0.0412287578125 0.140625 0.047761454687499996 0.1210053796875 0.05927750625 0.07599887968749999 0.0609375 0.058540234375 0.0609375 0.003276190625 0.060201959375 0 0.024816701562499998 0
1 0.1024527171875 0 0.0929161578125 0.0359550390625 0.0913536578125 0.07941899531249999 0.0960411578125 0.1193975 0.10375788906250001 0.15625 0.1319830765625 0.15625 0.139270325 0.12368487343750001 0.1421875 0.10419484375000002 0.1421875 0.0290820234375 0.1412967 0.023041771875 0.1359162515625 0 0.1024527171875 0
1 0.1680422203125 0 0.1635866921875 0.016314709375 0.1613292859375 0.0244818875 0.1613292859375 0.165625 0.1892153671875 0.165625 0.2006272859375 0.12002388593749999 0.2057393921875 0.0886272625 0.20625 0.0776643328125 0.20625 0.0540600515625 0.20358696406250001 0.026296275 0.1983504015625 0 0.1680422203125 0
1 0.5946549187500001 0.4796875 0.5980322859375 0.46260449687499994 0.6 0.4409432765625 0.6 0.41796578906250004 0.599090478125 0.39736308125 0.5890133734375 0.347517621875 0.5877772453125 0.30589640937499996 0.6 0.19975071875 0.6 0.19835575 0.5977753406249999 0.1864246921875 0.5902397484375 0.176103478125 0.5734082625 0.1707479171875 0.5645376093750001 0.1812600359375 0.5595633109375 0.1979721546875 0.5571997046874999 0.32013074375 0.5441113875 0.366920703125 0.5441113875 0.4796875 0.5946549187500001 0.4796875
1 0.9248681718749999 0.4796875 0.9289658109375001 0.45260815781249997 0.928410809375 0.41367376718750004 0.920140271875 0.3576176828125 0.9202614765625 0.33678435156250003 0.934375 0.23391211250000002 0.934375 0.21929811875 0.9284792640624999 0.20041106874999998 0.9191365843749999 0.1943094828125 0.90739359375 0.1977936078125 0.8990733046875 0.2174547203125 0.8954392437500001 0.304772709375 0.8913552265625 0.335100753125 0.8683353625000001 0.396281178125 0.8602642921874999 0.4402705953125 0.859375 0.4773424734375 0.859375 0.4796875 0.9248681718749999 0.4796875
1 1 0.179667765625 0.9928387937500001 0.19169599531249998 0.9836467765624999 0.29609945937500004 0.9622598968750001 0.3543222046875 0.9622598968750001 0.4796875 0.995147446875 0.4796875 0.9983732937500001 0.4705939625 1 0.4653117390625 1 0.179667765625
1 0.1898071390625 1 0.198590834375 0.9573406234374999 0.1995814546875 0.9047207125 0.1859887453125 0.8532058578124999 0.2046875 0.7392267921875 0.2046875 0.7124516875 0.192533040625 0.7011713 0.173950921875 0.7011713 0.1645978109375 0.7041060203124999 0.15433297968749998 0.7200941921874999 0.14786149531249998 0.8312053031250001 0.11516157812500001 0.9071093546875 0.11516157812500001 1 0.1898071390625 1
1 0.011620021875 0.4796875 0.0091064046875 0.506376025 0 0.5151801218750001 0 0.633696225 0.000380634375 0.6371256453124999 0 0.6423907 0 0.7781532359375 0.0116431765625 0.7890625 0.011745987500000001 0.7890625 0.029542876562499997 0.7550175640625 0.0359375 0.684157378125 0.0359375 0.678125978125 0.023685309374999998 0.624947175 0.031053046875 0.5330864390625 0.0175367390625 0.5032101156250001 0.017490449999999998 0.4796875 0.011620021875 0.4796875
1 0.0213450078125 0.4796875 0.0213450078125 0.522830825 0.024034634375 0.5377032140625 0.0213450078125 0.558088975 0.0213450078125 0.6604586828125 0.0253636828125 0.6796875 0.028644237500000003 0.6796875 0.0484375 0.622385725 0.0484375 0.594074509375 0.040701303125 0.5384794765625001 0.048272853125 0.4796875 0.0213450078125 0.4796875
1 0.1853515609375 0.5688365156249999 0.1875 0.5459948578125 0.1875 0.49556084843750003 0.1822265609375 0.48678294375000003 0.1666015609375 0.5015150828125 0.1666015609375 0.5820706375 0.1416015609375 0.6423087328125 0.1416015609375 0.7117531765624999 0.142409978125 0.7125 0.15040971875 0.7125 0.1603515609375 0.6929634953124999 0.164518228125 0.6014423328125 0.1853515609375 0.5688365156249999
1 0.189862734375 0.6978264218750001 0.194665275 0.70625 0.1953068703125 0.70625 0.203125 0.63244689375 0.203125 0.5952551953125 0.1961635609375 0.58125 0.1958318375 0.58125 0.189862734375 0.6446511687500001 0.189862734375 0.6978264218750001
1 0.1390625 0.8625 0.15572916718750002 0.8291666671875 0.15572916718750002 0.7263888890625 0.1786458328125 0.6986111109375 0.1828125 0.6791666671875001 0.1890625 0.584722221875 0.1796875 0.575 0.1640625 0.5875 0.1432291671875 0.6347222218749999 0.1453125 0.7236111109375 0.1286458328125 0.7763888890625 0.1286458328125 0.8208333328125 0.1390625 0.8625
1 0.3223958328125 0.8458333328125001 0.3640625 0.76805555625 0.3619791671875 0.6486111109375 0.3786458328125 0.5875 0.3765625 0.55694444375 0.3671875 0.547222221875 0.3484375 0.54444444375 0.3369791671875 0.559722221875 0.3328125 0.64305555625 0.2953125 0.7375 0.29739583281250004 0.7958333328125 0.3098958328125 0.8375 0.3223958328125 0.8458333328125001
1 0.371137153125 1 0.40989583281249997 0.934722221875 0.41197916718750005 0.9069444437499999 0.4015625 0.79305555625 0.4244791671875 0.684722221875 0.4171875 0.66944444375 0.3921875 0.6583333328125 0.3703125 0.68194444375 0.3619791671875 0.784722221875 0.3328125 0.8263888890625001 0.3182291671875 0.8763888890625001 0.3182291671875 0.9458333328125 0.3265625 0.984722221875 0.345072115625 1 0.371137153125 1
1 0.5246162390625 0.4796875 0.5246162390625 0.6859466218750001 0.5472064890625 0.6890625 0.5550590640624999 0.6890625 0.5667427218750001 0.65509874375 0.56654055 0.5563375859375 0.5768296453125 0.4796875 0.5246162390625 0.4796875
1 0.5909181640625001 0.4796875 0.5889295546875 0.489099109375 0.588268496875 0.5166717453125 0.588268496875 0.5887535421875001 0.604102475 0.6906321953125 0.6160243671875 0.6953125 0.6469808390624999 0.6953125 0.6531728203125 0.68476633125 0.666667521875 0.6128532640625 0.6671875 0.6022801953125001 0.6671875 0.503126028125 0.665760765625 0.48775809375 0.6638028874999999 0.4796875 0.5909181640625001 0.4796875
1 0.66966830625 0.4796875 0.66966830625 0.6765625 0.6925192156250001 0.6765625 0.7023295328125 0.6600743640625 0.7135470843749999 0.6071297015624999 0.7171875 0.5446261828125001 0.7171875 0.4796875 0.66966830625 0.4796875
1 0.7329001843749999 0.4796875 0.7329001843749999 0.648265375 0.73727986875 0.6818018984374999 0.76245470625 0.684375 0.7766871703125 0.684375 0.79680423125 0.6122777890625001 0.8046875 0.5237922328125 0.8046875 0.5209652328125001 0.7976246703125 0.4796875 0.7329001843749999 0.4796875