2 0 0.6390625 0.41045842343750005 0.6390625 0.4068953765625 0.5785738609375 0.404229734375 0.5676328109375001 0.39963281093749997 0.5647534515625 0.27429313125 0.5684756296875 0 0.587006684375 0 0.6390625
1 1 0.6390625 1 0 0.9554956640625001 0 0.9484848031249999 0.018747353124999998 0.9454523343750001 0.040563278125000005 0.9468697140625 0.0808883015625 0.95653275625 0.11919221875 0.9642679453125 0.17382979375000002 0.9662376359374999 0.21141368124999999 0.9651434765625 0.2303753390625 0.9435121750000001 0.3089784625 0.9401384374999999 0.337562365625 0.93143173125 0.370625671875 0.9296875 0.41223355625 0.9296875 0.48342168281250003 0.9319688609375 0.5269526250000001 0.9424760546875 0.581363925 0.9524100203125 0.611557578125 0.9645111906250001 0.6390625 1 0.6390625
1 0.6954609296875 0 0.6948133234375 0.0032613250000000002 0.6927343203125 0.047556628125 0.7038223312499999 0.129435821875 0.7038223312499999 0.193865353125 0.6885763171875 0.24352978125 0.6858043140625 0.263664009375 0.6767953046875 0.2784291109375 0.6594702875 0.3442009234375 0.6518472796875 0.4046036078125 0.650461278125 0.4569526 0.6594702875 0.5388317953125 0.6726373 0.5871539421875 0.6922535296875 0.6390625 0.7747717625 0.6390625 0.8077724359375 0.5321203859375 0.8147024421874999 0.47440226562500004 0.8140094421875 0.40057676249999996 0.8098514375000001 0.3670197140625 0.793912421875 0.29453649375 0.7599553875 0.1911807890625 0.7578763859375 0.1643351515625 0.7592623875 0.1200398484375 0.768964396875 0.048898909375 0.7662351203125001 0 0.6954609296875 0
1 0.6162515421875 0 0.6192762468749999 0.0180264265625 0.6234342515625 0.089167365625 0.6206622484375 0.10795931249999999 0.5867052140625 0.220710990625 0.57769620625 0.2837982375 0.5763102046874999 0.341516359375 0.5804682078125001 0.40191904375 0.59017021875 0.448898909375 0.624820253125 0.5455432046875 0.6341757625 0.5623217281249999 0.6449172734374999 0.5670197140625 0.6636282921875 0.56299286875 0.65323328125 0.5106438765625 0.6490752765625001 0.460979446875 0.650461278125 0.40594588906249995 0.6546192828125 0.3656774328125 0.6705582984375 0.290509646875 0.696199325 0.21668414375 0.70243633125 0.18581166093749998 0.6989713265625 0.1576237421875 0.6761023046875 0.0999056203125 0.6740233015625 0.0784291109375 0.6747163031250001 0.02876468125 0.6776864609375 0 0.6162515421875 0
1 0.7878733953125 0 0.7883684171875001 0.035476090625 0.7862894140625001 0.05292575468750001 0.7613413890625 0.128093540625 0.7592623875 0.1616505875 0.762034390625 0.1911807890625 0.793219421875 0.28245595625000003 0.8140094421875 0.38044253281249996 0.8167814453125001 0.4046036078125 0.8147024421874999 0.4985633390625 0.8174744453125001 0.5039324671875 0.8289089578125001 0.503261325 0.832027459375 0.495878775 0.818167446875 0.38849622500000003 0.8174744453125001 0.36299286875000003 0.8223254499999999 0.295878775 0.8375714656250001 0.220710990625 0.8639054921875001 0.14554320468749998 0.8659844937500001 0.129435821875 0.8597474875 0.1039324671875 0.8389574671875 0.047556628125 0.836878465625 0.0032613250000000002 0.8372201015625 0 0.7878733953125 0
1 0.857723303125 0 0.8687564968749999 0.090509646875 0.8673704953125 0.1374895140625 0.8334134609374999 0.2448720640625 0.8237114515625 0.30930159375 0.8209394484375 0.3764156875 0.82786945625 0.460979446875 0.8347994625 0.4972210578125 0.8673704953125 0.58983850625 0.87811200625 0.6079593125 0.89093251875 0.6126572984374999 0.9141480421875 0.6106438765625 0.9193455468749999 0.603261325 0.9089505375 0.56299286875 0.9040995328125 0.529435821875 0.9020205296875 0.45292575468749996 0.9054855343749999 0.3925230703125 0.9138015421875 0.3442009234375 0.9290475578125001 0.2864828015625 0.950530578125 0.22339555312499998 0.9498375781250001 0.20997273437500003 0.9290475578125001 0.156281459375 0.9207315484375 0.1173552859375 0.9228105515625 0.0462143453125 0.9295402375 0 0.857723303125 0
1 0.9539955828124999 0.1616505875 0.950530578125 0.1200398484375 0.946372575 0.095878775 0.9432540718750001 0.093865353125 0.9387495671874999 0.102590184375 0.9290475578125001 0.14554320468749998 0.9318195593749999 0.1589660234375 0.9519165796875001 0.207288171875 0.9546885828124999 0.1978921984375 0.9539955828124999 0.1616505875
1 0.304554328125 1 0.29572940000000003 0.9667605140625 0.2913087234375 0.8973798421874999 0.295355640625 0.8398614421874999 0.2924198703125 0.8212708750000001 0.24689871718749998 0.828473809375 0.257025934375 0.9169162890625 0.259083440625 0.9711467296875 0.25426652031249997 1 0.304554328125 1
1 0.7832648375 0.9275469640624999 0.7839765015625 0.8912232781250001 0.7795607328124999 0.8818199203124999 0.7759634249999999 0.88304345 0.7729419515625 0.8902642453125 0.774313621875 0.9264178718749999 0.7703125 0.9491664453125 0.7703125 0.9717870281250001 0.7732170249999999 0.9953190281250001 0.77493413125 0.996875 0.7862878906249999 0.996875 0.786631409375 0.9947261140625001 0.786631409375 0.9390614703125 0.7832648375 0.9275469640624999
1 0.8080729171875 0.875578703125 0.8033854171874999 0.8765046296874999 0.8005208328125001 0.8825231484374999 0.8 0.918634259375 0.7932291671874999 0.943634259375 0.79375 0.97881944375 0.7958333328125 0.98993055625 0.7989583328125001 0.9927083328125 0.80546875 0.993171296875 0.8078125 0.98993055625 0.8140625 0.962152778125 0.8125 0.934375 0.8088541671874999 0.9232638890625001 0.8109375 0.8853009265624999 0.8080729171875 0.875578703125
1 0.7546968 1 0.7598958328125001 0.975115740625 0.7588541671875 0.9556712968750001 0.7541666671874999 0.937152778125 0.7557291671874999 0.9019675921874999 0.7528645828125 0.8922453703125001 0.74921875 0.8913194437499999 0.7447916671874999 0.9019675921874999 0.7453125 0.9325231484375 0.7369791671875 0.9695601859374999 0.7400524171875 1 0.7546968 1
1 0.72718709375 1 0.7302083328125 0.984375 0.7296875 0.96493055625 0.725 0.9445601859374999 0.7265625 0.9047453703125001 0.72109375 0.8978009265625 0.7161458328125 0.9084490734375 0.7161458328125 0.94085648125 0.7072916671875 0.9769675921874998 0.7078125 0.993634259375 0.7092136546875001 1 0.72718709375 1
1 0.7029821921874999 1 0.7041666671875 0.9945601859375 0.7036458328124999 0.9760416671875 0.6979166671875 0.9510416671874999 0.6989583328125 0.9121527781250001 0.6950520828125 0.9052083328125 0.6890625 0.909375 0.6890625 0.9510416671874999 0.684375 0.9714120375 0.6852852296874999 1 0.7029821921874999 1
1 0.83515625 0.8690972218749999 0.8309895828125 0.8690972218749999 0.8276041671875 0.8741898140625001 0.8260416671874999 0.9112268515625 0.8197916671875 0.9334490734375 0.8182291671874999 0.9640046296874999 0.821875 0.981597221875 0.825 0.9853009265624999 0.83203125 0.9857638890625001 0.8348958328125 0.981597221875 0.840625 0.9547453703125001 0.8401041671874999 0.9334490734375 0.8354166671875 0.9103009265625 0.8385416671874999 0.87881944375 0.83515625 0.8690972218749999
1 0.8622395828125 0.862615740625 0.8575520828125001 0.8635416671874999 0.8541666671874999 0.8704861109375 0.8536458328125001 0.9075231484374999 0.8473958328125001 0.9315972218749999 0.8473958328125001 0.96585648125 0.8489583328125001 0.9741898140625 0.8526041671875 0.97789351875 0.8596354171874999 0.9774305562500001 0.8671875 0.9528935187500001 0.8671875 0.9288194437499999 0.8625 0.9047453703125001 0.865625 0.8723379625 0.8622395828125 0.862615740625
1 0.8861979171875 0.8542824078125001 0.8822916671875 0.859375 0.8807291671874999 0.8667824078125002 0.8807291671874999 0.8954861109374999 0.8739583328125 0.9269675921874999 0.8744791671875 0.9584490734375001 0.87734375 0.96539351875 0.8802083328125001 0.96585648125 0.8908854171874999 0.9542824078125001 0.8947916671874999 0.943634259375 0.8942708328125001 0.9232638890625001 0.8895833328125 0.9010416671874999 0.8927083328125001 0.8667824078125002 0.8916666671875 0.8603009265624999 0.8861979171875 0.8542824078125001
1 0.9138020828125001 0.850578703125 0.90859375 0.8524305562500001 0.9057291671875 0.8603009265624999 0.9041666671874999 0.8954861109374999 0.9010416671874999 0.90289351875 0.8984375 0.9204861109374999 0.8979166671875 0.9325231484375 0.9 0.93993055625 0.9059895828125001 0.937615740625 0.9174479171875 0.9237268515625001 0.9192708328125001 0.9177083328125001 0.915625 0.8964120375 0.9177083328125001 0.856597221875 0.9138020828125001 0.850578703125
1 0.9078125 0.8603009265624999 0.9140625 0.85289351875 0.9091145828125 0.8385416671874999 0.90390625 0.8385416671874999 0.9 0.8445601859374999 0.8984375 0.8825231484374999 0.8927083328125001 0.9010416671874999 0.8963541671874999 0.943634259375 0.8984375 0.9427083328125001 0.9 0.9149305562500001 0.90625 0.893634259375 0.9078125 0.8603009265624999
1 0.8783854171875 0.84131944375 0.8739583328125 0.8454861109374999 0.8723958328125001 0.85289351875 0.8697916671874999 0.8723379625 0.871875 0.8834490734375 0.8677083328125 0.8927083328125001 0.865625 0.9112268515625 0.8697916671874999 0.956597221875 0.87265625 0.9570601859375 0.8744791671875 0.9528935187500001 0.8739583328125 0.9223379625 0.8807291671874999 0.8954861109374999 0.8807291671874999 0.8695601859375 0.8848958328125001 0.85289351875 0.8825520828125001 0.844097221875 0.8783854171875 0.84131944375
1 0.878125 0.8325231484375 0.87578125 0.831134259375 0.8705729171875 0.8320601859375 0.86875 0.837152778125 0.8671875 0.8741898140625001 0.8630208328125001 0.8945601859375 0.8630208328125001 0.9084490734375 0.8661458328125 0.925115740625 0.8692708328125001 0.9010416671874999 0.8739583328125 0.8880787031249999 0.8802083328125001 0.880671296875 0.8817708328125 0.8612268515625001 0.8854166671874999 0.85289351875 0.884375 0.8473379624999999 0.8796875 0.8417824078125001 0.878125 0.8325231484375
1 0.664504278125 1 0.6666666671875 0.9677083328125 0.6625 0.9427083328125001 0.6645833328124999 0.905671296875 0.66015625 0.896875 0.65546875 0.8987268515625001 0.653125 0.9047453703125001 0.6541666671875 0.9315972218749999 0.6505208328125 0.9612268515625001 0.6552083328125 0.99085648125 0.6548127 1 0.664504278125 1
1 0.7146647125000001 1 0.7145833328125 0.9982638890625001 0.7182291671875001 0.9917824078125002 0.7161458328125 0.9853009265624999 0.7177083328125 0.9769675921874998 0.7153645828124999 0.981134259375 0.7125 0.97881944375 0.715625 0.968634259375 0.7145833328125 0.9556712968750001 0.7174479171875 0.90335648125 0.7239583328125 0.905671296875 0.7239583328125 0.9260416671874999 0.7203125 0.938078703125 0.7255208328125 0.930671296875 0.7255208328125 0.90381944375 0.7192708328124999 0.8982638890625001 0.7192708328124999 0.887152778125 0.71640625 0.8820601859374999 0.7098958328125 0.8862268515625 0.7088541671875 0.9269675921874999 0.7026041671875001 0.9538194437499999 0.7067708328125 0.9927083328125 0.7112825515625 1 0.7146647125000001 1
1 0.75 0.8880787031249999 0.7471354171875 0.874652778125 0.7401041671874999 0.87881944375 0.7375 0.8945601859375 0.7390625 0.9167824078125001 0.7302083328125 0.9473379625 0.7317708328125 0.9741898140625 0.7359375 0.988078703125 0.7380208328125 0.9853009265624999 0.7385416671875 0.9575231484375 0.7453125 0.9325231484375 0.7453125 0.8982638890625001 0.75 0.8880787031249999
1 0.7763020828125 0.8672453703125 0.7721354171874999 0.8672453703125 0.7666666671875 0.8732638890625001 0.7640625 0.8945601859375 0.765625 0.909375 0.7583333328125 0.9417824078125001 0.7598958328125001 0.9695601859374999 0.7635416671874999 0.981597221875 0.7671875 0.9797453703125001 0.765625 0.956597221875 0.7729166671875 0.9260416671874999 0.7729166671875 0.8927083328125001 0.778125 0.880671296875 0.7763020828125 0.8672453703125
1 0.80078125 0.8607638890625001 0.79609375 0.8607638890625001 0.79375 0.86585648125 0.7916666671874999 0.8862268515625 0.7932291671874999 0.9019675921874999 0.7848958328125001 0.9297453703125 0.7875 0.9714120375 0.7901041671875 0.9741898140625 0.7932291671874999 0.9714120375 0.7927083328125001 0.9464120375 0.8 0.9195601859375 0.8 0.8853009265624999 0.8041666671875 0.8741898140625001 0.8041666671875 0.86585648125 0.80078125 0.8607638890625001
1 0.8278645828125001 0.8542824078125001 0.8231770828125 0.8542824078125001 0.8203125 0.859375 0.8166666671874999 0.880671296875 0.81875 0.8954861109374999 0.8125 0.91585648125 0.8151041671874999 0.9612268515625001 0.8182291671874999 0.96585648125 0.8197916671875 0.96493055625 0.8203125 0.9362268515625001 0.8270833328125 0.909375 0.8276041671875 0.87789351875 0.8322916671874999 0.8677083328125 0.8317708328125001 0.859375 0.8278645828125001 0.8542824078125001
1 0.8588541671875 0.8519675921874998 0.8544270828125 0.846875 0.8484375 0.85289351875 0.8463541671874999 0.8667824078125002 0.8489583328125001 0.880671296875 0.8390625 0.91585648125 0.8411458328125001 0.9575231484375 0.84375 0.9612268515625001 0.8479166671874999 0.959375 0.8473958328125001 0.9297453703125 0.8541666671874999 0.90289351875 0.8526041671875 0.8760416671875 0.859375 0.8612268515625001 0.8588541671875 0.8519675921874998
1 0.8411458328125001 0.85289351875 0.8432291671875 0.84085648125 0.8484375 0.8334490734375001 0.8466145828125 0.824652778125 0.8393229171875 0.8237268515625 0.8364583328125 0.8288194437499999 0.8359375 0.8464120375 0.8385416671874999 0.855671296875 0.8411458328125001 0.85289351875
1 0.6552083328125 1 0.6552083328125 0.9853009265624999 0.6510416671875 0.96585648125 0.6536458328125 0.9232638890625001 0.65078125 0.91631944375 0.6455729171875 0.9172453703125001 0.6411458328124999 0.9288194437499999 0.640625 0.962152778125 0.634375 0.9964120375000001 0.634375 1 0.6552083328125 1
1 0.6068033859375 1 0.6109375 0.9853009265624999 0.6109375 0.9741898140625 0.6067708328125 0.9538194437499999 0.6078125 0.9214120375 0.60390625 0.912615740625 0.59921875 0.912615740625 0.5963541671875 0.9177083328125001 0.5947916671875 0.9288194437499999 0.5958333328125 0.9547453703125001 0.5932291671875001 0.9797453703125001 0.5958875875 1 0.6068033859375 1
1 0.596455078125 1 0.5963541671875 0.9964120375000001 0.5927083328125 0.975115740625 0.5947916671875 0.9297453703125 0.5919270828125 0.9237268515625001 0.5872395828125 0.9237268515625001 0.5828125 0.9315972218749999 0.5833333328125 0.9667824078125001 0.5760416671875 0.9991898140625001 0.5760669859374999 1 0.596455078125 1
1 0.6895833328125 0.9084490734375 0.69375 0.9019675921874999 0.68984375 0.8894675921874999 0.6828125 0.8945601859375 0.6802083328124999 0.9075231484374999 0.68125 0.9334490734375 0.6786458328125 0.9510416671874999 0.68125 0.956597221875 0.6856770828125 0.9570601859375 0.6890625 0.9473379625 0.6895833328125 0.9084490734375