1 0.138974925 0.245635134375 0.133388759375 0.2228926421875 0.1324789328125 0.19647646875 0.12882980156249998 0.1945159046875 0.1231929375 0.19819274375 0.1256652640625 0.22455434687500003 0.121875 0.2473610765625 0.121875 0.25008970937499997 0.12409290625 0.273329153125 0.12903510625 0.2875 0.1362251125 0.2875 0.13826419375000001 0.28675425 0.138974925 0.2809577671875 0.138974925 0.245635134375
1 0.10700634375 0.21113415937500002 0.10722166250000001 0.19725436093749998 0.1060057609375 0.195225571875 0.1012129453125 0.195225571875 0.1001904125 0.1971725453125 0.10086952812500001 0.21383921250000001 0.1 0.2177483875 0.1 0.2736679046875 0.101908659375 0.278125 0.11186220468750001 0.278125 0.11206655000000001 0.2778280984375 0.11299614843750001 0.27150748125 0.11299614843750001 0.2317955359375 0.10700634375 0.21113415937500002
1 0.154589375 0.229785240625 0.1572189 0.1991933171875 0.1553870265625 0.19576655468749998 0.149966778125 0.1945049515625 0.1462814 0.19944789062499998 0.146776875 0.229967078125 0.14375 0.2406524625 0.14375 0.29185850625 0.146040659375 0.2953125 0.15216270625 0.2953125 0.1556288296875 0.289434728125 0.15938434375 0.27130643593750003 0.1600148578125 0.25325088125 0.154589375 0.229785240625
1 0.1830258296875 0.20258185625 0.17940709531250001 0.200102875 0.1762797796875 0.1989762078125 0.1725171296875 0.202819821875 0.172398909375 0.21580498750000002 0.171862740625 0.23124019218749997 0.1703125 0.2382016515625 0.1703125 0.296875 0.1784977625 0.296875 0.182232446875 0.2873369171875 0.18488677656250002 0.2665672515625 0.183489278125 0.24841619375000001 0.180946584375 0.23717775 0.183403590625 0.2132557015625 0.1830258296875 0.20258185625
1 0.20893930156249998 0.24631953750000002 0.2033019203125 0.2291232640625 0.20480471875 0.2110677078125 0.20428721093750002 0.199956596875 0.2013911140625 0.196484375 0.19592236406250002 0.196484375 0.1938347875 0.20257694375000002 0.194519090625 0.20828993125 0.1971166078125 0.230512153125 0.1956834859375 0.23328993125 0.19375 0.244126378125 0.19375 0.272048265625 0.1949519609375 0.28467881875 0.197683840625 0.293012153125 0.1999475578125 0.2953125 0.2074345390625 0.2953125 0.20893930156249998 0.2923958640625 0.20893930156249998 0.24631953750000002
1 0.224331940625 0.22356770781250002 0.22602372499999998 0.20134548593749999 0.22331763124999998 0.196484375 0.21784888125 0.196484375 0.21588363593749998 0.1985677078125 0.215078146875 0.202734375 0.2165840828125 0.212456596875 0.2165113625 0.22495659687499997 0.2140625 0.235861371875 0.2140625 0.28476013125 0.2150746484375 0.2890625 0.22437679375 0.2890625 0.22632015625 0.28467881875 0.23033953125 0.265234375 0.22967948749999997 0.24440104218749997 0.224331940625 0.22356770781250002
1 0.244890053125 0.19966574374999999 0.24263314687499998 0.1961594296875 0.237164396875 0.19606397343749998 0.2361747921875 0.19812685000000002 0.2367823515625 0.2050712953125 0.23907392187499998 0.213431903125 0.2377544484375 0.2161824078125 0.2359375 0.23130059531249997 0.2359375 0.2530033296875 0.23707684375000002 0.2619339203125 0.2423742984375 0.278125 0.24928896250000002 0.278125 0.24928896250000002 0.22670793749999998 0.2446641859375 0.2149162484375 0.244890053125 0.19966574374999999
1 0.19128679843750002 0.2465644375 0.1917838546875 0.24402050156250002 0.19306199375 0.238794853125 0.193914090625 0.23308183124999998 0.1953125 0.2301682109375 0.1953125 0.21398895625 0.19453125 0.2119374546875 0.19453125 0.2049930109375 0.19398510156249998 0.20064952656249999 0.194921875 0.19733820625 0.192578125 0.19743370625 0.18984375 0.19962845625 0.190625 0.2051521796875 0.1905767171875 0.211261721875 0.18944059375 0.2208980328125 0.1859375 0.234849321875 0.1859375 0.25256540156249996 0.187109375 0.2559898734375 0.18877005625 0.265625 0.18971719843749998 0.265625 0.190625 0.25654106875 0.190625 0.2523744015625 0.19128679843750002 0.2465644375
1 0 0.2796875 0.0003679515625 0.2796875 0.0034587906250000003 0.27676076250000003 0.0031242203125 0.2750521515625 0.00625 0.2551431 0.00625 0.23742506562500001 0.0047781671875 0.227463515625 0.001115040625 0.2086097046875 0.0026516499999999998 0.1965159140625 0.000724415625 0.19401045625 0 0.1939809390625 0 0.2796875
1 0.4048825734375 0.22584635 0.40705928125 0.19951202343750002 0.4059682234375 0.19599887968750002 0.4034106265625 0.19476004062500002 0.40187711875 0.19476004062500002 0.3981557234375 0.1957260609375 0.3960894546875 0.2005189671875 0.39723170625000004 0.2186290875 0.3921875 0.23503056875 0.3921875 0.281499034375 0.3930103203125 0.284375 0.4029679921875 0.284375 0.4068438109375 0.27595547656249997 0.40856794374999994 0.269065596875 0.40902051874999995 0.24962115156250003 0.4048825734375 0.22584635
1 0.383383646875 0.25829663125 0.383488690625 0.2402410765625 0.38122574375 0.22621567812499999 0.37892239375000003 0.21913472656250002 0.37904360000000004 0.19830139375 0.3747669265625 0.19457890625000002 0.37044176875 0.199189753125 0.3711502953125 0.21173525468749999 0.365625 0.23301932343749998 0.365625 0.264447075 0.3668723515625 0.27539663124999997 0.3686786171875 0.2796875 0.3779428171875 0.2796875 0.37857494062499997 0.27885695 0.3825539140625 0.2665844640625 0.383383646875 0.25829663125
0 0.2452975875 0.5415458953125001 0.23090159375 0.5206185078125001 0.2198669765625 0.519739040625 0.21244295625 0.52565846875 0.20625 0.5426960703125 0.20625 0.569150359375 0.209051584375 0.5836430359375 0.2198378515625 0.5984375 0.23795655624999998 0.5984375 0.246026709375 0.582906565625 0.246026709375 0.545682478125 0.2452975875 0.5415458953125001
0 0.409375 0.3527019734375 0.41031114375 0.3520125265625 0.42451391406249994 0.3253145140625 0.43241644062500006 0.2927495109375 0.4337456234375 0.2695892421875 0.4291481484375 0.23731518125 0.4177977515625 0.212137096875 0.409375 0.204840128125 0.409375 0.3527019734375
1 0.409375 1 0.409375 0.609375 0.12374727968749999 0.609375 0.11880215937500001 0.615990565625 0.042358378125 0.693827878125 0 0.7480873125 0 0.933567859375 0.015430140625 0.9578556609375 0.0557786765625 1 0.409375 1
2 1 0.8467876171875 0.7268580640625 0.850798615625 0.7171875 0.8606330328125 0.7171875 0.87218209375 0.7195086875 0.9291481109374999 0.723788315625 0.94793901875 0.73621619375 0.9484375 0.9531596453125001 0.9484375 1 0.9477075421875 1 0.8467876171875