1 0.23296419687499997 0 0.2373568796875 0.06415941093750001 0.25944408281250003 0.2255250765625 0.26341497187499996 0.29960824218750004 0.263660425 0.3495718765625 0.2556554734375 0.41234392499999994 0.2527461015625 0.41691900625 0.249743828125 0.44184627968749995 0.2450961296875 0.45379240468750004 0.2416592734375 0.480562434375 0.23792386406250002 0.48974896562500003 0.2362253375 0.509147953125 0.23183971718750002 0.515547615625 0.23039994375 0.5405021578125 0.22605745000000002 0.5478277453125 0.2158865 0.6296875 0.3993602265625 0.6296875 0.3993602265625 0.515864390625 0.3925251125 0.49059719375000005 0.37682716250000003 0.4440645265625 0.3529850046875 0.345580003125 0.347498065625 0.261293471875 0.34926964531250004 0.14290223124999998 0.35385436875 0.051390114062500006 0.35177481875 0 0.23296419687499997 0
1 0.025259140625 0 0.02482900625 0.0301853546875 0.015053374999999999 0.1411598671875 0.021858223437499998 0.23605664062499998 0.023190782812499998 0.2859777078125 0.0213552484375 0.32872816562499996 0.0125 0.37497232812500003 0.0125 0.42896199375000005 0.0270554796875 0.5024470421875 0.046735715625 0.57135715625 0.05316886875 0.6023650421875 0.0573894046875 0.61130856875 0.0618122640625 0.6296875 0.14924621093749998 0.6296875 0.14924621093749998 0.552306996875 0.14119339687500002 0.5067668671875001 0.10335232812499999 0.36142083281250004 0.0963498609375 0.32211907968750003 0.09405105 0.285239909375 0.0946887015625 0.21571653125 0.10627831875 0.058287856250000006 0.1060359109375 0.0166211890625 0.104512796875 0 0.025259140625 0
1 0.76025055 0 0.75625 0.018746051562499998 0.75625 0.0212438765625 0.771384609375 0.1295792265625 0.7744973765625 0.1809544796875 0.7747651718749999 0.18125 0.7952353234375 0.18125 0.80301335 0.1801707234375 0.80301335 0.011066184375 0.7984068171875001 0 0.76025055 0
1 0.623774665625 0 0.6234375 0.006388068750000001 0.6234375 0.026347334374999996 0.62895651875 0.11446886249999999 0.6262743625 0.1574425953125 0.6234375 0.17020281406249999 0.6234375 0.1875 0.6679427312499999 0.1875 0.6640978046875 0.1650416046875 0.6630030890625 0.12477746406250001 0.6693166406250001 0.0688737390625 0.6693166406250001 0 0.623774665625 0
1 0.5 0 0.5 0.2 0.5301648343750001 0.2 0.5381349203125 0.19556999218749999 0.5275799328125 0.1452290125 0.5291962703124999 0.0757845671875 0.5348535734375 0.0342542921875 0.5362536921875 0 0.5 0
1 0.66579101875 0 0.6679163046875 0.010837534375000001 0.6674017046875 0.0567300671875 0.6741526828125 0.1423675796875 0.6695724390625 0.184375 0.7287721625 0.184375 0.71000938125 0.12575551093749998 0.705804159375 0.07466261874999999 0.70416785625 0 0.66579101875 0
2 1 0.168035034375 0.987217725 0.1695231078125 0.871592725 0.16615876406250002 0.6977264640625 0.17495567343750001 0.5 0.176552325 0.5 0.3864275390625 0.530143184375 0.3848459546875 0.5396315578124999 0.386507628125 0.544104678125 0.3935657328125 0.5615190734375 0.403125 0.621789890625 0.403125 0.63428855 0.400346584375 0.657112115625 0.403125 0.7708012453124999 0.403125 0.8208815578124999 0.3946911671875 0.8366199328124999 0.396534696875 0.8456982015625 0.403125 0.9470106671875002 0.403125 1 0.397952925 1 0.168035034375
1 0.472390146875 1 0.4715323359375 0.997570353125 0.469046353125 0.9735418453125 0.46907246406249997 0.93530548125 0.463700596875 0.9241187265624999 0.45335126406250004 0.9194289453125 0.44688276406250005 0.9237250187499999 0.4453125 0.9297947593749999 0.4453125 0.9462577546875 0.44618053125 0.956891575 0.45014518593749997 0.97333040625 0.4513808015625 1 0.472390146875 1
1 0.44684462343750003 1 0.44684462343750003 0.9480448953125 0.445916278125 0.9219837906249999 0.44193447812500003 0.914054328125 0.4354038296875 0.9102415296874999 0.4278018171875 0.9128829390625001 0.4265625 0.9194896671875 0.4265625 0.9204085890625 0.4319670203125 0.97814708125 0.4284869203125 1 0.44684462343750003 1
1 0.4262857890625 1 0.4274477796875 0.992182571875 0.4274477796875 0.9454294640625001 0.42556866250000003 0.9201057578124999 0.427350115625 0.913660640625 0.4257245921875 0.90669346875 0.4198660484375 0.9038156875000001 0.41322459218749996 0.9064752796875 0.4107265765625 0.91429565 0.41561640312500003 0.9634151796874999 0.41027204375000004 0.9827505296875 0.409375 0.9911247046874999 0.409375 1 0.4262857890625 1
1 0.36625209999999997 1 0.3619975671875 0.9817238078124999 0.36546017656249996 0.92252516875 0.35921914843749997 0.9107616578125001 0.35040808125 0.9086521781249999 0.344213765625 0.91727419375 0.3421875 0.9246349984375 0.3421875 0.9300663124999999 0.344874721875 0.9784459249999999 0.3421875 0.9903633765625 0.3421875 1 0.36625209999999997 1
1 0.129611965625 1 0.12207081875 0.9683105812499999 0.1228162078125 0.9173057234374999 0.1172855078125 0.9070719734375 0.10948916718749999 0.910441746875 0.10718582031249999 0.9175637890624999 0.1090284359375 0.9655935390625 0.103125 0.996157565625 0.103125 1 0.129611965625 1
1 0.1058807078125 1 0.1058807078125 0.9976131390624999 0.1015600265625 0.9839152578125001 0.09826363906249999 0.9218175515624999 0.08996696562499999 0.9116092609375 0.082542946875 0.9176198421875 0.08125 0.9258477062499999 0.08125 0.936075375 0.08678245 0.9819868625 0.08402522812499999 1 0.1058807078125 1
1 0.066494821875 1 0.066494821875 0.996819503125 0.063119196875 0.9858337265625 0.05976882343749999 0.92569400625 0.057005245312499994 0.9173000515625 0.0520840125 0.9124953999999998 0.050639475 0.9124953999999998 0.045618371875 0.9146594125 0.0453125 0.91588038125 0.0453125 0.9533790156249999 0.04890553125 0.9835726953125 0.046534815624999996 1 0.066494821875 1
1 0.0199855640625 1 0.01875 0.9887731484375 0.025 0.9452546296875 0.025 0.9332175921874999 0.01953125 0.9225694437499999 0.012760417187500001 0.9225694437499999 0.007291667187500001 0.93414351875 0.0046875 0.990625 0.0009521484375 1 0.0199855640625 1
1 0.91215559375 0.765625 0.9122901171875 0.765625 0.9122901171875 0.7190797234375 0.9077397859375 0.7069992640625 0.9042910546874999 0.6477581875 0.9012807609374999 0.6389209828125 0.8933279359374999 0.6369327609375001 0.8896672546875 0.64010531875 0.8890625 0.6445631406250001 0.8890625 0.65170785625 0.8940577953125001 0.7049110421875 0.8891516515625 0.736265246875 0.8898640468749999 0.7593952140625 0.8914117000000001 0.76265868125 0.9075575328125 0.7629405078125 0.91215559375 0.765625
1 0.8246223171875 0.6491961140625 0.8218688734375 0.6403589078125 0.8154463671875 0.636546109375 0.8103674140624999 0.6392329765625 0.807869396875 0.6470533453125 0.8125402734375001 0.702645265625 0.80625 0.743897815625 0.80625 0.762687940625 0.8070067859375 0.773787009375 0.8100211078124999 0.778125 0.8323438046875001 0.778125 0.8323438046875001 0.7290717046874999 0.8250402734375001 0.702863453125 0.8246223171875 0.6491961140625
2 1 0.7756673390625 0.6855908875 0.7756673390625 0.6841534484375 0.7873638203125 0.6808219109375 0.7849504984375 0.6830345515625 0.7794555625 0.6821606453125 0.7756673390625 0.6625 0.7756673390625 0.6625 0.8418017375 0.69961325 0.839700621875 0.708923596875 0.8427511828125 0.8891750328124999 0.846142859375 1 0.8448291078124999 1 0.7756673390625
0 1 0.71811148125 0.9967005421875001 0.7164121234375 0.9831642640624999 0.7183641749999999 0.9722914062499999 0.7303040796875 0.965625 0.7481951890625 0.965625 0.7734375 1 0.7734375 1 0.71811148125