1 0.2942708328125 0.5328703703125 0.296875 0.5643518515625 0.29635416718749996 0.6143518515624999 0.2796875 0.678240740625 0.28203125 0.6824074078125 0.2903645828125 0.6833333328125 0.3338541671875 0.683796296875 0.3328125 0.6699074078125 0.32083333281250004 0.6152777781250001 0.32083333281250004 0.590277778125 0.3260416671875 0.5384259265625 0.3260416671875 0.51805555625 0.32265625 0.5148148140625 0.2955729171875 0.5148148140625 0.2942708328125 0.5328703703125
1 0.3682291671875 0.5199074078125 0.3671875 0.5263888890625 0.3713541671875 0.5986111109375 0.3708333328125 0.6356481484375001 0.35989583281250004 0.683796296875 0.3932291671875 0.6884259265625 0.40338541718750004 0.6879629625 0.4088541671875 0.683796296875 0.40052083281249995 0.6486111109375 0.3984375 0.6226851859375 0.40520833281249996 0.5226851859375 0.40026041718750005 0.5166666671875 0.37265625 0.515740740625 0.3682291671875 0.5199074078125
1 0.4544270828125 0.5231481484375 0.44713541718750005 0.5259259265625 0.4453125 0.5300925921874999 0.4484375 0.58194444375 0.4484375 0.621759259375 0.4390625 0.6550925921874999 0.434375 0.683796296875 0.44453125 0.6879629625 0.4625 0.6875 0.47630208281249997 0.6861111109375 0.48020833281249997 0.6708333328125 0.4796875 0.6578703703125 0.4713541671875 0.6171296296875 0.4760416671875 0.534722221875 0.475 0.5273148140624999 0.47161458281249996 0.5240740734375 0.4544270828125 0.5231481484375
1 0.4765625 0.55601851875 0.48125 0.5995370375 0.4817708328125 0.6513888890625 0.478125 0.683796296875 0.48463541718750003 0.690740740625 0.5104166671875 0.6921296296875 0.5177083328125 0.690277778125 0.5145833328125 0.66805555625 0.5140625 0.641203703125 0.521875 0.5310185187500001 0.51484375 0.525 0.47890625 0.5268518515625 0.4765625 0.534722221875 0.4765625 0.55601851875
1 0.5372395828125 0.5296296296875 0.5338541671875 0.5375 0.5380208328125 0.6004629625 0.5380208328125 0.6384259265625001 0.5276041671875 0.684722221875 0.5299479171875 0.690740740625 0.5520833328125 0.6921296296875 0.57265625 0.690740740625 0.5744791671875 0.684722221875 0.5651041671875 0.641203703125 0.565625 0.5958333328125 0.5708333328124999 0.54398148125 0.5697916671875001 0.5328703703125 0.5653645828125 0.527777778125 0.5372395828125 0.5296296296875
1 0.6166666671875001 0.5625 0.6229166671875 0.641203703125 0.6229166671875 0.690277778125 0.6268229171875 0.6953703703125 0.6361979171875001 0.6972222218749999 0.6609375 0.6976851859375001 0.6635416671875001 0.6921296296875 0.6645833328124999 0.646759259375 0.6723958328124999 0.5634259265625 0.6723958328124999 0.5365740734375 0.6684895828124999 0.5296296296875 0.61953125 0.5296296296875 0.6166666671875001 0.5365740734375 0.6166666671875001 0.5625
1 0.58125 0.683796296875 0.5830729171875 0.6879629625 0.59296875 0.6925925921875 0.60625 0.6921296296875 0.6205729171875001 0.690740740625 0.6229166671875 0.683796296875 0.6161458328125 0.5421296296875 0.61328125 0.5361111109375 0.5950520828125 0.5361111109375 0.59375 0.553240740625 0.5963541671875 0.6226851859375 0.58125 0.683796296875
1 0.6765625 0.5615740734375 0.6817708328125 0.6421296296875 0.6802083328124999 0.6699074078125 0.6765625 0.691203703125 0.6809895828125 0.6944444437499999 0.7140625 0.69398148125 0.7161458328125 0.6893518515625 0.7125 0.6300925921875 0.7203125 0.5606481484375 0.7203125 0.5375 0.7169270828125 0.534259259375 0.6783854171875 0.5361111109375 0.6765625 0.540277778125 0.6765625 0.5615740734375
1 0.72421875 0.5333333328125 0.7208333328125 0.5365740734375 0.71875 0.5791666671875 0.7125 0.633796296875 0.7140625 0.6763888890625 0.71796875 0.69351851875 0.7385416671875 0.6949074078125 0.74453125 0.6925925921875 0.7473958328125 0.684722221875 0.7421875 0.6754629624999999 0.7359375 0.6495370375 0.7348958328124999 0.6152777781250001 0.7411458328125 0.541203703125 0.7393229171875 0.5351851859375001 0.72421875 0.5333333328125
1 0.7369791671875 0.6504629625 0.7411458328125 0.6726851859375 0.7484375 0.683796296875 0.7502604171875 0.6925925921875 0.7661458328124999 0.69398148125 0.7703125 0.690277778125 0.759375 0.64398148125 0.7567708328125 0.6245370375 0.7614583328125 0.54398148125 0.7450520828125 0.540740740625 0.7411458328125 0.5504629624999999 0.7354166671875 0.6115740734374999 0.7369791671875 0.6504629625
2 0.7638020828125 0.7009259265625001 0.6940104171875 0.7009259265625001 0.6669270828125 0.6972222218749999 0.6638020828125 0.7009259265625001 0.6450520828124999 0.7018518515625 0.6200520828125 0.696296296875 0.6075520828125 0.6981481484375001 0.5747395828124999 0.69351851875 0.5606770828125 0.6972222218749999 0.5403645828125 0.6972222218749999 0.5252604171875 0.6925925921875 0.49401041718750005 0.696296296875 0.47630208281249997 0.6916666671875 0.43932291718750005 0.6925925921875 0.42890625 0.6879629625 0.3846354171875 0.69351851875 0.3497395828125 0.6861111109375 0.3205729171875 0.6916666671875 0.2903645828125 0.690740740625 0.2736979171875 0.6824074078125 0 0.6763888890625 0.00078125 0.997222221875 0.5044270828124999 0.997222221875 0.51015625 0.99444444375 0.51328125 0.9981481484374999 0.5669270828124999 0.9990740734375001 0.61015625 0.9953703703125001 0.61484375 0.9981481484374999 0.67109375 0.9981481484374999 0.6747395828125 0.99444444375 0.6768229171875 0.9981481484374999 0.7888020828125 0.9981481484374999 0.79609375 0.9953703703125001 0.7986979171875 0.9981481484374999 0.9338541671874999 0.9986111109375001 0.94140625 0.99444444375 0.94453125 0.9981481484374999 0.9528645828125001 0.9953703703125001 0.95859375 0.9981481484374999 1 0.996759259375 0.9997395828125001 0.7009259265625001 0.7768229171875001 0.696296296875 0.7638020828125 0.7009259265625001