1 0.066393390625 0 0.0640202953125 0.0009803078125 0.0594029265625 0.0144408859375 0.06587973750000001 0.0878472796875 0.053125 0.1564999265625 0.053125 0.17611161718749999 0.056279332812500006 0.21636204062500003 0.057941875 0.221875 0.0795757796875 0.221875 0.096302728125 0.20043224375 0.096302728125 0.1404616015625 0.0851147484375 0.10075352343749999 0.08845468437500001 0.0170926390625 0.08203754375 0.00142749375 0.080278025 0 0.066393390625 0
2 0.46875 0.35542213437500003 0.1902347296875 0.36130745625 0.0478487046875 0.37213631875000003 0 0.3705807890625 0 0.5348455546875 0.0035952375 0.539083571875 0.002513871875 0.54375 0.46875 0.54375 0.46875 0.35542213437500003
1 0.9400858031249999 0.4765625 0.9641846109374999 0.4765625 0.9641846109374999 0.31597563281249996 0.9531228453124999 0.2833806953125 0.9492251671874999 0.261199384375 0.9458430875000001 0.16808928125 0.9432586796875 0.1590955953125 0.9348634578125001 0.1508986296875 0.9240230765625 0.1524784328125 0.9203125 0.158623628125 0.9203125 0.2212857171875 0.9278314859375 0.2796504046875 0.9203125 0.340473684375 0.9203125 0.3896584453125 0.9223113093750002 0.4132428359375 0.9344985203124999 0.4644817234375 0.9400858031249999 0.4765625
1 0.4953125 0.23524305625 0.50546875 0.3046875 0.50703125 0.33940972187499996 0.4984375 0.3963541671875 0.4984375 0.44913194375 0.5171875 0.5338541671875 0.523828125 0.5442708328125 0.53046875 0.5449652781250001 0.544921875 0.54149305625 0.553125 0.526909721875 0.559375 0.47274305625 0.55859375 0.4185763890625 0.55234375 0.3880208328125 0.5328125 0.33107638906250003 0.5296875 0.301909721875 0.52890625 0.22552083281250002 0.519921875 0.20677083281250003 0.508984375 0.20399305625 0.4984375 0.214409721875 0.4953125 0.23524305625
1 0 1 0.030753507812500004 1 0.030753507812500004 0.804857290625 0.0106280984375 0.7412645906249999 0.005176490625 0.6968610546875 0.0066675828125000005 0.6286964046875 0.004433809375 0.5967519593749999 0.0014566328125 0.593327465625 0 0.5933528906250001 0 1
1 0.1530472359375 1 0.15390625 0.995659721875 0.159375 0.945659721875 0.159375 0.8887152781250001 0.15625 0.8595486109374999 0.13125 0.7609375 0.1296875 0.6984375 0.13515625 0.6498263890625 0.1359375 0.5998263890625 0.130078125 0.5852430562500001 0.097265625 0.5866319437499999 0.0875 0.5970486109375 0.08671875 0.6248263890625 0.09375 0.7109375 0.09375 0.7637152781250001 0.0765625 0.8359375 0.06875 0.8873263890625 0.06875 0.9373263890625001 0.07700091406250001 1 0.1530472359375 1
1 0.2516415546875 1 0.25078125 0.9678819437499999 0.25625 0.9289930562500001 0.265625 0.8984375 0.2875 0.8595486109374999 0.2859375 0.8428819437499999 0.26796875 0.7748263890625 0.2734375 0.6151041671875 0.2671875 0.59149305625 0.255078125 0.5796875 0.235546875 0.5838541671875 0.2265625 0.6067708328125 0.225 0.6595486109375 0.23125 0.7776041671874999 0.2140625 0.85399305625 0.20546875 0.913715278125 0.20625 0.9706597218749999 0.210022321875 1 0.2516415546875 1
1 0.20931332187499999 1 0.2046875 0.9609375 0.2046875 0.9151041671875 0.209375 0.8734375 0.228125 0.795659721875 0.23046875 0.7734375 0.2234375 0.70538194375 0.22421875 0.6164930562500001 0.22734375 0.5984375 0.22734375 0.5859375 0.224609375 0.582465278125 0.189453125 0.582465278125 0.18125 0.5901041671875 0.18828125 0.6692708328125 0.18828125 0.7359375 0.16640625 0.8401041671874999 0.16484375 0.9053819437499999 0.16953125 0.9470486109374999 0.17986487499999998 1 0.20931332187499999 1
1 0.326953125 0.5782986109375 0.321875 0.5873263890625 0.32109375 0.6067708328125 0.32578125 0.663715278125 0.32734375 0.751215278125 0.309375 0.8359375 0.354296875 0.8352430562500001 0.3875 0.8609375 0.38984375 0.85538194375 0.38671875 0.833159721875 0.3640625 0.7470486109375 0.3640625 0.6776041671875 0.3703125 0.6109375 0.36875 0.5845486109375 0.362890625 0.5755208328125 0.326953125 0.5782986109375
1 0.409765625 0.5755208328125 0.40703125 0.5845486109375 0.4078125 0.5998263890625 0.422265625 0.6102430562500001 0.4328125 0.6359375 0.43828125 0.751215278125 0.44609375 0.7859375 0.45859375 0.8053819437499999 0.4625 0.7984375 0.4640625 0.7748263890625 0.45 0.7192708328124999 0.44921875 0.6998263890625 0.45390625 0.5789930562500001 0.451953125 0.57274305625 0.409765625 0.5755208328125
0 0.421857471875 1 0.42109375 0.9470486109374999 0.40546875 0.8984375 0.380078125 0.8546875 0.362109375 0.839409721875 0.343359375 0.8338541671874999 0.312890625 0.8380208328125001 0.294921875 0.851909721875 0.282421875 0.8685763890625001 0.26875 0.89288194375 0.26015625 0.91788194375 0.25078125 0.9748263890625001 0.2515904015625 1 0.421857471875 1
1 0.9825209890625001 0.87626671875 0.9768932265625001 0.8666308624999999 0.975 0.8673550625 0.975 0.9672237750000001 0.9774668984375001 0.9829663890625 0.9809233031249999 0.9890625 0.98779430625 0.9890625 0.98779430625 0.9270633953124999 0.98354836875 0.9133310281250001 0.9825209890625001 0.87626671875
1 0.9674479171874999 0.8624421296874999 0.9609375 0.867534721875 0.9614583328125 0.9073495375 0.95625 0.936053240625 0.95625 0.95179398125 0.9588541671874999 0.966608796875 0.9625 0.9804976859375 0.9661458328125001 0.9832754625 0.9682291671875 0.9823495375 0.9682291671875 0.9749421296874999 0.9661458328125001 0.9443865734375001 0.9708333328125001 0.9129050921874999 0.9703125 0.867534721875 0.9674479171874999 0.8624421296874999
1 0.9473958328125001 0.9082754625 0.9484375 0.8721643515625 0.9434895828125001 0.86429398125 0.9375 0.8712384265625 0.9380208328125 0.9119791671874999 0.9322916671874999 0.9453125 0.9354166671874999 0.9749421296874999 0.9401041671874999 0.986053240625 0.94609375 0.985590278125 0.9494791671874999 0.979571759375 0.9541666671875 0.948090278125 0.953125 0.9332754624999999 0.9473958328125001 0.9082754625
1 0.9203125 0.8712384265625 0.9169270828125 0.86429398125 0.9127604171874999 0.86336805625 0.909375 0.8693865734375 0.9098958328125001 0.9073495375 0.9052083328125 0.9369791671875 0.9057291671875 0.9564236109375 0.9109375 0.979571759375 0.9203125 0.9777199078125001 0.9244791671874999 0.9527199078125002 0.9244791671874999 0.9342013890625 0.91875 0.9073495375 0.9203125 0.8712384265625
1 1 0.865497684375 0.99921875 0.86429398125 0.9950520828125 0.86429398125 0.9916666671875 0.8693865734375 0.9927083328125 0.9082754625 0.9869791671874999 0.93883101875 0.9869791671874999 0.9527199078125002 0.990625 0.9758680562500001 0.99296875 0.9828125 0.9963541671874999 0.9842013890625001 1 0.98258101875 1 0.96475694375 0.9994791671875 0.9471643515625001 1 0.9440393546875001 1 0.865497684375
1 0.6385416671875 0.917534721875 0.6390625 0.87679398125 0.6341145828125 0.8707754624999999 0.628125 0.87679398125 0.6291666671875 0.917534721875 0.6234375 0.9443865734375001 0.6244791671875001 0.9693865734374999 0.6302083328125 0.992534721875 0.6385416671875 0.992534721875 0.6447916671875 0.9629050921874999 0.6442708328125 0.93975694375 0.6385416671875 0.917534721875
1 0.6856433015625 1 0.6903470781250001 0.999016203125 0.696597078125 0.9619791671875 0.6960762453125 0.949016203125 0.6893054109375 0.9212384265625 0.6908679109375 0.8823495375 0.6869616609375 0.8744791671875 0.681753328125 0.8744791671875 0.677847078125 0.8823495375 0.6799304109375 0.9221643515625001 0.6752429109375 0.93883101875 0.673159578125 0.9573495375000001 0.6757637453124999 0.9851273140625001 0.6811769640625001 1 0.6856433015625 1
1 0.742934559375 1 0.7457550890625 0.9968090968750001 0.75148425625 0.9653276140625 0.7509634234375 0.947735021875 0.7441925890625 0.9190313187499999 0.7452342562500001 0.8801424296875 0.7413280062500001 0.8731979859375001 0.7361196734375 0.8741239109375 0.73273425625 0.8819942812499999 0.7348175890624999 0.9199572437500001 0.72804675625 0.9542165031250001 0.7296092562500001 0.9764387265625001 0.7363800890625 0.9995868734375 0.74218966875 1 0.742934559375 1
1 0.7186013296875 1 0.723159578125 0.9693865734374999 0.7215970781250001 0.942534721875 0.7169529484374999 0.9245762125000001 0.7174304109375 0.9064236109374999 0.7163887453125 0.8823495375 0.7103991609375 0.8744791671875 0.7049304109375 0.8823495375 0.7059720781250001 0.9212384265625 0.6992012453124999 0.954571759375 0.6992012453124999 0.973090278125 0.7018054109375 0.98975694375 0.7044942140625 1 0.7186013296875 1