1 0.42484375312499995 0.4890625 0.42484375312499995 0.3206175890625 0.4161915125 0.3000269203125 0.411697778125 0.27707610625 0.4091114796875 0.2325527296875 0.41389242812499993 0.1884027484375 0.4091554546875 0.1496322578125 0.4049722953125 0.13690609375 0.396248684375 0.1231265015625 0.3869410203125 0.1182418765625 0.375927934375 0.11814474531250001 0.3637385140625 0.129316590625 0.35625 0.151844071875 0.35625 0.156347390625 0.35912934218750003 0.19162079062499998 0.3752147125 0.2602759109375 0.3773983640625 0.2806068140625 0.3769105078125 0.306730071875 0.367819975 0.3558648796875 0.36735686093750003 0.40155098125000005 0.37111125624999997 0.4282844296875 0.37977990156249997 0.45744046718750003 0.39617727343750003 0.4890625 0.42484375312499995 0.4890625
1 0.4868015203125 0.21394965312499997 0.477856140625 0.1715080953125 0.478035671875 0.1418238734375 0.4849141546875 0.0913871421875 0.48484226875 0.0709894765625 0.4800245328125 0.057795565625 0.46933844843749994 0.0490822203125 0.4559853734375 0.0562733890625 0.44994643749999996 0.0728182890625 0.449524428125 0.094169178125 0.452909903125 0.12088455000000001 0.45404145625 0.1597734390625 0.45282919843749997 0.1718923640625 0.439925190625 0.2124441609375 0.4359375 0.23704108750000003 0.4359375 0.2825929921875 0.44720815312499995 0.3372530921875 0.4521209 0.3453125 0.4706277703125 0.3453125 0.47544091718750003 0.3394828265625 0.4868015203125 0.2999661421875 0.4868015203125 0.21394965312499997
1 0.52199410625 0.199619440625 0.52199410625 0.14262229531249998 0.515533921875 0.1100072234375 0.515102896875 0.09148870625 0.520577059375 0.05819173125 0.52047290625 0.0313429109375 0.5174035875 0.02252995 0.5115666640625001 0.017866989062499998 0.5022132171875 0.0187383734375 0.49547290625 0.031197464062500003 0.4972437078125 0.0849042 0.4960691265625 0.10156177656250001 0.4942444078125 0.1126607671875 0.484375 0.139830196875 0.484375 0.193972571875 0.49255251875 0.24133719843749998 0.494538253125 0.24375 0.5081555484375 0.24375 0.510239303125 0.24051429687499998 0.5190108703125 0.21464291562499999 0.52199410625 0.199619440625
1 0.5296875 0 0.5259055109374999 0 0.520354840625 0.0065545546875 0.5172758296875 0.0564817140625 0.5140625 0.0710708265625 0.5140625 0.14474305468749998 0.514952284375 0.15196134375 0.5153321859375 0.1765625 0.5210087953125 0.1765625 0.5224178609375 0.173840365625 0.5296875 0.153855615625 0.5296875 0
1 0.3236052015625 0.34257228125 0.3298316140625 0.346875 0.3363599140625 0.346875 0.3399667671875 0.346030575 0.3399667671875 0.203758234375 0.3255236015625 0.16587605 0.32241836875 0.1417292015625 0.3227084265625 0.10573938281249999 0.31877248593749996 0.0686295703125 0.309720525 0.0529757890625 0.301387503125 0.050604385937499996 0.29697284218750003 0.050604385937499996 0.287740046875 0.058414168749999995 0.2859375 0.06625194375 0.2859375 0.0789864890625 0.30221796875 0.174945359375 0.2956910953125 0.2189531546875 0.295223028125 0.2521651984375 0.301585125 0.28661852187500003 0.31117770624999996 0.314760171875 0.3236052015625 0.34257228125
1 0.2727027921875 0.22658811874999998 0.28279018749999996 0.24915354375 0.285664215625 0.2515625 0.29375 0.2515625 0.29375 0.134932265625 0.2829631328125 0.11323995312499999 0.2751264765625 0.037459709375 0.2695120171875 0.0290094046875 0.2583640296875 0.026996449999999998 0.2520141703125 0.0330254703125 0.25 0.042417778125 0.25 0.0444485734375 0.2508685671875 0.055910965624999996 0.2627801875 0.102550465625 0.263802928125 0.12295725625000001 0.2606400765625 0.1641350390625 0.26236444375 0.1938010890625 0.2727027921875 0.22658811874999998
1 0.2394270109375 0.1859375 0.23982520156249998 0.18558113437499998 0.241281284375 0.160581134375 0.25132333125 0.11297677187499999 0.25213226718750004 0.099087884375 0.244626328125 0.0764037640625 0.2439650484375 0.0164369421875 0.239475528125 0.0088258828125 0.2322377921875 0.008282096875 0.226813740625 0.012258756249999999 0.2265625 0.01290484375 0.2265625 0.06321822031249999 0.22801359062499998 0.0763512984375 0.2273664421875 0.08746240937500001 0.2265625 0.09067304375 0.2265625 0.168402053125 0.23394220625 0.1859375 0.2394270109375 0.1859375
1 0.403125 0.1328125 0.403125 0.131441425 0.39697820625 0.11001894999999999 0.395694109375 0.0961118796875 0.3976716 0.030425685937500002 0.39146382812499997 0.0178211375 0.3815195078125 0.0148706265625 0.3751141453125 0.020775504687499998 0.371875 0.0321796515625 0.371875 0.0410836890625 0.37618084375 0.081886615625 0.376225684375 0.1142849328125 0.38902650625 0.1168224828125 0.3970006265625 0.12621810625000002 0.399636 0.1328125 0.403125 0.1328125
1 0.3296875 0 0.3296875 0.0400463125 0.3334738421875 0.069259790625 0.3296875 0.0933346 0.3296875 0.13144412968750002 0.329696190625 0.13163075625 0.3442400015625 0.180647165625 0.3500293234375 0.184375 0.3553447828125 0.184375 0.3579566703125 0.18412075625 0.3579566703125 0.0925124296875 0.34774730468750004 0.0574413515625 0.345584825 0.007520284375 0.3414356265625 0 0.3296875 0
1 0.428442025 0 0.423861546875 0.008699290625 0.42458715781249995 0.0668991203125 0.41875 0.088695534375 0.41875 0.18038383125 0.42006653125 0.18125 0.432721634375 0.18125 0.434957196875 0.1799535953125 0.44222370624999996 0.1582234046875 0.447166215625 0.124623059375 0.4466633265625 0.1015416625 0.439170490625 0.06596457812499999 0.4446733296875 0.00829015625 0.442622375 0 0.428442025 0
1 0.5901275546875 0.4890625 0.58904869375 0.47803344374999995 0.5889236390625 0.43798182968750005 0.5855389093750001 0.4093570625 0.5778569609375 0.3954985390625 0.57018738125 0.39142143749999997 0.560148628125 0.39684039531250004 0.559375 0.3993303703125 0.559375 0.453430915625 0.565359009375 0.4890625 0.5901275546875 0.4890625
1 0.7880431343750001 0.648151496875 0.7873523265625 0.64527171875 0.785991834375 0.62860505 0.785505359375 0.59696570625 0.7880431343750001 0.5674638187500001 0.7880431343750001 0.5170872937500001 0.78248755 0.5054265359375 0.7724323015625 0.49780359687500003 0.7618727187500001 0.503262021875 0.7566011703125 0.51251218125 0.754752828125 0.5219687734375 0.754936978125 0.5499044140625 0.759463690625 0.5989390234374999 0.759210834375 0.6343610046875 0.74375 0.695940134375 0.74375 0.7883341109374999 0.7499993640625 0.8232529656249999 0.755904434375 0.8442335296875001 0.762316565625 0.8515625 0.7870401124999999 0.8515625 0.7880431343750001 0.8489161078125 0.7880431343750001 0.648151496875
1 0.7158372421875 0.7153341546875 0.7066865515625 0.669491840625 0.70623748125 0.6361312124999999 0.715378828125 0.5559010765625 0.7157738953124999 0.5336242640625 0.7110145109375 0.51347225625 0.69734260625 0.5007423734375 0.6834417578125 0.5070349109375 0.675346428125 0.5246149203125 0.673272153125 0.5608898078125 0.6759213828125 0.6340106578125 0.673604634375 0.6619522109375 0.65224164375 0.734476815625 0.65 0.7465839921875 0.65 0.838905590625 0.6521565828125 0.8480801625 0.6621475875 0.853125 0.7146330937500001 0.853125 0.71514600625 0.8526614 0.7158372421875 0.8487071828125 0.7158372421875 0.7153341546875
1 0.5296875 0.8278141296874999 0.53053815 0.82982005 0.5431243546875 0.8335964765625 0.5729779734375 0.840625 0.6092919421875 0.840625 0.6092919421875 0.7806128265625001 0.6076412734375001 0.7751834921875 0.59343873125 0.701962621875 0.5955975312499999 0.63809494375 0.6032879375 0.588146453125 0.604857646875 0.543717159375 0.6017578046875001 0.5224057125 0.5959981125 0.5098738968750001 0.5858867703125 0.500557065625 0.5764902171874999 0.499576596875 0.5642057265625 0.5087631328125 0.5561615328125 0.532324246875 0.5547247343749999 0.5600899046875 0.5586794140625 0.6628767734375 0.5567864375 0.6934171765625 0.542411403125 0.747029978125 0.535051478125 0.7664289703125 0.5298610921875 0.7895437875 0.5296875 0.7910775828125 0.5296875 0.8278141296874999
1 0.590625 0.4890625 0.590625 0.5044567625 0.59894755625 0.5184136125000001 0.6005026921875001 0.5315222578125 0.598246340625 0.5740784296875 0.593249646875 0.5941574375 0.593989484375 0.6016376859375 0.590625 0.61395535 0.590625 0.7788866390625 0.5910290796875 0.78125 0.5967526921874999 0.78125 0.604989496875 0.7546914046875 0.6115937890625001 0.7207963484375 0.6130725671875 0.671685853125 0.6050024421875 0.6005506578124999 0.620761834375 0.4957963484375 0.6194352421875 0.4890625 0.590625 0.4890625