1 0.4046537234375 0.3890625 0.4043095390625 0.38731871562500003 0.4018669265625 0.340128309375 0.41305172187499994 0.23871215 0.4056249171875 0.214458865625 0.3892186671875 0.2145543125 0.3808721421875 0.22293309843750003 0.373207971875 0.2389439546875 0.370280696875 0.33337021875 0.3640625 0.34579891875 0.3640625 0.3459503453125 0.36990489375 0.3514212296875 0.36901485312500004 0.3653101171875 0.3640625 0.383122925 0.3640625 0.3890625 0.4046537234375 0.3890625
1 0.09756385625 0.3890625 0.0942747765625 0.3758022765625 0.092860515625 0.34389874374999996 0.0970902421875 0.25220480312500004 0.090254346875 0.2321954625 0.081822246875 0.2267899125 0.0692010109375 0.23117476718750002 0.061273978124999996 0.24866542812499998 0.0643852125 0.3832649203125 0.06291782812499999 0.3890625 0.09756385625 0.3890625
1 0.740625 0 0.740625 0.025 0.760021403125 0.025 0.7604455203125 0.0225966203125 0.761496478125 0 0.740625 0
0 0.8266163828125 0 0.8265625 0.00021276718749999997 0.8265625 0.0234375 0.877621671875 0.0234375 0.879276403125 0.015887859375 0.8782756203125001 0 0.8266163828125 0
2 1 0.0294266234375 0.9789520312500001 0.02923193125 0.66875 0.02923193125 0.66875 0.1 1 0.1 1 0.0294266234375
1 0 0.7625 0.01143925625 0.7625 0.0225246609375 0.75603291875 0.0445183796875 0.6809329281250001 0.044096878125 0.638763609375 0.0296524484375 0.5716851937499999 0.0406085375 0.49821133125 0.036621943750000004 0.4873011015625 0.02389140625 0.47878462031249996 0.010259703125 0.4843306390625 0.0030084078125 0.49999199999999994 0.0021887828125000002 0.5859022281249999 0 0.592681684375 0 0.7625
1 0.14453099375 0.6683463546875 0.126127984375 0.6030759109374999 0.1351512953125 0.5076543171875001 0.13082750781250002 0.49523613749999995 0.11471677656249998 0.485366259375 0.0996229734375 0.4942191078125 0.094617225 0.505238428125 0.0947415921875 0.6083088812499999 0.0765625 0.6618171187499999 0.0765625 0.77198646875 0.0829904359375 0.797480475 0.09132673125 0.8015625 0.1139195578125 0.8015625 0.12366090156250001 0.7952088640625 0.1446386421875 0.71831908125 0.14453099375 0.6683463546875
1 0.2673875078125 0.6948873 0.248220496875 0.62961685625 0.2564887390625 0.5138827625 0.23732568125000003 0.49312993125000004 0.224771134375 0.49647311875 0.21273873906250002 0.514646421875 0.213845496875 0.630216871875 0.1953125 0.68592388125 0.1953125 0.8183313906249999 0.199280615625 0.8382202890624999 0.2039079984375 0.8484375 0.2407502671875 0.8484375 0.24766356875 0.8404998093749999 0.26961248125 0.746395253125 0.2673875078125 0.6948873
1 0.2153915015625 0.6434439390625 0.2153915015625 0.5895097328125 0.211909090625 0.5748666171875 0.2128850859375 0.49528821718750005 0.1989852515625 0.48169784374999997 0.18514107500000002 0.48605803593749997 0.1800725859375 0.4945245 0.186909090625 0.574284734375 0.1703125 0.6423165234375 0.1703125 0.6500601078124999 0.17405383593749998 0.7004108234374999 0.19333721406249998 0.7515625 0.19530419375000002 0.7515625 0.20279957343750002 0.747904071875 0.203523009375 0.6964143078125 0.2153915015625 0.6434439390625
1 0.31171875 0.4890625 0.29765625 0.490625 0.2875 0.50390625 0.2890625 0.60546875 0.26875 0.67109375 0.275 0.75546875 0.2828125 0.78515625 0.2921875 0.79296875 0.31171875 0.79375 0.321875 0.78515625 0.3375 0.71640625 0.3328125 0.65234375 0.3203125 0.60703125 0.325 0.50703125 0.31171875 0.4890625
1 0.5328125 0.65546875 0.515625 0.58671875 0.51875 0.49921875 0.50546875 0.4875 0.490625 0.49765625 0.4890625 0.59296875 0.50625 0.67578125 0.503125 0.74140625 0.5171875 0.73671875 0.5328125 0.65546875
1 0.4890625 0.49765625 0.47890625 0.490625 0.46953125 0.4921875 0.459375 0.50546875 0.4609375 0.59140625 0.45625 0.61640625 0.475 0.71484375 0.4734375 0.78359375 0.48515625 0.7828125 0.4921875 0.77421875 0.50625 0.70390625 0.503125 0.65703125 0.4890625 0.60546875 0.49375 0.51171875 0.4890625 0.49765625
1 0.35625 0.53359375 0.3640625 0.65078125 0.3390625 0.71953125 0.3296875 0.76796875 0.33125 0.81953125 0.3421875 0.87734375 0.353125 0.91484375 0.3671875 0.92265625 0.39453125 0.921875 0.4046875 0.91015625 0.4234375 0.81640625 0.41875 0.72890625 0.4 0.64765625 0.409375 0.53828125 0.403125 0.51484375 0.38203125 0.5015625 0.365625 0.50859375 0.35625 0.53359375
1 0.44296875 0.4953125 0.43046875 0.496875 0.4171875 0.51796875 0.4203125 0.62890625 0.40625 0.66640625 0.4203125 0.73046875 0.4234375 0.83515625 0.428125 0.83984375 0.44921875 0.8390625 0.459375 0.82890625 0.471875 0.78203125 0.475 0.73984375 0.4734375 0.70390625 0.4546875 0.62421875 0.459375 0.51328125 0.44296875 0.4953125
1 0.35625 0.53359375 0.3703125 0.50078125 0.35859375 0.4859375 0.34609375 0.4875 0.3375 0.50234375 0.340625 0.58359375 0.328125 0.63203125 0.3390625 0.71015625 0.3453125 0.70546875 0.3640625 0.65078125 0.35625 0.53359375
1 0.8240757593750001 0.3890625 0.824295446875 0.3937792703125 0.8325259046875001 0.4476163203125 0.8326055046875 0.47166615 0.8234375 0.5241266625 0.8234375 0.6109455484375 0.8365829453125 0.668767146875 0.840454653125 0.6765625 0.8676592046874999 0.6765625 0.8676592046874999 0.51585424375 0.8559998796875 0.4712857375 0.8553129015625001 0.3890625 0.8240757593750001 0.3890625