1 0.0307875265625 0 0.036830290625 0.047559314062500004 0.0436864484375 0.07173532187500001 0.0449932625 0.071875 0.065232178125 0.071875 0.07106252656249999 0.06986914375 0.0790501171875 0.0454340390625 0.0859375 0.007119599999999999 0.0859375 0 0.0307875265625 0
1 0.6829167265625 0.1347521921875 0.6859375 0.11545764375 0.6859375 0.0923144265625 0.6737107578125 0.0896883 0.6705672046875 0.1042829953125 0.6704167265625001 0.1348249140625 0.6603728203125 0.16880909375 0.6603728203125 0.23005287812500003 0.674679078125 0.23125 0.6829247671875 0.23125 0.6859375 0.215720634375 0.6859375 0.1543079453125 0.6829167265625 0.1347521921875
1 0.7306228390625 0.1375377515625 0.7315029515625 0.0901108109375 0.7167501375 0.0890625 0.71446506875 0.0890625 0.7120607046874999 0.0925232890625 0.7127727375 0.10363439999999999 0.7187458671875 0.1479150703125 0.709875246875 0.19297366875 0.71123009375 0.2263479453125 0.7161118984375 0.2328125 0.728712134375 0.2328125 0.7375 0.232142625 0.7375 0.162549346875 0.7306228390625 0.1375377515625
1 0.960084896875 0.2328125 0.9796875 0.2328125 0.9796875 0.15121011875 0.9732331500000001 0.1347795046875 0.9745257171875 0.07499365 0.9710629375 0.0646088015625 0.9631533156250001 0.06331081718750001 0.957038284375 0.0932673828125 0.9630769000000001 0.1348976859375 0.9538789999999999 0.1822653578125 0.9548416343749999 0.21839464999999997 0.960084896875 0.2328125
1 0.33477260625 0.7938107265625 0.3359375 0.779540190625 0.3359375 0.7527773046874999 0.32863804218750003 0.70314876875 0.3307625984375 0.670744390625 0.3348028390625 0.6531366484375 0.3359375 0.6420614062500001 0.3359375 0.621328275 0.3345540984375 0.61473041875 0.3258089296875 0.6078125 0.32466534375 0.6078125 0.321390346875 0.6101795734375 0.3148256515625 0.6236373140625 0.3110808734375 0.7013999421875 0.305442921875 0.7200791625 0.305442921875 0.8590079859374999 0.3077675390625 0.859375 0.3100718 0.859375 0.3184014 0.854062575 0.3259445484375 0.8318070203125 0.33477260625 0.7938107265625
1 0.213735753125 0.70887734375 0.2231637453125 0.7453125 0.234375 0.7453125 0.234375 0.6563303015624999 0.23169457499999999 0.6466198109375 0.22999359375 0.5956119984375 0.22460384218749999 0.5841361203125001 0.2183458890625 0.5841361203125001 0.21384776093750002 0.596458165625 0.21949125625 0.6519045375 0.216260775 0.6585770906249999 0.21334016406249998 0.6782399015625 0.213735753125 0.70887734375
1 0.24247995156250002 0.740932025 0.250996096875 0.7732667078125 0.2550989734375 0.778125 0.2609375 0.778125 0.2609375 0.666280003125 0.259957865625 0.6628875875 0.257832640625 0.6026781609375 0.2516193 0.5920936484375 0.2458253875 0.5912343859375 0.240842240625 0.5982424671875 0.23973296875 0.6047421296875 0.24537453281250002 0.6630572796875001 0.2406108578125 0.6918397687500001 0.24247995156250002 0.740932025
1 0.261250775 0.7196140843750001 0.261250775 0.772367303125 0.26629220937500003 0.8069202765625001 0.2700259484375 0.8109375 0.2815083140625 0.8109375 0.286083875 0.8065748109375 0.29315281875 0.7712805328125001 0.2953125 0.7487214984375 0.2953125 0.7361976984374999 0.2934042234375 0.715743159375 0.28693149687499997 0.6806852515624999 0.29006723437500004 0.6130653859375 0.2869512078125 0.601550403125 0.2802665796875 0.5979648859375001 0.27499359375 0.600833575 0.27031866875 0.611558996875 0.2707856671875 0.680967078125 0.261654940625 0.715371796875 0.261250775 0.7196140843750001
1 0.38728506875 0.8109375 0.3955077828125 0.8073180437499999 0.3981433640625 0.79928083125 0.3984375 0.797179378125 0.3984375 0.7075184968749999 0.394057284375 0.6947118718749999 0.38971096875 0.67085014375 0.39067169062499996 0.6142169859375001 0.387744225 0.6032575515625 0.38013555781249997 0.596875 0.37972395937500003 0.596875 0.3753564609375 0.59887783125 0.3707992 0.6125919421875 0.37419373437500003 0.6754638984375 0.3648457953125 0.7307305656249999 0.3653307453125 0.7473972328125 0.3687162203125 0.774097409375 0.37695084687499997 0.806080125 0.3799366671875 0.8100799500000001 0.3861287515625 0.8109375 0.38728506875 0.8109375
1 0.42864583281249996 0.68570601875 0.421875 0.6570023140625001 0.4234375 0.6023726859374999 0.41901041718750004 0.5917245375 0.4127604171875 0.588946759375 0.4057291671875 0.59774305625 0.4046875 0.6042245375 0.40729166718750004 0.657928240625 0.40625 0.670891203125 0.3984375 0.701446759375 0.3984375 0.72274305625 0.40052083281249995 0.7431134265625 0.4067708328125 0.7718171296875 0.41119791718750004 0.776909721875 0.4192708328125 0.776446759375 0.4234375 0.7727430562500001 0.4270833328125 0.7597800921875 0.43125 0.7282986109375 0.43125 0.7134837968750001 0.42864583281249996 0.68570601875
1 0.42864583281249996 0.6745949078125 0.42864583281249996 0.6847800921875 0.4328125 0.738483796875 0.4388020828125 0.74820601875 0.4453125 0.74866898125 0.45104166718750005 0.7440393515625 0.4546875 0.7301504624999999 0.45677083281249997 0.6866319437499999 0.4484375 0.6477430562500001 0.44895833281249997 0.5903356484375 0.44348958281249995 0.582465278125 0.4388020828125 0.582465278125 0.43333333281249997 0.595891203125 0.43541666718750005 0.6468171296875 0.42864583281249996 0.6745949078125
1 0.3015625 0.7468171296875 0.3083333328125 0.7218171296875 0.3098958328125 0.688483796875 0.3020833328125 0.6542245375 0.303125 0.595891203125 0.2986979171875 0.5852430562500001 0.29348958281250004 0.5843171296875 0.2869791671875 0.595891203125 0.2916666671875 0.62366898125 0.2880208328125 0.6671875 0.296875 0.7162615734375001 0.2989583328125 0.7431134265625 0.3015625 0.7468171296875
1 0.3604166671875 0.7338541671875001 0.3723958328125 0.6671875 0.3692708328125 0.6218171296875 0.3708333328125 0.6070023140625 0.37552083281250004 0.59774305625 0.37552083281250004 0.5912615734375001 0.36953125 0.5833912031249999 0.36328125 0.5861689812499999 0.3604166671875 0.5940393515625 0.3614583328125 0.6505208328125001 0.3536458328125 0.6921875 0.3557291671875 0.72274305625 0.3604166671875 0.7338541671875001
1 0.6043122015625 0.31875 0.5997293640625 0.3687435640625 0.60072155625 0.4076082125 0.6036156890625 0.41360703593750003 0.623558515625 0.41164003906249996 0.625562146875 0.4157930703125 0.6244284078125 0.429681959375 0.6217445359375 0.4338622609375 0.6134112 0.43391074375 0.6084213703125 0.43764171718749995 0.600739421875 0.45203144531249995 0.5948604671875 0.5112967656249999 0.5817331296875 0.5533539046875 0.5817331296875 0.803125 0.6107283484375 0.803125 0.62603763125 0.8021807921875 0.63511854375 0.7993515015625 0.6399613343749999 0.7942331546875 0.6485626421874999 0.7590146375 0.655567096875 0.692338878125 0.6571790671875 0.6534590828125 0.6530783640625 0.6016557109375 0.6391986359375 0.5165917312499999 0.643086334375 0.443455703125 0.638650315625 0.4212698421875 0.639926978125 0.41200755312500004 0.642610846875 0.40782725 0.648340015625 0.4077939171875 0.6525946359375 0.39712607499999997 0.659196434375 0.3545153015625 0.6609375 0.329002140625 0.6609375 0.31875 0.6043122015625 0.31875
1 0.700319321875 0.43439835625 0.6928345921875 0.4371530296875 0.684954796875 0.4621905953125 0.685529634375 0.517806821875 0.6870527734375 0.534375 0.70625 0.534375 0.70625 0.460470390625 0.701432871875 0.4547383921875 0.7006426218749999 0.445509465625 0.7022095921875 0.43660699843749995 0.70625 0.438729390625 0.70625 0.3526899609375 0.7026404234375 0.3438323953125 0.69305870625 0.3368867703125 0.682810796875 0.3368867703125 0.6759971 0.34260170625 0.666168678125 0.37239024375 0.6681083625 0.3852622 0.6769760609375 0.412106821875 0.6969293750000001 0.4165096421875 0.7010646296875 0.42415250000000004 0.700319321875 0.43439835625