1 0.5 0.01141608125 0.4982630140625 0.008788140625 0.48003384687499995 0.007300109375 0.47635568125 0.0079284265625 0.4743225921875 0.013798142187500001 0.47629403281249993 0.091958559375 0.4620913671875 0.140246725 0.4620913671875 0.2439452171875 0.46653706406250006 0.26666095312500004 0.4689506203125 0.2703125 0.49124553437499996 0.2703125 0.4931319 0.2679033046875 0.5 0.24115900781250002 0.5 0.11750496875000001 0.4945555328125 0.0925206671875 0.5 0.039375421875 0.5 0.01141608125
1 0.3333986875 0.1610675390625 0.32902755 0.1994887625 0.33087408125 0.23749423749999998 0.3390999453125 0.279713603125 0.3453699640625 0.3 0.3548477765625 0.3 0.35329526875 0.26979291875 0.35710975 0.24517555624999998 0.365220234375 0.22460201875000002 0.371875 0.216183003125 0.371875 0.15701909687499999 0.36267282343749996 0.121909271875 0.36434628125 0.065725396875 0.36285542187500003 0.0379051046875 0.3593100828125 0.0256129765625 0.349791321875 0.013294884375 0.34106649375 0.0162758296875 0.335315928125 0.037503648437499995 0.3407078 0.0878012546875 0.34183948750000004 0.1202086609375 0.3333986875 0.1610675390625
1 0.3927622953125 0.1704868109375 0.3927622953125 0.19699699531249998 0.39288522812500004 0.19722162031249998 0.40534213125 0.20107077499999998 0.41514099687500006 0.20951925781249997 0.42714893906249995 0.229569084375 0.43353667968750004 0.2484375 0.439773571875 0.2484375 0.440625 0.245820290625 0.440625 0.18541044375 0.4403169328125 0.1723071296875 0.4364627171875 0.1454067921875 0.42696552499999996 0.111032384375 0.43015859375 0.0156862578125 0.4258338640625 0.006838446874999999 0.4107296984375 0.0066626937499999995 0.40465930781250004 0.013537442187500002 0.40407382968750005 0.0190869375 0.4077701109375 0.10432666718750001 0.3927622953125 0.1704868109375
1 0.43507557500000005 0.166283440625 0.43483085624999995 0.2328287671875 0.43552048593750003 0.234375 0.4380897703125 0.234375 0.446875 0.1944454078125 0.446875 0.113478559375 0.4468144515625 0.112929296875 0.43726731250000006 0.0737515171875 0.44363269375 0.010545871875 0.4419876171875 0.0055594546875 0.43108245 0.005270565625 0.42852853125 0.0114255890625 0.42837383281249997 0.04562418125 0.42770107343749997 0.05531864374999999 0.42770107343749997 0.125401653125 0.43507557500000005 0.166283440625
1 0.1746014328125 0.07664585625 0.1796875 0.036997664062500005 0.1796875 0.012295109375 0.16711225937500002 0.010364881250000001 0.15823498125 0.013555626562500001 0.15593244374999998 0.07561084375 0.1452980140625 0.106131553125 0.1452980140625 0.2484375 0.16254306093749998 0.2484375 0.16506630625000002 0.24519467499999997 0.1796875 0.192082503125 0.1796875 0.1046285484375 0.1746014328125 0.07664585625
1 0.22357592343750002 0.0878173859375 0.214301246875 0.130017734375 0.2103675328125 0.164543834375 0.212586765625 0.19692698125000002 0.226109078125 0.25570107656249996 0.2305033546875 0.265625 0.25 0.265625 0.25 0.1125339828125 0.24237444843749997 0.08787001875 0.2400355375 0.0731279765625 0.24213822343750002 0.0136261359375 0.2413747625 0.0090207640625 0.24086141875 0.0086457328125 0.218916921875 0.0086457328125 0.21438847968750002 0.01213404375 0.22393822812500003 0.0748059078125 0.22357592343750002 0.0878173859375
1 0.2989244296875 0.09208281406249999 0.3028683765625 0.1270677421875 0.3074014140625 0.142541471875 0.313866925 0.1514002109375 0.31705297187500003 0.176233328125 0.3181772375 0.20212587656249997 0.3135471828125 0.24971524218750002 0.3140934078125 0.25 0.3155978296875 0.25 0.32148001718749997 0.24317938749999998 0.3234375 0.23591270937500003 0.3234375 0.1343014578125 0.3182994140625 0.1177331125 0.31726135625 0.0955442671875 0.3110796109375 0.0764669640625 0.3153433015625 0.0131368609375 0.3123817375 0.0091537640625 0.3045476828125 0.008728484375 0.30023913125 0.0141047796875 0.30299055468749997 0.0426749765625 0.29903579375 0.07445684687500001 0.2989244296875 0.09208281406249999
1 0.3570397125 0.02189448125 0.35978194218750004 0.042483215625 0.351674278125 0.12105044375 0.3625302125 0.1984375 0.3673091640625 0.1984375 0.3731217609375 0.1955906703125 0.3734375 0.1933475359375 0.3734375 0.151695265625 0.37277516875 0.1407426765625 0.364818890625 0.10501157812499999 0.3584336828125 0.09166647343749999 0.36278601875 0.0668029546875 0.3696130296875 0.0439277609375 0.37337693125000004 0.0125281671875 0.3708037078125 0.008211375 0.352574540625 0.007256025000000001 0.3508516015625 0.013206303124999999 0.3570397125 0.02189448125
0 0.3562804625 0.351984015625 0.36976955624999996 0.3609375 0.392919571875 0.3609375 0.4095133203125 0.348277 0.42312809375000004 0.3242384734375 0.43125 0.292676371875 0.43125 0.24143602656250002 0.42950873749999996 0.23253542968750002 0.41625589375 0.20573897031250002 0.401798875 0.195155309375 0.3845681015625 0.19303478125 0.3841958 0.19303478125 0.3658429171875 0.205651346875 0.3501448109375 0.229762625 0.343103125 0.2522902921875 0.343103125 0.327347425 0.3562804625 0.351984015625
1 0.286121340625 0.2657391265625 0.2989450703125 0.20609173749999998 0.3 0.192169959375 0.3 0.166231040625 0.2992283375 0.154409690625 0.2935207109375 0.1269957890625 0.291288896875 0.09480670468749999 0.3 0.0404866296875 0.3 0.009870253125 0.29889002656249997 0.007649501562499999 0.28381902187499997 0.007649501562499999 0.278838671875 0.009118053125000001 0.274336040625 0.0171703609375 0.2736507265625 0.09470555625 0.2615617765625 0.13491854375 0.2615617765625 0.2796875 0.27911291718750003 0.2796875 0.27963523437500004 0.2794197640625 0.286121340625 0.2657391265625
1 0.6141692187500001 0 0.6150297390625 0.0211585125 0.6125007046875 0.0636660734375 0.6048603421875 0.10297070625 0.5846622874999999 0.1728214859375 0.5809167515625 0.1894036046875 0.5809167515625 0.5343456328125 0.586642321875 0.564837684375 0.5879226421875 0.56875 0.67201750625 0.56875 0.6766748390625 0.544330015625 0.6842863593749999 0.5208086359374999 0.6943010625 0.4733407328125 0.7044739484375 0.40638586718749997 0.7046875 0.4037438765625 0.7046875 0.24597597656249998 0.7001325953124999 0.21660415937500002 0.6852766359375 0.16339181875 0.6764443359375 0.11717114375 0.6704425421875 0.0646815625 0.67168903125 0 0.6141692187500001 0
1 0.6901225046875 0 0.6957018609375 0.05412006875000001 0.697189228125 0.096712659375 0.7339429953125001 0.22712638593749998 0.7433040390625 0.2869808578125 0.745868896875 0.3158121078125 0.7474462859375001 0.390727075 0.7436894953125 0.446740890625 0.7385676984374999 0.4934104171875 0.7305830625 0.5324599515624999 0.725957325 0.56875 0.778125 0.56875 0.778125 0.20089089062499998 0.77246279375 0.18502968749999998 0.7618949203125001 0.13523285625 0.75646025 0.128326221875 0.7490462250000001 0.0944827046875 0.746200828125 0.013001221875 0.746703721875 0 0.6901225046875 0
0 1 0.170024571875 0.9815458781250002 0.1698098375 0.96324129375 0.1760792078125 0.934369203125 0.195190325 0.9201019953125 0.2126192875 0.9081408249999999 0.233316259375 0.8924871812500002 0.2803627265625 0.8853392515625 0.31269135000000003 0.8836285390625 0.329386125 0.8836285390625 0.391701478125 0.8857596953125 0.4108576796875 0.8946821843749999 0.44985565781250003 0.9077821109374999 0.487976190625 0.9290788578125 0.5155425124999999 0.9419704015625001 0.526805134375 0.9577397765625001 0.5359375 1 0.5359375 1 0.170024571875
1 0.77396778125 0 0.77396778125 0.264381134375 0.774983321875 0.3242408734375 0.77396778125 0.33584855625 0.77396778125 0.4859375 0.7742756203125 0.4859375 0.7814201015625001 0.4650906984375 0.7901465640625001 0.43086476874999996 0.7982016171874999 0.386444565625 0.80625 0.3156389703125 0.80625 0.2912932703125 0.805040603125 0.272537496875 0.7977484640625001 0.23080719843750003 0.7901904249999999 0.2159408703125 0.78544479375 0.19275333125 0.782955946875 0.155682959375 0.7884644921875 0.09271999843749999 0.797329625 0.039040539062500004 0.8007452296875 0 0.77396778125 0
1 0.7743038390625 0.272998340625 0.774180059375 0.2897196 0.7767899406250001 0.3047254828125 0.7754331078125001 0.33160463125 0.7702476296875 0.3908092984375 0.7678434218750001 0.40276444843750003 0.7627674375 0.4080743421875 0.76121065 0.4228618625 0.7574381796875 0.43195734531249996 0.75619296875 0.4450577359375 0.75619296875 0.5265625 0.7573453671875 0.5265625 0.7597500390625 0.5185051890625 0.768648953125 0.46600036874999995 0.7722271828125 0.45968266093750004 0.77378396875 0.4448951421875 0.7716330328125001 0.43827718281249994 0.7755716546875 0.4380189375 0.7766471218750001 0.4413279171875 0.7829533 0.4184254296875 0.7875 0.38204381875000004 0.7875 0.24605010625 0.7852241984375 0.22896333281249998 0.7734164171875 0.166080128125 0.7703080765625 0.1245625234375 0.75702825625 0.127583834375 0.75619296875 0.1328212265625 0.75619296875 0.142066834375 0.759292025 0.1737037703125 0.7671188125 0.211286721875 0.771434971875 0.261696159375 0.7743038390625 0.272998340625
1 0.38125 0.8296875 0.38125 0.74325316875 0.37760353593749996 0.7277714515625 0.377614 0.68345455 0.3630396234375 0.6788025296875 0.365055034375 0.7253621953125 0.35860056406249996 0.7636133546874999 0.358546828125 0.784382915625 0.36791136406249997 0.8294650875 0.368649021875 0.8296875 0.38125 0.8296875
1 0.405561003125 0.834375 0.405737690625 0.8341833796875001 0.4125 0.8067093359375 0.4125 0.7615435046875 0.40625026875000003 0.730198721875 0.41107280625 0.6814056 0.4097439890625 0.6778682671875 0.3959478421875 0.6778682671875 0.3934002953125 0.6962955484375 0.3944830203125 0.7322701515625 0.38662712187500003 0.7624145312499999 0.38662712187500003 0.8175332671875001 0.3894331734375 0.834375 0.405561003125 0.834375
1 0.43616831874999995 0.7336403609375 0.4390625 0.7125396890625 0.4390625 0.681292734375 0.43535169375000005 0.67596738125 0.42623722812500003 0.686336325 0.42547384375 0.73079895 0.41972669375000005 0.75045525 0.41972669375000005 0.84375 0.4291139390625 0.84375 0.438495621875 0.8142504578124999 0.4390625 0.8104723578125 0.4390625 0.7601290078125 0.43616831874999995 0.7336403609375
1 0.47267478125 0.85625 0.48125 0.85625 0.48125 0.7566047890625 0.4781074421875 0.745133459375 0.47890320624999994 0.7005434687500001 0.473842053125 0.6861602640625 0.466665225 0.683709971875 0.46142455312499997 0.6957884328125 0.4666070578125 0.7498459375 0.46014360156249995 0.8058381406249999 0.4687228359375 0.8499914875 0.47267478125 0.85625
1 0.4491789375 0.800757728125 0.45111378437500005 0.825 0.4569519265625 0.825 0.4590388390625 0.8209902828125 0.45744941875 0.7863181265625 0.4609375 0.7687775203125 0.4609375 0.7478533656249999 0.45599471718749995 0.7238181265625 0.455741509375 0.6793236140625 0.44607384687499996 0.6765288843749999 0.445847059375 0.6765288843749999 0.44246025937500005 0.6801747171875 0.4450626234375 0.691135634375 0.44381798437500003 0.73850805 0.45250330468750005 0.7755074015625001 0.4521423015625 0.7936130234375 0.4491789375 0.800757728125
1 0.4828125 0.743977303125 0.4813290921875 0.7335196578125001 0.4828125 0.7208506453125001 0.4828125 0.676714465625 0.47637522031249996 0.6754099171875 0.47013736093749997 0.6825632046875001 0.47013736093749997 0.68328126875 0.4769243828125 0.70680321875 0.47029875624999995 0.745487390625 0.47783703749999995 0.7946717125 0.477175559375 0.8234375 0.47843287968750003 0.8234375 0.4828125 0.8085113984374999 0.4828125 0.743977303125
0 0.5 0.9033711921875 0.4918945 0.8909983453125001 0.47514921406250005 0.8869274203125 0.472232384375 0.8869274203125 0.451231071875 0.908808125 0.4474067546875 0.920825896875 0.4474067546875 0.982425096875 0.451504453125 0.9925266109375 0.45769536093749996 0.996875 0.47976222812499997 0.996875 0.4873367109375 0.9922416875 0.49419589999999997 0.9787743359375 0.5 0.9656736374999999 0.5 0.9033711921875
1 0.5 0.56875 0.5 0.8140625 0.524253525 0.8140625 0.52540011875 0.8124431671875 0.5562533046875 0.7366139921875 0.5671875 0.6689390562499999 0.5671875 0.63041880625 0.5625628468749999 0.6008040375 0.551133384375 0.56875 0.5 0.56875
1 0.687636409375 0.56875 0.6695142281249999 0.6249434890625001 0.6697936328124999 0.6782687468749999 0.6834742031250001 0.7448554703125 0.7165055515625001 0.8196156390624999 0.7196587484375 0.821875 0.7919047734375 0.821875 0.792737384375 0.8217906062499999 0.803125 0.7977924625 0.803125 0.56875 0.687636409375 0.56875
1 0.6348718484375 0.56875 0.6257004796875 0.6177498124999999 0.6292818390624999 0.6756898578125 0.640130059375 0.718642634375 0.6676399890625 0.7925583656249999 0.6703502046875001 0.79375 0.68554254375 0.79375 0.68611716875 0.7862764140625 0.6635129953125001 0.7189933203125001 0.657605246875 0.6390507265625 0.68305513125 0.56875 0.6348718484375 0.56875
1 0.85364089375 0.56875 0.8430214171875001 0.5927534953125 0.8430214171875001 0.7140353109375 0.845861321875 0.7323891859375 0.86693634375 0.801393725 0.8789282406249999 0.8125 0.9483548531250001 0.8125 0.9575613437499999 0.8024482421875 0.9882670000000001 0.7152936875 0.9921875 0.66959171875 0.9921875 0.6165379265625 0.9850885484374998 0.58555164375 0.9782432156249999 0.56875 0.85364089375 0.56875
1 0.8023576984374999 0.56875 0.8023576984374999 0.72313700625 0.8180099140625 0.7713429078124999 0.82779885 0.778125 0.8396309937499999 0.778125 0.8442995937500001 0.7776083187499999 0.8283869078125001 0.69745038125 0.8298799750000001 0.6100413875 0.84223613125 0.56877935 0.8422497218749999 0.56875 0.8023576984374999 0.56875