1 0.571875 0.5796875 0.571875 0.567387115625 0.569856771875 0.5464607781249999 0.5516276046875 0.4700643234375 0.5516276046875 0.42747173125 0.5552734390625 0.37719546875 0.5542317750000001 0.3457929203125 0.545638025 0.3274626328125 0.539176953125 0.3256549546875 0.5304670125000001 0.3256549546875 0.5242838546875 0.3309326078125 0.516731775 0.35141227812500003 0.516731775 0.3801159796875 0.5208984390625 0.4186891390625 0.5224609390625 0.4713485171875 0.5177734390625 0.5013333453125 0.508919275 0.5316339046875 0.5042317749999999 0.5579150281249999 0.5033274421875 0.5796875 0.571875 0.5796875
1 0.6296875 0.5796875 0.6296875 0.3559352671875 0.6292567 0.344375790625 0.6232704015625 0.32831605625 0.6155600859375 0.32281755156249997 0.6128563640625 0.32281755156249997 0.6033600640625 0.3270400828125 0.5994373359375 0.33503927031249997 0.5976045375 0.34715208125 0.5999647890625 0.375840628125 0.6074410828125 0.41922275625000005 0.609636515625 0.453482015625 0.6021141218749999 0.49080699218749996 0.5983100921875 0.5373002984374999 0.602797959375 0.5796875 0.6296875 0.5796875
1 0.686505353125 0.5796875 0.6869791671875001 0.57210648125 0.6729166671875 0.5165509265625 0.6697916671875 0.493402778125 0.6744791671875 0.356365740625 0.6713541671875001 0.340625 0.6638020828125 0.3271990734375 0.6549479171875 0.32164351875 0.6471354171875 0.32164351875 0.63671875 0.330902778125 0.6296875 0.349884259375 0.6291666671875 0.381365740625 0.6359375 0.45914351875000003 0.6359375 0.49895833281249996 0.6191189234375 0.5796875 0.686505353125 0.5796875
1 0.7458259625 0.5796875 0.7458333328125001 0.5795138890625 0.7395833328125001 0.5295138890625 0.7244791671874999 0.46840277812500003 0.7255208328125 0.4045138890625 0.7286458328125001 0.3702546296875 0.7276041671875 0.34247685156249996 0.7200520828125001 0.3262731484375 0.7075520828125 0.32071759218749996 0.69921875 0.3271990734375 0.69375 0.337847221875 0.6911458328125001 0.349884259375 0.6963541671875 0.4304398140625 0.696875 0.46840277812500003 0.68125 0.5387731484375 0.68927014375 0.5796875 0.7458259625 0.5796875
1 0.77133478125 0.5796875 0.7770833328125001 0.556365740625 0.7802083328125 0.5396990734375 0.7817708328125 0.512847221875 0.78125 0.48043981406249997 0.7744791671875 0.440625 0.7729166671875 0.39895833281250004 0.7734375 0.3609953703125 0.7765625 0.33506944375000003 0.7716145828125001 0.324421296875 0.76484375 0.318865740625 0.7528645828125 0.324421296875 0.7473958328125001 0.337847221875 0.746875 0.3637731484375 0.7494791671875 0.39803240781250004 0.7515625 0.4045138890625 0.7520833328125001 0.440625 0.7364583328125001 0.51006944375 0.7447916671874999 0.565625 0.7449097296875 0.5796875 0.77133478125 0.5796875
1 0.8309254093749999 0.5796875 0.8270833328125 0.565625 0.8234375 0.5396990734375 0.8229166671874999 0.47951388906250003 0.8286458328125 0.399884259375 0.8270833328125 0.3452546296875 0.8190104171874999 0.325347221875 0.8122395828125001 0.3179398140625 0.8044270828125001 0.3151620375 0.79296875 0.3170138890625 0.7830729171874999 0.3271990734375 0.7791666671874999 0.33414351875000003 0.7744791671875 0.3554398140625 0.775 0.41469907343749995 0.7817708328125 0.47951388906250003 0.7828125 0.515625 0.778125 0.5545138890625 0.7723935078124999 0.5796875 0.8309254093749999 0.5796875
1 0.88670383125 0.5796875 0.8833333328125 0.55914351875 0.8739583328125 0.537847221875 0.8640625 0.48414351875 0.8645833328125001 0.42118055625000006 0.8682291671875 0.3739583328125 0.8666666671875 0.3387731484375 0.8635416671874999 0.3285879625 0.8575520828125001 0.31979166718749996 0.8455729171874999 0.3151620375 0.83515625 0.32071759218749996 0.8270833328125 0.3359953703125 0.8291666671875 0.3609953703125 0.83125 0.47118055625000005 0.8302083328125001 0.4952546296875 0.8255208328125001 0.518402778125 0.8244791671874999 0.5387731484375 0.828125 0.5665509265625001 0.8316590234374999 0.5796875 0.88670383125 0.5796875
1 0.9104166671874999 0.5796875 0.9104166671874999 0.561921296875 0.9046875 0.519328703125 0.8895833328125 0.456365740625 0.8885416671874999 0.42395833281249995 0.89375 0.381365740625 0.8932291671874999 0.3359953703125 0.8888020828125001 0.32164351875 0.8830729171874999 0.31608796250000004 0.87421875 0.3151620375 0.86640625 0.32071759218749996 0.8640625 0.3267361109375 0.86875 0.3572916671875 0.8640625 0.44710648124999997 0.8645833328125001 0.490625 0.8848958328125001 0.5730324078125 0.8859285203124999 0.5796875 0.9104166671874999 0.5796875
1 0.9263932296874999 0.5796875 0.9291666671875 0.55914351875 0.9296875 0.5230324078125 0.9260416671874999 0.493402778125 0.9109375 0.43414351875 0.9104166671874999 0.40729166718750004 0.9145833328125 0.3582175921875 0.9140625 0.33414351875000003 0.90703125 0.3170138890625 0.8955729171875 0.3142361109375 0.8895833328125 0.32118055624999997 0.8942708328125001 0.34247685156249996 0.8947916671874999 0.3582175921875 0.89375 0.3896990734375 0.8885416671874999 0.42766203750000004 0.8911458328125 0.465625 0.9057291671875 0.5230324078125 0.909375 0.5480324078125001 0.910166378125 0.5796875 0.9263932296874999 0.5796875
1 0.44133411718750004 1 0.44375 0.9638999703125 0.44375 0.9246278312499999 0.44132116562499996 0.9182820984375001 0.431994665625 0.9161828140624999 0.42489328281249994 0.9288740609375001 0.42569022968750003 0.9957775265625 0.4246631703125 1 0.44133411718750004 1
1 0.76855985 1 0.7633432906250001 0.9750767671875 0.764862990625 0.9315582499999999 0.7695076890625 0.8882765296875 0.7636601234375 0.86880171875 0.75600929375 0.8635800937500001 0.74757895625 0.8657264078125 0.740926525 0.8842540265625001 0.7393351781249999 0.899915834375 0.7431208171874999 0.9410512390625 0.7421184609375 0.9697549421874999 0.73951778125 0.9844118921875001 0.7340639171875 1 0.76855985 1
1 0.729720384375 1 0.7223958328125001 0.966288115625 0.721875 0.937623878125 0.725 0.904053746875 0.725 0.8772018953125 0.71953125 0.863264440625 0.7130519625 0.8603675484375 0.709327703125 0.8603675484375 0.7028645828125001 0.8654532921874999 0.6979166671874999 0.8811059984374999 0.7015625 0.9669408453124999 0.6945487187499999 1 0.729720384375 1
1 0.8609375 1 0.8609375 0.9861677499999999 0.855514065625 0.9672868265625001 0.8536285046875 0.946005684375 0.85381965625 0.883847409375 0.8491651109374999 0.8682127515625 0.8409924890625 0.8609375 0.8397162203124999 0.8609375 0.8309293484375001 0.864568921875 0.8258001374999999 0.8781691281249999 0.8265846968750001 0.8985546531249999 0.8320106125000001 0.9262263484375 0.8352609015624999 0.9688037859375 0.8300342562499999 1 0.8609375 1
1 0.9376366203125001 1 0.928125 0.961516203125 0.9317708328125001 0.880034721875 0.9291666671875 0.8679976859374999 0.9247395828125 0.8601273140625001 0.9138020828125001 0.8573495375 0.9067708328125 0.8652199078125001 0.9036458328125001 0.8781828703125001 0.9083333328125001 0.961516203125 0.8994425453125 1 0.9376366203125001 1
1 1 1 1 0.85303819375 0.9934895828125001 0.8508680562500001 0.9854166671875 0.8596643515625001 0.9822916671874999 0.8726273140625 0.9864583328125001 0.9559606484375 0.9768971578125001 1 1 1
1 0.8931300296875001 1 0.8927083328125001 0.9967013890625 0.8838541671875 0.9624421296874999 0.8854166671874999 0.873553240625 0.8828125 0.8624421296874999 0.87578125 0.8536458328125001 0.86953125 0.8536458328125001 0.8638020828125 0.8582754625 0.8588541671875 0.8754050921874998 0.8630208328125001 0.9568865734375 0.8557291671874999 0.98929398125 0.8557291671874999 0.9976273140625 0.856251415625 1 0.8931300296875001 1
1 0.8131649062499999 1 0.8041666671875 0.9624421296874999 0.8046875 0.9226273140625001 0.8078125 0.892071759375 0.8067708328125001 0.8754050921874998 0.8013020828125 0.8619791671874999 0.7924479171875 0.8582754625 0.78515625 0.86383101875 0.7802083328125 0.87633101875 0.7833333328125001 0.96429398125 0.7745784921875 1 0.8131649062499999 1
1 0.6890791078125 1 0.6822916671875 0.9652199078125001 0.6848958328125 0.8781828703125001 0.68046875 0.86475694375 0.6763020828124999 0.8601273140625001 0.6690104171875 0.8592013890625001 0.6619791671875 0.8661458328125 0.6578125 0.8809606484374999 0.6614583328125 0.96336805625 0.653125 0.9967013890625 0.652939453125 1 0.6890791078125 1
1 0.7373668312499999 1 0.7453125 0.9689236109374999 0.7416666671875 0.9031828703125001 0.7432291671875 0.8781828703125001 0.7497395828125001 0.8656828703125001 0.7588541671875 0.86429398125 0.75703125 0.8573495375 0.75234375 0.854571759375 0.7424479171874999 0.8573495375 0.7364583328125001 0.8717013890625 0.7395833328125001 0.9568865734375 0.7302083328125001 0.9967013890625 0.730414496875 1 0.7373668312499999 1
1 0.6449363421875 1 0.6369791671875 0.9522569437499999 0.6395833328125 0.8726273140625 0.6341145828125 0.8592013890625001 0.6294270828124999 0.8554976859375 0.6200520828125 0.8582754625 0.6140625 0.873553240625 0.6166666671875001 0.9596643515625001 0.607915271875 1 0.6449363421875 1