2 0.5390625 0.1107623375 0.5216200343749999 0.11071326875000001 0.5073924734374999 0.10860038593750002 0.471979165625 0.10860038593750002 0.455995034375 0.1099496515625 0.28901346875 0.10860038593750002 0.13619317343749998 0.10860038593750002 0 0.1103321171875 0 0.209388609375 0.376767415625 0.209034525 0.450996859375 0.2109375 0.5390625 0.2109375 0.5390625 0.1107623375
1 0.6861303828125 0.4796875 0.6895833328125 0.46180555625 0.6921875 0.415509259375 0.6890625 0.37847222187499996 0.6765625 0.32476851875 0.68125 0.22384259218749997 0.67578125 0.2085648140625 0.6658854171875 0.20115740781250002 0.6528645828124999 0.2057870375 0.6479166671875001 0.2210648140625 0.6473958328125 0.24328703749999997 0.6505208328125 0.27476851875 0.65 0.32569444375 0.6375 0.37754629687499996 0.6338541671875 0.41273148125 0.634375 0.45717592656250006 0.637406928125 0.4796875 0.6861303828125 0.4796875
1 0.7752587890625 0.4796875 0.7755208328125001 0.478472221875 0.7791666671874999 0.4442129625 0.7776041671874999 0.409027778125 0.7630208328125001 0.340509259375 0.7604166671874999 0.31736111093749997 0.7661458328125 0.2321759265625 0.7596354171874999 0.21319444375000002 0.75234375 0.2076388890625 0.74609375 0.2076388890625 0.7388020828124999 0.21319444375000002 0.7333333328125 0.228472221875 0.7322916671875 0.2488425921875 0.7359375 0.2858796296875 0.7359375 0.3331018515625 0.7192708328124999 0.39976851875 0.715625 0.43032407343749995 0.7184487546875 0.4796875 0.7752587890625 0.4796875
1 0.829552640625 0.4796875 0.8286458328125 0.47291666718750003 0.8286458328125 0.4460648140625 0.8317708328125001 0.42199074062499997 0.8375 0.403472221875 0.853125 0.3729166671875 0.8453125 0.33773148124999997 0.8458333328125001 0.28958333281250004 0.8494791671874999 0.2636574078125 0.85 0.23773148125 0.8473958328125001 0.22476851875 0.8434895828125001 0.21782407343750002 0.83671875 0.21226851875000002 0.8315104171875 0.21226851875000002 0.8263020828125001 0.215046296875 0.81875 0.2331018515625 0.8182291671874999 0.259027778125 0.8223958328125001 0.32476851875 0.8182291671874999 0.3553240734375 0.8109375 0.3793981484375 0.8052083328125 0.41180555625000004 0.8036458328125 0.45995370312499995 0.8053802484375 0.4796875 0.829552640625 0.4796875
1 0.8047360421875001 0.4796875 0.8046875 0.4793981484375 0.8036458328125 0.4238425921875 0.8109375 0.3766203703125 0.8208333328125 0.340509259375 0.8213541671875 0.2979166671875 0.8177083328125001 0.2414351859375 0.8192708328125 0.228472221875 0.825 0.21365740781250003 0.8221354171874999 0.2076388890625 0.81640625 0.20393518593749999 0.80546875 0.2067129625 0.8010416671874999 0.21273148125 0.7979166671875 0.22476851875 0.8015625 0.30995370312500004 0.8 0.33125 0.7875 0.3793981484375 0.7828125 0.41365740781250004 0.7854166671874999 0.4701388890625 0.786891084375 0.4796875 0.8047360421875001 0.4796875
1 0.8955729171875 0.2085648140625 0.8872395828125 0.215046296875 0.88125 0.2331018515625 0.8854166671874999 0.3182870375 0.8838541671875 0.33773148124999997 0.8791666671874999 0.359953703125 0.8981770828125001 0.36875 0.9192708328125001 0.3886574078125 0.91875 0.37847222187499996 0.9088541671874999 0.33680555624999997 0.9078125 0.31921296250000003 0.909375 0.2821759265625 0.9130208328125 0.25625 0.9130208328125 0.2321759265625 0.9075520828125001 0.21597222187499998 0.8955729171875 0.2085648140625
1 1 0.229501028125 0.99453125 0.21689814843750002 0.98203125 0.21226851875000002 0.9739583328125001 0.22476851875 0.9708333328125001 0.24236111093749999 0.975 0.321990740625 0.9729166671874999 0.3553240734375 0.9942708328125001 0.4016203703125 0.9984375 0.4145833328125 0.9973958328125001 0.42199074062499997 1 0.430324075 1 0.3229166671875 0.9989583328125 0.302546296875 1 0.287731478125 1 0.229501028125
0 0.9338566078125 0.4796875 0.9354166671874999 0.4673611109375 0.9348958328125001 0.44143518593750003 0.9317708328125001 0.4201388890625 0.9203125 0.3923611109375 0.89609375 0.3668981484375 0.8809895828125001 0.36226851875 0.86484375 0.365972221875 0.8544270828125 0.3733796296875 0.8486979171875 0.38171296250000003 0.8380208328125001 0.40254629687500004 0.8317708328125001 0.42291666718750004 0.828125 0.4553240734375 0.82997695 0.4796875 0.9338566078125 0.4796875
1 0.175 0.7180180593750001 0.174461996875 0.7030031984375 0.17090936875 0.7 0.170565603125 0.7 0.1703125 0.707962003125 0.1703125 0.7303043390624999 0.1716155125 0.73125 0.1725828875 0.73125 0.175 0.728432825 0.175 0.7180180593750001
1 0.1671875 0.7288773140625 0.1658854171875 0.698784721875 0.1625 0.6992476859375 0.1625 0.7316550921875 0.1671875 0.7288773140625
1 0.1783854171875 0.6997106484375 0.1776041671875 0.7288773140625 0.18020833281249998 0.7316550921875 0.1833333328125 0.7279513890625 0.1828125 0.704803240625 0.1783854171875 0.6997106484375
1 0.2104166671875 0.7186921296875 0.20989583281250002 0.717766203125 0.20989583281250002 0.7029513890625 0.20807291718749998 0.698784721875 0.20598958281250002 0.698784721875 0.20572916718749998 0.7270254625 0.20703125 0.7284143515625 0.209375 0.7288773140625 0.20963541718749998 0.729340278125 0.2104166671875 0.7279513890625 0.2104166671875 0.7186921296875
1 0.5924479171875 0.490277778125 0.5890625 0.4981481484375 0.590625 0.56851851875 0.5822916671875 0.5962962968750001 0.5786458328124999 0.6203703703125 0.5802083328125 0.6638888890625 0.5864583328124999 0.69351851875 0.5895833328125 0.6990740734375 0.5997395828125 0.6976851859375 0.6088541671875001 0.6888888890625 0.6151041671875 0.672222221875 0.6166666671875001 0.6481481484375 0.6151041671875 0.6129629624999999 0.6072916671875 0.58148148125 0.60625 0.56851851875 0.609375 0.502777778125 0.6044270828125 0.48842592656250006 0.59921875 0.48564814843750004 0.5924479171875 0.490277778125
1 0.5591145828124999 0.4828703703125 0.5552083328124999 0.49351851875 0.5567708328125 0.5611111109375 0.5479166671875 0.5935185187500001 0.5453125 0.6120370375 0.5463541671875001 0.6564814812499999 0.5526041671875 0.6879629625 0.5578125 0.6953703703125 0.5705729171875 0.69398148125 0.5739583328125 0.6870370375 0.5791666671875 0.6629629625 0.5776041671875001 0.615740740625 0.5796875 0.597222221875 0.5723958328125 0.559259259375 0.5760416671875 0.5138888890625 0.5755208328125 0.497222221875 0.571875 0.48425925937500003 0.56796875 0.4800925921875 0.5591145828124999 0.4828703703125
1 0.6434895828125 0.48379629687500003 0.6385416671875 0.49444444374999996 0.6385416671875 0.559259259375 0.6322916671875001 0.575 0.6239583328125 0.6111111109375 0.6229166671875 0.64444444375 0.6260416671875 0.6731481484375 0.6286458328125 0.6777777781250001 0.6450520828124999 0.6634259265625 0.6520833328125 0.646296296875 0.6572916671875 0.590740740625 0.653125 0.5638888890625 0.6536458328125 0.5166666671875 0.65625 0.490740740625 0.6544270828125 0.48379629687500003 0.64921875 0.4800925921875 0.6434895828125 0.48379629687500003