1 0 0.3953125 0.0201580078125 0.3953125 0.0239064875 0.3881352703125 0.0328125 0.3440327328125 0.0328125 0.253004175 0.0214743875 0.19921305 0.0269178609375 0.1260891421875 0.0263125703125 0.1010830828125 0.018506328125 0.0857583375 0.00864281875 0.0838489140625 0.0004002 0.09352416875 0 0.094966384375 0 0.3953125
1 0.06242969375 0.13418265000000001 0.06522339687499999 0.19389757968750002 0.0635329765625 0.22255571562499998 0.0479900453125 0.276942196875 0.0479900453125 0.43700561562500007 0.04882440625 0.4424248484375 0.051217621874999994 0.4453125 0.083993890625 0.4453125 0.0922192203125 0.41648614687499996 0.1 0.3754094 0.1 0.28651845625 0.0918318859375 0.2464037625 0.089612371875 0.2239081390625 0.09291775468749999 0.168443715625 0.097657715625 0.14191083437500002 0.0983441984375 0.112235640625 0.0915278234375 0.09351936250000001 0.07925419375000001 0.0868702 0.07117759375 0.09266817499999999 0.0639691984375 0.10922821406250001 0.06242969375 0.13418265000000001
1 0.10035807187500001 0.1070321765625 0.1013997390625 0.1487230890625 0.10504557187500001 0.17751165 0.10504557187500001 0.205289428125 0.0998372390625 0.2264644984375 0.09931640625 0.24126719218749998 0.109733071875 0.2822503828125 0.11442057187500002 0.3203224484375 0.11337890625 0.3619648703125 0.1058725140625 0.4125 0.1306976234375 0.4125 0.1326497390625 0.4087096984375 0.1421875 0.35343926406250004 0.1421875 0.274412021875 0.1420247390625 0.27281679375 0.12796223906249998 0.2067487453125 0.12744140625 0.180810696875 0.13212890625 0.1364753546875 0.13212890625 0.106845725 0.12848307187500002 0.09472383125 0.12301432187500001 0.086726175 0.11416015625 0.0837423140625 0.10634765625 0.09004195625 0.10035807187500001 0.1070321765625
1 0.1578125 0.24231559374999997 0.1516677546875 0.20254580781249998 0.154710865625 0.15902728906250002 0.1578125 0.145059821875 0.1578125 0.0913586703125 0.15764685625 0.0908549140625 0.145926678125 0.08638355156250001 0.13665308437499998 0.0955550609375 0.133271953125 0.10649928906249999 0.13107888125 0.1792519390625 0.13107888125 0.3890625 0.1402470015625 0.3890625 0.1473049515625 0.36967974375 0.1578125 0.32205073125 0.1578125 0.24231559374999997
1 0.19592806406250002 0.20955335156250002 0.1954108359375 0.2317755734375 0.1758507625 0.30597714531250003 0.1758507625 0.419924775 0.184186121875 0.46795334843749997 0.18860939375000002 0.4734375 0.214794371875 0.4734375 0.2169339671875 0.47034931875 0.20867962968749998 0.42231025781250003 0.211384340625 0.373218003125 0.2211436546875 0.3342260875 0.23422553750000003 0.3090806359375 0.234375 0.308369978125 0.234375 0.2920664296875 0.22210264062500001 0.2259109359375 0.23059396250000003 0.1295419125 0.2304610515625 0.11288130625 0.22389315 0.09305571562500001 0.2110231765625 0.0867257453125 0.20095493437499998 0.0942483 0.19398116875 0.1142314640625 0.19329152968750002 0.14386109375 0.1975767671875 0.20583146718749998 0.19592806406250002 0.20955335156250002
1 0.22335681406250002 0.181715190625 0.22335681406250002 0.24406127031249997 0.2336458703125 0.2984375 0.2418449203125 0.2984375 0.253125 0.28913563125 0.253125 0.26230678125 0.248170125 0.2413288578125 0.24551925 0.22084936093750002 0.2512519421875 0.10892145 0.24842865781249998 0.095849359375 0.24414165781250002 0.08967624375 0.232747978125 0.0864983328125 0.225012709375 0.0941049796875 0.2282921734375 0.10997303437499999 0.2289243671875 0.1276020046875 0.22335681406250002 0.181715190625
1 0.2712343296875 0.27473201875000003 0.273264921875 0.2713744609375 0.26255162187500003 0.2038238609375 0.264911871875 0.1750867796875 0.2716893234375 0.13407902656249998 0.2734375 0.10679911093750001 0.2734375 0.1039247703125 0.2695598671875 0.090414621875 0.2632837046875 0.0858101640625 0.256301071875 0.0858101640625 0.2499396140625 0.09305513125 0.2498736609375 0.134554915625 0.246954715625 0.154867665625 0.246954715625 0.2648837046875 0.2493381828125 0.2765625 0.2657476796875 0.2765625 0.2712343296875 0.27473201875000003
1 0.2984375 0.1871304203125 0.2950312296875 0.1060945546875 0.2883068546875 0.091742703125 0.2760036546875 0.088039 0.2730637828125 0.0931315921875 0.27874625468750003 0.128316778125 0.27919704375 0.1810945546875 0.28239114375 0.21165011093750002 0.294080590625 0.24405751874999998 0.2984375 0.2621436546875 0.2984375 0.1871304203125
0 0.320391084375 0.51875 0.3329797875 0.5050023421875001 0.3495351625 0.47453882500000005 0.3546875 0.4481102828125 0.3546875 0.3840147359375 0.350846434375 0.3636555515625 0.34596499999999997 0.34657878124999997 0.3347796953125 0.3243255765625 0.3239140625 0.30718775 0.30708578750000004 0.29184071562499997 0.28411525000000004 0.2852061375 0.2648982875 0.2881497890625 0.2530376359375 0.29728693125 0.236873803125 0.3166849046875 0.222732209375 0.3533719921875 0.217563296875 0.40101890312500005 0.2177680046875 0.4186114953125 0.22337498125000002 0.4533264234375 0.22934117812500002 0.47419803125 0.2423655609375 0.49799960781249997 0.259901584375 0.51875 0.320391084375 0.51875
1 0.946082346875 0.2453125 0.946875 0.23838418125 0.946875 0.23151042500000002 0.9354143781250001 0.1496379234375 0.9436151531250001 0.0674203265625 0.9413643890625 0.062078926562500004 0.9189803937499998 0.062078926562500004 0.9156357296875001 0.0666092421875 0.914398321875 0.090220353125 0.9161014921875001 0.1468370140625 0.9049165953125 0.19063909375000002 0.9049165953125 0.2453125 0.946082346875 0.2453125
2 1 0.2774004296875 0.7610102359375001 0.26939515625 0.56875 0.27009422656250004 0.56875 0.36875 0.578381434375 0.36875 0.5829013375 0.363430509375 0.5863543734375 0.36875 0.6210086859375 0.36875 0.623590990625 0.3678636265625 0.6666340640625 0.36875 1 0.36875 1 0.2774004296875
1 0.3546875 0.738392265625 0.3546875 0.7352320265625 0.34882102187499997 0.705474009375 0.3546875 0.6571435203125 0.3546875 0.644657640625 0.35102232187500004 0.6349539 0.341219928125 0.6337420609375 0.33770363125 0.6337420609375 0.3292930375 0.6408323265625 0.3258344703125 0.64979210625 0.3290830609375 0.7018725453125001 0.32560721875 0.7192251421875 0.32560721875 0.7390625 0.35439253125 0.7390625 0.3546875 0.738392265625
1 0.0240639015625 0.78969995625 0.0413559140625 0.7347622859375 0.0404628625 0.65816233125 0.046875 0.644634565625 0.046875 0.643192828125 0.035497665625 0.64455614375 0.029513796874999998 0.65594995625 0.030967117187499997 0.7187999125 0.01875 0.7606538281249999 0.01875 0.8518187953125 0.0210588203125 0.8634499578125 0.0231967515625 0.865625 0.02732806875 0.865625 0.0227905625 0.82094995625 0.0240639015625 0.78969995625
1 0.0406328125 0.8736308562499999 0.043931760937499995 0.8765625 0.07315326093749999 0.8765625 0.0746328125 0.8756722171875 0.0828125 0.846211234375 0.0828125 0.779895315625 0.0676328125 0.7292592890625 0.0706328125 0.658079115625 0.0621328125 0.6447562765625 0.0501328125 0.6432269734375 0.0406328125 0.6561308578125 0.045632812499999995 0.7249972343750001 0.030632812500000002 0.7758981046875 0.0286328125 0.8171015546875001 0.032632812500000004 0.8509446562499999 0.0406328125 0.8736308562499999
1 0.10682858906249999 0.77363275 0.122975296875 0.7294658249999999 0.1234375 0.7183237234375 0.1234375 0.6420458609375 0.1153753703125 0.6442257046875 0.1090449875 0.655748253125 0.1093249296875 0.7235686640625 0.09608755 0.756446840625 0.09608755 0.8671875 0.10681212968750001 0.8671875 0.1074477671875 0.865331328125 0.10080779687500001 0.83100458125 0.101993009375 0.7996905 0.10682858906249999 0.77363275
1 0.12405152187499999 0.878125 0.1519610140625 0.878125 0.154934475 0.875660321875 0.1657491109375 0.8405439609375 0.16875 0.804483015625 0.16875 0.786560103125 0.1523093890625 0.7307301374999999 0.157084128125 0.6544452296875 0.1488605234375 0.6426691359375 0.1388896140625 0.641535496875 0.1270841296875 0.6547943109375 0.12933848125 0.7297477671875 0.11467813906249999 0.776567315625 0.11467813906249999 0.8429409 0.12193447500000001 0.8760443109375 0.12405152187499999 0.878125
1 0.18625362343750002 0.865625 0.18790773125 0.86086024375 0.1798096484375 0.8217959562499999 0.1797115640625 0.7830110343750001 0.195962609375 0.729784846875 0.193737346875 0.6533951625000001 0.1984375 0.642446028125 0.1984375 0.6406317875 0.19460102343750002 0.637787625 0.1845719296875 0.6386884171875 0.1777955359375 0.6503364296875 0.1813408328125 0.7130110359375 0.16875 0.7541212828124999 0.16875 0.8182400890625001 0.170169578125 0.8489816687499999 0.17730590156249998 0.8648685734375 0.18025116562500001 0.865625 0.18625362343750002 0.865625
1 0.20857755625 0.8703125 0.2128016375 0.8690067078125001 0.21790241406250002 0.859343334375 0.22938563125 0.8200165875 0.23125 0.7996425765625 0.23125 0.7781197546875 0.2167138171875 0.7224841625 0.22427972187499998 0.6510419140625 0.2177386265625 0.6386212515625 0.20421853437499998 0.6386212515625 0.1943598265625 0.6517144015625 0.19463371406250002 0.7251439859375 0.183584715625 0.7558521859375 0.183584715625 0.8691395468750001 0.185212578125 0.8703125 0.20857755625 0.8703125
1 0.28278035 0.8641796875000001 0.29008645 0.86875 0.296875 0.86875 0.296875 0.7247044078125 0.29520385312499997 0.7204296875 0.291079646875 0.6504296875 0.2825407203125 0.6385546875 0.2695407203125 0.6385546875 0.262079646875 0.6504296875 0.273422575 0.7229296875 0.26246892499999996 0.7691796875 0.26396847343749996 0.8091796875 0.28278035 0.8641796875000001
0 0.31274638593750004 0.8765625 0.3632123203125 0.8765625 0.3764092953125 0.8684872671875 0.3859375 0.8293882218749999 0.3859375 0.7843110171875 0.3757384171875 0.7679060109375 0.3555638765625 0.7511562375 0.342534784375 0.7475188875000001 0.3265493296875 0.7473690671875 0.3047093265625 0.7591943156250001 0.28849295625 0.7821257546875 0.2837402203125 0.8029383109375001 0.28608930312499997 0.8331132890624999 0.29943838437500003 0.8642506421875 0.31274638593750004 0.8765625
1 0.56875 1 0.6254437296875001 1 0.62615676875 0.9963037890625 0.6541144921875001 0.9224944359375 0.6517873796875 0.801166803125 0.665625 0.71139558125 0.665625 0.6953753234375 0.6569015640625 0.6354992578124999 0.6183483484375001 0.6160422390625 0.5879093921874999 0.641015634375 0.578400796875 0.6764668796875 0.5898750078125 0.783053325 0.5881708156250001 0.8806864609374999 0.56875 0.9439753718749999 0.56875 1
1 0.8180170484375001 0.51875 0.8117108671875 0.523328153125 0.7965692421874999 0.5665403359375001 0.8039794703125 0.822533559375 0.75692603125 0.97312753125 0.75692603125 1 0.9174300437499999 1 0.8900956437499999 0.8983576671875 0.880137790625 0.814350915625 0.9080420109375 0.567385559375 0.88968545 0.51875 0.8180170484375001 0.51875
1 0.7683047578125001 1 0.771875 0.9815981171875 0.771875 0.955766278125 0.743702259375 0.8533028921875001 0.743702259375 0.7704626546875 0.7614800374999999 0.62294744375 0.7481467046875 0.5812169875000001 0.7270355937499999 0.5614948531249999 0.6892578125 0.5635741453125 0.663702259375 0.6058787421874999 0.67703559375 0.8458340484375 0.6382107578125 1 0.7683047578125001 1
1 0.743771971875 0.742141478125 0.743771971875 0.9067742015625001 0.747501240625 0.925 0.748453971875 0.925 0.751342228125 0.8222998921875 0.771875 0.7198112109375 0.771875 0.71944509375 0.760471878125 0.6757789843750001 0.743771971875 0.742141478125
1 0.9397790390624999 0.6645672984375001 0.9249558546875001 0.681007565625 0.9153094875000001 0.7136553765625 0.9261637984375 0.8200091046875 0.916811525 0.9354712921874999 0.9250052921874999 0.94375 0.9256248953125 0.94375 0.95 0.8519524046875 0.95 0.7449401859375 0.9397790390624999 0.6645672984375001
1 1 1 1 0.564343734375 0.985466259375 0.560183975 0.9526587109375001 0.5842066796875 0.9407212609375 0.6193216296874999 0.9538164421875 0.8211258765625 0.9332443218750001 0.914327265625 0.9332443218750001 0.9989366234375 0.9334752671875 1 1 1