1 0.49930477656249994 0 0.505896478125 0.035094560937500005 0.5106058421874999 0.080519478125 0.510178521875 0.0980938890625 0.4984375 0.1489534734375 0.4984375 0.2324638390625 0.49942516875000004 0.2390625 0.56267096875 0.2390625 0.56267096875 0.1457905296875 0.546116021875 0.09872118125 0.5435546546875 0.055184479687499996 0.5481231828124999 0 0.49930477656249994 0
1 0.5703125 0 0.5703125 0.14982220468750002 0.5707366453125 0.15 0.5728258265624999 0.15 0.5824179593750001 0.14904046875000002 0.5901772515625 0.1367041234375 0.6043135828125 0.099945903125 0.6124695546875 0.0584125859375 0.61175290625 0.025944565625 0.6081457578125 0 0.5703125 0
2 0.459375 0.74034005 0 0.751653403125 0 0.9265625 0.17060197500000002 0.9265625 0.18485383125 0.924044678125 0.29212776093750004 0.922369190625 0.3080763359375 0.9171773125 0.459375 0.9176984984375001 0.459375 0.74034005
1 0.6353886828124999 1 0.6355326953125 0.9912029656249999 0.6318106875 0.9625992671875 0.6349861515625 0.9246272140624999 0.632671915625 0.9168068453124999 0.629676409375 0.9150095390625002 0.6259658296875 0.915999103125 0.62372205625 0.9220494406250002 0.621979603125 0.9618460734374998 0.6203125 0.9673969703124999 0.6203125 1 0.6353886828124999 1
1 0.7383487953125 1 0.738116640625 0.989778746875 0.7328884984374999 0.9610083781250001 0.73511364375 0.9230635968750001 0.7308885859375 0.9114380093750001 0.7261849234375 0.912309390625 0.7232314515625 0.9173686499999999 0.7235296609375 0.9599733640625001 0.7171875 0.980510053125 0.7171875 1 0.7383487953125 1
1 0.712348584375 0.8890708406249999 0.7075789828125 0.8714664703124999 0.707415753125 0.8418550218749999 0.7034640828125001 0.8320934078125 0.6987765828125 0.8320388624999999 0.6966755140625001 0.83617825625 0.6992995828125 0.872295428125 0.69375 0.895989478125 0.69375 0.8990091484375 0.6992130624999999 0.9333641171875 0.70196128125 0.9403358328125 0.7024563718750001 0.940625 0.7117804031249999 0.940625 0.712348584375 0.9398305453125001 0.712348584375 0.8890708406249999
1 0.625 0.9003636937499999 0.624834028125 0.8979360515625 0.6200280171875 0.877620225 0.6203495343750001 0.8433549046875001 0.616923715625 0.8364498546875 0.6132832703125001 0.8374182015624999 0.6109691484375 0.8425380656249999 0.611727003125 0.8832727484374999 0.60625 0.9041468640625 0.60625 0.9058887609374999 0.6094352765625001 0.9370067531250001 0.6120083484375 0.9453125 0.6234208765625 0.9453125 0.6235462593750001 0.9451764546875001 0.625 0.9268513921875 0.625 0.9003636937499999
1 0.6737472578125 0.8546379515625 0.679247446875 0.8609375 0.6803868828125 0.8609375 0.6857695203125 0.8586902140625 0.6883143734375 0.8382713125000001 0.6883143734375 0.8267444421875 0.6845914656250001 0.8021935765624999 0.68423591875 0.7716380218750001 0.6809305531250001 0.7640625 0.6790148453125 0.7640625 0.6771238640625 0.7644889874999999 0.6743508609375001 0.7722760078124999 0.6751949171875 0.800068940625 0.6734375 0.80930054375 0.6734375 0.8520593562500001 0.6737472578125 0.8546379515625
1 0.60859375 0.768402778125 0.6049479171875001 0.768402778125 0.6026041671875 0.7771990734374999 0.603125 0.8040509265625001 0.5994791671875 0.8207175921874998 0.5989583328125 0.8383101859375 0.6020833328124999 0.8596064812499999 0.6067708328125 0.8651620375 0.6109375 0.8633101859375 0.6109375 0.8457175921874999 0.6161458328125 0.8327546296874999 0.6114583328125 0.8077546296874999 0.6114583328125 0.774421296875 0.60859375 0.768402778125
1 0.6666666671874999 0.793865740625 0.6682291671874999 0.7799768515625 0.6638020828125001 0.7128472218749999 0.6572916671875 0.7160879625 0.6572916671875 0.7447916671875 0.653125 0.7642361109375 0.6536458328125 0.787384259375 0.659375 0.7975694437499999 0.66328125 0.7980324078125001 0.6666666671874999 0.793865740625
1 0.6020833328124999 0.749421296875 0.6015625 0.718865740625 0.59765625 0.7146990734374999 0.59375 0.7234953703125 0.5942708328124999 0.7484953703125 0.5911458328125 0.7642361109375 0.5921875 0.7929398140624999 0.5958333328125 0.800347221875 0.6026041671875 0.7984953703125 0.6036458328125 0.7725694437499999 0.60625 0.7660879625 0.6020833328124999 0.749421296875
1 0.6536458328125 0.675347221875 0.6518229171875001 0.6702546296875 0.64765625 0.6702546296875 0.6458333328125 0.6744212968750001 0.6458333328125 0.69664351875 0.6432291671875 0.7160879625 0.6447916671875 0.7392361109375 0.6479166671875001 0.743865740625 0.65234375 0.744328703125 0.6552083328125 0.7401620375 0.6567708328124999 0.725347221875 0.6567708328124999 0.7142361109375 0.653125 0.69756944375 0.6536458328125 0.675347221875
1 0.6458333328125 0.68368055625 0.6421875 0.643865740625 0.63984375 0.637847221875 0.6359375 0.6401620375 0.6354166671875 0.6651620375 0.6328125 0.6790509265625 0.6348958328125 0.703125 0.6380208328125 0.706828703125 0.64375 0.7049768515625 0.6458333328125 0.68368055625
1 0.5963541671875 0.7170138890625 0.5942708328124999 0.680902778125 0.5893229171875001 0.6711805562500001 0.5854166671875001 0.681828703125 0.5869791671875 0.703125 0.584375 0.7234953703125 0.5859375 0.743865740625 0.5885416671875 0.7521990734374999 0.59296875 0.7526620375 0.5942708328124999 0.749421296875 0.5963541671875 0.7170138890625
1 0.6364583328125 0.6660879625 0.6354166671875 0.6207175921875 0.6325520828125 0.6165509265625 0.6291666671875 0.6197916671874999 0.6291666671875 0.6410879625 0.6270833328125 0.6521990734374999 0.6286458328125 0.675347221875 0.6317708328125 0.6799768515625 0.6364583328125 0.6660879625
1 0.6190104171875 0.5758101859375 0.61640625 0.5739583328125001 0.6145833328125 0.5771990734375001 0.6145833328125 0.5827546296875 0.6140625 0.58368055625 0.6135416671875 0.6160879625 0.6145833328125 0.624421296875 0.6166666671875001 0.628125 0.6205729171875001 0.6285879624999999 0.6213541671875 0.6271990734375 0.6229166671875 0.6197916671874999 0.6234375 0.6114583328125001 0.6229166671875 0.6105324078125001 0.6223958328125 0.6012731484375 0.6203125 0.5920138890625 0.6197916671875 0.578125 0.6190104171875 0.5758101859375
1 0.6283854171875001 0.593402778125 0.6252604171875 0.594328703125 0.6234375 0.5984953703125 0.6234375 0.6160879625 0.621875 0.624421296875 0.621875 0.6401620375 0.6229166671875 0.6475694437499999 0.6244791671875001 0.6512731484375001 0.6286458328125 0.6512731484375001 0.6296875 0.6420138890625 0.6296875 0.6234953703125 0.6307291671875 0.618865740625 0.6302083328125 0.6179398140625001 0.6302083328125 0.59756944375 0.6283854171875001 0.593402778125
1 0.6083333328125 0.5679398140625 0.6083333328125 0.57256944375 0.6078125 0.5734953703125 0.6078125 0.5910879625 0.6083333328125 0.5920138890625 0.6083333328125 0.599421296875 0.609375 0.603125 0.6125 0.6086805562500001 0.6130208328125 0.6086805562500001 0.6145833328125 0.603125 0.6151041671875 0.59664351875 0.615625 0.5957175921875 0.615625 0.578125 0.6151041671875 0.5771990734375001 0.6151041671875 0.5633101859374999 0.6122395828125 0.5582175921875 0.609375 0.562384259375 0.6083333328125 0.5679398140625
1 0.5875 0.63460648125 0.5890625 0.63460648125 0.5888020828125 0.6239583328125 0.5869791671875 0.6262731484375 0.5869791671875 0.6290509265625 0.5859375 0.631828703125 0.5861979171875 0.63414351875 0.5875 0.63460648125
1 0.5791666671875 0.6012731484375 0.5791666671875 0.6068287031249999 0.5802083328125 0.6105324078125001 0.5802083328125 0.6207175921875 0.5791666671875 0.624421296875 0.5791666671875 0.628125 0.5807291671875 0.637384259375 0.58125 0.64664351875 0.5817708328125 0.64664351875 0.5817708328125 0.643865740625 0.58359375 0.640625 0.5848958328125 0.6401620375 0.584375 0.6197916671874999 0.58671875 0.618402778125 0.5875 0.6160879625 0.5869791671875 0.6021990734375 0.5864583328124999 0.6012731484375 0.5864583328124999 0.5984953703125 0.58515625 0.59618055625 0.5815104171875001 0.59618055625 0.5796875 0.5984953703125 0.5791666671875 0.6012731484375