1 0.39126715624999997 0.509375 0.3912493703125 0.4864994546875 0.394101875 0.4487365578125 0.392658159375 0.4228288203125 0.3847094125 0.40361999062500004 0.376405775 0.3968656890625 0.37491440625 0.396813609375 0.36775293124999997 0.396813609375 0.36217325312500004 0.400986059375 0.35646970625 0.41140685781249997 0.354637325 0.42150110312500005 0.3555305109375 0.45385394687499997 0.3605202046875 0.48542636874999995 0.3620148796875 0.509375 0.39126715624999997 0.509375
1 0.4242109375 0.509375 0.423887503125 0.47852557031250004 0.426860153125 0.42118491562499993 0.42161230312500003 0.40354656718750004 0.4106072 0.39779936875 0.4002581375 0.40491500468749997 0.3984375 0.40915497968750003 0.3984375 0.509375 0.4242109375 0.509375
1 0.0900469 0.509375 0.0930957234375 0.49030215468750005 0.1032223296875 0.45405467499999996 0.1069077359375 0.4290183109375 0.10467277500000001 0.41518396874999997 0.0982645546875 0.40558447812500004 0.0910915578125 0.40385990312500003 0.0818813765625 0.409570009375 0.068247396875 0.43154291093749997 0.060619478125 0.4612725421875 0.05436285625 0.5020769203125 0.0523630984375 0.509375 0.0900469 0.509375
1 0.5873113140624999 0 0.5765625 0.026877951562500002 0.5765625 0.030791646875000002 0.57816734375 0.0721657875 0.5964643625 0.160073196875 0.5991547859375 0.21751499531250001 0.5765625 0.3673679125 0.5765625 0.4217865109375 0.587038584375 0.49635096875 0.592305521875 0.509375 0.6785114328125 0.509375 0.6785114328125 0.2879951046875 0.6532075921875 0.2069356359375 0.6508940796875 0.0447848453125 0.6380525015625 0.0069356374999999994 0.63012815625 0 0.5873113140624999 0
1 0.5639353265625 0.509375 0.5639353265625 0.489021409375 0.5544730828125 0.4468498171875 0.5551000546875 0.3690777203125 0.5639353265625 0.3286491125 0.5639353265625 0.24980737656250002 0.558369875 0.22339747656250003 0.5594492203125 0.06285328125 0.5441039765625 0.03025969375 0.5305087390625001 0.0238480859375 0.5057706453125 0.033388817187499996 0.4942746171875 0.0631591828125 0.5079333671875 0.2149789421875 0.4890625 0.331763646875 0.4890625 0.4872131984375 0.49113181875 0.49965572187499996 0.4951240078125 0.509375 0.5639353265625 0.509375
1 0.6870138890625 0.509375 0.6911458328125001 0.49343750000000003 0.6811458328125 0.4134375 0.6961458328125 0.3209375 0.6728125 0.2234375 0.6794791671875 0.0859375 0.6703125 0.059687500000000004 0.6486458328125 0.0496875 0.6378125 0.1484375 0.6378125 0.2134375 0.6711458328125 0.35343749999999996 0.6794791671875 0.42093749999999996 0.6665083328125 0.509375 0.6870138890625 0.509375
1 0.7920599484374999 0.509375 0.8078125 0.4484375 0.8061458328125 0.36343749999999997 0.7711458328124999 0.21593749999999998 0.7811458328125 0.0709375 0.7728125 0.0384375 0.7536458328125001 0.0196875 0.7286458328125001 0.027187499999999996 0.7144791671874999 0.0609375 0.7211458328125 0.22593749999999999 0.6844791671875 0.3909375 0.6844791671875 0.43093750000000003 0.6978125000000001 0.5084375 0.6981696421875 0.509375 0.7920599484374999 0.509375
1 0.8997021203125 0.509375 0.9094791671875001 0.4759375 0.9061458328124999 0.3884375 0.9128125 0.3309375 0.8861458328125 0.21593749999999998 0.8961458328125002 0.0959375 0.8878125000000001 0.0609375 0.8736458328125 0.0471875 0.8519791671875 0.0496875 0.8361458328125 0.0809375 0.8428125 0.2184375 0.8094791671875001 0.3609375 0.8144791671875 0.46343750000000006 0.8273219078124999 0.509375 0.8997021203125 0.509375
1 0.9794791671875 0.2084375 0.9894791671875 0.1159375 0.9844791671875001 0.0884375 0.9669791671875 0.0696875 0.9469791671875001 0.07468749999999999 0.9344791671875001 0.10093749999999999 0.9394791671875 0.23343750000000002 0.9161458328125001 0.3384375 0.9469791671875001 0.2796875 0.9828125 0.2484375 0.9794791671875 0.2084375
1 0.7711458328124999 0.2084375 0.8061458328125 0.3609375 0.8111458328125 0.3409375 0.7844791671875 0.23093750000000002 0.7911458328125001 0.10593749999999999 0.7819791671875 0.0821875 0.7711458328124999 0.2084375
1 0.5494791671875 0.19593750000000001 0.5644791671875 0.2784375 0.5778125000000001 0.2359375 0.5811458328125 0.1584375 0.5711458328125 0.07843750000000001 0.5603125 0.07468749999999999 0.5494791671875 0.19593750000000001
0 1 0.509375 1 0.24559082031249999 0.9886458328125001 0.24718749999999998 0.9553125 0.27218749999999997 0.9194791671874999 0.3359375 0.9094791671875001 0.3859375 0.9128125 0.4659375 0.9256828703124999 0.509375 1 0.509375
2 0.4890625 0.67038676875 0.47376265625 0.67007360625 0 0.67007360625 0 0.7360050171875001 0.3413936671875 0.74375 0.4890625 0.74375 0.4890625 0.67038676875
1 0.1236982296875 0.53831839375 0.1201480890625 0.5334761234375 0.11227084062499999 0.5349026984374999 0.1109375 0.538868146875 0.1109375 0.6734375 0.12317308906249999 0.6734375 0.12384820468749999 0.6733490765625 0.13064141093749998 0.646643109375 0.1288760984375 0.627398921875 0.1217024984375 0.5965182203125 0.12454851250000001 0.5484034484375 0.1236982296875 0.53831839375
1 0.2132316 0.5319040640625 0.20640143125 0.5329481781250001 0.2019314890625 0.5418126546875001 0.2013908453125 0.5908412765625 0.2 0.5958422953125 0.2 0.6703125 0.2158714421875 0.6703125 0.2177014484375 0.6691722390625 0.2194353859375 0.633996146875 0.2133700109375 0.590632178125 0.2183608109375 0.5452254421875 0.217734496875 0.53876214375 0.2132316 0.5319040640625
1 0.7924322515625001 0.7375 0.8031710406249999 0.7375 0.8031710406249999 0.6208931468750001 0.797480184375 0.6021393374999999 0.7948221671875 0.532785834375 0.7901090484375001 0.522001275 0.7859062531250001 0.5194773015624999 0.784442921875 0.5194773015624999 0.778125 0.5229111890625 0.778125 0.57630894375 0.7808135171874999 0.6015573265625 0.778125 0.619175565625 0.778125 0.678134490625 0.7824217140625 0.7050427734375 0.7915780734375 0.7367606984374999 0.7924322515625001 0.7375
1 0.7486674484375 0.5283302359375 0.742741184375 0.524101125 0.7340841171875001 0.5292647781250001 0.7288476953125 0.541122553125 0.7275022906249999 0.59743715 0.725359925 0.6132446453125 0.721875 0.624558240625 0.721875 0.7421875 0.7350772015625 0.7421875 0.7415486140625 0.7228204375 0.74928208125 0.6863755593749999 0.7507008 0.651257128125 0.7435214890624999 0.6056283625 0.7507226953125 0.5397207390625 0.7486674484375 0.5283302359375
1 0.70574369375 0.53365285625 0.701300134375 0.525868853125 0.69232729375 0.5278752546875001 0.686578340625 0.5404616203125 0.684916934375 0.5663875453125 0.68655853125 0.589481146875 0.6844488171875 0.606165996875 0.6796875 0.6251533734375 0.6796875 0.7453125 0.6943320859375 0.7453125 0.6948192437499999 0.7447185125 0.7060600453125 0.6992026828125 0.70820933125 0.65754510625 0.699895809375 0.6086710390625 0.70711499375 0.544727603125 0.70574369375 0.53365285625
1 0.4890625 0.7375 0.499671890625 0.7375 0.501951221875 0.7340515265625001 0.50483405625 0.7163973 0.50483405625 0.6319007546875 0.4973597890625 0.6025700453125 0.4976035703125 0.5347648765625 0.49578239843749994 0.5274850171875001 0.4890625 0.5193385921875 0.4890625 0.7375
1 0.5322916671875 0.5338541671875 0.5338541671875 0.601446759375 0.5244791671875 0.6412615734375 0.5208333328125 0.6671875 0.5223958328125 0.6995949078125 0.528125 0.7320023140625 0.5315104171875 0.7417245375 0.5359375 0.7440393515625 0.5450520828125 0.7445023140625 0.5510416671875 0.739409721875 0.5614583328125 0.682928240625 0.5604166671875 0.6532986109375 0.5494791671875 0.6051504624999999 0.5526041671875 0.5375578703125 0.5481770828125 0.5250578703125 0.5424479171875001 0.5213541671875 0.5356770828124999 0.5250578703125 0.5322916671875 0.5338541671875
1 0.6739583328125 0.5320023140625 0.6755208328125 0.6023726859374999 0.6708333328125 0.62366898125 0.6708333328125 0.632928240625 0.6776041671875 0.6662615734375 0.6723958328124999 0.732928240625 0.6747395828125 0.7398726859375 0.6807291671875 0.7412615734375001 0.6846354171875 0.7417245375 0.6859375 0.7347800921875 0.6796875 0.6968171296875 0.6791666671875001 0.663483796875 0.6895833328125001 0.61070601875 0.6880208328124999 0.5403356484375 0.6921875 0.5273726859375001 0.68671875 0.5195023140624999 0.6783854171875 0.5232060187500001 0.6739583328125 0.5320023140625
1 0.6489583328124999 0.61070601875 0.6395833328125 0.6505208328125 0.6401041671875001 0.6588541671875 0.6484375 0.670891203125 0.6567708328124999 0.69774305625 0.6583333328125 0.7245949078125 0.6541666671875 0.7505208328125 0.6567708328124999 0.7542245375000001 0.6669270828125 0.7537615734375 0.6692708328125 0.74866898125 0.6755208328125 0.7032986109375 0.6770833328125 0.670891203125 0.6755208328125 0.6542245375 0.6651041671875 0.6032986109375 0.66875 0.5421875 0.6666666671875 0.5338541671875 0.6606770828124999 0.5259837968750001 0.65390625 0.526909721875 0.6479166671875001 0.53570601875 0.646875 0.5560763890625 0.6489583328124999 0.61070601875
1 0.6408854171875 0.5222800921874999 0.63359375 0.5250578703125 0.6291666671875 0.532928240625 0.628125 0.5532986109375 0.6302083328125 0.607928240625 0.6208333328125 0.644965278125 0.62265625 0.6491319437499999 0.634375 0.6542245375 0.6395833328125 0.6523726859375 0.6479166671875001 0.6153356484375 0.6479166671875001 0.5320023140625 0.6408854171875 0.5222800921874999
1 0.60546875 0.5287615734375 0.6002604171875 0.5241319437499999 0.5924479171875 0.5278356484375 0.5885416671875 0.5403356484375 0.5901041671875 0.61070601875 0.5838541671875 0.632928240625 0.5786458328124999 0.6653356484375 0.5802083328125 0.7255208328125 0.5807291671875 0.69866898125 0.5864583328124999 0.6773726859375 0.59296875 0.663946759375 0.6140625 0.6458912031249999 0.60625 0.61070601875 0.6057291671875 0.5884837968750001 0.6088541671875001 0.538483796875 0.60546875 0.5287615734375
1 0.5734375 0.532928240625 0.5760416671875 0.5884837968750001 0.575 0.6032986109375 0.5661458328125 0.6403356484375 0.5635416671875 0.66163194375 0.565625 0.7005208328125 0.5723958328125 0.7320023140625 0.5765625 0.738483796875 0.5802083328125 0.73663194375 0.5791666671875 0.6588541671875 0.5890625 0.6153356484375 0.590625 0.5968171296875 0.5880208328125 0.5468171296875 0.5916666671875 0.5255208328125 0.5861979171875 0.5185763890625 0.57890625 0.520428240625 0.5734375 0.532928240625
0 0.6033854171875 0.6528356484375 0.5924479171875 0.6657986109375 0.5854166671875001 0.6801504625 0.5802083328125 0.7070023140625 0.58125 0.73570601875 0.5885416671875 0.7625578703125 0.59765625 0.7759837968750001 0.6151041671875 0.7875578703125 0.62734375 0.78616898125 0.64296875 0.7732060187500001 0.653125 0.7542245375000001 0.6583333328125 0.7245949078125 0.6567708328124999 0.69866898125 0.6484375 0.670891203125 0.6372395828124999 0.6556134265625 0.61953125 0.6482060187500001 0.6033854171875 0.6528356484375