1 0.590625 0.5 0.590625 0.4222835 0.5800702765625 0.38737611250000004 0.5780765000000001 0.3526038265625 0.580721721875 0.31674304062499997 0.5778175937500001 0.311706703125 0.55516134375 0.3102548234375 0.5526937249999999 0.3177184875 0.5581952765625 0.3859743015625 0.545970584375 0.4600230703125 0.5484084296875 0.5 0.590625 0.5
1 0.6581722859375001 0.5 0.65859375 0.49288194374999994 0.65625 0.463715278125 0.640625 0.3970486109375 0.64453125 0.3123263890625 0.616796875 0.3088541671875 0.61484375 0.3248263890625 0.61953125 0.3984375 0.60390625 0.4609375 0.602779446875 0.5 0.6581722859375001 0.5
1 0.86640625 0.5 0.86640625 0.49565972187499996 0.84921875 0.4123263890625 0.8484375 0.3748263890625 0.85234375 0.3151041671875 0.848828125 0.307465278125 0.825390625 0.3088541671875 0.82265625 0.3359375 0.8265625 0.4095486109375 0.81015625 0.49149305625000006 0.81015625 0.5 0.86640625 0.5
1 0.940876115625 0.5 0.94140625 0.49010416718750005 0.9359375 0.4470486109375 0.9234375 0.3984375 0.9265625 0.3109375 0.923828125 0.3060763890625 0.900390625 0.3060763890625 0.896875 0.3123263890625 0.896875 0.3220486109375 0.9015625 0.39288194375 0.8859375 0.46649305625000004 0.8859375 0.5 0.940876115625 0.5
1 1 0.5 1 0.39288194375 0.99765625 0.3817708328125 1 0.283159721875 0.991796875 0.2671875 0.980078125 0.2671875 0.971875 0.2970486109375 0.975 0.38038194375 0.96171875 0.44149305625 0.959375 0.49010416718750005 0.9609830734374999 0.5 1 0.5
0 0.042567765625 0.8566486640625 0.051501859375 0.86875 0.081785384375 0.86875 0.08856276874999999 0.8642154296874999 0.1 0.8423340421875001 0.1 0.7715063703125 0.0949844359375 0.757921825 0.0815935046875 0.7390485453125001 0.068281665625 0.7298807984375 0.054739998437500006 0.729013009375 0.043051840625 0.7365786828124999 0.0309219359375 0.753816515625 0.024567956250000002 0.78020109375 0.0243669765625 0.8042084171875 0.030024496875 0.8322865828125 0.042567765625 0.8566486640625
1 0.0051790359375 0.5 0.0083333328125 0.537384259375 0.0067708328125 0.5512731484375 0 0.5783564812499999 0 0.6619456625 0.0046875 0.687384259375 0.0080729171875 0.6915509265625 0.0229166671875 0.6910879624999999 0.0265625 0.6864583328125 0.0333333328125 0.655902778125 0.034375 0.6364583328125 0.0328125 0.5920138890625 0.0234375 0.5429398140624999 0.0244791671875 0.5077546296875 0.0253273296875 0.5 0.0051790359375 0.5
1 0.0650126140625 0.5 0.065625 0.5049768515624999 0.06510416718749999 0.530902778125 0.054166667187499996 0.5790509265625 0.053125 0.6114583328125 0.055208332812500004 0.628125 0.0609375 0.6457175921875 0.0640625 0.6697916671875 0.0744791671875 0.6734953703125 0.0830729171875 0.6711805562500001 0.08645833281250001 0.662384259375 0.09375 0.6271990734375 0.09375 0.5864583328124999 0.0817708328125 0.530902778125 0.08072916718749999 0.500347221875 0.080805896875 0.5 0.0650126140625 0.5
1 0.124115175 0.5 0.1244791671875 0.5142361109375 0.1140625 0.553125 0.1119791671875 0.5957175921875 0.121875 0.649421296875 0.1278645828125 0.6554398140625001 0.1385416671875 0.6549768515625 0.1447916671875 0.64664351875 0.1515625 0.6151620375 0.1541666671875 0.5883101859375 0.1536458328125 0.5707175921875 0.1510416671875 0.550347221875 0.1416666671875 0.512384259375 0.14182498906250002 0.5 0.124115175 0.5
1 0.18073171875 0.5 0.1703125 0.5429398140624999 0.1692708328125 0.574421296875 0.1786458328125 0.6299768515624999 0.18411458281249998 0.6359953703125 0.19583333281249998 0.6355324078125 0.20078125 0.6322916671875001 0.2046875 0.6207175921875 0.2104166671875 0.5790509265625 0.2104166671875 0.5475694437499999 0.1989490328125 0.5 0.18073171875 0.5
1 0.08133808125 0.5 0.0802083328125 0.506828703125 0.0817708328125 0.530902778125 0.09322916718749999 0.581828703125 0.09375 0.628125 0.0953125 0.6309027781250001 0.0979166671875 0.6133101859375 0.1057291671875 0.5864583328124999 0.1067708328125 0.5577546296875 0.1020833328125 0.5234953703125 0.0959157984375 0.5 0.08133808125 0.5
1 0.0256998703125 0.5 0.0244791671875 0.5086805562500001 0.0234375 0.5429398140624999 0.0333333328125 0.5957175921875 0.0333333328125 0.649421296875 0.0375 0.6521990734375 0.0401041671875 0.6475694437499999 0.0484375 0.6068287031249999 0.0489583328125 0.5670138890625 0.0375 0.5133101859375 0.037674115625 0.5 0.0256998703125 0.5
1 0.475 1 0.475 0.9423701281250001 0.47020920781250003 0.9245164656250001 0.46565802031250003 0.8983569031249999 0.46684297499999994 0.84300160625 0.4653521234375 0.8151904515625 0.45892602968750007 0.8023066234374999 0.4494540265625 0.7989280671875 0.44071128593750003 0.808992125 0.439015959375 0.8199697296874999 0.445866353125 0.8970885953125001 0.4338697421875001 0.970228128125 0.4345112203125 1 0.475 1
1 0.5141890921875 1 0.5140625 0.996759259375 0.51875 0.9541666671875 0.5088541671875 0.9106481484375 0.5119791671874999 0.81805555625 0.50546875 0.803703703125 0.49557291718749996 0.8009259265625 0.48802083281249997 0.808796296875 0.484375 0.8245370375000001 0.48854166718750003 0.9023148140625 0.4875 0.915277778125 0.47552083281249996 0.9662037031249999 0.47427424843750005 1 0.5141890921875 1
1 0.56607886875 1 0.5661458328125001 0.9958333328125001 0.5619791671875 0.9625 0.5505208328125001 0.9143518515625001 0.5541666671875 0.8245370375000001 0.5481770828125001 0.8083333328125001 0.5393229171874999 0.803703703125 0.5309895828125001 0.809259259375 0.5260416671874999 0.8226851859375 0.5291666671874999 0.9143518515625001 0.5203125 0.9504629625 0.515625 0.98194444375 0.515152615625 1 0.56607886875 1
2 0.2890625 0.77449845625 0.29244791718749996 0.775 0.37421875 0.7675925921875 0.38671875 0.7703703703125 0.40598958281249997 0.765740740625 0.5434895828125 0.75648148125 0.6502604171874999 0.75555555625 0.7471354171875 0.7490740734375001 0.76015625 0.7509259265624999 0.771875 0.7884259265625 0.7877604171875 0.8101851859375 0.80234375 0.8194444437499999 0.8221354171874999 0.8194444437499999 0.8403645828125 0.8046296296875 0.8484375 0.790277778125 0.853125 0.7754629625 0.8541666671874999 0.7402777781250001 0.8502604171874999 0.7333333328125 0.8455729171874999 0.73148148125 0.8421875 0.7236111109375 0.8416666671874999 0.6865740734375001 0.8453125 0.6625 0.8505208328125 0.6495370375 0.8583333328125 0.608796296875 0.8361979171874999 0.60555555625 0.8184895828125001 0.609259259375 0.7971354171875 0.60648148125 0.78984375 0.6101851859374999 0.77578125 0.603703703125 0.7341145828125 0.603703703125 0.71640625 0.6074074078125 0.6096354171874999 0.6046296296875 0.6018229171874999 0.60555555625 0.5986979171875 0.6120370375 0.5908854171875 0.60555555625 0.5419270828125 0.60555555625 0.49505208281250007 0.60648148125 0.4809895828125 0.6129629624999999 0.47421875 0.60648148125 0.4486979171875 0.60648148125 0.40807291718750005 0.6074074078125 0.39088541718750003 0.6111111109375 0.3747395828125 0.6083333328125 0.3669270828125 0.6129629624999999 0.2890625 0.6129629624999999 0.2890625 0.77449845625