1 0.395495690625 0.45 0.396093653125 0.44671705937499995 0.39465505156249997 0.425311503125 0.3900968359375 0.4027614984375 0.3929487984375 0.36035100625 0.3885675046875 0.3521710640625 0.379933353125 0.3585145765625 0.38021716250000004 0.3992917359375 0.3765625 0.4152619296875 0.3765625 0.45 0.395495690625 0.45
1 0.359993953125 0.45 0.364094409375 0.43366581249999997 0.3647602984375 0.41515335625 0.361793540625 0.38835604687499997 0.3665469953125 0.3466651375 0.3631451015625 0.338840221875 0.359375 0.340512075 0.359375 0.45 0.359993953125 0.45
1 0.30123256875000004 0.45 0.30123256875000004 0.41371100937499994 0.29789332968750004 0.405205753125 0.2975838796875 0.363599696875 0.29000227968750003 0.355565671875 0.28436880625 0.3605188546875 0.2869558296875 0.40495117656249996 0.28336903125 0.4205828140625 0.2828125 0.4301638109375 0.2828125 0.44669881250000004 0.2831668265625 0.45 0.30123256875000004 0.45
1 0.33215682812499997 0.45 0.33215682812499997 0.421993915625 0.32797343125 0.40877501250000003 0.3291347765625 0.39130376093749997 0.3266502875 0.3736201609375 0.3289988765625 0.3589873578125 0.3245960546875 0.35919247187500003 0.3201250671875 0.3539582328125 0.3161447484375 0.3539582328125 0.313470928125 0.3599291578125 0.3157386859375 0.39329282499999996 0.3109375 0.43557415937500005 0.3109375 0.45 0.33215682812499997 0.45
1 0.35581865625 0.45 0.356325815625 0.44785938437499995 0.35671062187499997 0.4283815625 0.35245105468750004 0.40767742812499996 0.35201314687499996 0.39464771249999997 0.3565612953125 0.364292415625 0.35319411562499997 0.3524680171875 0.3468578625 0.3539193515625 0.34371296406249996 0.359754296875 0.34220688906249996 0.40330619375000004 0.3421875 0.40339425156250003 0.3421875 0.45 0.35581865625 0.45
1 0.3125 0.3801971375 0.30898523125 0.36685196875 0.30839844375 0.3251974234375 0.3050295046875 0.3173103859375 0.2997618359375 0.316354159375 0.2956017625 0.32049507187500004 0.2953125 0.32427112187499996 0.2953125 0.3283769140625 0.301475984375 0.3390408609375 0.3029857671875 0.37884961562499997 0.31079169375000004 0.41129035312499995 0.31134424374999997 0.4125 0.3125 0.4125 0.3125 0.3801971375
1 0.3421875 0.4030350328125 0.3371457125 0.37842014375 0.33871542187500003 0.334006003125 0.336773975 0.32889219999999997 0.332043371875 0.3269858015625 0.3265625 0.3316748890625 0.3265625 0.33907270624999997 0.3312908421875 0.3505817625 0.3301342109375 0.3903723359375 0.3388919328125 0.4296875 0.3398979609375 0.4296875 0.3421875 0.4175171296875 0.3421875 0.4030350328125
1 0.2968448359375 0.330361825 0.290625 0.3337764015625 0.290625 0.3452238328125 0.2925576171875 0.3462936359375 0.2970701703125 0.3546875 0.29992260000000004 0.3546875 0.300830675 0.3537136265625 0.3000227453125 0.3352769953125 0.2968448359375 0.330361825
1 0.3306024109375 0.352528490625 0.3271201125 0.34103169375000003 0.3240706953125 0.34016031406249997 0.31875 0.344820225 0.31875 0.353995375 0.3198119546875 0.3541037484375 0.32515908437499996 0.36186956875 0.3254353671875 0.3734375 0.3266748859375 0.3734375 0.32887225625 0.36735239375 0.3306024109375 0.352528490625
1 0.333019925 0.45 0.333022746875 0.44998417812499997 0.3344684671875 0.4268420921875 0.3296875 0.39106633281250003 0.3296875 0.4484534421875 0.3297062875 0.45 0.333019925 0.45
1 0.305109040625 0.42094329999999996 0.30792874062500003 0.41368756875 0.308054509375 0.3914350125 0.3039461953125 0.39815194374999996 0.3014722671875 0.3845591734375 0.2984550359375 0.38067345937499997 0.299712234375 0.373326721875 0.2978444359375 0.365797975 0.3006102515625 0.3603940953125 0.302109925 0.344714025 0.297750196875 0.3421413609375 0.2957162765625 0.33135670625 0.2944465078125 0.331076215625 0.29268952656249997 0.331076215625 0.290625 0.335182259375 0.290625 0.354840646875 0.29641664218749997 0.36107734062499997 0.295177325 0.40366993281249997 0.2988051578125 0.4224311328125 0.298886828125 0.4359375 0.303460146875 0.4359375 0.305109040625 0.42094329999999996
1 0.7569370984375 0 0.7558400046875 0.0411050625 0.7546421171875 0.067884075 0.7256228953124999 0.21962108749999998 0.7201829265624999 0.2590716984375 0.71875 0.2782351140625 0.71875 0.4120064640625 0.7251448109374999 0.45 0.908487415625 0.45 0.9131895374999999 0.4003977984375 0.9129973031249999 0.3438798984375 0.9085576 0.30095952187499997 0.899500425 0.24567432500000003 0.8658311062500001 0.1219742984375 0.8567254500000001 0.07502243750000001 0.8536381593750001 0.06832243437499999 0.8484414578124999 0 0.7569370984375 0
1 0.8708364484375 0 0.8726112921875 0.016814651562499998 0.8805361453125 0.0632200453125 0.8884019640625 0.0939089515625 0.8997812640625 0.1302261453125 0.9072740609375 0.15 0.9087263875 0.15 0.9087263875 0 0.8708364484375 0
1 0.51875 0.5505099703124999 0.5144020609375 0.553768678125 0.5103863625 0.5590159078125 0.5064748078125 0.5684583265625001 0.5050748359375 0.58812734375 0.5084644093749999 0.6242128390625 0.5082929515625 0.6536836984375001 0.50699235 0.6562730125 0.50562745 0.6699139015625001 0.50303988125 0.6727482499999999 0.4881607828125 0.7112416265625 0.4875 0.7140301265625 0.4875 0.787297503125 0.494809384375 0.8058506546875 0.5031287796874999 0.8342400953125001 0.5033607531250001 0.834375 0.51875 0.834375 0.51875 0.5505099703124999
1 0.332469934375 0.8344182296875001 0.333521 0.822024078125 0.3361993984375 0.8122881640624999 0.34355777656250003 0.7996532999999999 0.351183090625 0.7928716421875001 0.356494846875 0.7901326624999999 0.3586906359375 0.7859240328125 0.36199511875 0.738365784375 0.3618030296875 0.7333483203125001 0.359511990625 0.7290245765625001 0.357585790625 0.71900759375 0.3528110921875 0.70935840625 0.34737322187499997 0.694027946875 0.3464127734375 0.6689406375 0.3475502125 0.6511911390625 0.35217998281249996 0.623026965625 0.35312480156250003 0.60427576875 0.35261238437500003 0.5922344578125001 0.3498078703125 0.5839009296875 0.3437157 0.5767769203124999 0.3382333140625 0.574163540625 0.3294952015625 0.57426521875 0.3263897015625 0.574636 0.3193427734375 0.5804069875 0.3144052640625 0.5873246953125 0.3124340203125 0.5940405609375 0.3114248171875 0.6137964453125 0.3123010125 0.6281760484375 0.3166025046875 0.6532244796875 0.316258596875 0.6625985828125 0.3171358546875 0.6689466578125 0.316276878125 0.6863582671875 0.3152048828125 0.6950715515624999 0.3109375 0.70661353125 0.3109375 0.852854321875 0.3127418796875 0.8577383890625001 0.3149795296875 0.8608914921874999 0.315057590625 0.8609375 0.3335146890625 0.8609375 0.3323824984375 0.847805103125 0.332469934375 0.8344182296875001
1 0.1329226640625 0.7047085484375 0.13470125625 0.7228049046875 0.129589384375 0.7524431734375 0.128144021875 0.7721362484375 0.128894003125 0.786530803125 0.13188735468749999 0.8036523796875 0.136048634375 0.8191293875 0.142312775 0.835324040625 0.153858090625 0.8573255828124999 0.17210980625 0.8853343625000001 0.17546524375 0.8875 0.19447457968749998 0.8875 0.19447457968749998 0.7563115218750001 0.1779252515625 0.72815751875 0.16881125156250001 0.7152400453125 0.1654215796875 0.7034588609375 0.162733859375 0.6980466859375 0.1626395890625 0.693029225 0.160138615625 0.6866183421875001 0.1581504546875 0.6728636734375 0.15414832812499998 0.6303079296874999 0.14928569687499998 0.6121397906249999 0.1454528703125 0.60502920625 0.138115371875 0.597335525 0.1324318484375 0.5945797453124999 0.11958485625 0.5945797453124999 0.118209025 0.59520044375 0.11113091562499999 0.6022242484375 0.109375 0.6070017546875001 0.109375 0.6256951625 0.111159709375 0.6356600312499999 0.12583888593749998 0.6767925265625 0.126727584375 0.6821628296875 0.130514171875 0.692281496875 0.1308888625 0.6976398359375 0.1329226640625 0.7047085484375
1 0.25837300937499996 1 0.26534880781250003 0.996998815625 0.271692546875 0.990855375 0.27451215 0.9856617296875001 0.2833066796875 0.957338275 0.2890401984375 0.933857096875 0.2913777203125 0.9168762109374999 0.291737203125 0.898089084375 0.290367490625 0.8832218953125001 0.2861945015625 0.8621289437499999 0.27863367499999997 0.841826575 0.2673893796875 0.817593303125 0.264251109375 0.8130255515625 0.2615183890625 0.7997504937500001 0.25973714999999997 0.7660467734375 0.2630885421875 0.7272976328125 0.261540546875 0.6996549812499999 0.2585270609375 0.6924080578125 0.2526126328125 0.683799596875 0.24991955781250003 0.6816870109375 0.2243266671875 0.6816870109375 0.22382825781250001 0.681955009375 0.21875 0.688188584375 0.21875 0.7509416890624999 0.21885875000000002 0.7526785015625 0.2218410390625 0.76059521875 0.2253128421875 0.7856739859375 0.225779328125 0.7977961265625 0.2248048140625 0.81318488125 0.2218292328125 0.8217274875000001 0.22091711093750002 0.83577665625 0.2242218578125 0.9142521437500001 0.22428876875 0.9626254218749999 0.22593924687500003 0.9714644781249999 0.23480068906249998 0.9915143000000001 0.241867915625 0.9975094656250001 0.2472695890625 1 0.25837300937499996 1
1 0.49687392187499996 0.9640625 0.4991336484375 0.9623934796875 0.5032341765624999 0.9562240656250001 0.5048180546875 0.9488683124999999 0.508420071875 0.9395932671875 0.508420071875 0.8162904031250001 0.5008575484375 0.7988677171875 0.49357401875000007 0.785434490625 0.49057317031250003 0.7666698343749999 0.4895006484375 0.7539422874999999 0.4903768421875 0.7395522171875 0.489776459375 0.7341923828125 0.4938424125 0.7094429609375 0.49446213125 0.6990686546875 0.4937104625 0.6833300296875 0.492103 0.6742818500000001 0.4880537359375 0.6632108390625 0.48097435624999996 0.6549677546874999 0.47671207656250003 0.6525995578125 0.46898051250000006 0.6522198078125 0.46527516406249997 0.6505243921874999 0.460649103125 0.6504974796875 0.4537963859375 0.655813953125 0.448796609375 0.6639867609375 0.4462920203125 0.673011015625 0.44667991249999994 0.6910909249999999 0.4556813875 0.739350365625 0.4558536078125 0.7460467921875 0.4576966171875 0.75476156875 0.4579342765625 0.77049720625 0.4564582296875 0.7835446984375001 0.4515552953125 0.795233171875 0.4421875 0.8277002812500001 0.4421875 0.8920951140625 0.4454873734375 0.9050028625 0.45152934062499994 0.923115665625 0.46425498125000003 0.953319121875 0.47088473906250006 0.962563903125 0.47359800781250005 0.9640625 0.49687392187499996 0.9640625
1 0.4213510953125 1 0.41800317187499997 0.984360334375 0.4139093046875 0.9715418249999999 0.404989228125 0.951290084375 0.398959878125 0.9419148187499999 0.3959759 0.92703305625 0.39706984843750004 0.8938918015624999 0.4029649828125 0.8625040187499999 0.405353053125 0.8416596390625 0.4053985328125 0.8279558343750001 0.404022534375 0.817668334375 0.39864365 0.80491716875 0.393127171875 0.7986897468749999 0.3850804625 0.794767103125 0.38072505156249997 0.7946611796875 0.37663802031250004 0.80055645 0.374095278125 0.8000213468750001 0.37246000625 0.796096875 0.369132609375 0.795937075 0.36094716875 0.8017129515625001 0.35487120625 0.8092162734375 0.35148695625 0.8167456156250001 0.348384728125 0.8299412578125 0.34786618125 0.8426673140625001 0.3493740984375 0.8623049671875 0.35562408125 0.8977347874999999 0.3551623859375 0.9027717 0.3568749953125 0.9173859109375 0.356154028125 0.9287858499999999 0.35304953125 0.94833105 0.3508979828125 0.950783075 0.3390625 0.9783264656250001 0.3390625 1 0.4213510953125 1
1 0.151422959375 1 0.1469917453125 0.99192394375 0.1349069421875 0.9749123078124999 0.1328180953125 0.973778303125 0.127327884375 0.9561499265624999 0.1254738609375 0.9254157390625 0.128141953125 0.8895863343750001 0.12827847812499998 0.8721941624999999 0.12719562812500002 0.8571642078124999 0.12371773593749999 0.8431793171875 0.11949625156250002 0.8367318328125 0.10761385937500001 0.8282443468749999 0.09924209843750001 0.8270528 0.097475896875 0.8282540953125 0.09572066093750001 0.8324649703125001 0.09160860781249999 0.8325367484375 0.088201921875 0.830255278125 0.08406253125 0.8306619484375 0.076319690625 0.8374854828125 0.071875 0.8439729249999999 0.071875 0.9097394031250001 0.080542146875 0.938239109375 0.0835990109375 0.9542378656250001 0.08467089375 0.9662582390625001 0.0829213046875 0.9876915937499999 0.0784127609375 1 0.151422959375 1
1 0.0701090421875 1 0.07572622500000001 0.9620158828125 0.0758959546875 0.9375669656250001 0.0745819140625 0.9244970421875 0.067614003125 0.8966573 0.062427378125 0.8845696375 0.0484093109375 0.8630525515624999 0.0337107375 0.8437085515625 0.03104435625 0.8418509234375 0.024409239062499997 0.8243959515625001 0.023054278125 0.8136703015625001 0.020840624999999998 0.807963609375 0.018825721875 0.790870446875 0.0182244390625 0.7664170453125 0.015584665624999999 0.74094699375 0.0112508890625 0.7241752703125 0.0051092171875 0.7152638890625 0 0.7113162531249999 0 0.990953253125 0.0048537828125000005 1 0.0701090421875 1
1 0.9825870765625 0.79504884375 0.9861726546875001 0.7161006984375 0.9838854671874999 0.7062145859375001 0.9775125859374999 0.698385659375 0.9737792859375001 0.698385659375 0.967906203125 0.698844665625 0.961970065625 0.711629378125 0.961808459375 0.7394071578125001 0.9662939515625 0.7744571625 0.9546875 0.8300023546874999 0.9546875 0.9166032859375001 0.9598474828124999 0.9421303062499999 0.9599335124999999 0.9421875 0.9809556781250001 0.9421875 0.9929912765625 0.887480334375 0.9924443546875 0.847147928125 0.9825870765625 0.79504884375
1 0.794633634375 0.7696561984375 0.7895155140625001 0.7512129156249999 0.7850479671875 0.687324025 0.7802169296875 0.679585125 0.7724044296875 0.6794032875 0.76875 0.6890695625000001 0.76875 0.6997902046875 0.7752630578125 0.737014903125 0.770461296875 0.7798886171875 0.771618171875 0.818741140625 0.7833789687499999 0.865625 0.794633634375 0.865625 0.794633634375 0.7696561984375