1 0.24291475 0.300103965625 0.2491680734375 0.27005286562499997 0.2491680734375 0.16777903593750002 0.23956555000000002 0.13806086875 0.2372236203125 0.1232218125 0.23672259375000002 0.094518109375 0.2412198 0.0538379734375 0.2399033765625 0.0380851109375 0.23358246718750003 0.0190339328125 0.22520064999999997 0.016159189062500003 0.2174689609375 0.020697912500000002 0.2112898671875 0.0396036390625 0.215174484375 0.0831585203125 0.2159341046875 0.12667703749999998 0.2086711140625 0.1580676125 0.2046875 0.1865673984375 0.2046875 0.23716500156250003 0.2078771015625 0.2617410140625 0.21579909375 0.297936971875 0.220599728125 0.304472996875 0.2258624078125 0.3046875 0.23704785 0.3046875 0.24291475 0.300103965625
1 0.2945894328125 0.182541834375 0.2943908984375 0.17809162812499998 0.2817652859375 0.1216283453125 0.2844091234375 0.0357934984375 0.27928343437500003 0.0201407921875 0.2727668359375 0.0150550484375 0.269045859375 0.0150550484375 0.26260599375 0.017951940625000003 0.2573042421875 0.0318893953125 0.2576166921875 0.058741246875 0.2611295609375 0.092311378125 0.2609427265625 0.120975615625 0.2546875 0.151423340625 0.2546875 0.2657889765625 0.260863378125 0.29303997187499997 0.2623735140625 0.2953125 0.28651005625 0.2953125 0.2942542578125 0.25579047187500004 0.2945894328125 0.251265334375 0.2945894328125 0.182541834375
1 0.1487404953125 0.081551915625 0.1546538109375 0.053668053125000004 0.1557957953125 0.0333128375 0.1509021609375 0.0200611921875 0.1413086578125 0.0166454265625 0.1325932890625 0.024750696875 0.12766254999999999 0.04059751875 0.1267651765625 0.1025133203125 0.1245059421875 0.12382477031250001 0.121875 0.13256537031249999 0.121875 0.296875 0.13125454375 0.296875 0.1362033921875 0.28606030625 0.1482402765625 0.24044746250000001 0.15275049999999998 0.20429088593750003 0.152859065625 0.1774996515625 0.144742859375 0.12415966249999999 0.1487404953125 0.081551915625
1 0.07891240625 0.0327849046875 0.075410221875 0.0197128140625 0.06814996718750001 0.0115969078125 0.0572932921875 0.0139927375 0.0530952125 0.0217085125 0.050841289062499996 0.033654609375 0.056857990625 0.11526340625 0.046875 0.1606487734375 0.046875 0.218829946875 0.0500379796875 0.2116861890625 0.05560549687500001 0.2063307015625 0.0895176046875 0.2083625859375 0.0895176046875 0.1658221921875 0.07664965781250001 0.1159545453125 0.07891240625 0.0327849046875
1 0.106195034375 0.2028295328125 0.110991834375 0.174162190625 0.116919703125 0.1529204375 0.1174050640625 0.14458710624999999 0.112000915625 0.11209485156250001 0.1209133359375 0.030661853125 0.1169631078125 0.0134746515625 0.1115035875 0.00877835625 0.1052535875 0.00870563125 0.09771000937499999 0.0174201109375 0.09445869375 0.0285009203125 0.09084400625 0.117407990625 0.0890625 0.12301648125 0.0890625 0.254212559375 0.0965836984375 0.25599451875 0.10112714687499999 0.26299653749999996 0.10078602656249999 0.2765625 0.1022321453125 0.2765625 0.10642488125 0.270470609375 0.106195034375 0.2028295328125
1 0.18888969375 0.11917959687499999 0.19919504375 0.031234810937500003 0.195267496875 0.0187060265625 0.188429321875 0.013108046875000001 0.179272825 0.016760240625 0.17270813125 0.030154351562499997 0.1703059703125 0.04681495625 0.170936746875 0.077388690625 0.1682075203125 0.11720653750000001 0.1671875 0.120377640625 0.1671875 0.2921875 0.173480140625 0.2921875 0.178409809375 0.285864440625 0.18214771875 0.2719907046875 0.1832635953125 0.2136361625 0.1860436640625 0.192345921875 0.1947961359375 0.15534221718750002 0.18888969375 0.11917959687499999
1 0.3225491984375 0.035437496875 0.31915894375 0.020525701562500002 0.312491634375 0.013417603125 0.30515144375 0.014173814062500002 0.300742146875 0.0187064625 0.29561144375000004 0.032029346874999996 0.29375 0.1148634875 0.29375 0.2277142453125 0.2955724515625 0.21187718281249998 0.3041743125 0.1870468984375 0.321206559375 0.160558721875 0.3211709828125 0.1512873421875 0.3145845765625 0.117760046875 0.3225491984375 0.035437496875
1 0.29290276875 0.284375 0.290625 0.2595966171875 0.290625 0.284375 0.29290276875 0.284375
1 0.2379738390625 0.0578177859375 0.232032290625 0.12351610312500001 0.24095680625 0.1640625 0.24132439687499999 0.1640625 0.245354596875 0.15979690625 0.246166434375 0.151469634375 0.2381818 0.11154572968750001 0.24428153125000002 0.026396909375 0.23879312656249999 0.0119753625 0.22998525781249998 0.009375 0.22848028281250002 0.009375 0.22420979062500002 0.011805670312499999 0.2234375 0.014394365624999999 0.2234375 0.0189421328125 0.2312104546875 0.0202238484375 0.23728435781249999 0.0327996046875 0.2379738390625 0.0578177859375
1 0.3509271375 0.161329053125 0.35877521562500003 0.1707337703125 0.365975175 0.1859375 0.36694170000000004 0.1859375 0.36956066249999997 0.17879960156250002 0.3588949625 0.1137393234375 0.366012021875 0.02767366875 0.3608231140625 0.0122913421875 0.3516723703125 0.009375 0.3515598921875 0.009375 0.3467120859375 0.01297180625 0.3405397140625 0.026302275000000003 0.33897066875 0.105977359375 0.3375 0.1126709296875 0.3375 0.1581072984375 0.3509271375 0.161329053125
0 0.35912553593749996 0.3234375 0.3800131484375 0.30611563125 0.384375 0.2974372625 0.384375 0.21682260000000003 0.3811207109375 0.19542354687500002 0.3690684375 0.171874553125 0.351018071875 0.1571597328125 0.332591646875 0.162824371875 0.3189790359375 0.1795758828125 0.312011665625 0.19860433125000002 0.308277871875 0.23289692187500002 0.3105244359375 0.2625235203125 0.3178714734375 0.29026796718750003 0.3348269640625 0.31749339375 0.3457617796875 0.3234375 0.35912553593749996 0.3234375
1 1 0.36875 1 0.010223818749999999 0.9579813453125 0.0023871921875 0.8072156296875 0.0023871921875 0.789556090625 0.0040634921875 0.69934019375 0.026446475000000004 0.6482958921875001 0.055533990624999995 0.6246362484375 0.0872834296875 0.6236737671875 0.12164024843750001 0.6337306046875 0.1608118375 0.714228403125 0.29765840312499997 0.743526165625 0.3651731671875 0.7435886 0.36875 1 0.36875
1 0.25231544375000003 0.7824381671875 0.2554926515625 0.7859375 0.2830123625 0.7859375 0.289388453125 0.7807866421874999 0.2921875 0.77207519375 0.2921875 0.6412292562499999 0.2819036046875 0.598097753125 0.2517367109375 0.5255391765625 0.23949555 0.4059765546875 0.2138119359375 0.40406826718750005 0.20556112031249998 0.40406826718750005 0.20201979374999998 0.4069290890625 0.2015625 0.41557347031249997 0.2015625 0.41850851875000006 0.20977833750000002 0.4486775734375 0.22370868437500002 0.5307674703125 0.217520475 0.6237321171875 0.21907750468749998 0.668185653125 0.2326199609375 0.728053325 0.25231544375000003 0.7824381671875
1 0.963112740625 0.6628330734375 0.9634916859375 0.629481559375 0.9703732625000001 0.5739684265625 0.9709494671875 0.5461785265625 0.966316615625 0.531763040625 0.9594024546875 0.5251967140625 0.953206384375 0.5241980625 0.9396639953125 0.5374755078125 0.9350474390624999 0.5540997515624999 0.9342200453124999 0.5772539609375 0.9367674015624999 0.6319502531250001 0.934825953125 0.6652835875 0.9296875 0.6843259609375 0.9296875 0.890625 0.9498507437499999 0.890625 0.9522169125 0.8901751625 0.96060489375 0.875911184375 0.9725869453125 0.822310509375 0.9787504296874999 0.7612297 0.9772432999999999 0.7334155593749999 0.963112740625 0.6628330734375
1 0.897147853125 0.6294299125 0.9046566468750001 0.5757443906249999 0.9070835390624999 0.53963025 0.89892198125 0.5215186359375 0.8920185374999999 0.5196872499999999 0.8917140578125 0.5196872499999999 0.8799369890625 0.530671840625 0.876127621875 0.54222925 0.8740786484375 0.5737137625 0.8752055140625 0.6237440624999999 0.8726439515625 0.6487410328125 0.871875 0.6515033078125001 0.871875 0.8421875 0.8845716328125001 0.8421875 0.8901131703124999 0.8368948921874999 0.9029732171875 0.78787233125 0.9100450062500001 0.7267733406250001 0.908666653125 0.6989743515625 0.8980218624999999 0.6442568484375 0.897147853125 0.6294299125