2 0.5296875 0.5562232953125 0.14919563281249998 0.5562232953125 0.14418499375 0.556649959375 0.1181864296875 0.560322821875 0.114084415625 0.5633919609375 0.11165265937499999 0.57098146875 0.1067370671875 0.57271635 0.11239797656249999 0.59179659375 0.1106379109375 0.6058311625 0.1120931921875 0.6390625 0.4245801109375 0.6390625 0.5296875 0.6330636203125 0.5296875 0.5562232953125
1 0.2546875 0.5546875 0.2546875 0.332004534375 0.2534640796875 0.3294717375 0.240324571875 0.327165184375 0.229123371875 0.342941475 0.23596020625 0.45773810312499996 0.22428433750000001 0.502599209375 0.219827609375 0.5384738765625 0.22071765000000002 0.5523627656250001 0.221757784375 0.5546875 0.2546875 0.5546875
1 0.2592231375 0.4057766296875 0.2634794828125 0.47040943437499994 0.25717735468749997 0.4976556421875 0.25329795625 0.5442249546875 0.2549897546875 0.55154135625 0.2550140953125 0.5515625 0.3046875 0.5515625 0.3046875 0.5192211328125 0.2920768296875 0.46596322656250005 0.2922207140625 0.35473077656249996 0.28943876562500004 0.34469726562499997 0.28381647499999996 0.3362194890625 0.27830051875 0.3323890640625 0.2701839171875 0.3323890640625 0.261232953125 0.3417057296875 0.259359728125 0.3538641078125 0.2592231375 0.4057766296875
1 0.674996228125 0.18103615 0.6862812734375 0.262443890625 0.686591478125 0.3093918390625 0.6617035 0.416813865625 0.6586158390625 0.4522570078125 0.659625434375 0.4956333234375 0.6679118578125001 0.5490689703125 0.693368546875 0.6341826953125 0.69522339375 0.6359375 0.7357617421875 0.6359375 0.7372276921875001 0.6358127265625 0.7487008656249999 0.6244422796875 0.7578125 0.5821421046874999 0.7578125 0.387890853125 0.737945740625 0.33045986250000003 0.730041328125 0.2934368796875 0.7327441015625 0.140596553125 0.720802034375 0.11501120312499999 0.7149285625 0.1116942859375 0.6941431375 0.1116942859375 0.685645784375 0.11746956718749998 0.6784831296875 0.12912571718750002 0.6741776390625 0.1458661609375 0.674996228125 0.18103615
1 0.8859375 0.6390625 0.8859375 0.3855390078125 0.8772086046875 0.3625813140625 0.8651290515625 0.32004994375 0.8609671078125001 0.26726768437500004 0.8639715109375 0.19251119375 0.86030546875 0.15963130781249998 0.8473621250000001 0.1340305625 0.8295736109374999 0.1240516984375 0.8099372499999999 0.133893365625 0.8010807218749999 0.15990255312499999 0.8031842656249999 0.1927278734375 0.8177429921874999 0.27394622968750004 0.8204475484374999 0.316150215625 0.81675185 0.35579128125000004 0.799504709375 0.43940807656249997 0.8008872968749999 0.509638928125 0.8115997484375 0.5673287796875 0.8337607968749999 0.6390625 0.8859375 0.6390625
1 1 0.11339384687500001 0.9847161843750001 0.10571209374999999 0.96895476875 0.1171626875 0.9589094984375001 0.1410250515625 0.9578008546875001 0.1691474046875 0.9654669968749999 0.2490160484375 0.96570259375 0.29592300625 0.962304765625 0.3193151140625 0.935364003125 0.41851340312499996 0.9351027578124999 0.42474099374999996 0.9351027578124999 0.5173238328124999 0.940771934375 0.5581437546875 0.9579358453125 0.62762504375 0.96171763125 0.634375 1 0.634375 1 0.11339384687500001
1 0.88984375 0.47186584062500003 0.8890625 0.5375164859375 0.8765625 0.6019947984375 0.8765625 0.6137181265625 0.88125 0.6137181265625 0.8921875 0.5961331328125 0.90859375 0.521103825 0.9125 0.492967834375 0.91328125 0.43552352031249997 0.9078125 0.39097486875 0.88671875 0.3229795578125 0.878125 0.28194790468750003 0.878125 0.224503590625 0.884375 0.1670592765625 0.8828125 0.1260276234375 0.869921875 0.10316713125000002 0.858984375 0.097305465625 0.847265625 0.097305465625 0.837109375 0.10316713125000002 0.82890625 0.12016595781249999 0.848046875 0.13130312187499998 0.85703125 0.147129615625 0.86015625 0.1670592765625 0.86015625 0.1963676 0.853125 0.2585012453125 0.853125 0.30891156249999996 0.8625 0.35697721250000003 0.88125 0.41442152656250003 0.88984375 0.47186584062500003
1 0.765625 0.5867544687499999 0.7765625 0.5398611515625 0.77578125 0.469521175 0.7859375 0.3968365328125 0.753125 0.2713969078125 0.7515625 0.24443325 0.7578125 0.16236994375 0.75703125 0.1178212921875 0.747265625 0.0949608 0.735546875 0.08675446875000001 0.727734375 0.08675446875000001 0.713671875 0.092616134375 0.70546875 0.1107872953125 0.720703125 0.12075212500000002 0.73203125 0.1483019484375 0.725 0.2924989015625 0.7328125 0.337047553125 0.75546875 0.4120768609375 0.76171875 0.46834884218750006 0.759375 0.523448490625 0.746875 0.5890991359375 0.748046875 0.594374634375 0.753125 0.5949608 0.765625 0.5867544687499999
1 0.5296875 0.49378846718749997 0.53515625 0.5339994875 0.55703125 0.6137181265625 0.563671875 0.622510625 0.5953125 0.6219244578125 0.608203125 0.6178212921874999 0.6171875 0.5937884671875 0.63359375 0.5117251609375 0.6359375 0.4402128515625 0.6265625 0.3827685375 0.60703125 0.3206348921875 0.6 0.2866372359375 0.59921875 0.2385715859375 0.60546875 0.1694039421875 0.6046875 0.13775095312500002 0.59921875 0.12016595781249999 0.591796875 0.110201128125 0.583984375 0.10433946406250001 0.570703125 0.10316713125000002 0.553125 0.1178212921875 0.546875 0.14009561875 0.54765625 0.17526560625 0.5546875 0.22333125781250002 0.5578125 0.2796032390625 0.553125 0.3147732265625 0.53984375 0.3581495453125 0.5296875 0.407136315625 0.5296875 0.49378846718749997
1 0.09749054375 0.6390625 0.09077847343749999 0.6532435265625 0.088170703125 0.6756842703125 0.103025146875 0.8095870375 0.1030520640625 0.844363890625 0.098423809375 0.8808574140625 0.1012573609375 0.88125 0.1237223859375 0.88125 0.146875 0.8784287687500001 0.146875 0.8293465234375 0.1438117796875 0.8136907046875 0.146875 0.743568090625 0.146875 0.6936945390625 0.14591854843750002 0.6688638484375 0.13333594531249998 0.6390625 0.09749054375 0.6390625
1 0.1765625 1 0.1765625 0.9757844046875 0.1691728484375 0.9516863718749999 0.0879228484375 0.9488490593750001 0.07872585625 0.9512994546875 0.075788759375 0.9602044640624999 0.0742635265625 1 0.1765625 1
1 0.35162240625 0.6390625 0.3503951984375 0.643157403125 0.35000732968750004 0.6764907359375 0.3581055984375 0.7863765984375 0.35696880000000003 0.8169185171875 0.3498212875 0.8582730203125 0.3498212875 0.865625 0.4046875 0.865625 0.4046875 0.8499208453125 0.39910781875 0.8218215703125 0.39864979218749996 0.7940301562500001 0.4046875 0.7045095765625 0.4046875 0.6390625 0.35162240625 0.6390625
1 0.4328125 1 0.4328125 0.9601293921874999 0.4315551 0.9440082015625 0.42700964687500004 0.93642738125 0.36635750625 0.93642738125 0.33645139999999996 0.9391201062500001 0.3322878640625 0.9470092593749999 0.3303077609375 0.9679791 0.3305390625 1 0.4328125 1
1 0.26484375 0.739409721875 0.2609375 0.7532986109375 0.265625 0.87274305625 0.2890625 0.8741319437499999 0.29765625 0.78663194375 0.29765625 0.7588541671875 0.291015625 0.7345486109375 0.283203125 0.7276041671875 0.273828125 0.7276041671875 0.26484375 0.739409721875
1 0.30854143437500003 1 0.30859375 0.9991319437499999 0.30703125 0.94774305625 0.300390625 0.933159721875 0.254296875 0.9373263890625001 0.25 0.9588541671874999 0.2515625 0.9852430562500001 0.248828125 0.976215278125 0.246875 0.9796875 0.24765625 0.994965278125 0.251171875 0.9901041671874999 0.25234375 0.9935763890625001 0.251942275 1 0.30854143437500003 1
1 0.447265625 0.7039930562500001 0.43828125 0.72413194375 0.44375 0.86163194375 0.44921875 0.8630208328125001 0.466796875 0.8609375 0.4703125 0.84774305625 0.465625 0.8060763890625001 0.4640625 0.701909721875 0.459765625 0.695659721875 0.447265625 0.7039930562500001
1 0.4986157234375 1 0.5 0.9671875 0.496875 0.9366319437499999 0.494140625 0.9276041671874999 0.485546875 0.9248263890625001 0.466015625 0.933159721875 0.434765625 0.9345486109374999 0.4328125 0.944965278125 0.4375 0.9907986109374999 0.43729296875 1 0.4986157234375 1
1 0.23828125 0.8769097218749999 0.24453125 0.81024305625 0.24296875 0.789409721875 0.237109375 0.7720486109375 0.226171875 0.7692708328125 0.21875 0.7782986109375 0.21484375 0.7977430562500001 0.2203125 0.8755208328125 0.23828125 0.8769097218749999
1 0.2449509640625 1 0.24453125 0.9824652781250001 0.24765625 0.9394097218749999 0.243359375 0.9345486109374999 0.212109375 0.9317708328125001 0.20703125 0.9532986109374999 0.20703125 0.98663194375 0.208846309375 1 0.2449509640625 1
1 0.3209309890625 1 0.32578125 0.97413194375 0.32578125 0.9435763890625001 0.322265625 0.938715278125 0.311328125 0.938715278125 0.3078125 0.9435763890625001 0.3109375 0.9755208328125 0.3101506703125 1 0.3209309890625 1
1 0.29375 0.8144097218749999 0.2953125 0.8685763890625001 0.297265625 0.8734375 0.309375 0.87274305625 0.3125 0.869965278125 0.31484375 0.807465278125 0.312109375 0.7998263890625 0.301171875 0.7942708328125 0.29609375 0.8005208328125001 0.29375 0.8144097218749999
0 0.828515625 0.825 0.825 0.8451388890625001 0.831640625 0.8736111109374999 0.84921875 0.8743055562500001 0.85625 0.8645833328125001 0.85703125 0.840972221875 0.853125 0.815972221875 0.846484375 0.80694444375 0.837890625 0.8111111109374999 0.828515625 0.825