1 0.2096580296875 0 0.20482328593750002 0.045932409375 0.19801292343750002 0.0671708953125 0.19801292343750002 0.2859375 0.20136225468750002 0.2859375 0.20743148125 0.28522448125 0.22102509375 0.2718503953125 0.23736130000000003 0.21825316250000001 0.244791396875 0.17770223125 0.2490443171875 0.1290911203125 0.24744679687499999 0.1029753828125 0.23851649843749997 0.055372909375 0.24402862656250002 0 0.2096580296875 0
1 0.36492926875 0 0.3636143046875 0.0160575796875 0.34103334687500003 0.090350653125 0.33963245937500003 0.10428500624999999 0.339465334375 0.1570855171875 0.347891959375 0.2096359734375 0.35777179375 0.2265625 0.3750201484375 0.2265625 0.3812647765625 0.2232531953125 0.38622169375 0.21268876875 0.3973909625 0.165125565625 0.4 0.144025609375 0.4 0.07020510156250001 0.3910065390625 0.019428624999999998 0.3915604328125 0 0.36492926875 0
0 0.4246750140625 0.21447299375 0.4308951625 0.22369399375 0.44945608437500006 0.245095628125 0.4502964140625 0.2453125 0.48901695468749995 0.2453125 0.498281715625 0.23817168125000002 0.5182906484375 0.20328921875 0.5240778546875 0.17981450000000002 0.525 0.160015640625 0.525 0.11837156874999999 0.522818846875 0.10606699687500001 0.514414175 0.084960878125 0.500182471875 0.06298982656249999 0.48442310624999996 0.0486235640625 0.46254810625 0.047987067187499996 0.441588721875 0.061284921874999995 0.42346573125000003 0.0892684046875 0.4180006859375 0.1073691140625 0.4180006859375 0.1895100078125 0.4246750140625 0.21447299375
1 0.8348035140625001 0 0.8340976859375001 0.01005701875 0.8312331499999999 0.0143985 0.8335508828125 0.01630701875 0.8324835296875 0.047440471875 0.8286296468749998 0.07255701875000001 0.8285428546875 0.07286313125 0.8285428546875 0.3 0.843239371875 0.3 0.8477205718749999 0.280351428125 0.8624587859374999 0.1592267328125 0.856936725 0.0519423015625 0.8626937859374999 0 0.8348035140625001 0
1 0.9003789609374999 0 0.9034252531250001 0.0890892890625 0.8894676499999999 0.1791090796875 0.8883009484375 0.29376515468750003 0.8892447750000001 0.3 0.9390625 0.3 0.9390625 0.1510203046875 0.9293313125000001 0.094587615625 0.930221459375 0 0.9003789609374999 0
1 1 0 0.982465703125 0 0.982465703125 0.215625 0.9833420468749999 0.215625 0.997228828125 0.161419659375 0.9997986828125001 0.138493296875 1 0.133584253125 1 0
1 0.947920096875 0 0.943651496875 0.11499094218749999 0.9369346875 0.141845278125 0.9369346875 0.3 0.9715702234375 0.3 0.9772649625 0.23959893124999998 0.9750736515625 0.18785535 0.9653181640625 0.11372900156250002 0.9789177171875 0 0.947920096875 0
1 0.44777704687500003 0.3 0.44373246406250005 0.346229803125 0.4380152078125 0.376077953125 0.42060847656250006 0.42595214375 0.42060847656250006 0.7546875 0.432492471875 0.7546875 0.439362046875 0.7482294671874999 0.4471280859375 0.7334223640624999 0.47982384843750003 0.6437112265625 0.49076087656249995 0.6015346796875 0.49576049843750003 0.5680556640625 0.49844472812499996 0.48412418749999997 0.4891497921875 0.40103037343750003 0.48829301718749996 0.375322971875 0.490121415625 0.3485075390625 0.49786926718749996 0.3 0.44777704687500003 0.3
1 0.0574533953125 0.3 0.0588025625 0.307803821875 0.0586811640625 0.33000786249999997 0.0629855421875 0.376213253125 0.07215005468749999 0.3788819421875 0.0650135625 0.380352646875 0.0622137546875 0.3863984375 0.066947259375 0.461277228125 0.066323953125 0.5038395203125 0.0644403375 0.5149627515625 0.0662430203125 0.518642215625 0.0648802390625 0.529759384375 0.0667530859375 0.5325129234375 0.0622356046875 0.5371910359375001 0.049835996875 0.6289494453125 0.049835996875 0.93322398125 0.0564235109375 0.957258384375 0.068030321875 0.9895021578125001 0.07336957968749999 1 0.2228634875 1 0.2328125 0.9168557078124999 0.2328125 0.75191795 0.2268894125 0.7128961406250001 0.21353114843749998 0.6556947875000001 0.176257640625 0.54326514375 0.166013609375 0.49990419687500004 0.16055024375 0.49302944687500005 0.1497126 0.49870621249999997 0.14805024375 0.49317489999999997 0.144193921875 0.4959950984375 0.140222896875 0.49002809531249997 0.14755503125 0.4825419 0.1459628328125 0.4760846609375 0.1472703015625 0.4691311265625 0.1503953015625 0.46909476406249995 0.15422600625 0.47691362187499997 0.1562499453125 0.46393853749999997 0.158689321875 0.363073215625 0.15597044531249998 0.3543163109375 0.15017111875 0.35530890312499996 0.149114603125 0.3520833125 0.1514407375 0.3076509890625 0.15407054375 0.3 0.0574533953125 0.3
1 0.7027635609375 0.7609152859375 0.7068210374999999 0.7551099921875 0.7137948046875 0.7159713640625001 0.72693933125 0.687444371875 0.730827715625 0.6429999265624999 0.7256290515625 0.62127718125 0.7306586234375001 0.6043607765625 0.7364912015625 0.5376941109375 0.7390625 0.5340151859375 0.7390625 0.5265150375000001 0.7344945203125001 0.5099979546875 0.7152954609375 0.5099979546875 0.7053204421875 0.528830646875 0.6996569546875 0.6341364625000001 0.6914117984375 0.6505924000000001 0.6914117984375 0.8171875 0.693502175 0.8171875 0.694331653125 0.8167205796874999 0.6983891296875 0.8109152859375002 0.7027635609375 0.7609152859375
1 0.6194222046875 0.77915978125 0.6345483046875 0.8509663312499999 0.6453455625 0.8625 0.658870328125 0.8625 0.6668204484375 0.86114218125 0.6773408 0.844163759375 0.68125 0.822471271875 0.68125 0.7030338609375 0.66429930625 0.6444755140625 0.6639760828125001 0.6166977359375 0.6707310703125 0.5831565671875 0.6702139140625001 0.5387121234375 0.6574876578125 0.519631390625 0.643201940625 0.5200470625 0.634499625 0.539751303125 0.6394285921875 0.65631405 0.6222825453125 0.7179447515625 0.6194222046875 0.77915978125
1 0.7586254640625001 0.9046875 0.772062353125 0.8755500921875001 0.781016490625 0.836869040625 0.784375 0.7647604984374999 0.784375 0.7512337625 0.7670917890625 0.675134421875 0.779668484375 0.5586755890624999 0.7683328781250001 0.533311878125 0.7504757343749999 0.5327922875000001 0.7365525859375 0.56298413125 0.73826160625 0.6798586343749999 0.726839278125 0.715902265625 0.726839278125 0.903305946875 0.727988240625 0.9046875 0.7586254640625001 0.9046875
1 0.8359375 0.520659721875 0.8216517859374999 0.5151041671875 0.8055803578124999 0.5401041671875 0.8091517859374999 0.6401041671875 0.8127232140625 0.645659721875 0.794866071875 0.7123263890625 0.794866071875 0.745659721875 0.7984375 0.751215278125 0.802008928125 0.8401041671874999 0.8109375 0.85399305625 0.8305803578125 0.8567708328125001 0.8448660718750001 0.8401041671874999 0.852008928125 0.8067708328125001 0.8555803578125 0.7123263890625 0.8412946421875 0.6623263890625 0.8412946421875 0.5623263890625 0.8448660718750001 0.545659721875 0.8359375 0.520659721875
1 0.869866071875 0.6234375 0.8555803578125 0.66788194375 0.8591517859375 0.795659721875 0.8716517859374999 0.8151041671874999 0.8912946421875001 0.8123263890625001 0.902008928125 0.795659721875 0.9055803578124999 0.745659721875 0.9091517859374999 0.7401041671875 0.9055803578124999 0.6734375 0.894866071875 0.62899305625 0.8984375 0.5234375 0.8895089281249999 0.5095486109375 0.8716517859374999 0.5095486109375 0.8662946421875001 0.51788194375 0.869866071875 0.6234375
1 0.944866071875 0.5123263890625 0.939508928125 0.4984375 0.9287946421875001 0.49288194374999994 0.9127232140625001 0.5123263890625 0.9162946421875 0.6067708328125001 0.9055803578124999 0.6401041671875 0.9055803578124999 0.6734375 0.9091517859374999 0.6789930562500001 0.9091517859374999 0.76788194375 0.9216517859375 0.7817708328124999 0.9341517859374999 0.77899305625 0.939508928125 0.776215278125 0.9484375 0.7567708328125 0.9520089281249999 0.7123263890625 0.9555803578125 0.7067708328125 0.9555803578125 0.6623263890625 0.9412946421875 0.6123263890625 0.944866071875 0.5123263890625
1 0.6252232140625 0.4984375 0.619866071875 0.5067708328125 0.6234375 0.6123263890625 0.6162946421875 0.62899305625 0.6162946421875 0.6401041671875 0.6091517859375 0.6623263890625 0.6091517859375 0.72899305625 0.614508928125 0.7373263890625 0.6162946421875 0.7345486109375 0.619866071875 0.72899305625 0.627008928125 0.6845486109375 0.6377232140625 0.651215278125 0.6341517859375 0.5345486109375 0.6484375 0.51788194375 0.6484375 0.5067708328125 0.6430803578125001 0.4984375 0.6252232140625 0.4984375
1 0.7752232140624999 0.4984375 0.769866071875 0.5067708328125 0.7662946421875001 0.5234375 0.777008928125 0.5401041671875 0.777008928125 0.551215278125 0.7805803578124999 0.5567708328125001 0.7805803578124999 0.5956597218749999 0.777008928125 0.601215278125 0.777008928125 0.6845486109375 0.7877232140625 0.7178819437499999 0.794866071875 0.7178819437499999 0.7984375 0.6845486109375 0.8055803578124999 0.6623263890625 0.8055803578124999 0.645659721875 0.794866071875 0.6123263890625 0.7984375 0.5123263890625 0.789508928125 0.4984375 0.7752232140624999 0.4984375