1 0.20902542500000001 0.409375 0.2064747625 0.3895769203125 0.20615456562499998 0.3487725421875 0.2028440453125 0.31904291093750003 0.192380653125 0.297070009375 0.18397998437500002 0.291359903125 0.1765371515625 0.293084478125 0.1687122828125 0.30268396875 0.16522525937500002 0.314011421875 0.16522525937500002 0.3469873203125 0.1693609203125 0.3778021546875 0.1698150390625 0.409375 0.20902542500000001 0.409375
1 0.063749440625 0.6674911031249999 0.04373983125 0.6609375 0.043001601562500005 0.6609375 0.042938501562499995 0.71696171875 0.029996625 0.7758362218749999 0.028684615625 0.81895544375 0.0312915984375 0.8234375 0.03616184375 0.8234375 0.07480260625 0.8212439359375001 0.075 0.8210239749999999 0.075 0.7712240625 0.0632590828125 0.7175229375 0.063749440625 0.6674911031249999
1 0.1223922296875 0.73206010625 0.12337292656250001 0.6820964734375 0.1025809140625 0.6739757140625 0.102877140625 0.7329943999999999 0.0902423375 0.78824083125 0.0883574 0.8203125 0.134375 0.8203125 0.134375 0.778125990625 0.1223922296875 0.73206010625
2 0.359375 0.8225742953124999 0 0.8225742953124999 0 0.9112588031249998 0.09208605156250001 0.9032670265625 0.207374821875 0.904192765625 0.273781071875 0.9007125609374999 0.28523280624999997 0.8959317406250001 0.359375 0.8933804453124999 0.359375 0.8225742953124999
1 0.359375 1 0.421875 1 0.421875 0.9295993984375001 0.4205822140625 0.9187402484374999 0.40530933593749996 0.85914155625 0.40573687812500003 0.8063880234375 0.40897329375 0.771287696875 0.4081076890625 0.7416459453125 0.40539578125000003 0.732326071875 0.3987722375 0.72245231875 0.3878024140625 0.7194199671874999 0.379023665625 0.7256953656249999 0.3727448921875 0.74545124375 0.3724826390625 0.7676613421875 0.3777519421875 0.8177704453124999 0.37768362187500004 0.8566472109374998 0.360783346875 0.9256794890624999 0.359375 0.9417141156250001 0.359375 1
1 0.5034652921875 1 0.5037062265625 0.9970484296875 0.5029325328125 0.9617996046874999 0.49209397812500005 0.8837218171875 0.4950417015625 0.8476107062499999 0.506658071875 0.781979059375 0.5078125 0.7678367328125 0.5078125 0.74316270625 0.5048633265625 0.730485621875 0.4926739031249999 0.7200731578124999 0.479644825 0.72633645 0.473978871875 0.735046384375 0.46972013281249997 0.748880721875 0.4663271578125 0.7840568171875001 0.467327596875 0.8165278640625001 0.46084397812500005 0.88317635 0.45232649687500004 0.91084503125 0.44766433437500003 0.9225735125 0.44766433437500003 1 0.5034652921875 1
1 0.46948025937499993 0.95770389375 0.478125 0.9166084968749999 0.478125 0.8030522015624999 0.47704213281249996 0.7984425046875 0.4738050328125 0.7642378359374999 0.47388413281249997 0.7410078015625 0.478125 0.7288928640625001 0.478125 0.7245517546875 0.4747051671875 0.7203125 0.4719958421875 0.7203125 0.4657551640625 0.7242466640625 0.46102811875 0.73610734375 0.4601183125 0.746374415625 0.4687747546875 0.84068238125 0.45867457656250005 0.8950957734374999 0.4568220171875 0.93142525 0.46087662656250006 0.9702322515624999 0.466928959375 0.9875 0.4673418609375 0.9875 0.46948025937499993 0.95770389375
1 0.57014308125 1 0.5723958328125001 0.9882523140625 0.5838541671874999 0.9465856484374999 0.5666666671874999 0.85399305625 0.5677083328125001 0.8067708328125001 0.5713541671875 0.77991898125 0.571875 0.752141203125 0.5682291671874999 0.7364004625 0.5591145828124999 0.7257523140625001 0.54609375 0.7285300921875 0.5380208328125 0.7493634265625 0.5411458328125 0.8586226859374999 0.5213541671875 0.9438078703125001 0.5265625 0.9854745375 0.52674406875 1 0.57014308125 1
1 0.6453837625000001 1 0.6395833328125 0.97991898125 0.6390625 0.9660300921874999 0.6286458328125001 0.91695601875 0.6286458328125001 0.8864004624999999 0.63125 0.8456597218749999 0.6364583328125001 0.8058449078125001 0.6380208328125001 0.7595486109375 0.6354166671874999 0.745659721875 0.6278645828125 0.72945601875 0.6153645828125001 0.7211226859375 0.60546875 0.7229745375000001 0.5981770828125 0.72945601875 0.5921875 0.7410300921874999 0.5885416671874999 0.7558449078125 0.5880208328125001 0.79195601875 0.59375 0.8743634265625001 0.5927083328125 0.919733796875 0.57091190625 1 0.6453837625000001 1
1 0.7038324656249999 1 0.7005208328125001 0.9558449078125001 0.6854166671874999 0.8882523140625 0.6854166671874999 0.84195601875 0.690625 0.782696759375 0.6901041671874999 0.7530671296875 0.68203125 0.732233796875 0.66796875 0.7276041671875 0.6606770828125 0.732233796875 0.6557291671875 0.7410300921874999 0.6520833328125001 0.75491898125 0.6515625 0.7854745375000001 0.6557291671875 0.8373263890625001 0.6557291671875 0.8817708328125 0.6401041671875 0.94288194375 0.6395833328125 0.9586226859375 0.6411458328125 0.976215278125 0.6463541671874999 0.9928819437499999 0.6474834734374999 1 0.7038324656249999 1
1 0.7312757390625 1 0.7328125 0.9882523140625 0.7333333328125 0.95491898125 0.7286458328125001 0.9160300921874999 0.7177083328125 0.85491898125 0.7223958328125001 0.7651041671875 0.7213541671874999 0.7493634265625 0.71328125 0.733159721875 0.70703125 0.73038194375 0.69765625 0.7350115734375 0.6911458328125001 0.7484375 0.6932291671874999 0.85399305625 0.6869791671875 0.889178240625 0.7015625 0.9595486109374999 0.7046875 0.9854745375 0.7048613421875001 1 0.7312757390625 1
1 0.7552302703125 1 0.7598958328125 0.97991898125 0.7635416671875 0.9512152781250001 0.7640625 0.9160300921874999 0.7598958328125 0.8864004624999999 0.75 0.8484375 0.7494791671875 0.819733796875 0.7536458328125001 0.7688078703125 0.753125 0.751215278125 0.7481770828125001 0.738715278125 0.73828125 0.733159721875 0.73203125 0.7377893515625 0.7260416671875 0.75399305625 0.7291666671874999 0.8289930562500001 0.7286458328125001 0.8438078703125 0.7223958328125001 0.870659721875 0.7223958328125001 0.8817708328125 0.7338541671875 0.9438078703125001 0.7338541671875 0.982696759375 0.7320845171875 1 0.7552302703125 1