1 0.0383891109375 0.296875 0.0431004375 0.2938513921875 0.060663564062499994 0.2538377125 0.071094034375 0.204693803125 0.0727407984375 0.17003078124999998 0.06608088906250001 0.1208003765625 0.08125 0.025110415625 0.08125 0.0236509 0.078538034375 0.0093340671875 0.070464025 0.00019280156250000002 0.0649313546875 0.00019280156250000002 0.055146951562500005 0.0048896546875 0.047389440625 0.021365075 0.0419549734375 0.11019476406249999 0.0372760453125 0.132653784375 0.026629184374999997 0.15312066562499999 0.026629184374999997 0.296875 0.0383891109375 0.296875
1 0.25845371875 0.36875 0.262215215625 0.34858274375 0.287476421875 0.28857870937499996 0.32689709843750003 0.22285549062499999 0.3296875 0.214114034375 0.3296875 0.1691854046875 0.3222135171875 0.15556255937500002 0.30774147812499997 0.1453125 0.2997180953125 0.1453125 0.29035197031250004 0.146213053125 0.28083151093750003 0.1546554765625 0.272325346875 0.1721120390625 0.25390144531250003 0.2431453671875 0.22619951718750003 0.308732228125 0.21056512968750002 0.33182616249999997 0.171020771875 0.36875 0.25845371875 0.36875
1 0.1823443078125 0.36875 0.223638165625 0.325266290625 0.2392255203125 0.28743440625 0.245200778125 0.263422778125 0.24566431875 0.1688782046875 0.2546875 0.11825534062500001 0.2546875 0.0691574875 0.2530136578125 0.061383046875 0.24953105781249998 0.0515625 0.2238699875 0.0515625 0.214716246875 0.06244733125 0.20721080781249998 0.08933686874999999 0.2117445484375 0.15254480625 0.2100769234375 0.1955011921875 0.1995089 0.241916678125 0.18503871562500002 0.2789531203125 0.17719419375 0.3317173671875 0.176051884375 0.36792860781250003 0.17761676875000001 0.36875 0.1823443078125 0.36875
1 0.49946758437500005 0 0.49946758437500005 0.058909110937499995 0.5080033125 0.10797364843749999 0.51529185 0.1155261765625 0.5198002640625 0.115625 0.5368422234375 0.115625 0.55329156875 0.108835278125 0.55635714375 0.0227059859375 0.562355934375 0 0.49946758437500005 0
1 0.7319611375 0 0.73671875 0.01649305625 0.73984375 0.052604167187499995 0.73671875 0.10954861093749999 0.72109375 0.1595486109375 0.70625 0.1859375 0.710546875 0.194965278125 0.7296875 0.195659721875 0.737109375 0.194965278125 0.740625 0.18732638906250001 0.75859375 0.108159721875 0.765625 0.045659721874999996 0.76640625 0.0067708328125 0.76564453125 0 0.7319611375 0
1 0.7662841796875 0 0.765625 0.0609375 0.75703125 0.1234375 0.761328125 0.1296875 0.78671875 0.12899305625 0.79296875 0.1234375 0.8109375 0.0373263890625 0.8153912171875 0 0.7662841796875 0
1 0.8203125 0 0.8203125 0.0276041671875 0.82578125 0.07899305625 0.84375 0.163715278125 0.851953125 0.1685763890625 0.88203125 0.16788194375 0.8859375 0.1651041671875 0.89375 0.1359375 0.90859375 0.055381943749999996 0.9101777671875 0 0.8203125 0
0 0.57123413125 0 0.56953125 0.00538194375 0.56484375 0.06788194374999999 0.56796875 0.10260416718750001 0.57578125 0.1317708328125 0.58515625 0.1609375 0.594921875 0.1782986109375 0.621484375 0.2060763890625 0.645703125 0.2171875 0.65859375 0.21649305624999998 0.692578125 0.19774305625 0.7203125 0.1609375 0.73828125 0.09982638906249999 0.73984375 0.051215278125 0.73515625 0.008159721875000001 0.7330143234375 0 0.57123413125 0
2 0.3796875 0.5792234625 0 0.594454109375 0 0.775508328125 0.3796875 0.75844913125 0.3796875 0.5792234625
1 0.7087483609375 0.36875 0.7087483609375 0.42169104218750003 0.7136975812499999 0.425 0.7151694484375 0.425 0.7206070859375 0.41827975312500004 0.7234375 0.402976540625 0.7234375 0.36875 0.7087483609375 0.36875
1 0.686271890625 0.36875 0.6860669203125 0.3695005125 0.6859375 0.3716328640625 0.6859375 0.39323943125 0.689930153125 0.416668190625 0.6961382125 0.4203125 0.6972643828124999 0.4203125 0.7016731453125 0.41514294375 0.70625 0.376278271875 0.70625 0.3761558390625 0.7050983437499999 0.36875 0.686271890625 0.36875
1 1 0.36875 0.9940977156249999 0.36875 0.9916489281249999 0.3809997734375 0.9918913453125 0.40183310937499994 0.9968757531249999 0.4265625 1 0.4265625 1 0.36875
1 0.959646790625 0.36875 0.9578125 0.3835368328125 0.9578125 0.3930969703125 0.9609397796875001 0.4163141171875 0.9625936625 0.41875 0.9724870296875 0.41875 0.978125 0.390797690625 0.978125 0.3851063609375 0.9776207609374999 0.36918734375 0.9775277546875 0.36875 0.959646790625 0.36875
1 0.708427196875 0.60670111875 0.700898528125 0.5840152765625 0.689114496875 0.5781983937499999 0.678515625 0.578125 0.669921875 0.5878472218749999 0.6671875 0.5982638890625 0.6635824390625 0.611354609375 0.6635824390625 0.6293869437499999 0.6668557671875 0.645674196875 0.6734375 0.6579861109375 0.686328125 0.6614583328125001 0.6989345078125 0.6532361390625001 0.7058085328124999 0.6427657859375 0.7077725078125 0.627060196875 0.708427196875 0.60670111875
1 0.5352186046874999 0.36875 0.53515625 0.369097221875 0.53515625 0.39409722187499996 0.53984375 0.41631944374999996 0.541796875 0.42118055625000006 0.551171875 0.41840277812500004 0.5567888859375 0.39533453281250003 0.5578125 0.37743055625 0.5563898671875 0.36875 0.5352186046874999 0.36875
1 0.5059618609375 0.36875 0.503125 0.381597221875 0.50390625 0.40520833281249996 0.50625 0.41631944374999996 0.510546875 0.42534722187499996 0.516015625 0.42534722187499996 0.521484375 0.42256944374999994 0.52578125 0.409375 0.52734375 0.3760416671875 0.5259419546874999 0.36875 0.5059618609375 0.36875
1 0.47395302812499995 0.36875 0.4729422890625 0.375814790625 0.4718653875 0.39074165625 0.4734375 0.412152778125 0.477734375 0.430902778125 0.489453125 0.430902778125 0.49609375 0.412152778125 0.49609375 0.39131944375 0.49383410625 0.37275288125 0.49298255781249994 0.36875 0.47395302812499995 0.36875
1 0.3796875 0.36875 0.3796875 0.41493055625 0.380859375 0.41701388906250003 0.389453125 0.41701388906250003 0.3921875 0.41493055625 0.39453125 0.40520833281249996 0.3981304109375 0.3961000109375 0.399422684375 0.38040766875 0.3974686078125 0.36875 0.3796875 0.36875
1 0.41907175468749996 0.36875 0.4188068546875 0.370456434375 0.417729965625 0.38844520937500004 0.41875 0.40659722187499997 0.424609375 0.430902778125 0.435546875 0.430902778125 0.43828125 0.42604166718750003 0.43984375 0.41493055625 0.4405602 0.40184110625 0.43862178125 0.379259453125 0.43730756406250004 0.36875 0.41907175468749996 0.36875
1 0.3986294140625 0.36875 0.3983023796875 0.40712203281250003 0.4006461296875 0.41962203281250005 0.4041617546875 0.4258720328125 0.4135367546875 0.4258720328125 0.4178336296875 0.41823314375000004 0.417071046875 0.36875 0.3986294140625 0.36875