1 0.25539611406249996 0.24722129218750002 0.2516984125 0.1320117125 0.2442207171875 0.11584626718749999 0.23604427499999997 0.108674503125 0.2246894671875 0.11527796406249999 0.2182502390625 0.13381201250000002 0.2209239953125 0.169945853125 0.22692168750000002 0.1950822453125 0.2302505375 0.24371609218749998 0.2197352546875 0.296107421875 0.2171875 0.334052340625 0.2171875 0.348944340625 0.2194878578125 0.380693253125 0.2327740171875 0.44071099374999995 0.242252953125 0.465625 0.26847524843750004 0.465625 0.26847524843750004 0.2925732921875 0.25539611406249996 0.24722129218750002
1 0.169287109375 0.362178559375 0.164599609375 0.32298928125000004 0.146630859375 0.251004459375 0.146630859375 0.194060015625 0.152099609375 0.1555215796875 0.150537109375 0.127643671875 0.143896484375 0.11124589843749999 0.134695471875 0.105544596875 0.1289181078125 0.105544596875 0.122021484375 0.11123297343750001 0.115380859375 0.1281685359375 0.120849609375 0.24796343125 0.1046875 0.31092314062500004 0.1046875 0.41167019375 0.115380859375 0.476779646875 0.12181392499999999 0.4859375 0.15218109062500002 0.4859375 0.154443359375 0.4820606609375 0.166162109375 0.41892274374999994 0.169287109375 0.362178559375
1 0.1027551359375 0.4197189578125 0.10078861718750001 0.3502472390625 0.103671209375 0.3086351203125 0.087658353125 0.24169571875 0.0909828203125 0.14176390156250002 0.0834437796875 0.12149546250000001 0.074028378125 0.114387378125 0.0612145171875 0.1273568171875 0.0574052328125 0.1439553 0.064253175 0.24684216874999998 0.05 0.3122515375 0.05 0.3521158625 0.053528303124999996 0.41747095312500004 0.06156705312500001 0.456496209375 0.068873840625 0.4625 0.0786971921875 0.4625 0.094009128125 0.46053435625 0.1027551359375 0.4197189578125
1 0 0.5171875 0.0026679359375 0.5171875 0.0131191078125 0.50888940625 0.032601476562499995 0.41550654218750005 0.033629734375 0.330875240625 0.01916709375 0.2577005390625 0.031997157812499996 0.131184365625 0.026448596875 0.1125889265625 0.0150268171875 0.10106522031250001 0.0118209234375 0.10252684375000001 0.0014485968749999999 0.11317080937499999 0 0.1162564671875 0 0.5171875
1 0.5172616031249999 0 0.501048778125 0.1071182296875 0.4910883375 0.204826890625 0.4896520609375 0.2667275359375 0.4930229609375 0.311202290625 0.5121191875 0.39773773281249997 0.5274692546875 0.44256104531249996 0.539862528125 0.4706570734375 0.5802449703125 0.5416328859374999 0.59669490625 0.55782826875 0.6034012125 0.559375 0.62885095625 0.559375 0.6434113765625 0.5462443828125 0.6687162015625 0.491357725 0.6687162015625 0.0971187703125 0.6438217171874999 0.0132740171875 0.6408436281250001 0 0.5172616031249999 0
1 0.8029443468749999 0 0.802018225 0.0050296375 0.7916015609375 0.0367695140625 0.7905598953125 0.052443501562499995 0.786393225 0.0679172296875 0.784375 0.0923910515625 0.784375 0.183261003125 0.7905598953125 0.2681842421875 0.7986328109375 0.2867571328125 0.8164199312499999 0.2984375 0.8285069468749999 0.2984375 0.8387369750000001 0.29303083124999996 0.8764973921875001 0.22461729218749998 0.8931640609375 0.1775371953125 0.9009765609375 0.1465563609375 0.9077473921875001 0.10347173750000001 0.9087890609375 0.0331681203125 0.9053338453125 0 0.8029443468749999 0
1 0.9046875 0 0.9046875 0.1625 0.9085964734375 0.1625 0.9104472203124999 0.16049524375 0.9423649890625001 0.0991864171875 0.9512205968749999 0.072164846875 0.9639931265625 0.013613312499999999 0.9650799828124998 0 0.9046875 0
1 0.059817701562500006 0.559375 0.0540008046875 0.58365635625 0.0484375 0.68523643125 0.0484375 0.6937483578125 0.071098828125 0.8363460203124999 0.1177777546875 0.946875 0.1664570015625 0.946875 0.20777582187500002 0.943258490625 0.2123164546875 0.9144443687500001 0.2123164546875 0.57138653125 0.2084872046875 0.559375 0.059817701562500006 0.559375
1 0.409375 0.559375 0.3163025265625 0.559375 0.335238821875 0.6400428515625001 0.335238821875 0.73798099375 0.312072796875 0.83958923125 0.323655809375 0.8712593390624999 0.3908165765625 0.878125 0.3912359578125 0.878125 0.409375 0.8181694281249999 0.409375 0.559375
1 0.1986996296875 0.559375 0.2160757921875 0.638714715625 0.20180133906250003 0.8394760671875 0.21377420625000002 0.90668855625 0.236249553125 0.9078125 0.29372782656249996 0.9078125 0.333688678125 0.7640557375 0.333688678125 0.6676494421875 0.3316959859375 0.6046540625000001 0.31985742500000003 0.559375 0.1986996296875 0.559375
1 0 0.559375 0 0.909375 0.039772671875 0.909375 0.039772671875 0.559375 0 0.559375
2 1 0.5799580765625 0.409375 0.5799580765625 0.409375 0.680052159375 0.40982674531249996 0.6886719671874999 0.4145821953125 0.7049893296875 0.47713071874999996 0.707733821875 0.484289759375 0.715338240625 0.5313103328125 0.7194799406250001 0.8269495640625 0.7243841078125 0.9711783484375001 0.73274105 1 0.7334651984375 1 0.5799580765625