1 0.0049649265625 0 0 0.022433346875 0 0.1736544734375 0.0033521390625 0.19072200625 0.008678117187499999 0.2015625 0.0344682953125 0.2015625 0.0376840421875 0.19682944687499998 0.0415022625 0.1822695703125 0.0484375 0.14047808281250002 0.0484375 0.049885318750000004 0.0360424640625 0 0.0049649265625 0
1 0.09317021875 0 0.093247421875 0.00145843125 0.089249559375 0.03125175 0.0810850296875 0.06119057343749999 0.0770009625 0.08728019375 0.0760813921875 0.13735294375 0.079526053125 0.1733731140625 0.0962896609375 0.2441419609375 0.10549386406250001 0.2578125 0.1169546046875 0.2578125 0.126007684375 0.2556143453125 0.1338327625 0.24468428593749997 0.1390625 0.21221184218750003 0.1390625 0.065370334375 0.12243563906249999 0.001365834375 0.1224038484375 0 0.09317021875 0
1 0.17720895625 0 0.17327634375 0.020962684375000002 0.17028464062499998 0.0669830890625 0.1764494375 0.1170679796875 0.1826568375 0.1422377578125 0.194089059375 0.180540278125 0.19680365 0.1859375 0.2015625 0.1859375 0.2015625 0 0.17720895625 0
0 0.5553477390625 0 0.55363445625 0.015468812500000002 0.5590748171875 0.04587881875 0.5755579234375 0.0771682921875 0.5766846578125 0.078125 0.6004727671875 0.078125 0.6140625 0.0636708703125 0.6140625 0 0.5553477390625 0
1 0.08988253125 0.8033131859375 0.0984973828125 0.8546875 0.11823282187499999 0.8546875 0.1194921140625 0.85116574375 0.1265625 0.8177236359375 0.1265625 0.7412824890625 0.119078771875 0.70750154375 0.122013259375 0.634499078125 0.1182309125 0.623577778125 0.108378175 0.619182090625 0.10282861875 0.625744121875 0.10010593593749999 0.6357472062499999 0.1018697234375 0.7081515296875001 0.09036119375 0.7564607765625 0.08988253125 0.76930356875 0.08988253125 0.8033131859375
1 0.17465526874999998 0.7576008546875 0.1765625 0.75436206875 0.1765625 0.6283343046875001 0.1757401171875 0.6250479453125 0.1697811515625 0.61875 0.1649504515625 0.61875 0.160257003125 0.6204918953125 0.15510074375 0.6341087953125 0.1588866203125 0.7071841921875001 0.151307578125 0.7398826062499999 0.14776589375 0.7668799609375 0.1491487734375 0.8038988078125 0.1571418625 0.8375 0.157286046875 0.8375 0.162909559375 0.7904447734375 0.17465526874999998 0.7576008546875
1 0.21875 0.6194512 0.21414617656249998 0.6181219390624999 0.20872345937499998 0.6248223296875001 0.20680778437499997 0.639509809375 0.21363633593750003 0.6850075140625 0.21545031875 0.707229734375 0.214624828125 0.725 0.21875 0.725 0.21875 0.6194512
0 0.21875 0.726987425 0.1971196078125 0.728559025 0.1834673140625 0.7368923609375 0.1768260328125 0.7489293953124999 0.1698595625 0.754947915625 0.1588006625 0.7771701375 0.151024165625 0.7982301734374999 0.151024165625 0.9079027140625 0.1592583359375 0.92578125 0.1734099234375 0.9452256953125 0.1855807 0.95 0.21622848125 0.95 0.21875 0.9493717046875 0.21875 0.726987425
1 0.674720746875 0.6203125 0.67597958125 0.61820616875 0.678125 0.6067318640625 0.678125 0.5425781453124999 0.6739535437499999 0.5235432046875 0.6756991390625 0.47431959218749997 0.6717120828125 0.48099088749999996 0.6635655218750001 0.47555615625000003 0.6629837203125 0.5255561562500001 0.65460135 0.5610342125 0.65460135 0.5715451593750001 0.6587597609375 0.619782078125 0.6590408921875001 0.6203125 0.674720746875 0.6203125
1 0.6995406296875 0.6013470328125 0.70555346875 0.6296875 0.721875 0.6296875 0.721875 0.547326978125 0.7191796765625 0.538110421875 0.7211732390625001 0.4893901859375 0.7181317609375 0.4762912265625 0.7122224312500001 0.47475725 0.7082074703125001 0.47475725 0.70382410625 0.4830459421875 0.7065826953125 0.5343802656250001 0.6988617671874999 0.5721803671875 0.6995406296875 0.6013470328125
1 0.30625 0.5171737953125 0.30438538125000003 0.47710871718750003 0.28987556875 0.47582535468750004 0.29528660156250003 0.5182660484375 0.289640575 0.5540269906249999 0.2912401796875 0.583161825 0.29864865625000003 0.6166861609375001 0.2999482484375 0.61875 0.30625 0.61875 0.30625 0.5171737953125
1 0.3230647296875 0.5896055265625 0.3347105453125 0.62948304375 0.3410280234375 0.63125 0.3421875 0.63125 0.3421875 0.5417345953125 0.3390622375 0.531715015625 0.33772245624999997 0.48299473906249996 0.33440924375000003 0.475483209375 0.334200790625 0.47545622343750005 0.3259361515625 0.47545622343750005 0.32131620625 0.4837588734375 0.3279142484375 0.529446659375 0.32201229062500003 0.5757166375 0.3230647296875 0.5896055265625
1 0.347413115625 0.634291940625 0.34751826875 0.634901909375 0.34822195 0.6359375 0.362318953125 0.6359375 0.3724436046875 0.602821109375 0.3734375 0.5897723796875 0.3734375 0.56899568125 0.3717433484375 0.5566083921875 0.3662383453125 0.5348200953125 0.370934709375 0.5116993421875 0.3706518328125 0.4910848546875 0.3633976125 0.48670930312500005 0.3570094109375 0.490427934375 0.353010603125 0.5140125109375 0.35426083906250005 0.5404438296875 0.347413115625 0.5663838265625 0.347413115625 0.634291940625
1 0.4078125 0.6471152109375 0.4078125 0.5690184265625 0.404862821875 0.5580751265625 0.40235925312500004 0.522044990625 0.39985275312499996 0.49781801875 0.39313673437499996 0.49375 0.3930196421875 0.49375 0.38884105937499996 0.49743823750000005 0.38852821875 0.5182630640625 0.392882346875 0.5459401875000001 0.38510788125 0.59221016875 0.3859324 0.6158212796875 0.3924681734375 0.6461221234375 0.3965284265625 0.6515625 0.40161397968749996 0.6515625 0.405162178125 0.6510954828125 0.4078125 0.6471152109375
1 0.474762246875 0.5191029375 0.478125 0.4995688140625 0.478125 0.47383516875 0.47110325781249995 0.47261379375 0.46544660625 0.48167111562500003 0.4653674609375 0.5316529359375 0.45897163125 0.5502040046875 0.45897163125 0.628125 0.4710910515625001 0.628125 0.4756522171875 0.6148953640625 0.478125 0.5998571484375 0.478125 0.5453470859375 0.474762246875 0.5191029375
1 0.515625 0.5345290328125 0.513007003125 0.5210937484375 0.515625 0.5028910343749999 0.515625 0.4747672859375 0.506999040625 0.4734375 0.505272778125 0.4734375 0.5025663312499999 0.492481915625 0.5037372515625 0.5197048609375 0.49786160000000007 0.5353525328125001 0.49786160000000007 0.6203152125 0.501545390625 0.621875 0.5037100984375 0.621875 0.5096514390625 0.6169270828125001 0.5128371375 0.605815971875 0.515625 0.587024278125 0.515625 0.5345290328125
1 0.4217364437500001 0.5810608953124999 0.420752203125 0.5939834453125 0.4231965546875 0.6102275609375 0.43012172031250007 0.640625 0.44430550156250004 0.640625 0.4453125 0.6387575078125 0.4453125 0.5494475328125 0.44182806406249997 0.538005340625 0.4417918578125001 0.5040809968750001 0.44192371406250003 0.48757431406249996 0.4351254703125 0.483722753125 0.431009909375 0.484272975 0.4266341265625 0.4893942296875 0.4274997734375 0.5152688609375 0.4301416390625 0.5393942296875001 0.4245825109375 0.5613592859375001 0.4217364437500001 0.5810608953124999
1 0.3988921484375 0.5913938859375 0.39385742968750004 0.6254340625 0.39349336562500004 0.6295953359375 0.39349336562500004 0.6328125 0.3937991953125 0.6328125 0.40125639531249996 0.61138443125 0.403125 0.60149255625 0.403125 0.547202890625 0.40113210156250007 0.5305307499999999 0.403125 0.515668340625 0.403125 0.47546524375 0.40018398125 0.47546524375 0.395765175 0.47637237656250003 0.39349336562500004 0.4864697640625 0.39349336562500004 0.48999575625 0.39687428750000003 0.4969234109375 0.3977928296875 0.512869790625 0.39494895156250004 0.5394985562500001 0.3953740453125 0.55227008125 0.3969866890625 0.5690978250000001 0.3988921484375 0.5913938859375
0 0.423828125 0.7189236109375 0.409765625 0.7286458328125001 0.40390625 0.7390625 0.3984375 0.7585069437499999 0.39765625 0.7821180562500001 0.40234375 0.8015625 0.412890625 0.8189236109374999 0.425390625 0.8286458328125 0.43203125 0.8279513890625001 0.444921875 0.817534721875 0.453125 0.8029513890625001 0.4578125 0.786284721875 0.45859375 0.7654513890625 0.45546875 0.74600694375 0.448046875 0.730034721875 0.437109375 0.7203125 0.423828125 0.7189236109375