1 0.037910096875 0.09024408125 0.036991290625 0.0471612515625 0.0311238375 0.036803673437500004 0.025377784375 0.0486865015625 0.028324607812500003 0.087575390625 0.0234375 0.11611634374999999 0.0234375 0.133338975 0.0257742953125 0.1571107421875 0.030465462500000002 0.171875 0.042969692187500005 0.171875 0.043180590625 0.171478465625 0.043180590625 0.10609775156250001 0.037910096875 0.09024408125
1 0.060640756250000004 0.165625 0.0710897265625 0.165625 0.0710897265625 0.0968670765625 0.0659804203125 0.0800296546875 0.0648095796875 0.037083262500000005 0.0583312625 0.027948940625 0.057690471875 0.027948940625 0.0544203953125 0.028989529687499998 0.0515625 0.034776996875 0.0515625 0.0472839859375 0.0566054203125 0.0795930078125 0.0515625 0.11340881249999998 0.0515625 0.12269218281250001 0.053000128125000004 0.14030385781250002 0.05524287343749999 0.148709965625 0.060640756250000004 0.165625
1 0.0991019375 0.1609375 0.10055089843750001 0.1590982546875 0.10055089843750001 0.091385403125 0.0948693171875 0.07371803125000001 0.09470536562500001 0.030785304687499997 0.09160697031250001 0.024392003125 0.0830132203125 0.023941621875 0.0828125 0.0244587328125 0.0828125 0.049358275 0.0854943171875 0.0732267078125 0.0828125 0.0859275625 0.0828125 0.13993330312500002 0.08627989375 0.153577546875 0.0900655421875 0.1609375 0.0991019375 0.1609375
1 0.1267961859375 0.15 0.1267961859375 0.0827809078125 0.12174281093749999 0.0670849765625 0.12186146093750001 0.0322262453125 0.1194188125 0.024701114062499998 0.1109375 0.0257190203125 0.1109375 0.05323347656250001 0.11227880781249999 0.0662421203125 0.1109375 0.07468674843749999 0.1109375 0.13543541875 0.1144050453125 0.148368575 0.11546189375 0.15 0.1267961859375 0.15
1 0.025932764062500002 0.02266086875 0.0196827640625 0.0229155375 0.014648957812499998 0.032118396874999997 0.014712859375000002 0.0694910640625 0.0109375 0.0811803546875 0.0109375 0.115640575 0.0184809984375 0.0901015640625 0.022436721875000003 0.0511808421875 0.024679465625 0.0427838390625 0.0282579609375 0.0371009515625 0.028938206249999997 0.0287676171875 0.025932764062500002 0.02266086875
1 0.0538405015625 0.023096695312500002 0.047240796875000005 0.023096695312500002 0.045537206250000004 0.02433104375 0.0444325140625 0.031266396875000005 0.04547750625 0.042395689062500005 0.0443131125 0.0673956890625 0.040625 0.0804871453125 0.040625 0.1167875375 0.0501102921875 0.0771906375 0.05035907187500001 0.0382835671875 0.0542304828125 0.0306855859375 0.057843140625 0.028643160937500002 0.0584601765625 0.02378659375 0.0538405015625 0.023096695312500002
1 0.2891411859375 0.0235315609375 0.2876425875 0.06096789375 0.2875 0.0614234234375 0.2875 0.1484375 0.292356940625 0.1484375 0.2999550046875 0.11998977968749999 0.3021091125 0.0936008890625 0.2979122109375 0.05916516875 0.303418065625 0.02987116875 0.302201871875 0.020922975 0.2891411859375 0.0235315609375
1 0.3448908296875 0.10475260312500001 0.33763592187499997 0.072808159375 0.3415367015625 0.028363715625 0.3366161578125 0.0193359375 0.32598443125 0.0241970484375 0.3275524015625 0.0686414921875 0.321875 0.088459509375 0.321875 0.1499152109375 0.32292432656250003 0.154752603125 0.32416161875 0.15625 0.3374774515625 0.15625 0.33774383281250003 0.1561414921875 0.344430209375 0.1311414921875 0.3448908296875 0.10475260312500001
1 0.359375 0.0190166703125 0.3585130421875 0.0190166703125 0.3530500484375 0.019607159375 0.3515625 0.0227329875 0.3515625 0.1144277625 0.35256541874999997 0.106678846875 0.359375 0.08549638125 0.359375 0.0190166703125
0 0.2001816640625 0.345316796875 0.201391471875 0.34063322500000004 0.201391471875 0.293456578125 0.194723209375 0.27756369062499997 0.18322123125 0.267000540625 0.177574471875 0.2639361578125 0.1673592453125 0.26353563125 0.1652594640625 0.26353563125 0.157014746875 0.2711640140625 0.15 0.2952771171875 0.15 0.3067923921875 0.150408765625 0.319957775 0.15529405937500002 0.335440271875 0.168001746875 0.35756173125 0.1685872796875 0.3578125 0.19207354375000002 0.3578125 0.2001816640625 0.345316796875
2 1 0.4125986828125 0.5618561734374999 0.46864214375 0.5195878671875 0.4790303234375 0.382836796875 0.4929683546875 0.359375 0.4986646171875 0.359375 0.6296875 0.6797760125 0.6296875 0.7465870984375 0.6242337578125 1 0.5831665515625 1 0.4125986828125
1 0 0.6296875 0 0.8171875 0.024248134375 0.8171875 0.049301465625 0.7991339203125 0.0562872328125 0.7576944593749999 0.0725124375 0.746575796875 0.0864390203125 0.7150409203125 0.09845757656250001 0.6579351984375 0.09908850625 0.6296875 0 0.6296875
1 0.37115718593749997 0.6296875 0.394090025 0.671921503125 0.41277009218750005 0.7326953703125 0.4144043703125 0.7749010515625 0.402094546875 0.818832865625 0.359375 0.864593275 0.359375 1 0.9485710796875001 1 0.9485710796875001 0.9644874265624999 0.8730358546874999 0.8938926687500001 0.7742063453125 0.8176307078124999 0.743855071875 0.7679397906250001 0.737273184375 0.742994334375 0.738527109375 0.6976272906250001 0.7500081375000001 0.6427579765625 0.7547597109374999 0.6296875 0.37115718593749997 0.6296875