1 0.078518546875 0.8563307703125 0.077695834375 0.86285781875 0.08046612343750001 0.86875 0.105962959375 0.86875 0.11144384843749999 0.8677435499999999 0.1125 0.8659241921875 0.1125 0.8524288484374999 0.10404407499999999 0.8524288484374999 0.078518546875 0.8563307703125
1 0.13229166718750002 0.718634259375 0.1317708328125 0.6991898140625 0.128125 0.675115740625 0.1140625 0.625115740625 0.11041666718750001 0.6019675921875 0.109375 0.5473379625 0.1135416671875 0.50289351875 0.1125 0.4704861109375 0.1049479171875 0.45335648125 0.0986979171875 0.4487268515625 0.09244791718749999 0.446875 0.08463541718749999 0.4515046296875 0.07864583281250001 0.4612268515625 0.075 0.4760416671875 0.0765625 0.5214120375 0.0822916671875 0.562152778125 0.0817708328125 0.5964120375 0.0614583328125 0.7019675921874999 0.060416667187499995 0.7214120375 0.06171875 0.725578703125 0.065625 0.7269675921875 0.12734375 0.7228009265625 0.13229166718750002 0.718634259375
1 0.15 0.8612268515625001 0.1520833328125 0.8760416671875 0.1580729171875 0.894097221875 0.1854166671875 0.8964120375 0.19192708281249998 0.894097221875 0.19583333281249998 0.8853009265625001 0.20052083281250002 0.863078703125 0.19869791718750002 0.856134259375 0.1510416671875 0.855671296875 0.15 0.8612268515625001
1 0.19375 0.6510416671874999 0.1895833328125 0.6269675921875 0.1895833328125 0.568634259375 0.1932291671875 0.5325231484375 0.1932291671875 0.49918981406250007 0.1911458328125 0.48807870312499996 0.1861979171875 0.47743055625 0.17578125 0.46909722187499997 0.16640625 0.471875 0.1591145828125 0.48020833281249997 0.1536458328125 0.5010416671875 0.1541666671875 0.52881944375 0.1588541671875 0.575115740625 0.159375 0.6297453703125 0.14010416718750002 0.713078703125 0.14140625 0.721875 0.1520833328125 0.7214120375 0.2049479171875 0.719097221875 0.2078125 0.71585648125 0.20572916718749998 0.6945601859374999 0.19375 0.6510416671874999
1 0.4674479171875 0.856134259375 0.41640625 0.8552083328125001 0.4145833328125 0.859375 0.415625 0.868634259375 0.42604166718750003 0.9140046296875 0.43255208281249996 0.9209490734374999 0.45208333281249996 0.9214120375 0.46119791718750003 0.919097221875 0.4640625 0.9121527781250001 0.47291666718750003 0.8612268515625001 0.4674479171875 0.856134259375
1 0.45546875 0.49594907343749994 0.4486979171875 0.49039351875000003 0.4408854171875 0.49039351875000003 0.4309895828125 0.49872685156249996 0.4244791671875 0.518634259375 0.4244791671875 0.5547453703125 0.4302083328125 0.6232638890625 0.4296875 0.6519675921875 0.415625 0.7084490734375001 0.415625 0.71493055625 0.45885416718750005 0.7167824078125 0.46588541718750004 0.71539351875 0.46666666718750005 0.712152778125 0.4583333328125 0.631597221875 0.4635416671875 0.568634259375 0.4640625 0.5223379625 0.46302083281249995 0.5130787031249999 0.45546875 0.49594907343749994
1 0.5036458328125 0.7112268515625 0.5005208328124999 0.684375 0.4838541671875 0.612152778125 0.48125 0.5890046296875 0.48072916718750003 0.563078703125 0.48645833281249995 0.50381944375 0.4859375 0.4704861109375 0.4828125 0.45844907343749997 0.47682291718750003 0.4487268515625 0.46901041718750003 0.444097221875 0.46171875 0.4450231484375 0.45104166718750005 0.45844907343749997 0.44739583281249995 0.481597221875 0.44895833281249997 0.49085648125 0.4609375 0.506597221875 0.4635416671875 0.5260416671875 0.4625 0.5760416671875 0.4578125 0.6177083328124999 0.45885416718750005 0.6519675921875 0.4635416671875 0.6945601859374999 0.46302083281249995 0.7140046296875 0.47265625 0.718171296875 0.5015625 0.7195601859374999 0.5036458328125 0.7112268515625
1 0.5609375 0.893634259375 0.5669270828124999 0.8903935187500001 0.5692708328125 0.8853009265625001 0.5739583328125 0.863078703125 0.57265625 0.8552083328125001 0.5255208328125 0.855671296875 0.5244791671875 0.8612268515625001 0.5325520828125 0.8913194437499999 0.5609375 0.893634259375
1 0.5502604171875001 0.46631944374999995 0.54140625 0.4672453703125 0.5307291671875001 0.4797453703125 0.5265625 0.49733796249999995 0.5265625 0.5223379625 0.5317708328124999 0.5677083328125 0.5322916671875 0.6269675921875 0.5171875 0.6927083328125001 0.5135416671875 0.7204861109375 0.5200520828124999 0.7237268515624999 0.5828125 0.725115740625 0.5817708328125 0.706597221875 0.5630208328124999 0.6269675921875 0.5619791671875001 0.5945601859374999 0.5666666671875 0.5140046296875 0.565625 0.49085648125 0.5565104171875 0.4709490734375 0.5502604171875001 0.46631944374999995
1 0.6671875 0.6010416671875001 0.665625 0.5575231484375001 0.6703125 0.5010416671875 0.6703125 0.4704861109375 0.66875 0.4612268515625 0.6627604171875 0.4487268515625 0.6575520828125 0.444097221875 0.64765625 0.443171296875 0.63828125 0.4515046296875 0.6317708328125 0.4704861109375 0.6317708328125 0.5010416671875 0.6380208328125 0.568634259375 0.6369791671875 0.60289351875 0.6192708328125 0.684375 0.6161458328125 0.7214120375 0.61796875 0.7265046296875 0.6864583328125 0.7269675921875 0.6890625 0.7241898140625 0.6890625 0.713078703125 0.6859375 0.6825231484375001 0.6671875 0.6010416671875001
2 0 0.8538194453125 0.006510417187500001 0.8524305562500001 0.060677082812500005 0.8579861109374999 0.10859375 0.8515046296875 0.1216145828125 0.8552083328125001 0.15859375 0.8524305562500001 0.22890625 0.8552083328125001 0.43151041718750005 0.85335648125 0.5213541671875 0.8575231484374999 0.53203125 0.8524305562500001 0.6294270828124999 0.8570601859375 0.6408854171875 0.85335648125 0.6705729171875 0.85335648125 0.6729166671875 0.8482638890625 0.6713541671875001 0.7353009265624999 0.6627604171875 0.7302083328125001 0.5221354171875 0.7292824078125 0.46848958281249997 0.721875 0.41015625 0.7209490734375 0.40234375 0.725578703125 0.39921875 0.7228009265625 0.38619791718749996 0.725578703125 0.3815104171875 0.721875 0.37109375 0.725578703125 0.36796875 0.721875 0.35494791718749996 0.7246527781250001 0.35078125 0.7209490734375 0.33932291718749996 0.7246527781250001 0.3356770828125 0.7209490734375 0.33151041718749996 0.7246527781250001 0.3278645828125 0.7209490734375 0.32421875 0.7237268515624999 0.3111979171875 0.7209490734375 0.30807291718749996 0.7237268515624999 0.29609375 0.7200231484375 0.29244791718749996 0.7228009265625 0.2643229171875 0.7209490734375 0.26119791718749996 0.7237268515624999 0.2565104171875 0.7209490734375 0.2528645828125 0.7237268515624999 0.24921875 0.7209490734375 0.24505208281250002 0.7237268515624999 0.24140625 0.7209490734375 0.2377604171875 0.7246527781250001 0.22421875 0.721875 0.2153645828125 0.725578703125 0.20546875 0.7228009265625 0.1216145828125 0.7292824078125 0 0.72846654375 0 0.8538194453125