1 0.5039942140625 0.5 0.4987508796875 0.48126412968750004 0.49589823906249997 0.43680756406250004 0.4983974796875 0.3831584046875 0.4970392515625 0.349825071875 0.4897176703125 0.329841909375 0.4826450078125 0.322355715625 0.474719321875 0.3194870296875 0.46255887968750004 0.3276749140625 0.4568219 0.34658063906250003 0.45867060000000004 0.391951009375 0.46513134375 0.4355240734375 0.46802171093749995 0.4809065640625 0.4646518109375 0.5 0.5039942140625 0.5
1 0.55156714375 0.5 0.5513631375 0.48651876562499996 0.5455814796875 0.46063526406250005 0.54375078125 0.438431221875 0.552592259375 0.34026489375 0.5515151171875 0.33194065 0.5452119093750001 0.31948155625 0.5376690546875 0.3148973796875 0.531939890625 0.3149307109375 0.5236959578125 0.3223835703125 0.5161339265625 0.340477003125 0.5147133140625 0.373807303125 0.516974003125 0.4154467015625 0.5147089874999999 0.45433559062500006 0.5078125 0.4779359171875 0.5078125 0.5 0.55156714375 0.5
1 0.6118806796875 0.5 0.5966233671875 0.4301908640625 0.6008904234375 0.3322612375 0.59766123125 0.3185985796875 0.5881034296875 0.308469584375 0.5841331296875001 0.308469584375 0.5784765921874999 0.30984362499999996 0.5713322125 0.3190741734375 0.5691411390625001 0.32818775312500004 0.5688394640625 0.354113678125 0.5729882578125001 0.40073775625 0.5731750921875001 0.42947787968749995 0.5625 0.47100865937499997 0.5625 0.5 0.6118806796875 0.5
1 0.30488740000000003 0.5 0.30147434375 0.48653399531249997 0.301781396875 0.43375621718749996 0.3049818125 0.4206477046875 0.307264459375 0.3862914125 0.305874340625 0.35673455781249996 0.302320084375 0.34116362499999997 0.2953507828125 0.3308429625 0.2906740578125 0.329209434375 0.275011346875 0.33641866249999997 0.2657755609375 0.3576765140625 0.2650608 0.39103410625 0.2709444921875 0.45370597031250004 0.2707236296875 0.491668934375 0.26891559531250003 0.5 0.30488740000000003 0.5
1 0.24240120156249997 0.5 0.24240120156249997 0.49386688124999994 0.23260145781250002 0.4649987515625 0.229534590625 0.44181422968749995 0.228597753125 0.3836263984375 0.22608650312499998 0.3549226953125 0.21805432812499997 0.3343340703125 0.21059189687500002 0.3277418109375 0.20068324531249998 0.3277418109375 0.195195559375 0.33122808125000003 0.19375 0.3364179046875 0.19375 0.388025009375 0.2050206390625 0.4464967640625 0.2047657046875 0.47325767656249995 0.2012767921875 0.5 0.24240120156249997 0.5
1 0.1715454109375 0.5 0.1581823375 0.45220280625 0.1570167734375 0.43093681874999995 0.160323234375 0.372497403125 0.15967850156250002 0.35121626093749997 0.15411009375 0.33424575624999997 0.1462652734375 0.328917521875 0.13379759375 0.33483678906250003 0.12840695468750002 0.34842184062500003 0.1285954953125 0.3808292484375 0.13238138593749998 0.4047972390625 0.1337085578125 0.453841003125 0.125465103125 0.5 0.1715454109375 0.5
1 0.41586581406249995 0.5 0.41417197968749997 0.48141195468750003 0.4136644453125 0.436912946875 0.415671503125 0.40160044531250005 0.413296265625 0.36180381875 0.40303885156249997 0.33758507031249996 0.3938828046875 0.33141278281250003 0.3833798859375 0.3299246890625 0.371549996875 0.3391484 0.36707147500000004 0.3662003203125 0.3674529578125 0.39679225156250003 0.37768049531250003 0.448371284375 0.3812495921875 0.5 0.41586581406249995 0.5
1 0.46082354375 0.5 0.46082354375 0.429208284375 0.460699465625 0.42870000781249995 0.45649300000000004 0.3564777859375 0.45780286875 0.3340277296875 0.450456553125 0.3202454640625 0.4423744078125 0.3162993390625 0.43233524218749997 0.3236921625 0.4272894171875 0.3404198859375 0.42885336093750004 0.3672717375 0.43612945625000005 0.4113060796875 0.4374961375 0.44375905312499997 0.4294798609375 0.5 0.46082354375 0.5
1 0.3613934578125 0.5 0.36447643125 0.4501708015625 0.3610753015625 0.40917539375 0.36769378750000004 0.3518740953125 0.3703598421875 0.34362565312500004 0.382398040625 0.3283305796875 0.37585239375 0.32109963750000003 0.3679751484375 0.32170722500000004 0.360165503125 0.3288175203125 0.35258961875 0.3512586484375 0.3528152859375 0.4301958 0.34931323281250004 0.4653385390625 0.3453125 0.47813121406250003 0.3453125 0.5 0.3613934578125 0.5
1 1 0.055241937500000005 0.9970346390625 0.0444092890625 0.986368971875 0.0323632515625 0.9741714640625 0.0323632515625 0.9643029453124999 0.0351703703125 0.9534247656249999 0.062905084375 0.9530045749999999 0.0990161953125 0.9578592 0.1521763875 0.95687336875 0.23689860937499999 0.940625 0.309420696875 0.940625 0.484088371875 0.9440382328125001 0.5 1 0.5 1 0.240728903125 0.9961298031249999 0.22296345781250002 0.9958333875000001 0.181242159375 1 0.132018365625 1 0.055241937500000005
1 0.93569631875 0.4828125 0.9384483328125001 0.4778432515625 0.9358485546875001 0.387711021875 0.906977165625 0.24881596093749997 0.9072842187500001 0.196038184375 0.9147356453125 0.123488475 0.9133589921875 0.09161680625 0.9087765359375 0.0737795734375 0.90142334375 0.0623196984375 0.8826975859375 0.059026326562499995 0.86814345625 0.0770606015625 0.86334283125 0.09672337187499999 0.8693963625000001 0.264451440625 0.8625 0.2977172609375 0.8625 0.33789644375 0.8818062093750001 0.3464899390625 0.9054525265625 0.3766301265625 0.9239116359375 0.4257568328125 0.9292106984374999 0.4546687875 0.9304263265625 0.4828125 0.93569631875 0.4828125
1 0.8514896015625 0.328366009375 0.8669943109375 0.3273230984375 0.8669943109375 0.13296709375 0.864791196875 0.066440175 0.8588192421875 0.0426926515625 0.849461753125 0.0292117484375 0.8223610265625 0.0310346640625 0.815625 0.051158529687499996 0.815625 0.055285484375000006 0.8353102828125 0.21910633750000003 0.8221148140625001 0.3086475078125 0.8206388046875001 0.3362888765625 0.8222503109374999 0.3421875 0.8272889484375 0.3421875 0.8514896015625 0.328366009375
1 0.935882759375 0.3484375 0.956432940625 0.25534828906249996 0.956432940625 0.2313705 0.9441223390625 0.191467196875 0.9422123859375 0.131790440625 0.94656859375 0.074709603125 0.946310021875 0.030265159375 0.9427580359375 0.024117453125 0.9099536171875 0.0264610890625 0.9046875 0.0302932125 0.9046875 0.062960625 0.911420421875 0.07712143437499999 0.9162937703124999 0.1089294859375 0.909844303125 0.209134075 0.911681534375 0.2563108328125 0.9338365390625001 0.3484375 0.935882759375 0.3484375
1 0.7733115265625 0.5 0.7726539812500001 0.4543900515625 0.779894259375 0.408229334375 0.785944221875 0.3931126109375 0.785944221875 0.29570585 0.7697231953125 0.2402556234375 0.766548471875 0.1888940171875 0.7688474828125 0.1206474890625 0.7669715140625 0.0803697109375 0.7550338375 0.0508769046875 0.7445541437500001 0.0442871234375 0.728406646875 0.0504155984375 0.719773071875 0.0750621765625 0.7219028046875 0.1375894578125 0.7326113265624999 0.249898484375 0.71875 0.331610746875 0.71875 0.454154059375 0.7279037265625 0.5 0.7733115265625 0.5
1 0.7219189859374999 0.5 0.7219189859374999 0.44201649062500004 0.7168427562499999 0.38741121562499997 0.7193184453125 0.335543875 0.7219189859374999 0.3194724 0.7219189859374999 0.147767553125 0.718577421875 0.0801468984375 0.7210275875 0.054805145312500005 0.7203804390624999 0.043694034375 0.7164199 0.0363627234375 0.6796875 0.0395763921875 0.6796875 0.10319256875 0.685956559375 0.140235465625 0.6899203421875 0.2082910234375 0.6796875 0.26888226406250004 0.6796875 0.3920766703125 0.6873192078125 0.43326914531250005 0.7058154515624999 0.5 0.7219189859374999 0.5
0 0.93097573125 0.5 0.928125 0.44045138906250003 0.9140625 0.3904513890625 0.897265625 0.360590278125 0.882421875 0.3439236109375 0.848828125 0.32864583281250004 0.816015625 0.3342013890625 0.786328125 0.3619791671875 0.76484375 0.4057291671875 0.7578125 0.43211805625000005 0.753125 0.473784721875 0.7547278359375 0.5 0.93097573125 0.5
1 0.41875 0.5 0.41875 0.5078885125 0.4258033890625 0.5421628921874999 0.4332646109375 0.562379053125 0.44363143281250006 0.5671875 0.44694994218749995 0.5671875 0.453746890625 0.5667820765625 0.459295003125 0.55921136875 0.4610697734375 0.5496043484375 0.4610697734375 0.5 0.41875 0.5
1 0.3265625 0.5 0.3265625 0.6265625 0.3492425734375 0.6265625 0.3543943984375 0.6198505625 0.36856764062499997 0.564231375 0.37301462343749997 0.528106628125 0.3725434453125 0.5 0.3265625 0.5
2 0.6796875 0.7320981765625 0 0.7320981765625 0 0.83700214375 0.029468965625 0.8408314156250001 0.4732512875 0.869083659375 0.6796875 0.8896258328125001 0.6796875 0.7320981765625