1 0.275 0.5390625 0.275 0.5070291296875 0.2555041890625 0.3940132046875 0.25809044375 0.3868774390625 0.259685746875 0.3188856578125 0.2668035328125 0.2712170265625 0.26762281875 0.2254474640625 0.2572862890625 0.2023852875 0.236299071875 0.2023852875 0.2234310765625 0.219360296875 0.2189428109375 0.236345828125 0.21748777968750002 0.27801249375000003 0.220623246875 0.3220743015625 0.21800418906250002 0.3970743 0.195966903125 0.48029354062499996 0.195966903125 0.5390625 0.275 0.5390625
1 0.51875 0.5390625 0.51875 0.1786429640625 0.5128073515625 0.1768650046875 0.50090763125 0.1768650046875 0.4920345484375 0.1847267515625 0.4860812390625 0.2081190328125 0.5015184421875001 0.3633241359375 0.4830157375 0.4663151 0.482135625 0.5137876453125 0.4842481828125 0.5390625 0.51875 0.5390625
1 0.6219285109375 0.5390625 0.6174307140625 0.4735440859375 0.6250767796875 0.388439228125 0.626284071875 0.33155855624999997 0.6182618703125 0.2712764921875 0.5952287796875 0.22814644999999997 0.5814630375000001 0.225752846875 0.5631960765625 0.225752846875 0.5467427781249999 0.23348925625 0.52343438125 0.26516789531249996 0.5208679734375 0.2822015390625 0.5208679734375 0.3092808875 0.5221032171875 0.3144415640625 0.5386064703125 0.31032455468750003 0.5419739765625 0.3031250203125 0.549737975 0.30387617968749997 0.5619253328125 0.3229628171875 0.5610575484375 0.37012126562500003 0.5523936625 0.383985325 0.5314991484375 0.4023100859375 0.5284010171875 0.412949959375 0.5300657515625 0.43220308437500005 0.5352434953125 0.44009000625 0.5364179859375 0.45107357343750004 0.5494835984375 0.46731865937499995 0.5629424515625 0.4946110828125 0.5634192953125 0.5390625 0.6219285109375 0.5390625
1 1 0.5390625 1 0 0.9642580203125 0 0.9306122546874999 0.022966503125000003 0.9194374234375001 0.0383258421875 0.9486206828124999 0.2121743515625 0.9531401015625001 0.2704576203125 0.9519039734374999 0.312374609375 0.9298312484375 0.40862138437500006 0.9250250999999998 0.443794190625 0.921910028125 0.505355884375 0.9240461249999999 0.5386892203125 0.9241065078125 0.5390625 1 0.5390625
1 0.0546875 1 0.0546875 0.874830821875 0.0450044796875 0.8410749109375001 0.0428386703125 0.733830078125 0.035688734374999996 0.714066675 0.0241264203125 0.709790603125 0.0183110734375 0.709790603125 0.009828375 0.7206049562500001 0.0069901734374999995 0.7375219468750001 0.019401240625 0.8455048265624999 0.006930953125 0.9202173625000001 0.00772213125 0.9815287328124999 0.010926128125 1 0.0546875 1
1 0.121875 1 0.121875 0.9694782171874999 0.1190123015625 0.9358226546875 0.10642598437499999 0.875636640625 0.1117059359375 0.7577174953125001 0.10376947031249999 0.73451436875 0.0936617015625 0.7299930375 0.0858007203125 0.7338868859375001 0.076533521875 0.7578787 0.0799766125 0.8649868390625001 0.0612418484375 0.944190571875 0.0612418484375 1 0.121875 1
1 0.47811748749999994 1 0.4796875 0.9901041671874999 0.48203125 0.9289930562500001 0.47421875 0.8776041671874999 0.46171875 0.833159721875 0.46484375 0.713715278125 0.461328125 0.707465278125 0.435546875 0.707465278125 0.43125 0.7178819437499999 0.43125 0.745659721875 0.4375 0.8151041671874999 0.4359375 0.8373263890625001 0.41796875 0.920659721875 0.4171875 0.9651041671874999 0.423135653125 1 0.47811748749999994 1
1 0.389448475 1 0.38984375 0.9970486109374999 0.38984375 0.9442708328125 0.3703125 0.851215278125 0.37421875 0.7359375 0.366015625 0.7157986109375 0.352734375 0.7130208328125 0.346484375 0.7171875 0.3390625 0.7359375 0.34453125 0.8498263890625001 0.328125 0.9220486109374999 0.32421875 0.976215278125 0.3268202046875 1 0.389448475 1
1 0.1324462890625 1 0.1328125 0.9817708328125001 0.1375 0.9498263890625 0.14609375 0.9192708328125001 0.14765625 0.895659721875 0.1328125 0.8317708328125001 0.1307291671875 0.8053047828125 0.13671875 0.713715278125 0.131640625 0.7046875 0.108984375 0.7046875 0.1046875 0.7095486109375 0.10234375 0.7220486109375 0.1109375 0.7470486109375 0.1125 0.7637152781250001 0.1078125 0.8664930562500001 0.1234375 0.9484375 0.12478651874999999 1 0.1324462890625 1
1 0.29397460937500003 1 0.2953125 0.976215278125 0.2921875 0.9303819437499999 0.278125 0.8692708328125001 0.28359375 0.7664930562500001 0.28046875 0.745659721875 0.273828125 0.7352430562500001 0.263671875 0.7296875 0.254296875 0.73663194375 0.24765625 0.7567708328125 0.2515625 0.8720486109374999 0.234375 0.9442708328125 0.2317071140625 1 0.29397460937500003 1
1 0.31356476875 1 0.31796875 0.9595486109374999 0.3171875 0.9248263890625001 0.29765625 0.8289930562500001 0.303125 0.726215278125 0.3015625 0.7123263890625 0.297265625 0.7060763890625 0.271484375 0.7060763890625 0.2671875 0.7276041671875 0.27890625 0.7414930562500001 0.28359375 0.758159721875 0.27890625 0.8678819437499999 0.29453125 0.9484375 0.2953125 0.9998263890625001 0.2952991828125 1 0.31356476875 1
1 0.2206013125 1 0.2234375 0.9526041671875 0.21640625 0.90399305625 0.203125 0.8498263890625001 0.2078125 0.7373263890625 0.200390625 0.7171875 0.187109375 0.7116319437499999 0.175 0.726215278125 0.171875 0.745659721875 0.18203125 0.7623263890625 0.184375 0.7776041671874999 0.1796875 0.8428819437499999 0.18046875 0.8901041671875 0.19375 0.9498263890625 0.1956634 1 0.2206013125 1
1 0.19552734375 1 0.19375 0.9526041671875 0.1796875 0.8887152781250001 0.18359375 0.770659721875 0.1796875 0.758159721875 0.170703125 0.7463541671874999 0.155859375 0.7519097218749999 0.1484375 0.770659721875 0.153125 0.8859375 0.1359375 0.9609375 0.1328125 0.9914930562500001 0.1329575046875 1 0.19552734375 1