1 0.26526360625 0.409375 0.2661392125 0.40390043750000004 0.26561653281250003 0.35943325625 0.2533831828125 0.3132362140625 0.2554385828125 0.2285594546875 0.24733405937500003 0.2151624265625 0.24697660937500002 0.2151624265625 0.23714789375 0.21621969531250002 0.2304143421875 0.231998696875 0.2330383625 0.3182007359375 0.2234375 0.364375134375 0.2234375 0.409375 0.26526360625 0.409375
1 0.298761759375 0.258875625 0.30738522343749997 0.185014190625 0.3023713875 0.17219523125 0.2929963875 0.17279600781249999 0.2872507328125 0.183538096875 0.2840070140625 0.2584379671875 0.28125 0.26585762968750004 0.28125 0.38125 0.287336846875 0.38125 0.28980203125 0.38047850156249996 0.2955476859375 0.3697364125 0.303755775 0.3387803375 0.30718735937499997 0.3095135421875 0.30541720625 0.27643053281249996 0.298761759375 0.258875625
1 0.40996999843750004 1 0.4084505328125 0.9739633734375002 0.40133663437499995 0.943195653125 0.403759340625 0.8849229375000001 0.40145599218749994 0.8779102968749999 0.3973000984375 0.8759372078125001 0.389992271875 0.87850281875 0.3876027328125 0.8863049953125 0.3883104125 0.9437427109375001 0.3828125 0.9635902062499999 0.3828125 1 0.40996999843750004 1
1 0.36808743593750004 1 0.368309971875 0.996527365625 0.36070848125 0.9370764656249999 0.3669650984375 0.8961020874999999 0.36681347343750004 0.8822799546875 0.36479607187499996 0.8773375546875 0.3577417484375 0.8741011203125 0.3522367359375 0.8790645187500001 0.348808459375 0.8880443859374999 0.3474503046875 0.94161458125 0.3453125 0.9494929124999999 0.3453125 1 0.36808743593750004 1
1 0.333547359375 1 0.333547359375 0.9834823171875 0.32635217656250004 0.9546210359374999 0.3244233078125 0.93883483125 0.326341440625 0.8870739078125001 0.32460653281249996 0.8796210359375 0.31845531562499996 0.872502309375 0.308667240625 0.8768440015625 0.305637415625 0.8920232734375 0.3089060640625 0.9430098203124999 0.3076668296875 0.95685324375 0.303125 0.9714043374999999 0.303125 1 0.333547359375 1
1 0.29266414687500003 1 0.29266414687500003 0.96904029375 0.2896331484375 0.9568346218750001 0.2862114671875 0.951986471875 0.2845434421875 0.8855019046875 0.2787351515625 0.8717299875 0.27409730625 0.8694104765624999 0.2699846625 0.8694104765624999 0.26825915 0.8700756578124998 0.265625 0.8745941406250001 0.265625 0.915235159375 0.2694854640625 0.9498951 0.265625 0.9724665937499999 0.265625 1 0.29266414687500003 1
1 0.24201770156250002 1 0.2416666671875 0.992303240625 0.23177083281250002 0.9441550921874999 0.2338541671875 0.8802662031249999 0.22734375 0.8714699078125001 0.22005208281250002 0.873321759375 0.215625 0.8821180562500001 0.21510416718749997 0.8997106484374999 0.2182291671875 0.9367476859374999 0.206863515625 1 0.24201770156250002 1
1 0.20363033125 1 0.2036458328125 0.9997106484374999 0.2015625 0.980266203125 0.1932291671875 0.9432291671874999 0.1953125 0.8811921296874999 0.19140625 0.873321759375 0.1856770828125 0.8714699078125001 0.178125 0.8802662031249999 0.1770833328125 0.8876736109374999 0.17916666718750002 0.9071180562500001 0.17916666718750002 0.9432291671874999 0.17135416718750002 0.9756365734374999 0.1692708328125 0.9932291671875 0.1692708328125 1 0.20363033125 1
1 0.16816057499999998 1 0.1677083328125 0.9774884265625001 0.1588541671875 0.93211805625 0.1619791671875 0.885821759375 0.159375 0.8765625 0.1549479171875 0.8723958328125001 0.1497395828125 0.873321759375 0.1453125 0.8802662031249999 0.1463541671875 0.935821759375 0.1369791671875 0.9885995375000001 0.1372356765625 1 0.16816057499999998 1
1 0.24870216250000002 1 0.24895833281250002 0.9895254625 0.246875 0.97008101875 0.2401041671875 0.9404513890625001 0.2421875 0.8904513890625001 0.2388020828125 0.8760995375 0.23203125 0.873321759375 0.234375 0.8867476859375 0.234375 0.9089699078125001 0.23177083281250002 0.92008101875 0.23177083281250002 0.9450810187500001 0.2416666671875 0.9932291671875 0.24192634375000002 1 0.24870216250000002 1
1 1 0.8033012171875 0.9932289781249999 0.810880303125 0.9932289781249999 0.8275469687499999 0.9945885984375 0.8887036687500001 0.9831321031249999 0.9313092796875001 0.9925055640625 0.9887338937500001 1 0.9893134140625002 1 0.8033012171875
1 0.6005326703125 1 0.60078125 0.9993055562500001 0.60546875 0.94930555625 0.60234375 0.92569444375 0.59375 0.90069444375 0.5953125 0.85625 0.591796875 0.85 0.582421875 0.85 0.578125 0.8534722218749999 0.58046875 0.90069444375 0.57421875 0.934027778125 0.5734375 0.9576388890625 0.5811239921875 1 0.6005326703125 1
1 0.626953125 0.852777778125 0.619140625 0.852777778125 0.61640625 0.8576388890625001 0.6171875 0.871527778125 0.61015625 0.9131944437499999 0.61328125 0.94375 0.61796875 0.96319444375 0.621875 0.9673611109374999 0.630078125 0.9680555562500001 0.634375 0.9618055562500001 0.6390625 0.9229166671875 0.63828125 0.90625 0.626953125 0.852777778125
1 0.665625 0.890972221875 0.6578125 0.8534722218749999 0.655078125 0.8486111109374999 0.646484375 0.8486111109374999 0.640625 0.8729166671874999 0.63984375 0.8965277781250001 0.64609375 0.928472221875 0.65390625 0.9354166671874999 0.66171875 0.928472221875 0.665625 0.890972221875
1 0.55 0.9455662390625001 0.55703125 0.971527778125 0.562890625 0.9708333328125001 0.56640625 0.9618055562500001 0.5703125 0.91875 0.56015625 0.8743055562500001 0.56015625 0.8604166671875 0.55 0.8570730453125 0.55 0.9455662390625001