1 0.4278226421875 0 0.43256695624999997 0.024368334375 0.436676134375 0.0869867328125 0.425216909375 0.14981002968749998 0.42597471562500006 0.2066360765625 0.4370585546875 0.2683983828125 0.454052834375 0.3223009515625 0.46045422656249996 0.3296875 0.48660650937499994 0.3296875 0.4906754828125 0.32547238749999996 0.4906754828125 0.14632826875 0.4705418 0.077091515625 0.46459820625 0.0267955171875 0.4639917484375 0 0.4278226421875 0
1 0.294576203125 0 0.29791424843750003 0.0252264109375 0.2991318515625 0.06274914375 0.2890625 0.119693246875 0.2890625 0.1777853875 0.2971326203125 0.226524371875 0.31013361875 0.2699436421875 0.3169585171875 0.2796875 0.3386837921875 0.2796875 0.3460872765625 0.27237820468749996 0.3534311046875 0.23232774687500002 0.3539462625 0.22187022031249998 0.3539462625 0.16269985468749998 0.34984294375 0.1253151078125 0.327924971875 0.05386800781249999 0.3253549671875 0.0343553671875 0.32445364374999996 0 0.294576203125 0
1 0.190399546875 0 0.1942545140625 0.02620698125 0.18571460312500002 0.0950005859375 0.1868460375 0.143611696875 0.1896746890625 0.16459522499999998 0.20753564375 0.2281465828125 0.21588017499999998 0.2359375 0.23622462500000002 0.2359375 0.24361208125 0.22158563281250002 0.24361208125 0.1021385953125 0.2375411234375 0.0761327015625 0.219286840625 0.02919794375 0.21759719375 0 0.190399546875 0
1 0.348875290625 0 0.344365846875 0.067163534375 0.35919508125 0.11248206093749999 0.3700841265625 0.18658484375 0.3721807921875 0.1890625 0.3890625 0.1890625 0.3890625 0.041307873437499996 0.374376115625 0 0.348875290625 0
1 0.4546875 0 0.4546875 0.10971768906249998 0.4656654890625 0.175573003125 0.46495310156249997 0.2171875 0.47076436718750003 0.2171875 0.47944091406249995 0.19206246875 0.49123107031249996 0.12458086875 0.48857881875000003 0.0838566796875 0.4750776140625 0.018501015625 0.47649309687499997 0 0.4546875 0
1 0.48339515781250003 0 0.48311282968749997 0.0085370265625 0.5005294578124999 0.08459863125 0.5042278625 0.128125 0.5093108796875 0.128125 0.5141798234375 0.10796428124999999 0.517638759375 0.0440344828125 0.5149258921875 0.0204779171875 0.508998665625 0 0.48339515781250003 0
1 0.9102166046875 0 0.90625 0.0106185546875 0.90625 0.057888949999999995 0.9126616921874999 0.0969104703125 0.91566805625 0.1539231109375 0.9067940484375001 0.19670588125 0.90625 0.22360925625 0.90625 0.275288503125 0.9186310640625 0.34144584375 0.9305326234375 0.3703125 0.9557740421875 0.3703125 0.963340084375 0.3580193484375 0.9692863453125 0.319988709375 0.9692863453125 0.2349844390625 0.9680062890624999 0.22209009218750003 0.9427209 0.129718734375 0.939051934375 0.0157616484375 0.931644653125 0 0.9102166046875 0
1 0.9515499859375 0 0.9599768515625 0.0689080015625 0.960655715625 0.09807466718749999 0.9537483640625 0.136462909375 0.9542009390625001 0.1559073546875 0.9694918515625 0.20958629687500002 0.9766092671875001 0.280770084375 0.9782892593750001 0.2828125 0.9960437593750001 0.2828125 1 0.278120934375 1 0.1311855890625 0.984421890625 0.08018223125 0.9807325390624999 0 0.9515499859375 0
1 0.8 0 0.8 0.042584682812500003 0.8085856015624999 0.0759920609375 0.814185415625 0.1234328046875 0.8073046500000001 0.1852226109375 0.8083431140625 0.219890203125 0.817067928125 0.2675494671875 0.83545889375 0.3214198515625 0.8410722937500001 0.3265625 0.8597046203125001 0.3265625 0.8597046203125001 0.1710055875 0.8376762781250001 0.11123745468749999 0.831091365625 0.0152948640625 0.8244749 0 0.8 0
1 1 0.559375 0.96639458125 0.559375 0.9795620453125 0.6086779546875001 0.98659820625 0.6686733296874999 0.990795609375 0.6745020359375 0.9948293281249999 0.675 1 0.675 1 0.559375
1 0.9078125 0.559375 0.9078125 0.7609375 0.9249728359375 0.7609375 0.9340166562500001 0.7485251484375001 0.9458153843750001 0.703393315625 0.9526309656249999 0.6508706296875 0.9472336234375 0.581986028125 0.9430875046875 0.559375 0.9078125 0.559375
1 0.80625 0.559375 0.80625 0.6742911796875 0.8071785296874999 0.67894208125 0.8152631734375 0.7079587453125 0.8190651578124999 0.7109375 0.8383018078125 0.7109375 0.8483181015625 0.693497109375 0.8561251359375 0.6489299359375 0.8587058484375 0.590569328125 0.854503209375 0.5628733703125001 0.8535546671875001 0.559375 0.80625 0.559375