1 0.2109375 0 0.2109375 0.087072175 0.21975752499999998 0.158452840625 0.2541919546875 0.3037806765625 0.2554067640625 0.30625 0.3286194671875 0.30625 0.3291458109375 0.3055443890625 0.33754470468750003 0.25780111250000004 0.33754470468750003 0 0.2109375 0
1 0.0984375 0 0.0984375 0.165064521875 0.1105144328125 0.24189888593750003 0.11329012187500001 0.24714160624999998 0.1368991484375 0.253476153125 0.15253329375 0.2546875 0.155659303125 0.2546875 0.1625169546875 0.24925808906250002 0.184885690625 0.1623869546875 0.18053394375 0.1130399234375 0.179323365625 0.06293073906249999 0.18136708125 0.0055779234375 0.1820069578125 0 0.0984375 0
1 0.060196221875 0 0.0601198109375 0.017156623437499997 0.05 0.10904942343749999 0.05 0.1711780953125 0.0555074078125 0.2010362578125 0.06105514375 0.2201165015625 0.06128640625 0.2203125 0.10124884999999999 0.2203125 0.10646353281250001 0.19803156718749998 0.10646353281250001 0.1389407640625 0.101779184375 0.0735751046875 0.10294127812500001 0.020651646875 0.1050208484375 0 0.060196221875 0
1 0.092704915625 0.5476714515625 0.09445022656249999 0.515282234375 0.08686005625 0.5012304828125 0.0748161453125 0.50257473125 0.0668460625 0.5162461921875 0.064120971875 0.5403566421875 0.0657006125 0.5846373953125 0.06362870625 0.614267025 0.059375 0.6285826999999999 0.059375 0.7921875 0.0766816375 0.7921875 0.077759775 0.79111721875 0.0860169328125 0.7621952609375 0.09517769375 0.71292111875 0.0962698234375 0.675012721875 0.0863454203125 0.6014660953125001 0.092704915625 0.5476714515625
1 0.03602250625 0.80625 0.0472843359375 0.80625 0.0472843359375 0.6521241578125 0.0363811046875 0.615269446875 0.0339878546875 0.5289215374999999 0.02643905625 0.5132111640625 0.014743379687499999 0.510375721875 0.0078125 0.5194629828125 0.0078125 0.564008390625 0.014506104687499998 0.6169270359375 0.0078125 0.6625803734375 0.0078125 0.7203144953124999 0.0269930046875 0.754613734375 0.0325837390625 0.7765202234374999 0.03602250625 0.80625
1 0.751711853125 1 0.7575266078125 0.9815345453125002 0.7616942203125 0.8995355406249999 0.749848353125 0.8225464484374999 0.7526648484375 0.782268671875 0.7640665249999999 0.7200142062499999 0.7667859015625 0.68112531875 0.76463210625 0.6671273046875 0.7557891265625 0.6535918374999999 0.73850450625 0.6543805265625 0.725476771875 0.67829049375 0.7225802953125 0.7645107296875 0.717035853125 0.8214006109374999 0.7078125 0.8474067875 0.7078125 1 0.751711853125 1
1 0.6329012374999999 1 0.64014730625 0.9748994124999999 0.6476513015625001 0.9344579421875 0.64781983125 0.8651771890625 0.6295254359375 0.7813007046875 0.63573258125 0.67024415625 0.625128575 0.649139246875 0.6174131953125 0.6480231765625 0.6046875 0.6581771921875 0.6046875 1 0.6329012374999999 1
1 0.5300137484375 0.9607045218749999 0.5424377125 0.9796875 0.5587047078125 0.9796875 0.5587047078125 0.8216643203124999 0.5402292203125001 0.777102490625 0.528065378125 0.6607910203125 0.5181464625000001 0.6468884828125001 0.5063387078125 0.6463875874999999 0.4979328578125 0.6560961609375 0.496875 0.6618939 0.496875 0.675692225 0.51364693125 0.7665560765625 0.51498199375 0.787389409375 0.5083859046875 0.8437145609375001 0.5093847359375 0.8715515359375001 0.5150018484375 0.9102036281250001 0.5300137484375 0.9607045218749999
1 0.664798853125 0.928125 0.683532546875 0.928125 0.6885151671875 0.9266238453125 0.69703071875 0.8867555062499999 0.7003684375000001 0.829933890625 0.697068265625 0.7950069484375 0.6822917765625001 0.7455769703125 0.6795304234375 0.7245798625 0.680349221875 0.6328722515624999 0.6732303859375 0.615122175 0.667299178125 0.6123582265625 0.6601728390625 0.6123582265625 0.6552373921875001 0.6155693640625 0.6546875 0.6169727359375 0.6546875 0.724923840625 0.65575351875 0.7427959968750001 0.6546875 0.74872878125 0.6546875 0.8432942171875 0.6606271296875 0.8667756000000001 0.663490925 0.9267025421875001 0.664798853125 0.928125
1 0.9668300734375 0.8636248078125 0.9668300734375 0.81026521875 0.9667055828125001 0.809707909375 0.9606709046875 0.79597814375 0.960886225 0.7820665234374999 0.9543422109375002 0.7558367578125 0.9508555515625 0.70866 0.9526678656249998 0.6571574515625 0.941844221875 0.6122799828125001 0.93894559375 0.617926465625 0.92722684375 0.6182674453125 0.9174101499999999 0.6268962953124999 0.911590121875 0.6472284078125 0.9223220109374999 0.77623595 0.9112478828124999 0.8307890609375 0.909375 0.8553737546875 0.909375 0.8744092375000001 0.9127524499999999 0.9253017015625 0.9184614609375 0.9484375 0.9223565062500001 0.9484375 0.938432234375 0.8932674453124999 0.950139934375 0.8734592875 0.9668300734375 0.8636248078125
1 0.79007350625 0.96875 0.7998277078125 0.96875 0.8025383625 0.967789375 0.7952725703125 0.94563860625 0.796422934375 0.9219182343749999 0.79588233125 0.9126132984375002 0.791886365625 0.8860802734375 0.79819031875 0.8439219328124998 0.8141514687499999 0.8197481156249999 0.8141514687499999 0.7957128140625 0.80288875625 0.7545960015625 0.800755359375 0.6323737796875 0.7931031749999999 0.6196983234375001 0.7836796921875 0.617576109375 0.7734375 0.628462790625 0.7734375 0.6992344 0.7777917875 0.7507886171875 0.7734375 0.7960598156250001 0.7734375 0.8518441484375 0.7859847125 0.9163403906250001 0.79002200625 0.9585210171874999 0.79007350625 0.96875
1 0.811328125 0.5918402781250001 0.800390625 0.5890625 0.794921875 0.5918402781250001 0.7890625 0.6078125 0.79921875 0.6258680562500001 0.8015625 0.6411458328125 0.80078125 0.7536458328125001 0.8171875 0.8105902781250001 0.8359375 0.8078125 0.834375 0.7675347218749999 0.81796875 0.7050347218749999 0.81796875 0.6078125 0.811328125 0.5918402781250001
0 1 1 1 0.8529803234374999 0.997265625 0.8515625 0.976953125 0.8501736109374999 0.944921875 0.87100694375 0.92734375 0.8967013890625001 0.9125 0.93975694375 0.909375 0.9869791671874999 0.9108829265625001 1 1 1