1 0.4734375 0.1981142859375 0.47062895468750005 0.1807587453125 0.4734375 0.149503446875 0.4734375 0.141702740625 0.46412876875000003 0.14037432968750002 0.45906730468749996 0.14037432968750002 0.4551981984375 0.1793479765625 0.446638009375 0.20745338281249998 0.446638009375 0.3046875 0.46105371093749997 0.3046875 0.46647419843750004 0.2956947703125 0.47290986874999996 0.2702846671875 0.4734375 0.2651970265625 0.4734375 0.1981142859375
2 0 0.3421875 0.064631234375 0.3421875 0.06754025625 0.3394244046875 0.0735427734375 0.3421875 0.10178080781250001 0.3421875 0.2541296296875 0.3356818203125 0.26864495 0.3254685234375 0.2939037046875 0.3190399484375 0.305493075 0.32140849843749997 0.30625 0.316938153125 0.30625 0.2762262671875 0.081255171875 0.2762262671875 0.08060749218749999 0.2765697421875 0.0765215453125 0.2762262671875 0 0.2762262671875 0 0.3421875
1 0.5528069734375001 0 0.5515866171875 0.0036160609375 0.5515866171875 0.269150346875 0.55376880625 0.27788066875 0.5630484046875 0.2875 0.6008948984375 0.2875 0.60470880625 0.286180209375 0.5929072234375 0.202605615625 0.593606115625 0.150509446875 0.6004872296875 0.10491632656250001 0.6363004375 0 0.5528069734375001 0
1 0.7425295203125 0 0.7429050765625 0.023727907812499997 0.7085417671875 0.1157168203125 0.7085417671875 0.40248383125 0.7112623046875 0.4143387734375 0.7247124171875 0.428125 0.7709446203125 0.428125 0.782758890625 0.4231786265625 0.7941359546875 0.40039363906250003 0.7888683921874999 0.33815794375 0.79240040625 0.2624080671875 0.8038970765624999 0.2068063375 0.828125 0.13956 0.828125 0.11937634999999999 0.8013219015624999 0.0200223015625 0.8044421046875 0 0.7425295203125 0
1 0.87795944375 0 0.8920892125 0.0769920328125 0.8585163015624999 0.21024261718749998 0.8550917484375 0.25236863593750003 0.8586165859375001 0.3163493984375 0.8728510015625 0.3819520953125 0.912633825 0.4878280078125 0.9317028656249999 0.503717384375 0.9505806234375 0.50625 0.9678958921875 0.50625 0.9793219125 0.50344034375 0.9875 0.4946369421875 0.9875 0.156308475 0.9558364125000001 0.07998965 0.9531574828124999 0.044636115625 0.9558009515624999 0 0.87795944375 0
1 0.6617102109374999 0 0.6343891078125 0.1076605015625 0.635221471875 0.20034559062500001 0.64445105 0.25534616875 0.6743839421875 0.345996353125 0.6935656703124999 0.359375 0.7072755234375 0.359375 0.72500115 0.35763302656249996 0.743206196875 0.342870075 0.72280685 0.2633569328125 0.7218961171875 0.1673048421875 0.74375 0.087013609375 0.74375 0.0248328609375 0.734527775 0 0.6617102109374999 0
1 0.9540804109375 0 0.9493158609375 0.04238653125 0.9509621984375001 0.082790571875 0.9999635890625 0.21181606406250003 1 0.212194703125 1 0.018459543749999998 0.9985543328125001 0 0.9540804109375 0
1 0.8125 0 0.8125 0.047824378125 0.838714321875 0.128672240625 0.8533532218750001 0.0979072953125 0.8585760406249999 0.07083269375 0.8603010687499999 0.03379565625 0.8569406953125001 0 0.8125 0
1 0.37441325000000003 1 0.3674310234375 0.9478891671875 0.369458328125 0.9284401750000001 0.37514465937499997 0.9006396703125 0.39537808281250003 0.840822 0.3984375 0.8234849921875 0.3984375 0.7856299531250001 0.390977415625 0.7693464921875 0.37847741562500004 0.7694192140625 0.36825194843750003 0.7583717359375 0.353477415625 0.7695646609375 0.344586975 0.79252450625 0.338376478125 0.8772512734374999 0.3310188578125 0.9189452124999999 0.30622650937499996 0.9524103546875 0.3022697 0.9622827328125 0.3022697 1 0.37441325000000003 1
1 0.1165155453125 0.7319189125 0.1322942546875 0.79574416875 0.13677700937499998 0.8 0.1484375 0.8 0.1484375 0.6662790296875001 0.1418111984375 0.64284366875 0.14060505 0.5650386203125 0.1355188453125 0.554646953125 0.125046865625 0.5505393734374999 0.1191125953125 0.554742403125 0.11571029375 0.5665729546875 0.1247289421875 0.644332553125 0.11648323281249999 0.6902340625 0.1165155453125 0.7319189125
1 0.06529152031249999 0.51875 0.0697281453125 0.581787259375 0.0621041984375 0.6240548593749999 0.061414521875 0.6616641203125 0.072766859375 0.7123428140625 0.08411704375 0.7140625 0.08551945 0.7140625 0.0899220328125 0.709752059375 0.09375 0.6904773125 0.09375 0.6225658218750001 0.0852884921875 0.577916875 0.0853582625 0.51875 0.06529152031249999 0.51875
1 0.8149605828125001 0.51875 0.8131347859375 0.519630621875 0.8086030953125001 0.5322501578125001 0.8078524921875001 0.5975906890625 0.80172901875 0.6157519390624999 0.80172901875 0.716629990625 0.8021846546875 0.7171875 0.81711335 0.7171875 0.8194385734375 0.7162128484375 0.8231202296875001 0.7079199921875 0.8312562890624999 0.6792757093749999 0.834375 0.6549661640625 0.834375 0.6434693921875 0.8338836203125 0.629338821875 0.8249967921875001 0.58925740625 0.8307482796875 0.5263204359375 0.82748610625 0.5191294625 0.826696590625 0.51875 0.8149605828125001 0.51875
1 0.9092351078124998 0.51875 0.9097178296875 0.5468108078125 0.9075761906250002 0.5623213609375 0.9052202031250001 0.569685146875 0.9052202031250001 0.6484375 0.9159902484375 0.6484375 0.92489720625 0.6233519703125 0.9265625 0.6029473109375 0.9265625 0.5859789703125 0.920481334375 0.5579412546875 0.924857328125 0.51875 0.9092351078124998 0.51875
1 0.8839930593750001 0.51875 0.8899837875 0.5694671140625001 0.8837226218750001 0.6005249593750001 0.8844405625 0.6099995500000001 0.8901173265625001 0.6470198890625001 0.8962109015624999 0.66680368125 0.896669290625 0.6671875 0.9078125 0.6671875 0.9078125 0.578999425 0.9028606671875 0.5650836671875 0.9015171109375 0.51875 0.8839930593750001 0.51875
1 0.8493789484375001 0.51875 0.8476263218750001 0.5257724015624999 0.8530406968750001 0.560765653125 0.8528876437499999 0.57889365 0.8455325234375 0.6087407328125 0.8442714578124999 0.628671665625 0.8479436265625001 0.662924015625 0.8547994921875001 0.6857382703125 0.8562746078125001 0.6875 0.87274075625 0.6875 0.8732293265625 0.687037715625 0.8765625 0.6722589921875001 0.8765625 0.6013790140624999 0.876391040625 0.6005437953125 0.8678130171875 0.5778499671875 0.8681493187499999 0.51875 0.8493789484375001 0.51875
1 0.7537885921875 0.51875 0.75125331875 0.5253327703124999 0.75690870625 0.5794158296874999 0.749268103125 0.6177955484375 0.74910269375 0.6419728593749999 0.7523114125 0.6642470078125 0.761576521875 0.6939722453125 0.765434803125 0.6984375 0.766322353125 0.6984375 0.7761033265625 0.69752675625 0.778125 0.695527434375 0.778125 0.59875564375 0.7704403015625 0.5726645078125 0.7706307296875 0.52086458125 0.7690811249999999 0.51875 0.7537885921875 0.51875
1 0.795649175 0.51875 0.7947429578125 0.5215886328125 0.8017143234375 0.5580923609374999 0.802546459375 0.5752720296875 0.796244303125 0.6098366609375 0.7977911125 0.6287858421875 0.8037078359375001 0.6523696734375 0.8099261921875 0.6703125 0.8109375 0.6703125 0.8109375 0.51875 0.795649175 0.51875
1 0.8287282953125 0.51875 0.8299605796874999 0.5379696203125001 0.8282558671875 0.5514195890625 0.8282558671875 0.6103090265625 0.8317271109375 0.6203125 0.8340602984375 0.6203125 0.8453125 0.576936415625 0.8453125 0.5751303328125 0.8409635359375001 0.5601205234375 0.8443052578125 0.51875 0.8287282953125 0.51875
1 0.7467499999999999 0.51875 0.75083850625 0.5576332609375 0.7439044984375001 0.5961406109375 0.74395699375 0.6177172718749999 0.7469629734375001 0.6265625 0.7471796109375 0.6265625 0.756556346875 0.57619095 0.7510843796875 0.526538509375 0.7541569921875 0.51875 0.7467499999999999 0.51875
1 0.70219701875 0.51875 0.7013587906250001 0.52033135625 0.7028096765624999 0.5753159234374999 0.696630921875 0.5963364921875 0.696630921875 0.66133719375 0.7007553859375 0.678125 0.71537590625 0.678125 0.717593675 0.6762708671875 0.7222940328125 0.66148799375 0.7234375 0.6555840828124999 0.7234375 0.5937902578124999 0.7172011140625 0.5739534359375 0.72083646875 0.5205111062500001 0.720230803125 0.51875 0.70219701875 0.51875
1 0.6607599015625001 0.51875 0.664954075 0.5565083984375 0.6643800234375 0.56856696875 0.6574913890625 0.59871339375 0.6569173359375 0.6168012484375 0.665528128125 0.6590062453125001 0.669259471875 0.6646048671875 0.678157290625 0.6650355296875 0.6824626859375 0.6628822140625 0.6856199765625 0.6546996125 0.689638346875 0.632305125 0.6902124000000001 0.6073266578125 0.678157290625 0.56856696875 0.678157290625 0.51875 0.6607599015625001 0.51875