1 0.3552885828125 0.188598 0.3486335328125 0.173379928125 0.31515725781250004 0.125977246875 0.2912341625 0.03859206875 0.2822417078125 0.028893084375 0.27219070312500004 0.031170528125000003 0.26875 0.03938251875 0.26875 0.0723315859375 0.296783690625 0.1429637875 0.307636025 0.2342887015625 0.3289280296875 0.2869516578125 0.34786785 0.3140625 0.3552885828125 0.3140625 0.3552885828125 0.188598
1 0.099958071875 0.039398871875000005 0.0958997125 0.0248155390625 0.083104065625 0.01787109375 0.0734375 0.0246788859375 0.0734375 0.18964018124999998 0.0834480109375 0.19375 0.09957372656249999 0.19375 0.102898125 0.19287109375 0.103920034375 0.1838433171875 0.093746640625 0.139398871875 0.099958071875 0.039398871875000005
1 0.854661365625 0 0.8555096593750001 0.0417220734375 0.8581335890625 0.065699165625 0.8584038406250001 0.1507510046875 0.853511903125 0.2433193515625 0.8501099859375 0.272059421875 0.8411305296875 0.3147974859375 0.81875 0.3863720265625 0.81875 0.4296875 0.97013275 0.4296875 0.9695916890625 0.42830017187499997 0.9685170687500001 0.41260792031250004 0.9636779437499999 0.3988523796875 0.961232021875 0.3720975078125 0.9578828671874999 0.36755273593750004 0.95536441875 0.35004500156249996 0.9573422703125001 0.34352715312500004 0.9520284578125 0.33717901875 0.9512505171875001 0.3168571390625 0.948659540625 0.308596540625 0.9512175609375 0.3011406421875 0.94676740625 0.29754604218749997 0.9457059765625001 0.27353258125 0.9435171609375 0.2671117125 0.9479476 0.17362956093749998 0.9609157625 0.060533250000000004 0.9704000390624999 0 0.854661365625 0
1 0.5319165203125 0 0.53600485625 0.22107566875 0.5319962515625 0.2932978890625 0.5260928421875 0.34792751875 0.5140717859375 0.40811270625 0.5081501015625001 0.4296875 0.6518683734375 0.4296875 0.649882646875 0.417371965625 0.6445895687500001 0.3664460375 0.6439868484375 0.32292751875 0.6479954484375 0.2507052984375 0.6521506890625 0.22107566875 0.652465853125 0.19422381718749998 0.65448158125 0.1877423359375 0.6535018046875 0.1794090015625 0.6853179953125 0 0.5319165203125 0
1 0.705775425 0 0.7057291671874999 0.0010416671875 0.7005208328125001 0.048263889062499996 0.7010416671874999 0.0603009265625 0.6973958328125001 0.0741898140625 0.6927083328125001 0.1177083328125 0.6901041671874999 0.15752314843749998 0.6859375 0.2695601859375 0.6895833328125001 0.35196759218749996 0.696875 0.4047453703125 0.7021649812499999 0.4296875 0.7997819015625 0.4296875 0.7963541671875 0.409375 0.7520833328125001 0.23715277812500002 0.7473958328125001 0.2103009265625 0.7442708328125001 0.15752314843749998 0.7458333328125001 0.0834490734375 0.751994221875 0 0.705775425 0
1 0.46875 0 0.46875 0.4296875 0.5550515828125 0.4296875 0.5609375 0.400115740625 0.5692708328125 0.32326388906250003 0.5677083328125 0.2991898140625 0.5484375 0.23622685156249998 0.5328125 0.1677083328125 0.53125 0.0797453703125 0.5338541671875 0.0297453703125 0.5367822265625 0 0.46875 0
1 0.8655746046875 0.7734375 0.8835627484374999 0.7734375 0.8835627484374999 0.6537535421875 0.8750690484374999 0.6285724203124999 0.870294653125 0.5499976734375001 0.8515625 0.5546122437500001 0.8515625 0.5858911984375 0.8563190484375 0.6302128328125 0.8515625 0.6678121921875 0.8515625 0.7176923296875 0.8525381203125001 0.7256141859375 0.8617349437499999 0.76395626875 0.8655746046875 0.7734375
1 0.8208694734374999 0.5605576453125 0.8142931359375 0.5475359453124999 0.8024853828125 0.54919759375 0.7965617187499999 0.56251023125 0.794613490625 0.6416041640625 0.7890625 0.6617733250000001 0.7890625 0.790625 0.8045000734375 0.790625 0.8062728109374999 0.7883354234375 0.8138578703124999 0.7673566203125001 0.8209484796875 0.729747515625 0.8227483484375 0.6894879234375 0.8131162625 0.632852603125 0.8208694734374999 0.5605576453125
1 0.76741283125 0.5659613703125 0.7598409890625 0.55693359375 0.751737128125 0.5611002609375 0.744566621875 0.5798502609375 0.7424471140625 0.6548502609375 0.7375 0.669403725 0.7375 0.803125 0.7517164109375 0.803125 0.7601716406250001 0.78123915 0.7691367328125001 0.7312391500000001 0.769419521875 0.7048502609374999 0.760804346875 0.6492947046875 0.7689796140625 0.5770724828125 0.76741283125 0.5659613703125
1 0.708984375 0.5722222218749999 0.6953125 0.5923611109375 0.69765625 0.6631944437499999 0.6828125 0.73680555625 0.6984375 0.7770833328125001 0.7015625 0.7951388890625 0.70078125 0.81875 0.70390625 0.8229166671874999 0.714453125 0.8236111109375 0.71953125 0.8173611109374999 0.7296875 0.753472221875 0.728125 0.7173611109375 0.715625 0.6645833328125 0.71875 0.5868055562500001 0.708984375 0.5722222218749999
1 0.647265625 0.5555555562500001 0.635546875 0.5611111109375 0.63359375 0.56875 0.6328125 0.59930555625 0.6375 0.6201388890625 0.6375 0.6493055562500001 0.62265625 0.7201388890625 0.62421875 0.75625 0.644921875 0.734722221875 0.66796875 0.7298611109375 0.66640625 0.7020833328125 0.6546875 0.6493055562500001 0.65859375 0.5729166671875 0.647265625 0.5555555562500001
1 0.588671875 0.5458333328125 0.576171875 0.5486111109375 0.571875 0.5618055562500001 0.575 0.63819444375 0.56171875 0.696527778125 0.56328125 0.7451388890625 0.56953125 0.7798611109375 0.57578125 0.7923611109375 0.592578125 0.79305555625 0.59609375 0.7881944437499999 0.60625 0.7284722218749999 0.60546875 0.6923611109375 0.5921875 0.6354166671874999 0.596875 0.5631944437499999 0.588671875 0.5458333328125
1 0.516015625 0.54444444375 0.51328125 0.54930555625 0.515625 0.6270833328125 0.5046875 0.6729166671875 0.503125 0.7090277781250001 0.5125 0.7701388890625 0.516796875 0.777777778125 0.525 0.778472221875 0.532421875 0.777777778125 0.53828125 0.7673611109375 0.54609375 0.7256944437499999 0.546875 0.6826388890625 0.53359375 0.621527778125 0.53671875 0.5479166671875 0.516015625 0.54444444375
1 0.704296875 0.547222221875 0.691015625 0.547222221875 0.68515625 0.5645833328125 0.6875 0.64375 0.67734375 0.68125 0.6734375 0.7173611109375 0.67578125 0.73680555625 0.6796875 0.740972221875 0.6828125 0.7395833328125001 0.69765625 0.6631944437499999 0.69375 0.590972221875 0.71015625 0.571527778125 0.709375 0.5576388890625 0.704296875 0.547222221875
1 0.759009440625 0.54844559375 0.7361668296875 0.549257440625 0.7354815453125 0.573612890625 0.73984375 0.61319444375 0.728125 0.6645833328125 0.72578125 0.6895833328125001 0.73048109375 0.7521816250000001 0.7412512234374999 0.7770624234375 0.73671875 0.7493055562500001 0.734375 0.7284722218749999 0.73828125 0.6951388890625 0.74921875 0.65069444375 0.74609375 0.5770833328125 0.751953125 0.5611111109375 0.759375 0.5576388890625 0.759009440625 0.54844559375
1 0.6484375 0.55625 0.646484375 0.5458333328125 0.625 0.5479166671875 0.628125 0.6201388890625 0.61640625 0.6770833328125001 0.6140625 0.703472221875 0.615625 0.7298611109375 0.621875 0.746527778125 0.6234375 0.715972221875 0.6375 0.6493055562500001 0.634375 0.5673611109375 0.638671875 0.5583333328125 0.6484375 0.55625
0 0.647265625 0.7333333328125 0.631640625 0.747222221875 0.6203125 0.77569444375 0.61640625 0.8020833328125001 0.61953125 0.8340277781250001 0.6265625 0.8548611109375 0.637890625 0.8708333328125001 0.65625 0.8826388890625001 0.669921875 0.88055555625 0.689453125 0.8583333328125 0.696875 0.83819444375 0.70078125 0.809027778125 0.7 0.7881944437499999 0.69296875 0.76180555625 0.684765625 0.747222221875 0.666796875 0.73194444375 0.647265625 0.7333333328125