0 0.51640625 0.07534722187500001 0.51953125 0.105902778125 0.53359375 0.137847221875 0.538671875 0.1427083328125 0.5546875 0.143402778125 0.574609375 0.124652778125 0.58125 0.11006944375000001 0.58359375 0.0947916671875 0.58125 0.04618055625 0.566796875 0.024652778125 0.555859375 0.019097221875 0.540234375 0.0232638890625 0.528515625 0.0357638890625 0.52109375 0.050347221875 0.51640625 0.07534722187500001
1 0.024403071874999998 0.5796875 0.0166666671875 0.6149884265625001 0.0260416671875 0.6622106484375 0.0260416671875 0.6872106484375 0.0234375 0.711284721875 0.025 0.7251736109375 0.0283854171875 0.7339699078125 0.0447916671875 0.7372106484375001 0.05598958281250001 0.7348958328124999 0.058854167187499994 0.7260995375 0.06875 0.66961805625 0.06979166718749999 0.6288773140624999 0.0645833328125 0.5918402781250001 0.06169120625 0.5796875 0.024403071874999998 0.5796875
1 0.2206458328125 0.5796875 0.2114583328125 0.6307291671875 0.2104166671875 0.673321759375 0.2166666671875 0.7196180562500001 0.2286458328125 0.766840278125 0.2325520828125 0.77100694375 0.24583333281250003 0.7714699078125 0.2575520828125 0.7682291671875 0.2630208328125 0.7566550921874999 0.2697916671875 0.7094328703125 0.2703125 0.6510995375 0.2630208328125 0.610358796875 0.25333516093749997 0.5796875 0.2206458328125 0.5796875
1 0.17032781875 0.5796875 0.1755208328125 0.592766203125 0.17916666718750002 0.636284721875 0.178125 0.6751736109375 0.1692708328125 0.7260995375 0.1716145828125 0.729340278125 0.18020833281249998 0.729803240625 0.1864583328125 0.7251736109375 0.1979166671875 0.6566550921875 0.1973958328125 0.6094328703125 0.1907973875 0.5796875 0.17032781875 0.5796875
1 0.418358984375 0.5796875 0.4197248390625 0.58966473125 0.4212445390625 0.63318325 0.4112412359375 0.675450421875 0.40729393125 0.711834490625 0.4084256234375 0.744241896875 0.41453582187500004 0.7847369765625001 0.4277078578125 0.8332105453124999 0.4322568765625 0.8375 0.45050535625000004 0.8375 0.4546875 0.8356394265624999 0.4546875 0.651690703125 0.4470275328125 0.62441105625 0.44546575156249996 0.5796875 0.418358984375 0.5796875
1 0.47479255 0.5796875 0.478125 0.6146412031249999 0.47760416718750004 0.6442708328125 0.45989583281249996 0.7183449078125 0.45625 0.7840856484375001 0.45989583281249996 0.8211226859374999 0.47291666718750003 0.8850115734375 0.47890625 0.895659721875 0.4890625 0.8979745375 0.5049479171875 0.894733796875 0.5119791671875 0.87945601875 0.5244791671875 0.8155671296874999 0.528125 0.7683449078125 0.5239583328125 0.7183449078125 0.5140625 0.6840856484375 0.5067708328125 0.6479745375 0.5072916671875001 0.5905671296875 0.5083900906250001 0.5796875 0.47479255 0.5796875
1 0.5630036359374999 0.5796875 0.5651041671874999 0.601678240625 0.5661458328125001 0.657233796875 0.5572916671874999 0.7109375 0.5458333328125 0.7600115734375 0.5416666671874999 0.79241898125 0.540625 0.826678240625 0.5453125 0.8859375 0.5625 0.96649305625 0.5716145828125001 0.976215278125 0.5916666671874999 0.976678240625 0.59921875 0.9743634265625 0.6057291671874999 0.9609375 0.6182291671875 0.9007523140625 0.6255208328125 0.8461226859375 0.6260416671875 0.8007523140625 0.621875 0.7609375 0.6010416671875 0.6785300921874999 0.6 0.6442708328125 0.6050859375 0.5796875 0.5630036359374999 0.5796875
1 0.6623094046875 0.5796875 0.6671875 0.6340856484375 0.6682291671874999 0.6970486109375 0.6619791671874999 0.7405671296875 0.6401041671875 0.82945601875 0.6354166671874999 0.876678240625 0.6354166671874999 0.926678240625 0.640625 0.983159721875 0.6442296390625 1 0.7323470734375 1 0.7364583328125 0.9785300921874999 0.7416666671875001 0.9368634265625 0.7427083328124999 0.8979745375 0.7390625 0.84241898125 0.7109375 0.713715278125 0.7098958328125 0.6590856484375001 0.7168741859375001 0.5796875 0.6623094046875 0.5796875
1 0.7269831734375 0.5796875 0.7276041671875 0.5868634265625 0.728125 0.63038194375 0.7114583328125 0.701678240625 0.715625 0.7350115734375 0.7395833328125 0.833159721875 0.7458333328125 0.7627893515624999 0.7635416671875 0.69149305625 0.7619791671875 0.6748263890625 0.7520833328125 0.6340856484375 0.7526041671875 0.5942708328124999 0.754142253125 0.5796875 0.7269831734375 0.5796875
1 0.7642392124999999 0.5796875 0.76875 0.6470486109375 0.7677083328125 0.6748263890625 0.7447916671875 0.7757523140625 0.7411458328125 0.83038194375 0.7489583328125 0.901678240625 0.7614583328125 0.9627893515625001 0.7684895828125 0.9725115734375 0.7885416671875001 0.9757523140625001 0.7986979171875 0.9715856484375 0.8052083328125 0.9590856484374999 0.8088541671874999 0.945196759375 0.8223958328125001 0.8757523140625001 0.825 0.8072337968750001 0.8197916671875 0.75538194375 0.8140625 0.738715278125 0.8020833328125001 0.6748263890625 0.8026041671874999 0.626678240625 0.8070095484375 0.5796875 0.7642392124999999 0.5796875
1 0.8255642359375 0.5796875 0.8270833328125 0.59241898125 0.8255208328125001 0.6553819437499999 0.8114583328125 0.7100115734375001 0.8244791671874999 0.788715278125 0.825 0.84241898125 0.821875 0.8859375 0.8263020828125001 0.8938078703125001 0.8421875 0.895196759375 0.8481770828125 0.894733796875 0.853125 0.8887152781250001 0.8661458328125 0.8359375 0.8729166671874999 0.7859375 0.8708333328125001 0.733159721875 0.8552083328125001 0.6553819437499999 0.8552083328125001 0.6211226859375001 0.8593827734375001 0.5796875 0.8255642359375 0.5796875
1 0.871635584375 0.5796875 0.8734375 0.6127893515625 0.8723958328125001 0.6340856484375 0.8630208328125001 0.6692708328125 0.8619791671874999 0.6813078703125 0.8645833328125001 0.701678240625 0.8703125 0.7239004625 0.8734375 0.7637152781250001 0.8723958328125001 0.7942708328125001 0.8677083328125 0.82945601875 0.87265625 0.8382523140625 0.8895833328125 0.839641203125 0.8963541671874999 0.8340856484374999 0.9015625 0.81741898125 0.9125 0.7609375 0.9140625 0.732233796875 0.9125 0.7026041671875001 0.8973958328125 0.6359375 0.9001001609374999 0.5796875 0.871635584375 0.5796875
1 0.648649690625 0.5796875 0.6515625 0.6146412031249999 0.6510416671874999 0.645196759375 0.6338541671875 0.71741898125 0.6291666671874999 0.7507523140625001 0.6302083328125001 0.8035300921874999 0.634375 0.833159721875 0.6375 0.84149305625 0.6635416671875 0.732233796875 0.6677083328125001 0.70445601875 0.6661458328125001 0.6248263890625 0.6635416671875 0.6127893515625 0.66103515625 0.5796875 0.648649690625 0.5796875