1 0.5327960359375 0.25 0.5270168984375 0.21486890625 0.527363671875 0.1414438578125 0.5165405453125 0.1234375 0.5159344828125 0.1234375 0.5050386140625001 0.1252658890625 0.4979893515625 0.128264803125 0.496875 0.13189250624999999 0.496875 0.173654709375 0.5045527546875 0.21614797812500003 0.504029371875 0.25 0.5327960359375 0.25
1 0.3412430890625 0.43368132812500004 0.3412430890625 0.39014251875 0.335991865625 0.36967642500000003 0.334773484375 0.343273896875 0.33109999375 0.34125193125 0.328125 0.34315214687499995 0.328125 0.3696878671875 0.328284609375 0.37120168124999997 0.328125 0.3722299953125 0.328125 0.422247990625 0.33247601250000003 0.434375 0.3392568640625 0.434375 0.3412430890625 0.43368132812500004
1 0.3074618765625 0.341883090625 0.3023920828125 0.341883090625 0.3014389234375 0.343488921875 0.3011480078125 0.3601555875 0.3 0.3642124109375 0.3 0.425 0.308164590625 0.425 0.308626571875 0.424394646875 0.31289646718749997 0.40372047968749997 0.3132601140625 0.3828871484375 0.30744649375 0.35763247812500004 0.3084701734375 0.343775421875 0.3074618765625 0.341883090625
1 0.36451697968749996 0.4390625 0.36451697968749996 0.38890184375 0.3603398765625 0.3759277640625 0.36012271875 0.34539038906249997 0.357967359375 0.341895440625 0.352417715625 0.34044291718749997 0.3515625 0.34171818906249996 0.3515625 0.36701025937500004 0.3525273765625 0.37583685781250004 0.3515625 0.380853996875 0.3515625 0.42612752812500004 0.35366205 0.43553180625000004 0.3562741453125 0.4390625 0.36451697968749996 0.4390625
1 0.3741667203125 0.3506066390625 0.374727825 0.3635689421875 0.375 0.37899305625 0.37265625 0.39288194375 0.3694908875 0.41142977031250005 0.3703125 0.4359375 0.373828125 0.4435763890625 0.378125 0.44565972187499997 0.380078125 0.44635416718750004 0.38501465 0.44433409218750003 0.38828125 0.43454861093749997 0.38984375 0.41371527812500003 0.3875 0.395659721875 0.384375 0.3845486109375 0.385575740625 0.3605776375 0.384640584375 0.349941896875 0.3808999203125 0.3476153359375 0.377720346875 0.3466182265625 0.3741667203125 0.3506066390625
1 0.39609375 0.35399305625 0.39765625 0.376215278125 0.39609375 0.37899305625 0.39296875 0.39288194375 0.391934875 0.40910319843750004 0.39296875 0.43038194374999994 0.3953125 0.438715278125 0.39921875 0.44288194374999995 0.404296875 0.4421875 0.40703125 0.4373263890625 0.4109375 0.4192708328125 0.4109375 0.3998263890625 0.40390625 0.3748263890625 0.40625 0.3567708328125 0.40625 0.345659721875 0.403515625 0.3421875 0.398046875 0.3421875 0.3956755328125 0.34828006875 0.39609375 0.35399305625
1 0.419140625 0.3421875 0.4171875 0.34427083281250004 0.41640625 0.3484375 0.41796875 0.358159721875 0.41796875 0.37065972187499996 0.4125 0.395659721875 0.4125 0.41649305625000005 0.4171875 0.4359375 0.425390625 0.43663194375 0.428125 0.43038194374999994 0.43203125 0.4109375 0.43125 0.3901041671875 0.42578125 0.36927083281249995 0.42734375 0.3470486109375 0.424609375 0.3421875 0.419140625 0.3421875
1 0.439453125 0.3435763890625 0.43828125 0.345659721875 0.43828125 0.35260416718750004 0.43984375 0.3609375 0.43828125 0.36371527812500004 0.4328125 0.3901041671875 0.43359375 0.4095486109375 0.43828125 0.42899305625000006 0.444140625 0.4296875 0.446875 0.42621527812500004 0.4485554546875 0.4215434296875 0.45078125 0.4109375 0.4515625 0.40538194375 0.4515625 0.3873263890625 0.45 0.3776041671875 0.4453125 0.36232638906250003 0.446875 0.3470486109375 0.444921875 0.3435763890625 0.439453125 0.3435763890625
1 0.3921875 0.35260416718750004 0.3921392171875 0.3587117421875 0.39100309375000003 0.368301759375 0.3870976578125 0.3836962671875 0.38671875 0.39288194375 0.3875 0.3998263890625 0.388671875 0.40329861093749997 0.39093208281249997 0.41650423124999997 0.3921875 0.40399305625000004 0.3921875 0.3998263890625 0.3928492984375 0.3940433921875 0.3933463546875 0.39151970937499997 0.39462449374999997 0.386346140625 0.395476590625 0.38066783906249996 0.39765625 0.376215278125 0.39746481093749997 0.36968978906250005 0.39765625 0.36788194375 0.39765625 0.36371527812500004 0.39609375 0.3595486109375 0.39609375 0.35260416718750004 0.3955476015625 0.348238428125 0.396484375 0.344965278125 0.394140625 0.344965278125 0.39140625 0.3470486109375 0.3921875 0.35260416718750004
1 0.1812957234375 0.34191293125 0.1777800984375 0.339829596875 0.1711394734375 0.34191293125 0.1719207234375 0.37107959687500003 0.16907511718749998 0.3845834125 0.1669486140625 0.39843934999999997 0.1683662765625 0.41628411249999997 0.1727019734375 0.43357959687500003 0.1801238484375 0.4342740421875 0.1836394734375 0.4280240421875 0.1867644734375 0.408579596875 0.1867644734375 0.39191293125 0.1805144734375 0.3696907078125 0.181597840625 0.3549820890625 0.1812957234375 0.34191293125
1 0.1976657515625 0.34079861093749997 0.1957744796875 0.34217584843750004 0.1957126265625 0.34427083281250004 0.1957126265625 0.3595486109375 0.1902438765625 0.3845486109375 0.19102512656249998 0.408159721875 0.1941501265625 0.4220486109375 0.1964938765625 0.42621527812500004 0.2015720015625 0.426909721875 0.2050876265625 0.4234375 0.20475305625 0.42174252343749996 0.20806095156249999 0.400538734375 0.20806095156249999 0.38521323125 0.206407003125 0.37408649375 0.20274387656249998 0.35538194375 0.20428048593749998 0.343225540625 0.2023532515625 0.34079861093749997 0.1976657515625 0.34079861093749997
0 0.446875 0.7109375 0.44453125 0.688715278125 0.431640625 0.6671875 0.420703125 0.6657986109375 0.412890625 0.6713541671875001 0.4015625 0.6970486109375 0.40546875 0.72899305625 0.41875 0.7498263890625 0.431640625 0.74774305625 0.44296875 0.72899305625 0.446875 0.7109375
1 0.7371962234375 0.458434503125 0.7365931484375 0.41950470781250004 0.7335956640625 0.4160802125 0.7147181484375 0.4198865359375 0.7185514671875 0.46015067500000006 0.709375 0.52457826875 0.709375 0.5486540109375 0.7144871187499999 0.592340584375 0.7256674171874999 0.636648659375 0.7286119296875 0.640625 0.7507436984375 0.640625 0.7507436984375 0.5046355218749999 0.7371962234375 0.458434503125