1 0.1515625 0.459375 0.1515625 0.3048308484375 0.14883732968750002 0.29571602812500003 0.145903884375 0.24442727031249997 0.14661650937499998 0.17265562968749998 0.1421548765625 0.1571775921875 0.128769625 0.14181825625 0.11507166093750001 0.1450837578125 0.10797072187500001 0.166035790625 0.10998425 0.19793016875 0.1183864453125 0.24956938437499998 0.119618721875 0.281413696875 0.1053989796875 0.3675118828125 0.1062145421875 0.40347280156250004 0.112932725 0.45362299375 0.11449568125000001 0.459375 0.1515625 0.459375
1 0.2296130375 0.425 0.24088707187499997 0.3858940921875 0.243162940625 0.32756076093750003 0.23535535156249998 0.2678385359375 0.2391015109375 0.22617186875 0.2484375 0.1717022546875 0.2484375 0.141388440625 0.2479476703125 0.1393663140625 0.2311241125 0.13242186875 0.2229476703125 0.1393663140625 0.21710526406250003 0.15394964687499998 0.21079208125 0.2595052046875 0.19287925625 0.3079555015625 0.19287925625 0.3741198765625 0.205992840625 0.40325520312499996 0.2201425515625 0.425 0.2296130375 0.425
2 0.46875 0.39677724375 0.47256007499999997 0.3979208046875 0.4759628828125 0.395376665625 0.48802305625000003 0.3970702484375 0.49907635156249996 0.393174903125 0.7879420484375 0.41536919687499996 0.822074025 0.41479427031249994 0.828393596875 0.4041504296875 0.8326874921874999 0.4117914734375 0.8581735406250001 0.4189491 0.8677567796875 0.427849834375 0.8711131281250001 0.4395741046875 0.8713407859375 0.44375 0.9296875 0.44375 0.9296875 0.3491891171875 0.9289382484375001 0.35166660312500003 0.9239152796875001 0.335692228125 0.9221095171875 0.353530834375 0.9239727046875 0.37482713125 0.9224102046875 0.3747270015625 0.9222019640625 0.3664270453125 0.9140423203125 0.358998640625 0.9150723140625001 0.3678116265625 0.9113685828125 0.369876115625 0.9093431468750002 0.367444484375 0.9086488593750002 0.3535889734375 0.9048757953125002 0.3459813046875 0.9038574765625 0.3284220890625 0.8872834921875 0.319533734375 0.8434524812499999 0.31580418125 0.840084459375 0.31282614531249997 0.8328738 0.31328480000000003 0.8296330093750001 0.31768079375 0.8240196359375 0.31271740000000003 0.8201769999999999 0.316154090625 0.8145636281249999 0.3111906953125 0.46875 0.28813245625 0.46875 0.39677724375
1 0.0921875 0.8265625 0.0921875 0.7400375015625 0.09062885312499999 0.71554978125 0.0882793859375 0.70941444375 0.08186736875 0.7071620750000001 0.0790547265625 0.71941175 0.0826538640625 0.7546303109375 0.07971375625 0.7802224718749999 0.08186618749999999 0.81074465 0.0878677328125 0.8265625 0.0921875 0.8265625
1 0.121875 0.7884818359375 0.121875 0.7814183109374999 0.11879498125000001 0.7529803234375001 0.121875 0.71348073125 0.121875 0.7117634781250001 0.1209365875 0.707146990625 0.11582530625000001 0.7052951375000001 0.11036786875 0.7150173609375 0.10998934062500001 0.752054396875 0.10491510156249999 0.7695283609375 0.10491510156249999 0.82745695 0.10536323437499999 0.828125 0.1136788375 0.828125 0.11728741093749999 0.8214988421874999 0.121875 0.7884818359375
1 0.05729166718749999 0.7510416671875 0.051041667187499994 0.7769675921875 0.051041667187499994 0.800115740625 0.05390625 0.8135416671875 0.0671875 0.8195601859374999 0.0692708328125 0.8167824078125001 0.0713541671875 0.7982638890625 0.07083333281250001 0.775115740625 0.0666666671875 0.7482638890625 0.0682291671875 0.713078703125 0.06588541718749999 0.706134259375 0.06119791718749999 0.7042824078125001 0.056770832812500005 0.709375 0.0557291671875 0.71585648125 0.05729166718749999 0.7510416671875
1 0.0322916671875 0.7649305562500001 0.03125 0.77881944375 0.0322916671875 0.8047453703125 0.0348958328125 0.81585648125 0.0385416671875 0.818634259375 0.0484375 0.809375 0.050520832812500006 0.7964120375 0.050520832812500006 0.768634259375 0.0453125 0.7445601859375 0.046875 0.706597221875 0.0434895828125 0.7015046296875 0.03828125 0.7024305562500001 0.0359375 0.7084490734375001 0.0369791671875 0.7464120375000001 0.0322916671875 0.7649305562500001
1 0.0317708328125 0.775115740625 0.0286458328125 0.743634259375 0.0296875 0.706597221875 0.02734375 0.7005787031249999 0.02265625 0.699652778125 0.01875 0.706597221875 0.0197916671875 0.74085648125 0.0135416671875 0.77881944375 0.01875 0.8140046296874999 0.0276041671875 0.81493055625 0.03125 0.800115740625 0.0317708328125 0.775115740625
1 0.12395833281249999 0.8140046296874999 0.12395833281249999 0.8214120375 0.1260416671875 0.8223379625 0.1296875 0.8195601859374999 0.13333333281249998 0.805671296875 0.1359375 0.79085648125 0.1359375 0.775115740625 0.1307291671875 0.7464120375000001 0.13125 0.706597221875 0.1247395828125 0.7015046296875 0.121875 0.706597221875 0.1213541671875 0.7519675921875 0.1260416671875 0.7834490734375 0.12395833281249999 0.8140046296874999
1 0.1520833328125 0.825115740625 0.15677083281249998 0.8140046296874999 0.1598958328125 0.784375 0.1541666671875 0.7510416671875 0.1546875 0.7103009265625 0.1486979171875 0.7033564812499999 0.14375 0.7112268515625 0.1447916671875 0.7473379625 0.1390625 0.7723379625 0.1380208328125 0.7871527781250001 0.1427083328125 0.818634259375 0.14609375 0.824652778125 0.1520833328125 0.825115740625
1 0.18125 0.818634259375 0.1864583328125 0.7954861109375 0.18697916718750002 0.7760416671874999 0.1822916671875 0.7464120375000001 0.1828125 0.7084490734375001 0.1794270828125 0.7024305562500001 0.17526041718750002 0.7033564812499999 0.171875 0.7103009265625 0.1734375 0.7464120375000001 0.1677083328125 0.7732638890625 0.1677083328125 0.7917824078125 0.171875 0.8167824078125001 0.18125 0.818634259375
1 0.0901041671875 0.7445601859375 0.08854166718749999 0.7612268515625 0.0927083328125 0.7862268515624999 0.0916666671875 0.8214120375 0.0958333328125 0.8232638890625001 0.09921875 0.821875 0.1015625 0.81493055625 0.1052083328125 0.7917824078125 0.1052083328125 0.77789351875 0.0994791671875 0.7473379625 0.10052083281249999 0.7084490734375001 0.09713541718749999 0.7033564812499999 0.09296875 0.7033564812499999 0.0890625 0.709375 0.0901041671875 0.7445601859375
1 0.078125 0.7547453703125 0.07760416718749999 0.7167824078125 0.0791666671875 0.709375 0.0752604171875 0.7005787031249999 0.07109375 0.7015046296875 0.06875 0.709375 0.06979166718749999 0.7445601859375 0.0682291671875 0.7584490734375 0.06979166718749999 0.77789351875 0.0739583328125 0.780671296875 0.0744791671875 0.7677083328125001 0.078125 0.7547453703125
0 0.0356770828125 0.821875 0.029166667187500002 0.837152778125 0.0270833328125 0.868634259375 0.0302083328125 0.884375 0.0356770828125 0.8959490734374999 0.0471354171875 0.9070601859374999 0.055208332812500004 0.906597221875 0.0643229171875 0.9015046296874999 0.071875 0.8917824078125001 0.0765625 0.875115740625 0.07760416718749999 0.8519675921874998 0.0760416671875 0.8390046296874999 0.0700520828125 0.8237268515625 0.058072917187499996 0.8144675921874999 0.0497395828125 0.812615740625 0.0356770828125 0.821875
1 0.46875 0.7834490734375 0.46302083281249995 0.756597221875 0.4640625 0.71585648125 0.45807291718750004 0.7098379625 0.453125 0.71585648125 0.4536458328125 0.756597221875 0.4479166671875 0.77881944375 0.44739583281249995 0.8019675921874999 0.4536458328125 0.831597221875 0.46197916718750004 0.831597221875 0.46770833281249996 0.8084490734375 0.46875 0.7834490734375
1 0.39559042187500004 0.8010416671874999 0.40184042187499996 0.838078703125 0.4106945890625 0.83993055625 0.41642375468750004 0.8241898140625 0.419027921875 0.7964120375 0.4169445890625 0.77789351875 0.4122570890625 0.7612268515625 0.414340421875 0.7214120375 0.410434171875 0.7135416671874999 0.4052258390625 0.7135416671874999 0.4013195890625 0.7214120375 0.4028820890625 0.7603009265624999 0.39611125468749997 0.788078703125 0.39559042187500004 0.8010416671874999
1 0.3464324109375 0.8358715968749999 0.34929699375 0.8391123374999999 0.3558074109375 0.8386493734375 0.36257824375 0.8155012265625 0.36414074375 0.7932790031250001 0.35736991093750003 0.75901974375 0.35945324375 0.72105678125 0.3560678265625 0.7131864109375 0.35085949375 0.7122604859375 0.34695324375 0.7192049296875 0.3479949109375 0.75809381875 0.3412240765625 0.786797521875 0.34070324375 0.8043901140624999 0.3464324109375 0.8358715968749999
1 0.3752345515625 0.7636387125 0.370590421875 0.781597221875 0.369027921875 0.8084490734375 0.373715421875 0.83993055625 0.3825695890625 0.8445601859374999 0.3867362546875 0.8427083328125 0.3903820890625 0.8288194437499999 0.3929862546875 0.812152778125 0.3929862546875 0.793634259375 0.386215421875 0.7603009265624999 0.3872570890625 0.7214120375 0.3817883390625 0.7135416671874999 0.3757987546875 0.7214120375 0.3747570890625 0.7454861109375 0.3752345515625 0.7636387125
1 0.5929252796875 0.459375 0.593057446875 0.46172041875 0.6047583296875001 0.5066655124999999 0.609375 0.5077272921875 0.609375 0.459375 0.5929252796875 0.459375
1 0.537499190625 0.459375 0.537499190625 0.515625 0.5535097859375 0.515625 0.559375 0.5035342734375 0.559375 0.459375 0.537499190625 0.459375
1 0.5016522375 0.459375 0.509375 0.50555555625 0.52421875 0.5083333328124999 0.5328125 0.48194444374999995 0.533828125 0.459375 0.5016522375 0.459375
1 0.46875 0.459375 0.46875 0.46444444375 0.475 0.49444444374999996 0.478515625 0.49930555625000006 0.48984375 0.4986111109375 0.4984375 0.46388888906250003 0.49871961875000004 0.459375 0.46875 0.459375
1 0.62881556875 0.459375 0.63515625 0.49444444374999996 0.6484375 0.4986111109375 0.65234375 0.49583333281249997 0.65859375 0.46527777812500004 0.658895596875 0.459375 0.62881556875 0.459375