1 0.416643909375 0.10456185625 0.41076728749999997 0.12365987656249999 0.4111178953125 0.1514785984375 0.41873717499999996 0.2039697703125 0.4193252046875 0.256829434375 0.41649422031250005 0.28342304218750003 0.4044124703125 0.3327711375 0.4037665078125 0.3745606375 0.406800421875 0.41058985937500003 0.4189484734375 0.4781540921875 0.4325272421875 0.5 0.4535167859375 0.5 0.4600600390625 0.49757327656249994 0.4625 0.49138297499999994 0.4625 0.2989740484375 0.45538694062499996 0.2772091953125 0.45308873437499997 0.2592355296875 0.44985054843750005 0.256621525 0.44809616874999997 0.21356596875 0.451912675 0.1535162 0.4507808171875 0.1257384203125 0.440862659375 0.10329260468749998 0.4280674140625 0.1002092171875 0.4258944109375 0.1002092171875 0.416643909375 0.10456185625
1 0.33508392656249997 0.32514375 0.356536159375 0.4087498171875 0.362003940625 0.415625 0.378125 0.415625 0.378125 0.23111339375 0.3685305734375 0.20088013437500002 0.36369168749999997 0.0870457921875 0.3528091765625 0.0709031109375 0.34245868281249997 0.06794805468750001 0.3334214625 0.0781942625 0.330583540625 0.09340385625 0.3439190546875 0.2059993125 0.3330529640625 0.273782134375 0.33508392656249997 0.32514375
1 0.275695159375 0.35 0.282778921875 0.330710821875 0.29406309375 0.2826325078125 0.296875 0.25049227812499997 0.296875 0.2398290078125 0.2855201046875 0.16454505 0.296369696875 0.06750042656250001 0.289806984375 0.04812883125 0.27845277031250004 0.0430741703125 0.272619484375 0.046826440625 0.2653627203125 0.062354667187500004 0.2628638546875 0.1628282625 0.25968758125 0.173589578125 0.25968758125 0.35 0.275695159375 0.35
1 0.22825008750000003 0.296875 0.2334144265625 0.290484596875 0.2453125 0.21523533437500003 0.2453125 0.1780583390625 0.23645818125 0.12686849375 0.2443353046875 0.0434896953125 0.23755297187500002 0.024978382812499998 0.22916970625 0.02245065625 0.221822725 0.0268219125 0.216736525 0.03736360625 0.2158299515625 0.13162619375 0.21320670625 0.14164444062499998 0.21320670625 0.296875 0.22825008750000003 0.296875
1 0.5 0.0400792484375 0.49956527968750003 0.0375280703125 0.4917866015625 0.0271591296875 0.4798980734375 0.031393971874999996 0.474282315625 0.044617959375 0.472166278125 0.13488665 0.4617084765625 0.174640725 0.4617084765625 0.28401171875000003 0.46210849062500003 0.2859375 0.46354727812499996 0.2859375 0.4879279046875 0.1889487765625 0.48800659843750005 0.1486800875 0.48516456406249997 0.141753825 0.48770019218750005 0.098693725 0.4999393296875 0.0666856453125 0.5 0.0659633359375 0.5 0.0400792484375
1 0.353871115625 0.0724196734375 0.36185606406250004 0.090500059375 0.361355065625 0.133555615625 0.357238721875 0.1519300359375 0.356004959375 0.1908826953125 0.35960414531249996 0.2169527234375 0.3752567375 0.2765625 0.375334365625 0.2765625 0.38125 0.2492121578125 0.38125 0.1801693609375 0.36921605 0.12875121875 0.374108134375 0.043710132812500004 0.36765336249999997 0.028279981250000003 0.35718309375 0.02664831875 0.3557998390625 0.02664831875 0.3500348328125 0.0331870921875 0.346203328125 0.050290049999999996 0.346203328125 0.05374441875 0.348068303125 0.0680368609375 0.353871115625 0.0724196734375
1 0.445860565625 0.1995450453125 0.4416364421875 0.19731166093750002 0.441074753125 0.2449332390625 0.441074753125 0.24826986406249998 0.4470254515625 0.284375 0.4488885734375 0.284375 0.450860003125 0.28037341875 0.4515625 0.2602565234375 0.4515625 0.23121103281250002 0.445860565625 0.1995450453125
1 0.396214715625 0.2890625 0.39639075468749996 0.2890625 0.40735877968749995 0.25497996875 0.409375 0.2360082234375 0.409375 0.187401134375 0.39947334843750004 0.21438394375 0.396214715625 0.22896599375 0.396214715625 0.2890625
1 0.435929290625 0.1046875 0.43975488125 0.10174058125 0.440625 0.08202342500000001 0.440625 0.0624251703125 0.435107759375 0.0495208703125 0.42189116406249993 0.04643396875 0.4117861078125 0.060790006249999994 0.4109375 0.079318865625 0.4109375 0.09807403906249999 0.41283646406249996 0.1046875 0.41837004687499996 0.1046875 0.42375542031249996 0.10067337031250001 0.43426383749999997 0.1046875 0.435929290625 0.1046875
1 0.9046875 0.55 0.9046875 0.5267065703125 0.9013832562499999 0.516110815625 0.9009528843750001 0.4504428046875 0.8963667890625 0.44065239843750004 0.8919411343749999 0.4368759640625 0.8838020421875001 0.4395082828125 0.8796634640625 0.45099599062499995 0.8855640156250001 0.5130603015624999 0.8820448187500001 0.52224683125 0.879560353125 0.55 0.9046875 0.55
1 0.9428785953125001 0.55 0.9427746921875 0.5451005906249999 0.9382835203125002 0.5065456312500001 0.9399384656249999 0.49362213437499997 0.9431096875 0.48733798281249996 0.9416744187500001 0.4797727125 0.946875 0.45170259062499996 0.946875 0.4453596421875 0.9432595593750002 0.43468770624999997 0.9340465734375 0.432125459375 0.927044390625 0.443245671875 0.924706596875 0.45798155312500005 0.9258526187499999 0.47484555000000006 0.9225312906250001 0.5128085140625 0.9175896953125001 0.526646965625 0.9175896953125001 0.55 0.9428785953125001 0.55
1 0.9894799328125 0.55 0.9892868374999999 0.5392865890625 0.9833794953125 0.5006553312500001 0.990625 0.44150033437499997 0.990625 0.43201586562500005 0.98682415 0.4243346375 0.98123530625 0.42264948750000003 0.9741986703125001 0.42978336562499997 0.9714137125000001 0.43910324375 0.9687259984375001 0.5020055890624999 0.962992984375 0.5197316546875 0.962992984375 0.55 0.9894799328125 0.55
1 1 0.4300037875 0.9996554781250001 0.42167840156249997 0.9934519359374999 0.40732654999999995 0.9880815859375 0.4054746984375 0.980778246875 0.41427099843750004 0.980465653125 0.422604328125 0.9906276218750001 0.42862285 0.9941807718749999 0.43649321875 0.9965643171874999 0.4994561796875 1 0.51118135625 1 0.4300037875
1 0.88236734375 0.423092865625 0.8797081765625 0.429302703125 0.8793970203124999 0.43968745781249996 0.8793970203124999 0.44083675 0.8895004859375 0.4354181 0.8953125 0.44238265 0.8953125 0.4207203578125 0.888290615625 0.418921496875 0.88236734375 0.423092865625
1 0.9171875 0.55 0.9171875 0.507566859375 0.9110799249999999 0.474409175 0.9128077234374998 0.4133101828125 0.9088502984375001 0.4044911625 0.902068690625 0.40259991875 0.8945893296874999 0.4150559828125 0.895147871875 0.42154049374999997 0.8988314125000001 0.42804318593749996 0.900002365625 0.45027147031250003 0.896728225 0.5141391484375 0.90481978125 0.55 0.9171875 0.55
1 0.9209834890625 0.5190290515625 0.921875 0.513038778125 0.921875 0.45777726875 0.92057495 0.4523805671875 0.921875 0.4376727625 0.921875 0.38834530156249997 0.921411896875 0.38711339375 0.9147165234374999 0.3853009328125 0.9090402624999999 0.3904253421875 0.9060210828125002 0.40062567656250003 0.91073894375 0.4126324125 0.9111392281249999 0.4283670921875 0.9060146093749999 0.4774593484375 0.9145691828124999 0.53125 0.9164505546874999 0.53125 0.9209834890625 0.5190290515625
1 0.9386987203124999 0.41479891875 0.9335945765624999 0.42862873749999997 0.9436915703125 0.43289228281250003 0.9491865796875001 0.446875 0.9498200000000001 0.446875 0.9515625 0.4424384703125 0.9515625 0.41875154062500003 0.9460227078125001 0.41142592499999997 0.9386987203124999 0.41479891875
1 0.9592148500000001 0.55 0.959375 0.5480929406249999 0.959375 0.5373246765624999 0.9502643546874999 0.49106925468749996 0.9490072843749999 0.4748018921875 0.9455086999999999 0.47792441406249997 0.9468125281249999 0.48538638437500004 0.9440856390625001 0.4923554 0.9440856390625001 0.51488709375 0.9504694 0.55 0.9592148500000001 0.55
1 0.94412838125 0.491238484375 0.9487646453125 0.5127166375 0.9510576078125 0.5375 0.9541134046875002 0.5375 0.9553439171874999 0.5361072625000001 0.9611243203125 0.5149322015625 0.9555677906250001 0.471156053125 0.9625 0.41729580312500003 0.9625 0.4080859046875 0.9608151281249999 0.39846329062499997 0.9538041093749999 0.39454742343750004 0.948244965625 0.39902550468750003 0.9441228421875 0.408649221875 0.9517842468750001 0.4246475921875 0.9492287031250001 0.451484290625 0.94502156875 0.4587856140625 0.9441116874999999 0.46500118281249997 0.9441116874999999 0.4890243234375 0.94412838125 0.491238484375
1 0.4171875 1 0.4171875 0.8581169031249999 0.4109451328125 0.8372715921874999 0.4089906140625 0.8021137046875 0.40921787812500005 0.743643890625 0.403722896875 0.7304772749999999 0.3939301890625 0.72610686875 0.39188143750000004 0.72610686875 0.386014565625 0.7314053296875 0.38168916875000003 0.7469424171875 0.38955323750000004 0.8374647906250001 0.3788338484375 0.8946286640625001 0.37870503437499997 0.9298957375000001 0.38434311718749997 0.9657884843750001 0.3937044515625 1 0.4171875 1
1 0.3375 1 0.3375 0.8466846328125 0.3366785671875 0.845024490625 0.3321938796875 0.8255255 0.3278644 0.741293515625 0.3208712359375 0.7268371140625 0.3117580828125 0.722978859375 0.30417076875000004 0.7297823937500001 0.3015608875 0.7445335671875 0.312920190625 0.8325874453125 0.305999865625 0.8824056203125 0.30748047500000003 0.925896865625 0.319115909375 0.9732645453125001 0.3273759234375 0.9946790265625001 0.3307083296875 1 0.3375 1
1 0.233848071875 0.978125 0.2427330828125 0.9481719999999999 0.246875 0.9258160046875 0.246875 0.8505711734375 0.24081035 0.820333484375 0.246875 0.7334692171875 0.246875 0.7309646093750001 0.24204763749999997 0.719298259375 0.2333554859375 0.716775478125 0.22782312187499998 0.7200845203125 0.2229042703125 0.7313625953125 0.220832846875 0.7610316906250001 0.2223376859375 0.7797870093749999 0.22101868281249998 0.8188337640625001 0.22010461406249998 0.82197379375 0.22010461406249998 0.978125 0.233848071875 0.978125
1 0.14444958125000001 0.8646882874999999 0.14444958125000001 0.8912009968750001 0.15028466406250002 0.9298285859375 0.1567861421875 0.952424034375 0.16093626562500002 0.9578125 0.16859303750000001 0.9578125 0.1712940578125 0.9577150890624999 0.1770986421875 0.950765940625 0.18255478281249998 0.9290444921875001 0.184375 0.9145794203125 0.184375 0.84186355 0.17314720625 0.798455828125 0.1740091375 0.72438175625 0.17112244999999998 0.715767240625 0.1541486890625 0.715767240625 0.1505716375 0.7262949437499999 0.15044234843749998 0.7374060546875001 0.1546773328125 0.7759123062500001 0.15539577499999999 0.8036050515625 0.14491814218750002 0.8544128437499999 0.14444958125000001 0.8646882874999999
1 0.4856354546875 1 0.4935279546875 0.9653737953124999 0.4953125 0.9421069609374999 0.4953125 0.93672395 0.4943939984375 0.9107077890624999 0.48331320624999996 0.8546975359375001 0.49107592968749997 0.7817312671875 0.491622121875 0.7511575234375 0.48857621093750003 0.7413170796874999 0.46933771249999995 0.739718203125 0.46352945468750006 0.7492494515625 0.4616112796875 0.759380071875 0.46318773437500005 0.8187666468749999 0.46094970625 0.8529895312499999 0.44694390000000006 0.8982562156250001 0.44694390000000006 1 0.4856354546875 1
1 0.14181525156250002 0.55 0.137592175 0.564181328125 0.137592175 0.709375 0.1535678109375 0.709375 0.1589042609375 0.6924224125 0.1666384453125 0.659240625 0.1703125 0.6239082578125 0.1703125 0.618999403125 0.1691858328125 0.5980688921875 0.1608715328125 0.55 0.14181525156250002 0.55
1 0.457977896875 0.55 0.4487765796875 0.59029605 0.4487765796875 0.693400959375 0.45675765156250003 0.7324378515625 0.4583640578125 0.734375 0.482014403125 0.734375 0.48494730468749997 0.7303146890625001 0.49761250312499994 0.6787295328124999 0.5 0.65929113125 0.5 0.5955806359375 0.49876905625 0.5842608453125 0.49022024062499997 0.55 0.457977896875 0.55
1 0.5172715953125 0.55 0.51028059375 0.558668203125 0.5101279828124999 0.6667808390625 0.53072218125 0.7958490015624999 0.5 0.8999523546875 0.5 1 0.6265625 1 0.6265625 0.8660389328125 0.609384046875 0.8178154390625 0.6265625 0.6033249296875 0.6265625 0.583404853125 0.6118123328125 0.55 0.5172715953125 0.55
1 0.7197126921875 0.55 0.7185888953124999 0.5579383796874999 0.68694711875 0.6197506640625 0.68694711875 0.8953125 0.687215884375 0.8953125 0.7367074203125 0.8395071578125 0.7666380328125 0.7639429859375 0.765174165625 0.6029788953125 0.779939490625 0.55 0.7197126921875 0.55
1 0.6356469312499999 0.55 0.642039965625 0.6458732671874999 0.6244833625 0.7541206890625001 0.63214989375 0.8417495546874999 0.6659415078124999 0.9190691421875 0.67997713125 0.991234090625 0.6877352578125 0.99375 0.6972224609375 0.99375 0.7171875 0.9547359046875 0.7171875 0.7275197265625 0.7087767265625 0.7025742968750001 0.7024631109375 0.6304093500000001 0.7171875 0.5704115953125 0.7171875 0.55 0.6356469312499999 0.55
1 0.79544726875 0.55 0.7920836875 0.5541782921875 0.7915436781249999 0.569642209375 0.787502671875 0.5746620203124999 0.7869626578125001 0.5901259375000001 0.7848777703125001 0.592715825 0.7848777703125001 0.6358497125 0.7853426234375 0.6365176921875 0.7848777703125001 0.6498293671875001 0.7848777703125001 0.652205815625 0.7918046046875 0.672869821875 0.790904584375 0.6986430171875 0.7940236421875 0.703125 0.79883751875 0.703125 0.8068886093750001 0.6837184203125 0.8074286234375 0.668254503125 0.8114696312499999 0.6632346921875 0.8125 0.6337287703125 0.8125 0.6051690140625 0.8097686749999999 0.60124419375 0.8103086843749999 0.5857802765625 0.8066276828125 0.5804908078125 0.8051590859375001 0.55 0.79544726875 0.55