1 0.2549415453125 0.184858934375 0.2229102953125 0.1867245421875 0.22028501406249998 0.1931338 0.22708166875 0.3136941171875 0.209375 0.39188849062500003 0.209375 0.4484375 0.2737036671875 0.4484375 0.2737036671875 0.3943155375 0.2544496609375 0.3134904140625 0.25360115156249996 0.26487930312499997 0.259002640625 0.21590417187500002 0.2577365296875 0.188171896875 0.2549415453125 0.184858934375
1 0.9520427 0.432498525 0.9605207015625 0.38056360312500004 0.9716986406250001 0.3461776296875 0.9716986406250001 0.27541182656249996 0.9684465828125 0.2521942890625 0.9493141625 0.1865741828125 0.9457285453125 0.1603673046875 0.9452546218750001 0.043609634375 0.938262465625 0.0238575171875 0.925617009375 0.0162522265625 0.913213984375 0.022535823437499998 0.9046053781250001 0.04458688125 0.9060896796875 0.0848191578125 0.9140906531249999 0.1399651890625 0.9157446593749998 0.1899196859375 0.9020403328125 0.25606201562500003 0.9 0.2932309796875 0.9 0.304250784375 0.9028348874999998 0.34638529375 0.9105449468749999 0.3848646609375 0.9246262218750001 0.42992444687500003 0.9338878015625 0.4375 0.9476793687499999 0.4375 0.9520427 0.432498525
1 0.9375 0 0.9375 0.038868021875 0.939341265625 0.04727019375 0.9375 0.06691630781249999 0.9375 0.229236221875 0.9400553078125 0.24396957968750002 0.9422216328124999 0.3125 0.9445315046874999 0.3125 0.948649765625 0.3060604046875 0.9597430906250001 0.2683330828125 0.9682146203125 0.20713104218749998 0.9663912312499999 0.16562350312500002 0.95628645 0.1118887421875 0.9660754468749999 0 0.9375 0
1 0.96362016875 0 0.9578125 0.055256123437500006 0.9578125 0.1172938125 0.968626859375 0.17828236875 0.9687359000000001 0.228125 0.9732676046875 0.228125 0.9824022828124999 0.193646503125 0.9883394953125 0.1422712515625 0.9851973515625 0.0977904453125 0.9772748765625 0.06578691406250001 0.97619369375 0.047717721875 0.980809315625 0 0.96362016875 0
1 0.8181281890625 0 0.8234375 0.0513888890625 0.82421875 0.0916666671875 0.81484375 0.14444444375 0.81484375 0.15972222187500001 0.8296875 0.2125 0.83359375 0.275 0.8375 0.28194444375 0.851953125 0.28125 0.8609375 0.2708333328125 0.86796875 0.23055555625 0.8703125 0.1861111109375 0.8671875 0.14861111093749999 0.84765625 0.075 0.8483052890625 0 0.8181281890625 0
1 0.7819490140625 0 0.77109375 0.0111111109375 0.76796875 0.026388889062499997 0.778125 0.109722221875 0.77890625 0.147222221875 0.76875 0.20138888906250002 0.765625 0.272222221875 0.77109375 0.3111111109375 0.78359375 0.35694444375 0.7953125 0.372222221875 0.809765625 0.3729166671875 0.82109375 0.3625 0.83203125 0.2958333328125 0.8328125 0.2541666671875 0.82734375 0.20555555625 0.80625 0.13194444375 0.8046875 0.01805555625 0.796484375 0.00069444375 0.7933593765625 0 0.7819490140625 0
1 0.662053571875 0 0.66015625 0.0041666671875 0.6609375 0.03194444375 0.67109375 0.10833333281249999 0.6703125 0.13333333281249998 0.6609375 0.1833333328125 0.6609375 0.23194444375 0.6640625 0.2611111109375 0.678125 0.3125 0.690625 0.325 0.705859375 0.3229166671875 0.715625 0.30416666718749996 0.72109375 0.2666666671875 0.72265625 0.20416666718749998 0.7140625 0.1611111109375 0.69765625 0.1166666671875 0.69375 0.00555555625 0.691125 0 0.662053571875 0
1 0.46875 0.5 0.435443775 0.5 0.435183190625 0.5004289078124999 0.43252036250000003 0.6171436578125 0.4109375 0.6782752984375 0.4109375 0.81121078125 0.4124454375 0.8198252687500001 0.4288498609375 0.846875 0.458189059375 0.846875 0.46875 0.83766725 0.46875 0.5
1 0.4115075265625 0.5 0.41244834687500004 0.553125 0.391787190625 0.5947916671875 0.391787190625 0.6697916671875 0.40625 0.725347221875 0.4413739671875 0.6142361109375 0.43732782343750004 0.5 0.4115075265625 0.5
0 0 1 0.1466824765625 1 0.14798553750000001 0.9614583328125 0.137654959375 0.9225694437499999 0.1118285125 0.8822916671875 0.0787706609375 0.8600694437499999 0.037448346874999996 0.8572916671874999 0 0.8758406437499999 0 1
1 1 0.542572496875 0.99708655 0.544281153125 0.9899919578125 0.5634634296875001 0.9975456171874999 0.6825893562500001 0.9828125 0.7461797078125001 0.9828125 0.8505712171875001 0.9952472499999999 0.9093422640625001 1 0.9172688093750001 1 0.542572496875
1 0.9580042328125 0.5512347562500001 0.9493583046874999 0.5431742093749999 0.9367889703125 0.5532374109375 0.93043496875 0.567968503125 0.9255230187500001 0.67755433125 0.9234375 0.6844615296875001 0.9234375 0.8859375 0.9363720203125 0.8859375 0.9474694781250002 0.8542409734374999 0.959603525 0.733362171875 0.951651646875 0.690647596875 0.9508353765625 0.6643496359375 0.9631259562500001 0.5684026453125 0.9580042328125 0.5512347562500001
1 0.8594903828125 0.9453125 0.867942746875 0.9453125 0.8809217140625 0.9367191984375001 0.9012970499999999 0.8465232328125 0.9041935265625 0.760393940625 0.8908822781249999 0.682507078125 0.8956454718749999 0.6255671781250001 0.9023725031249998 0.596427784375 0.9053875265624999 0.564487884375 0.9021568359375 0.5436272796875 0.890867884375 0.5296875 0.8888454781250001 0.5296875 0.8765191218750001 0.5358361281249999 0.8658351390625001 0.5600894140625 0.8634414078124999 0.6837368859375 0.85625 0.7078922859375 0.85625 0.945165225 0.8594903828125 0.9453125
1 0.827734375 0.547222221875 0.8203125 0.5673611109375 0.8265625 0.68125 0.80859375 0.77569444375 0.80859375 0.8131944437499999 0.8171875 0.86180555625 0.81796875 0.8826388890625001 0.82734375 0.9145833328125 0.851171875 0.915277778125 0.8609375 0.9048611109374999 0.8546875 0.8548611109375 0.8546875 0.7909722218749999 0.86328125 0.734027778125 0.86328125 0.7229166671874999 0.85234375 0.68125 0.85625 0.56875 0.848046875 0.5458333328125 0.838671875 0.5388888890625 0.827734375 0.547222221875
1 0.789453125 0.5583333328125 0.784375 0.5729166671875 0.78828125 0.68125 0.77734375 0.72430555625 0.77734375 0.7395833328125001 0.7890625 0.803472221875 0.7875 0.884027778125 0.790625 0.8895833328125 0.813671875 0.890277778125 0.81640625 0.884027778125 0.8078125 0.809027778125 0.8078125 0.7770833328125001 0.81953125 0.7090277781250001 0.8125 0.6701388890625 0.81640625 0.57430555625 0.808203125 0.5541666671875001 0.801171875 0.5486111109375 0.789453125 0.5583333328125
1 0.72734375 0.54930555625 0.73359375 0.6923611109375 0.71484375 0.77569444375 0.7109375 0.8229166671874999 0.7125 0.86875 0.72578125 0.94930555625 0.733203125 0.972222221875 0.74140625 0.97430555625 0.757421875 0.975 0.77265625 0.9673611109374999 0.784375 0.9048611109374999 0.7890625 0.85625 0.78671875 0.7881944437499999 0.76328125 0.68125 0.76953125 0.553472221875 0.760546875 0.5305555562500001 0.748828125 0.522222221875 0.734765625 0.5319444437499999 0.72734375 0.54930555625
1 0.63984375 0.5701388890625 0.6375 0.5840277781250001 0.64296875 0.68125 0.62734375 0.75625 0.6265625 0.80069444375 0.640625 0.8826388890625001 0.645703125 0.8888888890625001 0.6578125 0.8895833328125 0.66015625 0.878472221875 0.6515625 0.8270833328125 0.65078125 0.7770833328125001 0.6546875 0.746527778125 0.66640625 0.69930555625 0.6671875 0.6173611109375 0.665625 0.5645833328125 0.651171875 0.5555555562500001 0.63984375 0.5701388890625
1 0.69453125 0.5631944437499999 0.69921875 0.6868055562500001 0.69140625 0.73125 0.68203125 0.76319444375 0.67890625 0.803472221875 0.6828125 0.86875 0.69375 0.92569444375 0.7 0.9395833328125001 0.719921875 0.940277778125 0.72265625 0.9326388890625001 0.71328125 0.878472221875 0.7109375 0.8201388890625001 0.7140625 0.778472221875 0.7296875 0.7090277781250001 0.7265625 0.68125 0.7296875 0.6243055562500001 0.7265625 0.54930555625 0.713671875 0.5361111109375 0.698828125 0.547222221875 0.69453125 0.5631944437499999
1 0.671484375 0.5527777781250001 0.66640625 0.5673611109375 0.66796875 0.6881944437499999 0.6546875 0.7506944437499999 0.65078125 0.7854166671874999 0.65390625 0.840972221875 0.6625 0.89375 0.6703125 0.9131944437499999 0.6890625 0.9104166671874999 0.678125 0.8340277781250001 0.678125 0.79930555625 0.68203125 0.76180555625 0.696875 0.69930555625 0.69453125 0.68125 0.69453125 0.5604166671875 0.681640625 0.54444444375 0.671484375 0.5527777781250001