1 0.14576173750000002 0 0.14588223281249998 0.0012662359375 0.1402058296875 0.03414454375 0.1412046609375 0.06187681874999999 0.1504610109375 0.0970085671875 0.155373765625 0.0984375 0.159375 0.0984375 0.159375 0.011570046875 0.15690873593750002 0.003292165625 0.15684379531249998 0 0.14576173750000002 0
1 0.171968965625 0 0.1685178203125 0.011294789062500001 0.1685178203125 0.0894375 0.1736815671875 0.090625 0.178937725 0.090625 0.1859375 0.0655609640625 0.1859375 0.0017839203125 0.1856528828125 0 0.171968965625 0
0 0.072725975 0.1046875 0.08584941874999999 0.08926004843749999 0.0890625 0.055470879687499995 0.0890625 0.042501653125 0.0866072296875 0.032342875 0.0773792359375 0.019318890624999998 0.0618108296875 0.0182027375 0.0553910515625 0.022478496875 0.04737495 0.03719138125 0.04421855625 0.05842664374999999 0.04421855625 0.0884572484375 0.04444316875 0.089982796875 0.053660132812500004 0.1046875 0.072725975 0.1046875
1 0.8734375 0.4527199265625 0.8734375 0.399335725 0.8719954921875 0.356934534375 0.8699583015625001 0.3494361203125 0.863583034375 0.343068746875 0.8570495484375 0.346378096875 0.8552101546875001 0.35411195625 0.8603328156250001 0.40975851875 0.8540894343750001 0.449983565625 0.8565887156249999 0.453125 0.8726053374999999 0.453125 0.8734375 0.4527199265625
1 0.9453125 0.459375 0.9453125 0.4182693890625 0.9445175750000001 0.41125842500000004 0.9453125 0.4011613109375 0.9453125 0.34395769062500003 0.941203565625 0.3430619546875 0.935443453125 0.3471331640625 0.932062321875 0.3581988203125 0.9312348953124999 0.4073183484375 0.9263921890625 0.424112878125 0.9263921890625 0.459375 0.9453125 0.459375
1 0.8359375 0.459375 0.8359375 0.4299845828125 0.832033134375 0.41614429375000006 0.8308143671874999 0.3689948234375 0.8262282703124999 0.3591361921875 0.8203696125000001 0.35708427343750004 0.8168532703124999 0.3588088109375 0.813235528125 0.3702282859375 0.8184914656250001 0.4156714078125 0.812621378125 0.44317636718750003 0.8126156625000001 0.45795480624999996 0.8130276015625 0.459375 0.8359375 0.459375
1 0.721875 0.459375 0.721875 0.4353669046875 0.7190716140625 0.431927196875 0.7136893734375 0.41073999531250005 0.7130167281249999 0.3506093578125 0.7089857984375 0.34096441093749996 0.7017695859374999 0.3392398359375 0.6958517765625001 0.3439694671875 0.6932250625 0.350954821875 0.6931451828125 0.361378903125 0.6931451828125 0.36685475312500004 0.6975582734375 0.385114078125 0.6989173937500001 0.41562417656250006 0.6934679546875 0.44717838906249996 0.6931451828125 0.45509981718750003 0.6931451828125 0.459375 0.721875 0.459375
1 0.6987176187499999 0.459375 0.6989583328125001 0.4431134265625 0.703125 0.4125578703125 0.7015625 0.3847800921875 0.6973958328125001 0.3671875 0.6979166671874999 0.3505208328125 0.7 0.345891203125 0.6966145828125001 0.3445023140625 0.6942708328125 0.345891203125 0.6927083328125001 0.3532986109375 0.6953125 0.3810763890625 0.6942708328125 0.4088541671875 0.6869791671875 0.439409721875 0.685695684375 0.459375 0.6987176187499999 0.459375
0 0.8052815750000001 0.459375 0.8046875 0.45515046249999996 0.7994791671874999 0.439409721875 0.7846354171875 0.4250578703125 0.7731770828125001 0.4250578703125 0.7611979171875 0.432465278125 0.75 0.451446759375 0.748088728125 0.459375 0.8052815750000001 0.459375
1 0 0.459375 0 1 0.1504287671875 1 0.15008221875 0.9988139531249999 0.1499441546875 0.9784163093749999 0.1372975171875 0.9355509812499999 0.12790537500000002 0.8908883484375 0.115621509375 0.775718978125 0.11066359218749999 0.7496748656250001 0.11337154375 0.6811199828125 0.12490794375 0.5459711625 0.130358125 0.4978593796875 0.1369090859375 0.459375 0 0.459375
1 0.56875 1 0.56875 0.731855628125 0.5573728828125 0.68889779375 0.5541093781249999 0.6015343015625 0.5556817359374999 0.5531962078125 0.552497378125 0.5156507046875001 0.539433675 0.4879075828125 0.5211089078125 0.4813054671875 0.511397678125 0.487658378125 0.503456634375 0.5155618171875 0.5085100796875001 0.582273984375 0.5165599484375 0.62287028125 0.519338859375 0.6783803359375 0.498957209375 0.7975755734375 0.500638428125 0.8723935624999999 0.5074818125 0.9184544093749999 0.5274877984375 0.999874515625 0.5275352843750001 1 0.56875 1
1 0.4796875 0.459375 0.4796875 0.7696875000000001 0.48203125 0.7803819437499999 0.50546875 0.676215278125 0.50625 0.626215278125 0.49921875 0.5345486109375 0.503125 0.501215278125 0.51484375 0.4720486109375 0.5143345421875 0.459375 0.4796875 0.459375
1 0.5582170765625001 0.459375 0.5546875 0.46510416718750003 0.5515625 0.49010416718750005 0.55859375 0.613715278125 0.55546875 0.6442708328125 0.54765625 0.676215278125 0.54765625 0.6984375 0.56640625 0.7831597218749999 0.57109375 0.8192708328125 0.5703125 0.8873263890625 0.56171875 0.9484375 0.566015625 0.9546875 0.58046875 0.95538194375 0.594921875 0.9505208328125001 0.6 0.933159721875 0.615625 0.8484375 0.61953125 0.7720486109375 0.61171875 0.7123263890625 0.5984375 0.6623263890625 0.59453125 0.6317708328125 0.6 0.4748263890625 0.5935515375 0.459375 0.5582170765625001 0.459375
1 0.6984375 0.9609375 0.71171875 0.8901041671875 0.715625 0.8526041671875 0.715625 0.7984375 0.7109375 0.7595486109375 0.690625 0.6692708328125001 0.69609375 0.5553819437499999 0.6953125 0.49565972187499996 0.686328125 0.4713541671875 0.669921875 0.46440972187499996 0.656640625 0.47552083281249996 0.6484375 0.5026041671875 0.65390625 0.6095486109375 0.653125 0.6609375 0.63046875 0.75399305625 0.62421875 0.8039930562500001 0.62421875 0.8359375 0.6296875 0.901215278125 0.64609375 0.9845486109374999 0.655078125 0.9935763890625001 0.6875 0.9928819437499999 0.69140625 0.988715278125 0.6984375 0.9609375
1 0.6970259234375 0.459375 0.69375 0.46649305625000004 0.69375 0.47760416718750004 0.69765625 0.5026041671875 0.6984375 0.5998263890625 0.6921875 0.6692708328125001 0.7125 0.7609375 0.7171875 0.8067708328125001 0.715625 0.8664930562500001 0.7078125 0.9234375 0.709765625 0.9282986109374999 0.7234375 0.9289930562500001 0.734375 0.920659721875 0.753125 0.8289930562500001 0.75703125 0.7484375 0.753125 0.7123263890625 0.73359375 0.6276041671875 0.7328125 0.5651041671875 0.7390625 0.508159721875 0.73984375 0.46510416718750003 0.735904946875 0.459375 0.6970259234375 0.459375
1 0.84375 0.89288194375 0.8515625 0.8401041671874999 0.853125 0.77899305625 0.846875 0.72899305625 0.828125 0.6553819437499999 0.828125 0.5901041671875 0.834375 0.5220486109375 0.834375 0.4859375 0.827734375 0.46579861093749997 0.799609375 0.46302083281249995 0.79140625 0.46788194375 0.7859375 0.49149305625000006 0.7921875 0.6026041671875 0.790625 0.6498263890625 0.7640625 0.758159721875 0.7625 0.8276041671875 0.77109375 0.901215278125 0.784375 0.9623263890625001 0.8171875 0.96649305625 0.824609375 0.964409721875 0.83203125 0.9498263890625 0.84375 0.89288194375
1 0.98046875 0.7442708328125001 0.97265625 0.6901041671874999 0.96484375 0.6720486109375 0.95703125 0.6359375 0.96328125 0.4748263890625 0.923046875 0.469965278125 0.9171875 0.47760416718750004 0.9171875 0.5164930562500001 0.92265625 0.5776041671875001 0.92109375 0.6276041671875 0.896875 0.7206597218749999 0.8921875 0.7609375 0.8921875 0.8067708328125001 0.8984375 0.863715278125 0.91171875 0.9303819437499999 0.921484375 0.9380208328125 0.94921875 0.9373263890625001 0.95703125 0.9276041671874999 0.9734375 0.851215278125 0.9796875 0.7942708328125001 0.98046875 0.7442708328125001