0 0.47541140468749993 0.44364060937499994 0.48423902187499995 0.45942122812499997 0.49348131874999995 0.467290534375 0.50576474375 0.4703125 0.5080159656250001 0.4703125 0.52082673125 0.46028830468750004 0.5325736953125 0.4378603015625 0.5328125 0.43675033281250003 0.5328125 0.3903014703125 0.5310278187499999 0.38225015625 0.5244129140625 0.3691381296875 0.5091395703125 0.3550875953125 0.508086346875 0.354910575 0.49411442031249997 0.354910575 0.47940561875 0.36685593125 0.4734774 0.379697128125 0.4697386640625 0.400313159375 0.47025284687499996 0.4225626765625 0.47541140468749993 0.44364060937499994
1 0.5758008625000001 0.3699350703125 0.5778374875 0.39033271406250003 0.5842953515625 0.4203125 0.6015625 0.4203125 0.6015625 0.314137753125 0.5998131156250001 0.305565721875 0.6007757875 0.257453940625 0.59714253125 0.246746696875 0.5872035953125 0.2447221140625 0.581874928125 0.250645175 0.5799855562499999 0.2589421421875 0.5833835109375001 0.315459990625 0.5768245828125 0.3468141953125 0.5758008625000001 0.3699350703125
1 0.6189391750000001 0.424321775 0.6207559828125 0.4265625 0.6296875 0.4265625 0.6296875 0.26463870156249997 0.629544446875 0.2581278890625 0.624551109375 0.2483026265625 0.6166307515625 0.24626893437500003 0.610237421875 0.252592825 0.608818971875 0.259494840625 0.6147128093750001 0.31603693437499997 0.610690915625 0.3362860796875 0.6110528453125 0.3871513921875 0.6189391750000001 0.424321775
1 0.6485005640625 0.4295977640625 0.6515625 0.41549205 0.6515625 0.3199720953125 0.650772725 0.3156967578125 0.6515625 0.3052005640625 0.6515625 0.2502955015625 0.64363835625 0.24753514375000002 0.6383222546875 0.2511782421875 0.634106175 0.26178093593749996 0.6351207828125001 0.31644086875 0.6290365 0.34298356874999997 0.6290365 0.4274519671875 0.6292297296875 0.4293735296875 0.6309159265625001 0.43125 0.6465684296875 0.43125 0.6485005640625 0.4295977640625
1 0.7187222625 0.428125 0.73809248125 0.428125 0.73974609375 0.4219284703125 0.740625 0.411582021875 0.740625 0.351103459375 0.7345377609375 0.310787053125 0.7376627609375 0.259879309375 0.7321940109375 0.24734749687500002 0.7259440109375 0.24638520625 0.7189127609375 0.25514059843750003 0.71787109375 0.2616160171875 0.72099609375 0.3162638265625 0.712141928125 0.3560271328125 0.71162109375 0.38750558281249997 0.7187222625 0.428125
1 0.678125 0.39325485 0.678125 0.3351492109375 0.675302734375 0.312403990625 0.678125 0.2887749140625 0.678125 0.2518841671875 0.6759611484375 0.2470125515625 0.6668451375 0.2430360640625 0.6597843703125 0.2507170015625 0.657639146875 0.25900487031249997 0.6592863921875 0.3100823453125 0.657169253125 0.319065071875 0.657169253125 0.43125 0.6696910109374999 0.43125 0.67345649375 0.420904025 0.678125 0.39325485
1 0.699683846875 0.3619213390625 0.701640240625 0.42189395 0.7046857359375001 0.428125 0.709375 0.428125 0.709375 0.27089269531250004 0.7088026640625 0.25684286093750003 0.7043000312500001 0.24865362656249998 0.6973888781250001 0.2462490765625 0.6923060171875 0.2508952578125 0.6897827828125 0.2654124671875 0.6950828203125 0.2943712625 0.696836884375 0.3175194109375 0.693552634375 0.3356552921875 0.699683846875 0.3619213390625
1 0.74334308125 0.40819976718750006 0.743472378125 0.415607175 0.7443486578125 0.4171875 0.746517125 0.4171875 0.7503500875 0.40738483593749997 0.7567554515625 0.4018977578125 0.759375 0.3944292984375 0.759375 0.31866974375 0.7572387359375 0.31040115 0.75781535 0.254047215625 0.7505982343750001 0.24282510937500001 0.7423457124999999 0.246774496875 0.7401393390625 0.2544535484375 0.744217903125 0.3093382703125 0.73988596875 0.329326003125 0.7396075703125 0.34317237500000003 0.7453169265625 0.37230123437499996 0.74334308125 0.40819976718750006
1 0.7653650640625 0.3723701875 0.7672256921875 0.3757704125 0.7834359734375 0.3765625 0.7921875 0.3765625 0.7921875 0.338808790625 0.7865720671875 0.3168765921875 0.787477346875 0.26053181406250003 0.7839680265625 0.2495874796875 0.77768570625 0.24626289687499997 0.7722762140625 0.2508770359375 0.7697905625 0.2608343875 0.7735404625 0.3148114921875 0.7666151140624999 0.3456550375 0.7653650640625 0.3723701875
1 0.8324183671875 0.3098036140625 0.834375 0.2897865515625 0.834375 0.243820090625 0.829104359375 0.241277865625 0.8217846046874999 0.25247275 0.8203744546875 0.3100318328125 0.8150256718750001 0.3272271828125 0.8150256718750001 0.428125 0.8214171125 0.428125 0.828359303125 0.4202011453125 0.834375 0.39465385 0.834375 0.3299980609375 0.8324183671875 0.3098036140625
1 0.396937765625 0.854596675 0.36373405625 0.8585351390625 0.3635151015625 0.8650439171875 0.3655808640625 0.86875 0.399187196875 0.86875 0.4 0.8671281265624999 0.4 0.8558995265625 0.3989575671875 0.854596675 0.396937765625 0.854596675
1 0.3611158203125 0.5 0.3625489546875 0.5248465296875 0.3692263734375 0.5656872734375 0.36950293125 0.5999374421875 0.3516472640625 0.705138440625 0.351058171875 0.724564703125 0.3517253453125 0.7265625 0.4140625 0.7265625 0.4140625 0.667483271875 0.4024626859375 0.6292047984375 0.3982780734375 0.6059930109375 0.39596488750000003 0.5513452 0.3990970984375 0.506973484375 0.3987108578125 0.5 0.3611158203125 0.5
1 0.43506033593750004 0.8642068921874999 0.4380065328125 0.8790701984375 0.444896746875 0.896875 0.4793612109375 0.896875 0.4822958234375 0.88934775 0.4828125 0.8859806296875 0.4828125 0.8602263515624999 0.43577842968749997 0.8586755796875 0.43506033593750004 0.8642068921874999
1 0.43844522656249996 0.5 0.4372280953125 0.50416126875 0.4369406781249999 0.53194510625 0.44028109375 0.578295946875 0.4392123671875 0.6329316375 0.4238447703125 0.691800159375 0.4238447703125 0.721875 0.4830514453125 0.721875 0.484375 0.7204402734375 0.484375 0.7084005531249999 0.4836806156250001 0.6982858328125 0.4729677078125 0.6546279234375 0.469501525 0.6305053640625 0.4711988515625 0.57217203125 0.4758954125 0.53610334375 0.4768653140625 0.502770009375 0.476427490625 0.5 0.43844522656249996 0.5
1 0.7430628609375 0.9234375 0.7455729171875001 0.922814628125 0.7484375 0.91588685 0.7572916671875001 0.8650124359374999 0.7518229171875 0.8598880265625001 0.70078125 0.8586651484375001 0.6989583328125 0.8628212109375 0.7 0.8720865296875001 0.7104166671875001 0.9175175031249999 0.7159365578125 0.9234375 0.7430628609375 0.9234375
1 0.7184181109375001 0.5 0.715265503125 0.502420559375 0.7073630234375 0.522138534375 0.7048378890625 0.558249646875 0.705775775 0.626934865625 0.70324778125 0.6556234156249999 0.6991653734375001 0.6683321265625001 0.6991653734375001 0.71875 0.735434153125 0.71875 0.7360183921875 0.7168845828125 0.7333180515625 0.6360865515625 0.7429291828125 0.5732751375 0.7453125 0.5439251890625 0.7453125 0.5150268437500001 0.7399389078125 0.5003550531250001 0.7395449843749999 0.5 0.7184181109375001 0.5
1 0.7421840328125 0.5 0.75070111875 0.510810390625 0.754778696875 0.5304674125 0.757525803125 0.5803823796875001 0.7559956156250001 0.6216664062499999 0.75963329375 0.656010696875 0.7675482671875 0.698985928125 0.7685008453125 0.71838785625 0.7723675171875 0.7203125 0.7859375 0.7203125 0.7859375 0.6325986125 0.7816163078125 0.618236615625 0.777258078125 0.59487589375 0.774772696875 0.5689074484375001 0.7760114640625 0.510115859375 0.775088046875 0.5 0.7421840328125 0.5
1 0.857040340625 0.861633625 0.8099130046875 0.8582489593750001 0.809375 0.8613644359375 0.809375 0.8651740109375 0.8169280078125001 0.8921875 0.8538408421875001 0.8921875 0.8541801921874999 0.8914498703125 0.8578125 0.8729998 0.8578125 0.8659124859375 0.857040340625 0.861633625
1 0.81175188125 0.5 0.8113510625 0.5017429046874999 0.8116419640625001 0.5267429031249999 0.81737823125 0.57256894375 0.8185886078125 0.631873771875 0.8042494046875 0.69629306875 0.8009267937499999 0.723751878125 0.8030717156249999 0.725 0.8640625 0.725 0.8640625 0.6954622828125 0.8493177734374999 0.6345622234375 0.8478990124999999 0.6020636859375 0.851649165625 0.5219182328125 0.8504126687500001 0.5 0.81175188125 0.5
1 0.9129447765624998 0.5 0.9125992828125 0.5049408 0.91412275 0.5728974124999999 0.91068544375 0.6070960015625 0.9001992578125 0.6431385453125 0.9001992578125 0.725 0.9546875 0.725 0.9546875 0.7086093874999999 0.95407553125 0.6895771296875 0.9410232687499999 0.6070035859375 0.9425038812500001 0.5633940609375 0.9511409499999999 0.5071855953125 0.951643415625 0.5 0.9129447765624998 0.5
2 0.5955729171875 0.7240740734375001 0.5924479171875 0.7268518515625 0.58046875 0.7231481484375 0.5768229171874999 0.7259259265625 0.5486979171874999 0.7240740734375001 0.5455729171874999 0.7268518515625 0.5408854171874999 0.7240740734375001 0.5372395828125001 0.7268518515625 0.53359375 0.7240740734375001 0.5294270828125001 0.7268518515625 0.52578125 0.7240740734375001 0.5221354171874999 0.727777778125 0.50859375 0.725 0.4997395828125001 0.728703703125 0.48984375 0.7259259265625 0.4059895828125001 0.7324074078125 0.26796875 0.73148148125 0.23984375 0.7351851859374999 0.2364583328125 0.7449074078125 0.23697916718749998 0.8439814812499999 0.23984375 0.8546296296874999 0.2518229171875 0.8601851859374999 0.26328125 0.85648148125 0.27786458281250004 0.8583333328125 0.29088541718750005 0.85555555625 0.3450520828125 0.8611111109374999 0.39296875 0.8546296296874999 0.4059895828125001 0.8583333328125 0.44296875 0.85555555625 0.51328125 0.8583333328125 0.7158854171875 0.85648148125 0.8057291671875 0.8606481484374999 0.81640625 0.85555555625 0.9138020828125001 0.8601851859374999 0.9252604171875 0.85648148125 0.9549479171874999 0.85648148125 0.9572916671874999 0.8513888890625001 0.9557291671874999 0.7384259265625 0.9471354171874999 0.7333333328125 0.8065104171874999 0.7324074078125 0.7528645828125 0.725 0.69453125 0.7240740734375001 0.68671875 0.728703703125 0.68359375 0.7259259265625 0.6705729171875 0.728703703125 0.6658854171875 0.725 0.65546875 0.728703703125 0.65234375 0.725 0.6393229171875 0.727777778125 0.63515625 0.7240740734375001 0.6236979171875 0.727777778125 0.6200520828125 0.7240740734375001 0.6158854171875 0.727777778125 0.6122395828125 0.7240740734375001 0.60859375 0.7268518515625 0.5955729171875 0.7240740734375001