1 0.46472881250000003 0 0.46163345156249996 0.0316896125 0.464108265625 0.0789118328125 0.4767781765625 0.15673960781250001 0.48641038906249995 0.1915072828125 0.49429419843750005 0.203125 0.525911159375 0.203125 0.5296875 0.1991426703125 0.5296875 0 0.46472881250000003 0
1 0.3765126484375 0 0.3765126484375 0.165625 0.412274259375 0.165625 0.4150858609375 0.16184438125 0.427618171875 0.12066903749999999 0.4390625 0.0287306390625 0.4390625 0 0.3765126484375 0
1 0.2987791984375 0 0.2987791984375 0.1283731265625 0.3049993125 0.13580238125 0.3075215046875 0.1359375 0.3325921984375 0.1359375 0.343889753125 0.1197367578125 0.35673779375 0.073193028125 0.3651990625 0 0.2987791984375 0
1 0.8464616406250001 0 0.8659989171875001 0.0561248296875 0.872785975 0.10614907031250001 0.8676823953125 0.1279877078125 0.8195296421875 0.20268469687500001 0.8117333671875 0.25262409531249996 0.8318392937500001 0.3183460578125 0.8696306890625 0.363864603125 0.9044203328125 0.390625 0.9594320296875001 0.390625 0.982949559375 0.3801441109375 1 0.35959845 1 0.15747118124999998 0.9804280546874999 0.1333297140625 0.9754425171874999 0.117680471875 0.9751511234375 0.0723800953125 0.9945466421875 0.00532591875 0.9945903203124999 0 0.8464616406250001 0
1 0.6801186453125 0 0.663297453125 0.0286480921875 0.663297453125 0.16742030624999998 0.6839458046875 0.19871591718749998 0.707494321875 0.21875 0.7649044093749999 0.21875 0.8223703046875 0.138516121875 0.825 0.116173596875 0.825 0.078591521875 0.8163822578125 0.051923525000000005 0.7809482515624999 0 0.6801186453125 0
2 0.55 0.5924765078125 0.44569980156250005 0.5915422593749999 0.443292975 0.59777635 0.44819403593749996 0.6540377125 0.5098485312500001 0.6546875 0.55 0.6546875 0.55 0.5924765078125
1 0.55 0.46875 0.54281470625 0.46875 0.54217978125 0.5011291 0.5334513609375 0.527547015625 0.5334513609375 0.5859375 0.55 0.5859375 0.55 0.46875
1 0.2936571375 0.46875 0.2980103203125 0.49690699374999997 0.2901248890625 0.53782180625 0.2934926875 0.5822662515625 0.30516546718750004 0.6203125 0.3140625 0.6203125 0.3140625 0.50829211875 0.3104050765625 0.4947900625 0.30962159843750003 0.46875 0.2936571375 0.46875
1 0.242917459375 0.46875 0.2467591078125 0.5090519328124999 0.238608203125 0.5524030078125 0.2391207234375 0.5802035140624999 0.24952907343750003 0.6265625 0.268554753125 0.6265625 0.26875 0.6263964375000001 0.26875 0.5371276109374999 0.2600403578125 0.5086654890625 0.26154543750000003 0.46875 0.242917459375 0.46875
1 0.18874733593749998 0.46875 0.190625 0.5177083328125 0.18046875 0.56631944375 0.2140625 0.6052083328125 0.21328125 0.5538194437499999 0.20546875 0.5204861109375 0.20679154843749997 0.46875 0.18874733593749998 0.46875
1 0.20546875 0.46875 0.20546875 0.519097221875 0.21328125 0.55243055625 0.21484375 0.5885416671875 0.21875 0.594097221875 0.22890625 0.5829861109375 0.2296875 0.5454861109375 0.2265625 0.5177083328125 0.2203125 0.496875 0.221333165625 0.46875 0.20546875 0.46875
2 1 0.8585718390625001 0.55 0.7901281609374999 0.55 0.9390625 1 0.9390625 1 0.8585718390625001