1 0 0.17893080781249998 0.0143070265625 0.26269651875 0.011381978125 0.3323409859375 0.030987434375 0.390328828125 0.040890140625 0.45410861406249997 0.041956132812500005 0.4546875 0.0505310546875 0.4546875 0.0505310546875 0.2933074234375 0.037744526562500005 0.26215100625 0.027565604687500002 0.15663181875 0.0187265546875 0.139443453125 0.0067810546875 0.1369384328125 0.00020329843750000002 0.1426576421875 0 0.1434264265625 0 0.17893080781249998
1 0.297918790625 0.296875 0.297918790625 0.2270740484375 0.288310225 0.1928419453125 0.284957715625 0.104034903125 0.2798153015625 0.0906904078125 0.2692360421875 0.0872516703125 0.2648660453125 0.0872516703125 0.2578125 0.101125578125 0.2578125 0.111738534375 0.2676614953125 0.19904977968749998 0.25907767187499997 0.25972438124999997 0.2623905734375 0.2688476453125 0.27611684375 0.2762558828125 0.2900568296875 0.296875 0.297918790625 0.296875
1 0.1726776640625 0.2062972171875 0.17980970937500002 0.1270850984375 0.1739330875 0.10841236875 0.16148968125000002 0.1071689296875 0.1518544859375 0.1232456953125 0.1501235484375 0.223218425 0.1453125 0.2400390078125 0.1453125 0.3190586734375 0.151483790625 0.3335669109375 0.16795177187500002 0.3453125 0.172298075 0.3453125 0.1844543484375 0.3005598484375 0.1849636828125 0.28805985 0.1726776640625 0.2062972171875
0 0.283142175 0.3732697046875 0.28537594843749997 0.34132526093750004 0.277157825 0.3026272875 0.263623059375 0.27858765 0.24105964375000002 0.266496753125 0.202394196875 0.2838179828125 0.184375 0.320544271875 0.184375 0.4257014609375 0.19308347812499999 0.45044374062500003 0.2033108984375 0.4546875 0.2383180109375 0.4546875 0.25645756406250003 0.43685279843749997 0.27192616875 0.410919709375 0.283142175 0.3732697046875
1 0.9489125546875 0.4535773015625 0.9636374062499999 0.3974369515625 0.94884950625 0.3772615125 0.9315708890625001 0.3772615125 0.9188944265625001 0.38866502187499996 0.9173738953124999 0.4412966 0.89375 0.47903999218750004 0.89375 0.5543850375 0.9059681234375001 0.5609375 0.927602553125 0.5609375 0.932912528125 0.5588404609375 0.9495034625000001 0.5377878296875 0.9649159968750001 0.5027001109375 0.9489125546875 0.4535773015625
1 0.8705751828124999 0.38560283906250004 0.85841321875 0.3673151640625 0.8581501765624999 0.311074275 0.8456266843750001 0.303456025 0.82344973125 0.3101242171875 0.8296194187499999 0.35919675156249997 0.8140625 0.3983294609375 0.8140625 0.42508282656249996 0.8193580546874999 0.44556382968749997 0.8404586796875 0.465625 0.8510534625 0.465625 0.8639866921875001 0.462102278125 0.8705751828124999 0.44630684687500005 0.8705751828124999 0.38560283906250004
1 0.6902047640625 0.496875 0.6942527703125 0.483795203125 0.6942527703125 0.41882583437500004 0.6748595640625 0.3926452921875 0.675312565625 0.34517632656249997 0.6600564109375 0.33059080625 0.642921003125 0.3327473546875 0.634375 0.344056365625 0.634375 0.345337171875 0.64692501875 0.3950531921875 0.634375 0.42514095625000003 0.634375 0.4461107 0.6453029625 0.4812191859375 0.6597053265625 0.496875 0.6902047640625 0.496875
1 0.7774534281250001 0.25386513125 0.76773420625 0.24421600937500001 0.7547752437499999 0.24421600937500001 0.7450560203125 0.25386513125 0.7515355015624999 0.2907072375 0.7320970578125 0.3310581140625 0.7342568843749999 0.360882675 0.75585515625 0.39070723749999997 0.7774534281250001 0.387198465625 0.7904123921874999 0.35386513124999996 0.7904123921874999 0.32930372812500003 0.773133775 0.29772478125 0.7774534281250001 0.25386513125
1 0.7202180078125 0.41614583281249995 0.6996996484375 0.43456688593750004 0.7083389578125 0.4889528515625 0.6867406859375 0.5275493421874999 0.6845808578125 0.5486019734375 0.6953799953125 0.587198465625 0.7126586125000001 0.6100054828125 0.725617575 0.6135142546875 0.749375675 0.6029879390625 0.7666542921875 0.5661458328125 0.7688141203125001 0.5345668859375 0.740736365625 0.48368969375 0.7450560203125 0.42754934218749996 0.7202180078125 0.41614583281249995
0 0.8519674671875 0.2986019734375 0.8746456531250001 0.2749177625 0.8703259984375 0.24509320156249997 0.8433281593749999 0.2266721484375 0.806611096875 0.23193530624999997 0.7904123921874999 0.2486019734375 0.79257221875 0.2766721484375 0.8184901453125001 0.2994791671875 0.8519674671875 0.2986019734375
1 0.2896037890625 0.7925274890624999 0.28534428749999996 0.8050274890625 0.28289247031250003 0.8624348968750001 0.28125 0.8676322515624999 0.28125 0.9296875 0.29957088125000003 0.9296875 0.3014063375 0.9253978593750001 0.30210712812499996 0.8855830484375 0.2969549703125 0.8624348968750001 0.3020757015625 0.8041015671875 0.2974810359375 0.7916015671875 0.2896037890625 0.7925274890624999
1 0.2162819578125 0.8886859578124999 0.2150162046875 0.8854327328125 0.1971993078125 0.8589445578125 0.183146425 0.8082489625000001 0.17934530625 0.8032351656250001 0.1740613890625 0.8024304656249999 0.171875 0.80487915625 0.171875 0.829295459375 0.186647965625 0.8703223640625 0.191166434375 0.9128907140625 0.19565192343749999 0.9294846453125001 0.195903275 0.9296875 0.2162819578125 0.9296875 0.2162819578125 0.8886859578124999
2 0.6101940625 1 0.6101940625 0.9487186093750001 0.6090041515625 0.93660276875 0.60609353125 0.9297128765625 0.60341378125 0.9288475640625 0.5789346140625 0.9294173234375 0.5598905296875001 0.932643634375 0.3905441125 0.9356575296875 0.30185952656250004 0.9423601125 0.0650315234375 0.949727715625 0.0625 0.9536651359375 0.0625 0.985837484375 0.0636560765625 1 0.6101940625 1
1 0.7370477109375 0.6296875 0.7366611109375001 0.631438953125 0.7370819359375 0.6596075953125 0.7417247031249999 0.6857994062499999 0.7491863624999999 0.7081684828125 0.7619031140625 0.7335461859375 0.7754106984375 0.753269790625 0.785555928125 0.7640625 0.7919927687499999 0.7640625 0.7903470031250001 0.7291270187500001 0.793102196875 0.7015106453125 0.7936709234375 0.69961676875 0.7936709234375 0.6296875 0.7370477109375 0.6296875
1 0.8075938515625 0.6296875 0.8080392234375001 0.635143528125 0.7901691078125 0.70005676875 0.7878476203125 0.7176440515625 0.786763353125 0.7427167859375 0.78926325 0.7733417859375 0.79874018125 0.8050567703125001 0.8071967499999999 0.8242717515625 0.8265716453125 0.85450398125 0.8367337421875 0.865625 0.8451743015625001 0.865625 0.8443522984375 0.8421925703124999 0.8482044390624999 0.8126721 0.8608046218750001 0.7703249015625 0.8608046218750001 0.6594358953125 0.8565595890625 0.6465379546875 0.8486089906250001 0.6296875 0.8075938515625 0.6296875
1 1 1 1 0.6296875 0.927381046875 0.6296875 0.92646251875 0.636008765625 0.9292102640625 0.6691555890625 0.9391934781250001 0.7081674953125 0.955707053125 0.7517726578125 0.9630142312500001 0.7782190859375 0.96726068125 0.7958282140625 0.9684780640625 0.8245563890625001 0.9667791015624999 0.8369690859375 0.9388133515625 0.8871278109375 0.9276508890624999 0.9172944781249999 0.9234375 0.94104474375 0.9234375 0.9881526218750001 0.92515245625 1 1 1
1 0.8332975749999999 0.6296875 0.8365625 0.6384375 0.8465624999999999 0.6784375 0.8496874999999999 0.7003125 0.8496874999999999 0.7265625 0.8134375 0.8271875 0.8096875000000001 0.8515625 0.8096875000000001 0.8728125 0.8196875 0.9178124999999999 0.8415625 0.9634375000000001 0.8686282468750001 1 0.8980803578125001 1 0.8965624999999999 0.9734375 0.9028124999999999 0.9340624999999999 0.9165625000000001 0.8959374999999999 0.9478125000000001 0.8440625 0.9540625 0.8215625 0.9540625 0.8071875000000001 0.9528125 0.8015625 0.9496874999999999 0.7990625 0.9515625 0.7934375 0.9446875 0.7603125000000001 0.9296875 0.7165625 0.9221875 0.6640625 0.9221875 0.6421875 0.9242708328125 0.6296875 0.8332975749999999 0.6296875