1 0.3657335625 0.1832750015625 0.3569888921875 0.23676051718750002 0.356453775 0.27374300625000003 0.36229529375 0.32008475937499997 0.3786125109375 0.38233089374999996 0.3818498078125 0.3875 0.3984375 0.3875 0.3984375 0.20428610625000002 0.39236081093749997 0.18466457812499998 0.3882788890625 0.1337295625 0.389202490625 0.1023026265625 0.38712772812499996 0.0800713125 0.3811114859375 0.06470717031249999 0.36776691562499997 0.059850262499999994 0.358389059375 0.0670849359375 0.353988634375 0.08226725781250001 0.3657335625 0.1832750015625
1 0.2657815703125 0.09122452343750001 0.2705195171875 0.1763430453125 0.267645996875 0.19952149531250002 0.252265375 0.2682097046875 0.2522629796875 0.268252496875 0.2522629796875 0.3241666125 0.2535406515625 0.33762990937500004 0.2648733703125 0.3930460734375 0.2717118046875 0.4015625 0.29355188125 0.4015625 0.3003439078125 0.3880043328125 0.3102360671875 0.3434508015625 0.3109375 0.3332546078125 0.3109375 0.2604143375 0.310706453125 0.25827167812499996 0.2948155234375 0.1917989453125 0.295365003125 0.1445767234375 0.2994418 0.1074972625 0.2986371671875 0.08713901093750001 0.29334618749999997 0.07192486875000001 0.2861191640625 0.06645416093749999 0.2798691640625 0.066526884375 0.27251285625 0.0721672875 0.2657815703125 0.09122452343750001
1 0.18363013749999998 0.097440584375 0.1849053375 0.123384696875 0.189305540625 0.1494379390625 0.1912273390625 0.197604275 0.1844386234375 0.23251664062500002 0.20095269999999998 0.2636178328125 0.2072207015625 0.28233641875000004 0.211046184375 0.3065196203125 0.21182749374999998 0.3333714734375 0.20978910312500001 0.3527249765625 0.20009986093749998 0.37736122031249997 0.1921078296875 0.40668165468749995 0.19839425625 0.4109375 0.221268571875 0.4109375 0.224866446875 0.4059756390625 0.2265625 0.3964706453125 0.2265625 0.239703578125 0.21882256562500002 0.2161426375 0.213766825 0.185441578125 0.21602062812499997 0.11984634062499999 0.2147454296875 0.093902228125 0.20666798281249998 0.075582946875 0.201378825 0.072623290625 0.196170490625 0.07244141093749999 0.1895613078125 0.077760525 0.185857121875 0.08456855937499999 0.18363013749999998 0.097440584375
1 0.21380398125000002 0.0877976171875 0.2154418984375 0.1008060453125 0.212124665625 0.15718144375 0.2128932953125 0.1997891890625 0.22299921562499997 0.2361882390625 0.2305656140625 0.283622628125 0.2298471609375 0.339147875 0.22130004374999998 0.39166802343749996 0.222104653125 0.3953125 0.23546686249999998 0.3953125 0.2420471890625 0.377459396875 0.249064125 0.33044934062500003 0.25 0.30725130156249997 0.25 0.2646142640625 0.246452878125 0.2396479796875 0.233672759375 0.19113611875 0.2319863609375 0.16979435781250002 0.2351366015625 0.08471525625000001 0.23194157187500003 0.0725872890625 0.2274794734375 0.06643995781249999 0.21652581406250002 0.0633439328125 0.21081819375 0.0668809328125 0.2079886265625 0.0728161015625 0.21380398125000002 0.0877976171875
1 0.1148641546875 0.2453125 0.11751012499999999 0.2453125 0.13572390625 0.22813473125 0.1515625 0.22087867968750002 0.1515625 0.20503426875000003 0.1498663640625 0.19719954374999998 0.1481907375 0.1777460078125 0.1515625 0.0995284625 0.1515625 0.091696628125 0.1457671859375 0.0744946625 0.13739614218750001 0.0679646984375 0.125460071875 0.0753024125 0.12008559375000001 0.0914743015625 0.120225653125 0.115548375 0.12402231718750001 0.1414955125 0.1258002921875 0.1785416390625 0.124860975 0.196128171875 0.115207553125 0.237737265625 0.1148641546875 0.2453125
1 0.021321265625 0.37867476718750004 0.023808725 0.3925515359375 0.02739620625 0.3994762859375 0.04084168125 0.4078125 0.04172683125 0.4078125 0.0434567421875 0.405402384375 0.034458809374999996 0.3647070953125 0.034027740625000004 0.34989228125 0.0374849828125 0.3433895890625 0.036685671875 0.2980161890625 0.04140905625 0.2813192203125 0.04015185625 0.27391787343749996 0.043941340625000005 0.2609306703125 0.059375 0.22512141093750002 0.059375 0.08525097499999999 0.059107975 0.08396064375 0.050920243750000004 0.071875 0.049705259375 0.071875 0.0383060546875 0.07620996249999999 0.0317462828125 0.09245457343749999 0.031216509375 0.110053225 0.036371078125 0.1618838671875 0.0359221296875 0.1822602984375 0.031908171875 0.20543571562500001 0.0181510890625 0.2518198859375 0.0228117640625 0.304579484375 0.020486075 0.3499710640625 0.021321265625 0.37867476718750004
0 0.16640931406249998 0.4140625 0.1791349828125 0.4126733609375 0.19309395468749999 0.405562253125 0.197609978125 0.3823474390625 0.2015625 0.37023120625 0.2015625 0.273689221875 0.196982275 0.2609844796875 0.1852133625 0.24027538437499998 0.1790474640625 0.232008715625 0.168242590625 0.22472251718749997 0.15500866093750001 0.221875 0.1498357765625 0.221875 0.13704111875 0.2260120703125 0.1141568234375 0.25175684375 0.10415426406249999 0.2796679515625 0.10214535625000001 0.30100061093749997 0.102983240625 0.326932596875 0.1096117703125 0.363915090625 0.12447010624999999 0.393853140625 0.14679478906250001 0.41212318124999997 0.1634552375 0.4140625 0.16640931406249998 0.4140625
1 0.4533439875 0 0.4533439875 0.1675156703125 0.46465464843750004 0.22950726718749997 0.4647735671875 0.2296875 0.505051034375 0.2296875 0.5078874250000001 0.2245141203125 0.52412254375 0.13145813281250002 0.5241753859375 0.11242316875 0.528640940625 0.096702875 0.5296875 0.073076090625 0.5296875 0.036702192187499996 0.5294105078125 0.0185979859375 0.5274568734375 0 0.4533439875 0
1 0.5392657734374999 0 0.5430927484375 0.035215490625 0.543499996875 0.1052154921875 0.5543374296875 0.162665209375 0.5635021874999999 0.19375 0.590245734375 0.19375 0.594276509375 0.193082 0.6009828765625 0.18522825 0.6078125 0.1327295578125 0.6078125 0 0.5392657734374999 0
1 0.686573890625 0 0.6881095046875 0.010212890625 0.69197284375 0.1011692515625 0.7034473140624999 0.1421875 0.715625 0.1421875 0.715625 0 0.686573890625 0
1 0.60829730625 0 0.6097335078125 0.022646128125 0.6091517078125 0.072646128125 0.6050699046875 0.12268685312500001 0.61448575625 0.165625 0.6448979640625 0.165625 0.647825371875 0.16468359531250001 0.6517790031249999 0.1471399578125 0.662128434375 0.074029415625 0.6640625 0.0182985421875 0.6640625 0.0038548437499999998 0.6638216031249999 0 0.60829730625 0
1 0.4390625 0 0.4390625 0.1747239484375 0.44200060937499996 0.18855696093750002 0.44388212656250003 0.190625 0.46875 0.190625 0.46875 0.16503234687499999 0.4585468171875 0.1110516109375 0.4546919296875 0.049949771875 0.4565201 0 0.4390625 0
0 1 0 0.8056875 0 0.8030625 0.042875 0.8025625 0.10287500000000001 0.8065625000000001 0.144875 0.8143125 0.158375 0.8323125000000001 0.169375 0.8360625 0.176875 0.8425625 0.20787499999999998 0.8550625000000001 0.241875 0.8843125000000001 0.293375 0.9098124999999999 0.315375 0.9198125000000001 0.32037499999999997 0.9360624999999999 0.320875 0.9513124999999999 0.317375 0.9738125 0.305375 0.9913125 0.28137500000000004 1 0.2755833328125 1 0
2 0.4390625 0.9298204250000002 0.43721711093750004 0.9215304468750001 0.43156877031249996 0.918352046875 0.1807426375 0.893390096875 0 0.8807513421875001 0 0.965625 0.4390625 0.965625 0.4390625 0.9298204250000002