2 0 0.2671875 0.4078125 0.2671875 0.4078125 0.1810649671875 0.40639710312500005 0.1784000890625 0.3495454609375 0.18038557500000002 0.317839275 0.1752021203125 0.283952784375 0.17547718750000002 0.211100765625 0.16837733593749998 0 0.1581109296875 0 0.2671875
1 0.0233191375 0 0.0248747296875 0.010706598437500001 0.02302493125 0.036480849999999995 0.0093127890625 0.10131153906249998 0.00839680625 0.140625 0.05625 0.140625 0.05625 0.07668301093749999 0.0469832625 0.0378762640625 0.0461750125 0.0100984875 0.046873048437499995 0 0.0233191375 0
1 0.0361916671875 0 0.0332470609375 0.025501476562499997 0.0332470609375 0.035846875 0.033935842187499995 0.049046451562499996 0.042987107812499994 0.1080693390625 0.0420237609375 0.1413753984375 0.0425562671875 0.1421875 0.0547108125 0.1421875 0.0555654265625 0.141139028125 0.0591221703125 0.12165821875 0.0609375 0.0977015359375 0.0609375 0.0774646609375 0.0603472453125 0.06430535937500001 0.0516467890625 0.000652840625 0.0517133875 0 0.0361916671875 0
1 0.324335090625 0 0.32427821875 0.0014549093750000001 0.3157041375 0.028417081249999997 0.3157041375 0.14375 0.35051774375 0.14375 0.3552368828125 0.11559371562500001 0.356907946875 0.08871456718750001 0.3560504265625 0.060773015625 0.34615321875 0.002601328125 0.34636556406249996 0 0.324335090625 0
2 1 0.3057991953125 0.8726870328124999 0.3008828609375 0.8341938515624999 0.2963099765625 0.8304510468749999 0.30169572499999997 0.822654709375 0.300405925 0.8195943578125 0.2965566734375 0.8148583703125001 0.299116125 0.8081360249999999 0.2960229921875 0.743536528125 0.2939409 0.7361640515625 0.298230915625 0.7320620328125 0.294333146875 0.713865190625 0.2916322578125 0.626365190625 0.2875568796875 0.5965968796875 0.2908037921875 0.5434557171875001 0.28925537968750004 0.5362287 0.2852120625 0.51875 0.2877487390625 0.51875 0.43125 0.5221376078125 0.43125 0.5222167546875001 0.43097467656250005 0.5232894578125 0.43125 1 0.43125 1 0.3057991953125
1 0.1201152421875 0.77298395625 0.11067923906249999 0.8059049 0.11040524843749999 0.8085849906250001 0.11040524843749999 0.8264546062499999 0.11048790156249999 0.8265625 0.14375 0.8265625 0.14375 0.8007216359375 0.1359988359375 0.7588968875 0.1397056703125 0.725709103125 0.139588890625 0.7025366984375 0.1348591609375 0.6898062453125 0.1270628234375 0.68851644375 0.12200985312499998 0.694304509375 0.1192117421875 0.70529433125 0.1219363359375 0.758241915625 0.1201152421875 0.77298395625
1 0.0816058265625 0.821875 0.1046875 0.821875 0.1046875 0.7586486828125001 0.10237576562499999 0.7494316249999999 0.10224094218749999 0.6911892984375 0.0959415296875 0.680192296875 0.08766208125 0.6815587875 0.0840656578125 0.691979421875 0.0877924359375 0.7485822437499999 0.08372459531250001 0.769605525 0.081021721875 0.8018005875 0.0816058265625 0.821875
1 0.071875 0.7755175421875 0.071875 0.7636905359374999 0.06733344218750001 0.7374594203125 0.071875 0.69850995625 0.071875 0.6819609468750001 0.069725659375 0.67500033125 0.065108321875 0.6741562265625001 0.056749368749999994 0.6849361953125 0.05417228281250001 0.7395385515624999 0.050741553125000005 0.7514696578125 0.050741553125000005 0.8264886390624999 0.0513271625 0.8265625 0.059512353124999993 0.8265625 0.06542567031249999 0.8244146375 0.071875 0.7755175421875
1 0.1755759 0.7580371828125 0.1796875 0.7234114625 0.1796875 0.692910159375 0.178787475 0.6898587968750001 0.171126140625 0.6875975078125001 0.16419177499999998 0.6988576796875 0.162034234375 0.757327490625 0.1573665734375 0.772088153125 0.1573665734375 0.8265625 0.1796875 0.8265625 0.1796875 0.7831556359375 0.178449415625 0.7805050625 0.1755759 0.7580371828125
1 0.2166666671875 0.699884259375 0.21614583281250002 0.718402778125 0.2192708328125 0.7609953703125 0.20989583281250002 0.7961805562500001 0.20729166718749997 0.8230324078125001 0.2091145828125 0.8262731484374999 0.22760416718749998 0.8258101859375 0.24192708281250003 0.825347221875 0.2442708328125 0.8230324078125001 0.24479166718749998 0.815625 0.2427083328125 0.799884259375 0.234375 0.769328703125 0.2359375 0.699884259375 0.23203125 0.6892361109375 0.22421875 0.6855324078125 0.2166666671875 0.699884259375
1 0.253125 0.7508101859374999 0.24479166718749998 0.790625 0.24479166718749998 0.8165509265625 0.24765625 0.824421296875 0.2734375 0.8239583328125001 0.2765625 0.8202546296875 0.2770833328125 0.81006944375 0.27291666718749996 0.7702546296875 0.2677083328125 0.749884259375 0.2697916671875 0.6952546296875 0.2653645828125 0.680902778125 0.2575520828125 0.6790509265625 0.253125 0.68414351875 0.2515625 0.690625 0.253125 0.7508101859374999
1 0.28828125 0.73671875 0.00078125 0.00078125
1 0.2872395828125 0.6734953703125 0.28463541718749996 0.6744212968750001 0.2802083328125 0.6859953703125 0.2828125 0.7359953703125 0.2765625 0.7572916671875 0.275 0.78506944375 0.278125 0.8202546296875 0.28046875 0.8234953703125001 0.2958333328125 0.8239583328125001 0.2994791671875 0.8211805562500001 0.3015625 0.811921296875 0.303125 0.7785879625 0.3005208328125 0.756365740625 0.2947916671875 0.7369212968750001 0.2958333328125 0.68414351875 0.29244791718749996 0.675347221875 0.2872395828125 0.6734953703125
1 0.1390625 0.69710648125 0.14010416718750002 0.7045138890625 0.1369791671875 0.7517361109375 0.1390625 0.769328703125 0.146875 0.7980324078125001 0.1494791671875 0.8202546296875 0.1515625 0.8230324078125001 0.15572916718750002 0.8017361109374999 0.15625 0.781365740625 0.1541666671875 0.762847221875 0.1473958328125 0.7350694437499999 0.1494791671875 0.6859953703125 0.14453125 0.6744212968750001 0.1388020828125 0.6734953703125 0.13333333281249998 0.68506944375 0.1390625 0.69710648125
1 0.20677083281250003 0.82210648125 0.2104166671875 0.7952546296875 0.21875 0.762847221875 0.2192708328125 0.7452546296875 0.21614583281250002 0.7045138890625 0.22291666718749997 0.68414351875 0.21796875 0.6734953703125 0.21015625 0.6762731484375 0.2078125 0.68414351875 0.2088541671875 0.7369212968750001 0.20052083281250002 0.7822916671875 0.2026041671875 0.811921296875 0.20677083281250003 0.82210648125
2 0 0.908709490625 0.0888020828125 0.90960648125 0.1622395828125 0.9049768515625001 0.34921875 0.9049768515625001 0.35494791718749996 0.9077546296874999 0.3596354171875 0.9216435187500001 0.3747395828125 0.9420138890625 0.39140625 0.94664351875 0.3986979171875 0.9447916671875 0.41041666718750003 0.9332175921874999 0.41822916718750003 0.90914351875 0.41822916718750003 0.894328703125 0.40807291718750005 0.88460648125 0.3877604171875 0.8827546296875 0.3828125 0.8322916671874999 0.37890625 0.825347221875 0.27265625 0.8262731484374999 0.2627604171875 0.8290509265624999 0.24140625 0.8262731484374999 0.23046875 0.8299768515625001 0.19296875 0.828125 0.18046875 0.830902778125 0.1481770828125 0.828125 0.1356770828125 0.830902778125 0 0.830902778125 0 0.908709490625
2 0.51875 1 0.9259407046875001 1 0.9272085156250001 0.949629228125 0.9208354765625 0.94145563125 0.8526063109375001 0.93827780625 0.832213 0.94196136875 0.7571483515625 0.9421718875 0.7435420374999999 0.9452448796875 0.73161135625 0.9419091640625 0.659199359375 0.939463196875 0.6543403375000001 0.9341401515625 0.654061934375 0.9202270078125 0.6492513953125 0.912126184375 0.6459971 0.9193880406249999 0.6415457703125 0.9205707343749999 0.6440368046875 0.92717350625 0.6415879999999999 0.9330828625 0.626435346875 0.9351571515625 0.609247846875 0.934356634375 0.6095387640625 0.917689965625 0.5970872515625001 0.91432999375 0.5925874390625 0.9182904640625 0.591588 0.9307540781250001 0.58631501875 0.9342151968750001 0.5659701953125 0.9351209781250001 0.5621366734375 0.9307723796874999 0.565390971875 0.9235105171875 0.56552026875 0.9161031125000001 0.563265409375 0.9109013562499999 0.550244575 0.9102949 0.544670771875 0.9160587093749999 0.5444929890625 0.9262438921874999 0.541491028125 0.9339808421875 0.53633118125 0.930960484375 0.51875 0.9308067390625 0.51875 1
1 0.565625 0.8835352640625 0.5628199484375 0.8775915781249999 0.5574769078124999 0.8726585984374999 0.5486766234375 0.873994753125 0.54346381875 0.882472528125 0.5416499031249999 0.8916104499999999 0.5428712203125 0.9157148578125 0.5448987109375001 0.91875 0.565625 0.91875 0.565625 0.8835352640625
1 0.5970466703125 0.8774910609375001 0.5883986375 0.8905211984375001 0.5877000125 0.89610204375 0.5877000125 0.915625 0.612998640625 0.915625 0.6140625 0.8981070515624999 0.6140625 0.8910771578125001 0.6079841703125 0.8780642703125 0.5970466703125 0.8774910609375001
1 0.6552083328125 0.9181134265625 0.6578125 0.9125578703125001 0.6583333328125 0.8995949078125001 0.6518229171875001 0.882465278125 0.6466145828125 0.8787615734375 0.6388020828125 0.8796875 0.6307291671875 0.8931134265624999 0.6309895828125 0.9176504624999999 0.6552083328125 0.9181134265625