1 0.084375 0.615972221875 0.08671875 0.5604166671875 0.083984375 0.5555555562500001 0.06875 0.559027778125 0.07109375 0.615972221875 0.0625 0.6493055562500001 0.06171875 0.68125 0.07109375 0.7229166671874999 0.0859375 0.7201388890625 0.09296875 0.6798611109375 0.0921875 0.65069444375 0.084375 0.615972221875
1 0.041015625 0.5541666671875001 0.032421875 0.5541666671875001 0.02890625 0.5631944437499999 0.03046875 0.6229166671874999 0.021875 0.659027778125 0.02109375 0.6923611109375 0.028125 0.73125 0.0390625 0.7354166671875 0.043359375 0.734722221875 0.05 0.71875 0.0546875 0.6701388890625 0.04453125 0.6243055562500001 0.04609375 0.5618055562500001 0.041015625 0.5541666671875001
1 0 0.7440767968750001 0.00546875 0.7423611109375 0.015481039062499998 0.710495625 0.014542042187500001 0.67503805625 0.00914298125 0.6391633296875 0.0046828875 0.6208088187499999 0.0065608171875 0.5970313875000001 0.0065608171875 0.5795111703125 0.004448153125 0.56824818125 0 0.565989734375 0 0.7440767968750001
1 0.5791733421874999 1 0.6123421546875 0.9321294796874999 0.6193412484375 0.8521294796875001 0.5892294328125001 0.79177064375 0.6090058 0.6668603515625 0.5826443625 0.6394854671875001 0.5489342781250001 0.6481165953125 0.53383908125 0.666375609375 0.5314516546875 0.7947986499999999 0.5046875 0.839605090625 0.5046875 1 0.5791733421874999 1
1 0.84707258125 0.3796875 0.8414391140624999 0.44870031875 0.8171875 0.48380515468750007 0.8171875 0.6484375 0.8612470234374999 0.6484375 0.9031175062500001 0.558867396875 0.9074710687499999 0.5055340609375 0.8851579640625001 0.45422140781250003 0.90826934375 0.3796875 0.84707258125 0.3796875
1 0.6609375 0.3796875 0.6609375 0.4535489265625 0.662760115625 0.4671875 0.6722522750000001 0.4671875 0.7013376359375 0.45666667812500006 0.7402754500000001 0.4671875 0.7412680640625 0.4671875 0.7527073609375 0.44793610624999997 0.7541556 0.38571388125 0.7515700390625 0.3796875 0.6609375 0.3796875
1 0.533105253125 0.3796875 0.5326653390625 0.4387878359375 0.515625 0.473504396875 0.515625 0.63880255 0.5237042781250001 0.6390625 0.5672636531249999 0.6390625 0.5849449812499999 0.6082839765625 0.605340065625 0.561716665625 0.6037416796875 0.51863299375 0.5957217140625 0.4875934734375 0.577498621875 0.4377111921875 0.5860012578125 0.3796875 0.533105253125 0.3796875
1 0.2326287015625 0.3796875 0.2411472328125 0.45131936406249995 0.2296875 0.4739507484375 0.2296875 0.605892084375 0.254300425 0.6546875 0.2928028609375 0.6546875 0.3090967046875 0.6393048578125 0.3229704203125 0.58905715625 0.328554234375 0.5393263765625 0.3189740671875 0.5060491046875 0.2813283328125 0.447573121875 0.2962424375 0.3796875 0.2326287015625 0.3796875
1 0.4030294234375 0.3796875 0.40663504843750004 0.42727053125000003 0.4586617265625 0.50625 0.49300617343750003 0.50625 0.49305379375 0.5060899890625 0.49305379375 0.3796875 0.4030294234375 0.3796875
1 1 0.3796875 0.9286154484375 0.3796875 0.9234375 0.391366240625 0.9234375 0.391825690625 0.9253647562499999 0.45806120312500004 0.9537125859375 0.5156838374999999 0.9821290796875001 0.5171875 0.9917812187500001 0.5171875 1 0.49906439062499997 1 0.3796875
1 0.7445486109375 0.5996527781250001 0.7534375 0.479652778125 0.7245486109375 0.45520833281249995 0.6823263890625 0.479652778125 0.695659721875 0.5996527781250001 0.6601041671875 0.66631944375 0.6601041671875 0.724097221875 0.6736434203125 0.7865919015625 0.7091930734375 0.8221582171874999 0.7269678953125001 0.82393664375 0.7749598734375 0.813266640625 0.7838472859375 0.7777003203125 0.7845486109375 0.7418750000000001 0.78562474375 0.704789328125 0.7845486109375 0.661875 0.7445486109375 0.5996527781250001
1 0.42899305625000006 0.49298611093750005 0.4159084328125 0.471829978125 0.38232638906250005 0.4685416671875 0.35788194375 0.48409722187500004 0.371215278125 0.6040972218749999 0.3445486109375 0.65743055625 0.3445486109375 0.719652778125 0.43788194375 0.7685416671875 0.4645486109375 0.7552083328125001 0.4645486109375 0.661875 0.4245486109375 0.5996527781250001 0.42899305625000006 0.49298611093750005
0 0.2296875 0.9210416671874999 0.23343750000000002 0.9285416671875 0.2801041671875 0.961875 0.31788194375 0.9685416671875 0.36454861093749996 0.96631944375 0.4045486109375 0.944097221875 0.4245486109375 0.9240972218749999 0.4467708328125 0.8752083328125 0.4467708328125 0.8174305562499999 0.42899305625000006 0.77743055625 0.3867708328125 0.7396527781250001 0.35121527812500003 0.72631944375 0.311215278125 0.72631944375 0.26677083281249997 0.7396527781250001 0.2296875 0.7732043656250001 0.2296875 0.9210416671874999