2 0 0.28859048593750003 0.082914465625 0.29304583906250004 0.15189083750000001 0.300601815625 0.2112658375 0.3023294515625 0.22339591875 0.3063817109375 0.2268908375 0.302784090625 0.23626583750000002 0.3030568765625 0.2578463765625 0.309233775 0.3145417515625 0.30903378593749997 0.3766718328125 0.3145408984375 0.3884996375 0.3430923125 0.38939775781249997 0.352366725 0.39805546718749996 0.366953475 0.4092632546875 0.3765625 0.443521865625 0.3765625 0.4537091765625 0.366723175 0.45486936250000004 0.3643699125 0.45486936250000004 0.299897040625 0.4543215421875 0.2987661265625 0.4521935609375 0.25292521562500003 0.4426524640625 0.25495966875 0.44403368906249996 0.26332331249999996 0.449694765625 0.2745859703125 0.447316971875 0.28006575 0.4482150890625 0.289340165625 0.45348369999999993 0.2973545046875 0.4421762796875 0.30072480625 0.43822861875 0.2932113140625 0.43179734375 0.30134763593749997 0.428151509375 0.30124155468749997 0.42563797968749995 0.2970066921875 0.42898198593750003 0.28970536562500004 0.42559288593750005 0.28313295781250003 0.42841605625 0.275816478125 0.42575161406250006 0.26787791250000004 0.430401384375 0.267088378125 0.431020221875 0.275892253125 0.4371795859375 0.280233196875 0.44065195625 0.26969870937499996 0.43705166406249996 0.25155980312500004 0.428680603125 0.2503914015625 0.423932828125 0.2423922171875 0.4244688421875 0.23639643124999998 0.4361309984375 0.23534852343749998 0.435248059375 0.22006316718750002 0.431013303125 0.23103788593750002 0.42822049218749997 0.2263324828125 0.4241670125 0.2289890234375 0.4212987453125 0.22243176875 0.41433927031250006 0.217605128125 0.34678185 0.21933871875 0.331119121875 0.21795815312500003 0.31727562656249997 0.2101567234375 0.2752013125 0.21170696875 0.22616752187500003 0.208430575 0.22107237343750002 0.21105680625 0.2178870984375 0.203103084375 0.21747208437499999 0.1929179015625 0.2152180875 0.19048100625 0.19698570937499998 0.19048100625 0.19660102031249999 0.191385784375 0.19690285000000002 0.1987931921875 0.200329678125 0.2062915296875 0.19659320625 0.21034453437499998 0.17620525 0.20790164843749998 0.170846003125 0.20404640000000002 0.1695554171875 0.19152366875 0.1684396 0.19048100625 0.1526059171875 0.19048100625 0.15325085624999998 0.20630891718750002 0.13606335625 0.2058088125 0.120846003125 0.2025915484375 0.1182570171875 0.196504834375 0.1204575796875 0.19048100625 0.1080647875 0.19048100625 0.10810444999999999 0.202683221875 0.103364040625 0.20763184375 0.030930478125 0.20459941406249998 0.0190644984375 0.207028634375 0.0053719171875 0.20293090781249998 0 0.20251016718749998 0 0.28859048593750003
1 0.21911308125 0.17743259375 0.213285909375 0.1684134640625 0.20435628437500003 0.16620083125000001 0.1993365953125 0.1706182375 0.196875 0.176445209375 0.196875 0.20989804687500002 0.1990265046875 0.21405186718749997 0.1990867421875 0.2140625 0.21996022499999998 0.2140625 0.2210441734375 0.2123725265625 0.2210441734375 0.184765875 0.21911308125 0.17743259375
1 0.1891854578125 0.3182367390625 0.1859375 0.326577703125 0.1859375 0.4578125 0.2074218953125 0.4578125 0.22277714531249998 0.40735072343749995 0.2280184609375 0.3814066171875 0.2303615234375 0.352702915625 0.229941009375 0.33234466406249996 0.2255682078125 0.3189505546875 0.1891854578125 0.3182367390625
1 0.15 0.209375 0.1720190109375 0.209375 0.1725094234375 0.1857474546875 0.1658177140625 0.1718375671875 0.1645471703125 0.17175614687500002 0.1544775421875 0.17175614687500002 0.15 0.178644525 0.15 0.209375
1 0.1773614421875 0.45112563906250003 0.1844376328125 0.41455587187500004 0.1859375 0.40059801093749997 0.1859375 0.3579880921875 0.183990521875 0.33770401875 0.17788512031249998 0.3174127828125 0.1546845234375 0.314052803125 0.14237850624999998 0.314052803125 0.140625 0.316600484375 0.140625 0.32231171718749996 0.14512195 0.3685341125 0.14237941875 0.43407459687500005 0.1487748640625 0.4594751140625 0.150435925 0.4609375 0.173890853125 0.4609375 0.1773614421875 0.45112563906250003
1 0.1105194015625 0.1776033171875 0.1046875 0.1916875640625 0.1046875 0.21050890312499998 0.10555365624999999 0.2125 0.130131659375 0.2125 0.131241309375 0.188128746875 0.1236372375 0.1747497875 0.11585707187500001 0.17386931249999998 0.1105194015625 0.1776033171875
1 0.11785421562500001 0.46875 0.1215388578125 0.461570078125 0.13046212343750002 0.43130562031249997 0.13997531875 0.3703885765625 0.138296553125 0.3238254421875 0.1341182109375 0.314798690625 0.11719766406250001 0.313497325 0.1026504421875 0.313497325 0.09963909374999999 0.3173764453125 0.0953125 0.331076946875 0.0953125 0.46875 0.11785421562500001 0.46875
1 0.8647687609375 0 0.8609375 0.0179069453125 0.8609375 0.12082335156249999 0.8695119265625 0.166440828125 0.8771315375000001 0.1921875 0.928328321875 0.1921875 0.931542275 0.176754565625 0.931542275 0.0240241265625 0.9306251218749999 0.0193217109375 0.9251800812500001 0 0.8647687609375 0
2 1 0.1976529578125 0.9849367359375 0.19717223281250001 0.9809209828124998 0.20070615625000002 0.9557323406249999 0.1950578546875 0.8975121937499999 0.19545873281249998 0.8858285796875001 0.19375 0.5296875 0.19375 0.5296875 0.31559961875 0.8801793578125 0.3315619875 0.9639957953125 0.33405285625 0.968570109375 0.331466078125 0.9869501921874999 0.335912565625 1 0.3368217796875 1 0.1976529578125
1 0.33297509999999997 1 0.33297509999999997 0.85839518125 0.3088005359375 0.7910227 0.3110218390625 0.641265175 0.2967046203125 0.6143277781250001 0.28444971875 0.6139711953125 0.275029221875 0.6109423984375 0.2650526203125 0.6109423984375 0.2484086515625 0.63666883125 0.26285401875000003 0.78691130625 0.240625 0.8812925125 0.240625 0.9628863265625001 0.2412707984375 0.9721737562499999 0.2490287546875 1 0.33297509999999997 1
1 0.21461308437499999 0.7830059703125001 0.192051434375 0.70461655 0.1943399328125 0.6076489953124999 0.1784730625 0.5869701109375 0.160123734375 0.5869701109375 0.14642326562500002 0.605696540625 0.1578798109375 0.7337289874999999 0.14375 0.7926659515625 0.14375 0.8399943671875001 0.15307644375 0.9221085406250001 0.17365385 0.9609375 0.20468610312500002 0.9609375 0.20871452499999998 0.9604267734375 0.21461308437499999 0.9313972421875001 0.21461308437499999 0.7830059703125001
1 0.0958461828125 0.660716475 0.1052919546875 0.6342851640625 0.10846642656250001 0.595396275 0.09477440937500001 0.575 0.09250786718750001 0.575 0.0776486234375 0.5775285859375 0.071875 0.5884172640625 0.071875 0.6551075140625 0.07535114062500001 0.6640625 0.080114178125 0.6640625 0.0958461828125 0.660716475
1 0.10662485937499999 0.7016454640625 0.10420210625 0.7016454640625 0.0740210859375 0.703589628125 0.0640625 0.737541815625 0.0640625 0.8704269359375001 0.0683445453125 0.8901012578125 0.0932678359375 0.890625 0.100781503125 0.890625 0.119821371875 0.8376163406250001 0.1229002765625 0.7569272796875 0.10662485937499999 0.7016454640625
1 0.06865348906249999 0.7408128140625 0.0684918828125 0.7130350375 0.05366613906249999 0.6704338265625001 0.055216171875 0.578900665625 0.045989640625 0.5661066078125 0.028231968750000003 0.5661066078125 0.019815665625 0.579408840625 0.0266151265625 0.6742538046875 0.0125 0.7227105500000001 0.0125 0.727943275 0.014777712500000002 0.78734165625 0.031433196875 0.8375 0.0397282796875 0.8375 0.06295295 0.834856740625 0.0604494390625 0.7625010125 0.06865348906249999 0.7408128140625
1 0.22165792343750002 0.8228740171875 0.23479064843750003 0.745035634375 0.21677037968750001 0.664601284375 0.2239441125 0.57846593125 0.20468595625 0.5633033000000001 0.1921875 0.5792959859375 0.1921875 0.6269816453125 0.1928374015625 0.6341911765624999 0.1921875 0.6403695203125 0.1921875 0.76719065625 0.20576423125 0.8359375 0.2159395328125 0.8359375 0.22165792343750002 0.8228740171875
1 0.5296875 0.5777675078125 0.5272868328125 0.579511275 0.5223224703125 0.6601638640624999 0.5171875 0.6739072125 0.5171875 0.846875 0.5253192921875 0.846875 0.5296875 0.84271059375 0.5296875 0.5777675078125
1 0.5078125 0.5953125 0.49427083281249995 0.5744791671875 0.47760416718750004 0.5744791671875 0.4640625 0.5953125 0.4661458328125 0.68975694375 0.4390625 0.798090278125 0.4453125 0.86475694375 0.46197916718750004 0.90086805625 0.48802083281249997 0.90225694375 0.4973958328125 0.8897569437499999 0.5119791671875 0.8342013890625001 0.5119791671875 0.7619791671874999 0.4994791671875 0.7092013890625 0.5078125 0.5953125
1 0.43072916718750004 0.6203125 0.41302083281249996 0.58836805625 0.3828125 0.6008680562500001 0.3848958328125 0.7203125 0.3515625 0.8314236109375 0.3557291671875 0.898090278125 0.3723958328125 0.967534721875 0.3807291671875 0.973090278125 0.41614583281249995 0.967534721875 0.4390625 0.8869791671874999 0.4369791671875 0.80086805625 0.4203125 0.7453125 0.43072916718750004 0.6203125
1 0.3786458328125 0.6314236109375 0.3932291671875 0.5786458328124999 0.3776041671875 0.5633680562500001 0.3578125 0.5786458328124999 0.3578125 0.6786458328125 0.3390625 0.7286458328125001 0.3390625 0.7786458328125001 0.3494791671875 0.8203125 0.3786458328125 0.7480902781250001 0.3848958328125 0.7092013890625 0.3786458328125 0.6314236109375
1 0.2682291671875 0.6092013890625 0.3036458328125 0.6258680562500001 0.3098958328125 0.6203125 0.3078125 0.5869791671875 0.29635416718749996 0.5744791671875 0.2755208328125 0.5772569437499999 0.2682291671875 0.6092013890625
1 0.3067708328125 0.71336805625 0.2994791671875 0.7675347218749999 0.3161458328125 0.83975694375 0.3244791671875 0.823090278125 0.3244791671875 0.7703125 0.3067708328125 0.71336805625
1 0.8271374015624999 1 0.826370853125 0.9599176499999998 0.8199851218750001 0.9500211499999999 0.8143691390625 0.9526322265625 0.8140625 0.9536194281250001 0.8140625 0.9896349375 0.8150780812499999 1 0.8271374015624999 1