1 0.005264115625 0 0.0058291109375 0.008737468750000001 0 0.0308971609375 0 0.190702915625 0.0026596421875 0.2044686171875 0.007144175 0.2140625 0.035889420312499996 0.2140625 0.0367832265625 0.212348425 0.0432990875 0.1767540140625 0.0432990875 0.065861784375 0.0323287875 0.0234170921875 0.0283314859375 0 0.005264115625 0
1 0.0631538234375 0 0.0631819703125 0.0021711796875 0.05 0.05312081875 0.05 0.1836058984375 0.05199159531250001 0.1959625171875 0.055917392187500005 0.2078125 0.0764666234375 0.2078125 0.07787163750000001 0.20431238125 0.07013265625000001 0.140732684375 0.069818284375 0.09910239374999999 0.0773164109375 0.0571992859375 0.0879395421875 0.015187049999999999 0.087023846875 0 0.0631538234375 0
1 0.0910961109375 0 0.09114583281250001 0.0011273515624999999 0.0901041671875 0.0130915484375 0.0770833328125 0.068662525 0.0734375 0.09595388125 0.0734375 0.112543375 0.0744791671875 0.13792486875 0.08125 0.19025018437500002 0.0875 0.216613153125 0.09322916718749999 0.22164340624999998 0.1127568046875 0.2234375 0.11446727500000001 0.2234375 0.11822916718750001 0.21968786875 0.12395833281249999 0.1960144203125 0.13125 0.13689466875 0.13125 0.10902430468749999 0.1307291671875 0.0853767734375 0.1177083328125 0.021503303125 0.1152259953125 0 0.0910961109375 0
1 0.1495199890625 0 0.1495975265625 0.010417546875 0.138421240625 0.054421229687499996 0.1359375 0.06897670624999999 0.1359375 0.1811430484375 0.1389603046875 0.20242382656250002 0.142815784375 0.215625 0.170476109375 0.215625 0.17260436562499998 0.21288408125 0.1855694203125 0.1558446625 0.1894702015625 0.11125466875000001 0.187040171875 0.071585403125 0.173555859375 0.0093016671875 0.173508884375 0 0.1495199890625 0
1 0.1234375 0 0.1234375 0.06875 0.1236621265625 0.06875 0.1413049359375 0.010847046874999999 0.1418519546875 0 0.1234375 0
1 0.2115044109375 0 0.211531734375 0.00146786875 0.2 0.04780285625 0.2 0.1757057234375 0.20538806874999999 0.2040330703125 0.21080686875 0.209375 0.2311193109375 0.209375 0.2350594046875 0.2073823671875 0.237938328125 0.19185420312499998 0.2396264796875 0.1549021953125 0.25096438593750003 0.102974725 0.2509122515625 0.0760803578125 0.2359785765625 0.005317939062500001 0.23623084843750003 0 0.2115044109375 0
1 0.2765310859375 0 0.2640625 0.056917184375 0.2640625 0.09005801875 0.279802740625 0.0718573671875 0.2870674734375 0.0674399046875 0.299025090625 0.064084759375 0.312062084375 0.067241403125 0.31589659999999997 0.06507319687499999 0.31589659999999997 0.0644841578125 0.314300790625 0.04925404375 0.31061725 0.042666479687499995 0.3020522796875 0.0026091890625 0.3020371 0 0.2765310859375 0
0 0.26006425625 0.22652792656249998 0.279599940625 0.25761681406250003 0.2930323375 0.265625 0.299359325 0.265625 0.3078219125 0.2646463375 0.32631332031250004 0.25081417031250003 0.343675990625 0.2170336484375 0.3472430828125 0.20079135781250002 0.3472430828125 0.1483469953125 0.347005875 0.1395015328125 0.335797265625 0.0935852484375 0.32220085625 0.0748336515625 0.3056643328125 0.0621834390625 0.29120348281249997 0.0621834390625 0.2814627203125 0.0662231046875 0.2621397546875 0.09203771875 0.2553428546875 0.105095153125 0.2494969078125 0.12791575156249999 0.246875 0.1553390953125 0.246875 0.163830584375 0.25126222187499997 0.19923934375000002 0.26006425625 0.22652792656249998
1 0.7096568890625 0.459375 0.7064276734374999 0.438394584375 0.6797087765625001 0.3588211765625 0.67511278125 0.3090121484375 0.675344271875 0.20628893750000002 0.6605583937499999 0.1811264875 0.6449576375 0.1802832359375 0.6322636921875 0.1918308578125 0.6296875 0.20090801875 0.6296875 0.25330620000000004 0.6363654390625 0.2923206875 0.6436500609375 0.3670205875 0.633868396875 0.435376240625 0.6323860609375 0.459375 0.7096568890625 0.459375
0 0.9162438984375001 0.459375 0.904150390625 0.43933329531250004 0.898291015625 0.4187846796875 0.879541015625 0.3994179953125 0.8738157000000001 0.39807082031249996 0.836549225 0.39807082031249996 0.811572265625 0.4154984921875 0.786962890625 0.4478054125 0.78456204375 0.459375 0.9162438984375001 0.459375
1 0.159860096875 1 0.1598253765625 0.9642401328125001 0.157252621875 0.9564652640624999 0.15037402187499999 0.9530374515624999 0.1445595609375 0.9593000265625001 0.1432125953125 0.9667711000000001 0.14518319375 1 0.159860096875 1
1 0.0785550125 1 0.0804954265625 0.969880103125 0.0780205515625 0.9589815671874999 0.07260028125 0.9552613109374999 0.0679020109375 0.9565698734375001 0.06390418125 0.9647591078125 0.063803778125 1 0.0785550125 1
1 0.199904390625 1 0.2011981203125 0.9826984421875 0.197107809375 0.971433940625 0.1935158578125 0.96983703125 0.187732809375 0.9720895046875 0.183543671875 0.982084878125 0.1838136 1 0.199904390625 1
1 0.313201871875 1 0.31354312968750003 0.996666675 0.3190747046875 0.9779662765625 0.3198702953125 0.9622073484375001 0.3176477625 0.9553447484375 0.3119994046875 0.9509151875 0.3046754140625 0.9530216703125 0.30007862812499997 0.962898490625 0.2975092515625 1 0.313201871875 1
1 0.32031859375 0.9646556687500001 0.319360753125 0.9572482609375002 0.317130378125 0.955859371875 0.315625 0.9564569500000001 0.315625 0.9914182 0.32031859375 0.9646556687500001
1 0.6278866843750001 1 0.627766928125 0.9993529265625 0.630891928125 0.936608484375 0.6259440109375001 0.92376249375 0.623095046875 0.921875 0.619055403125 0.921875 0.6150065109375 0.9220717421875001 0.60849609375 0.9331905640624999 0.61162109375 0.9991498265625001 0.6114361421875001 1 0.6278866843750001 1
1 0.6571919578125 1 0.6571343656249999 0.9997228812500001 0.6568398015625 0.986717403125 0.66085371875 0.9360465687499999 0.658427334375 0.9256488062500001 0.6521748640625 0.9183329109375 0.6515241765625001 0.9183329109375 0.642598484375 0.92111135 0.6379532125 0.9332499703125 0.6394260328125 0.9982773625 0.63889938125 1 0.6571919578125 1
1 0.6945108765625 1 0.692963471875 0.992925815625 0.6941542765625 0.9290823921874999 0.6901914640625 0.9192465109375 0.682362803125 0.9162414125 0.675103459375 0.9215848015624999 0.6722792765625 0.92844589375 0.6746965968749999 0.9859139203125 0.6724265593750001 1 0.6945108765625 1