1 0.36911004062499997 0 0.3721583984375 0.040759209375 0.371303565625 0.06945382343749999 0.3546875 0.141063278125 0.3546875 0.24701221874999998 0.357051059375 0.2646150953125 0.3684484234375 0.31482419375 0.371753034375 0.3218277296875 0.3788211390625 0.325 0.3832719609375 0.325 0.3998564859375 0.32417050625 0.4059484234375 0.3154787578125 0.417521596875 0.26104004375 0.42381101875000005 0.21299189687500003 0.42417733750000003 0.181510415625 0.4204093140625 0.14717842812499998 0.4005456515625 0.063481446875 0.4017129328125 0.0079349828125 0.40266174687499995 0 0.36911004062499997 0
1 0.2953125 0 0.2953125 0.181218790625 0.2986912203125 0.20021090625000001 0.2975440265625 0.26696850156249996 0.29892851875000004 0.26979174375000003 0.3024295203125 0.2703125 0.30285075 0.2703125 0.3076178671875 0.2644786625 0.3147117625 0.24334906875 0.325965753125 0.189872684375 0.3289786984375 0.15099895000000002 0.32648663125 0.11660329843749999 0.3143756484375 0.053170540625 0.3191216375 0 0.2953125 0
1 0.2516288765625 0 0.2606833359375 0.0551944125 0.26353295781249997 0.105148846875 0.2515625 0.18168579375 0.2515625 0.28432439062500003 0.2568714515625 0.32142180625 0.2776383859375 0.3967699484375 0.2817094421875 0.403125 0.31711494375 0.403125 0.317804665625 0.40192172031249995 0.317804665625 0.162750775 0.2989927484375 0.10297621562499999 0.2959241765625 0.05954883125 0.2960808890625 0 0.2516288765625 0
1 0.1873245265625 0 0.191005353125 0.0325376140625 0.191255078125 0.07790798437499999 0.17994949531249999 0.128833909375 0.1796875 0.131819015625 0.1796875 0.27099688906249997 0.1896732625 0.317722796875 0.19166745000000002 0.3203125 0.21943327968749998 0.3203125 0.2222011015625 0.3191116859375 0.22744801718750002 0.30198205625 0.22716232343749998 0.22883390937499998 0.23683711093749998 0.15198205625 0.2184515453125 0.0714265015625 0.21808868593750003 0.0325376140625 0.2209860296875 0 0.1873245265625 0
1 0.14026735625 0 0.14215710625 0.016475575 0.143448496875 0.061991624999999995 0.134375 0.1020980671875 0.134375 0.16230284374999998 0.14569551875 0.2021342234375 0.15961432656250002 0.26875 0.1606408375 0.26875 0.1688071671875 0.2672536890625 0.173387790625 0.2587669640625 0.1711965453125 0.175178690625 0.1805642515625 0.11650215312500001 0.172211109375 0.08717930625 0.1664944578125 0.0561867078125 0.168397915625 0 0.14026735625 0
1 0.08512218125 0 0.08663272968749999 0.0171571296875 0.09893695 0.090973575 0.10031032343749999 0.1428557359375 0.09456453125 0.19865376562499998 0.08822163125 0.21923630156249999 0.0886528875 0.22849556093749998 0.0857866421875 0.2341420453125 0.084375 0.2641476484375 0.084375 0.31581011718749996 0.0854946359375 0.3398491484375 0.0926403015625 0.3924905328125 0.0974487171875 0.409375 0.169495684375 0.409375 0.169495684375 0.221343340625 0.15160409531250002 0.1691786625 0.1446242828125 0.1424935109375 0.1408125953125 0.11664335781249999 0.13800610156249998 0.0675844390625 0.1390803796875 0 0.08512218125 0
1 0.0425470203125 0 0.0489428078125 0.0593546671875 0.04586379375 0.1094458 0.0328125 0.1603788484375 0.0328125 0.3735750953125 0.0342884859375 0.3807876625 0.037470290625 0.390625 0.0503260140625 0.390625 0.04670476875 0.33080224999999996 0.051353645312499994 0.267657015625 0.056765356249999996 0.236736925 0.069513828125 0.191335575 0.0795523125 0.1360224390625 0.0789247671875 0.0622673359375 0.0759665046875 0 0.0425470203125 0
1 0.0245508453125 0 0.026412567187500003 0.024039760937499998 0.025187773437499998 0.089947384375 0.0203125 0.10658050781249999 0.0203125 0.19294738125 0.0253991625 0.167099625 0.028272975 0.1626368796875 0.043020978125 0.10688968125000001 0.0462552796875 0.07828610625 0.04711814375 0.063471290625 0.04302530625 0.026033734375 0.04245255 0 0.0245508453125 0
1 0.0068173765625 0 0.013419076562500002 0.0731728234375 0.010053371875 0.09716204218749999 0.0035626640624999996 0.1210785203125 0.003125 0.1270400578125 0.003125 0.19687190625 0.0040115015625 0.2043997359375 0.0116910375 0.2379027828125 0.0198267609375 0.2658623953125 0.021646059375000002 0.2671875 0.027053932812499997 0.2671875 0.028670156250000002 0.26514255625 0.0213929359375 0.22146644062499998 0.020800359375 0.17054051875 0.0226143421875 0.1474408578125 0.032068434374999996 0.1097082234375 0.0351847484375 0.08229872499999999 0.0351847484375 0.074559475 0.0342308625 0.0718058734375 0.034895434375 0.0394227140625 0.0316519171875 0.0291647890625 0.028745162499999997 0 0.0068173765625 0
0 0.6685350546875 0.2607644765625 0.6820611484375 0.21702093906250003 0.6853501 0.1740154484375 0.6805029765625 0.136064865625 0.66786995625 0.1038886671875 0.6449273515625 0.081480725 0.6060624640625 0.081480725 0.5834140624999999 0.09987056093749999 0.56988905 0.1234001125 0.5671875 0.13209597343749999 0.5671875 0.2599257546875 0.5754034359375 0.27779852968749996 0.5935594953125001 0.3026612609375 0.6037429359375001 0.3078125 0.614210996875 0.3078125 0.6364473515625 0.3068037140625 0.6685350546875 0.2607644765625
1 0.2467235578125 0.409375 0.25083235625 0.479485584375 0.2375 0.5313020359375 0.2375 0.5799803671875 0.27406565 0.58125 0.2795488796875 0.58125 0.2891137953125 0.5808686859375001 0.2912042890625 0.569097221875 0.2876535859375 0.5384734828125 0.27425369375 0.4812835765625 0.2772492515625 0.409375 0.2467235578125 0.409375
1 0.165027075 0.409375 0.1652624875 0.44724171406249996 0.1546875 0.4894993921875 0.1546875 0.5791441859375001 0.1658452078125 0.5796875 0.19148128749999999 0.5796875 0.1984803671875 0.576224290625 0.1990539640625 0.542845490625 0.1867616859375 0.46595649687499996 0.1929624796875 0.409375 0.165027075 0.409375
1 0.5149988859375 0.409375 0.5175389109374999 0.4504883640625 0.5015625 0.5348905 0.5015625 0.611947675 0.5042575421875 0.6511450828124999 0.517334015625 0.7099559187500001 0.5258765703125 0.724873503125 0.5266464671875 0.725 0.561753571875 0.725 0.56739866875 0.714771040625 0.568302753125 0.7089563015625 0.568302753125 0.5203940734375 0.5511326609375 0.45185720468749996 0.55241050625 0.409375 0.5149988859375 0.409375
1 0.459375 0.409375 0.459375 0.6718458015625 0.4684503109375 0.65759904375 0.47443336875000003 0.5520207546875 0.48729931249999997 0.48560414218750003 0.473699896875 0.409375 0.459375 0.409375
1 0.582368390625 0.409375 0.5837429265624999 0.42222398281249995 0.5734375 0.4886281421875 0.5734375 0.5109455078125 0.5827227234375 0.5687408203125 0.58712653125 0.6464502484375 0.5858824874999999 0.6702664109375001 0.5897837484374999 0.6866596765625 0.5933248796875 0.6921875 0.6255821953125 0.6921875 0.6255821953125 0.45323027812500005 0.6157741765625 0.41942161093749997 0.615808428125 0.409375 0.582368390625 0.409375
1 0.6396193078125 0.409375 0.6413643734375001 0.46771230937499997 0.632334246875 0.492712309375 0.625 0.5370329875 0.625 0.6944642390625 0.6329246546875 0.7274345312499999 0.640067734375 0.743406753125 0.6406961375 0.74375 0.6770592843750001 0.74375 0.6825242078125 0.726036796875 0.6911101890625 0.68368453125 0.694220334375 0.662156753125 0.691604440625 0.6329900859375 0.6936463328125 0.5607678640625 0.6874878359375 0.5107678640625 0.6764721375 0.47049008593749997 0.6808811359375 0.409375 0.6396193078125 0.409375
1 0.7086575640625 0.409375 0.70941553125 0.4360901515625 0.6984375 0.48746043749999995 0.6984375 0.697607571875 0.7023443687500001 0.70675959375 0.709130615625 0.7140625 0.7112526046875 0.7140625 0.7397958796874999 0.712159628125 0.7509197625 0.6781200515625001 0.7558517859375 0.643753159375 0.758922834375 0.6022503828125 0.761503546875 0.5440263125 0.74222803125 0.43838462656250005 0.742734396875 0.409375 0.7086575640625 0.409375
1 0.7803298125 0.409375 0.7806401624999999 0.41270875625 0.771875 0.46737660937500003 0.771875 0.505344240625 0.7816402671875 0.5517567671875 0.7831081546875 0.6504588078125 0.7888953578125 0.6739335265624999 0.7938200375 0.6828125 0.8270537265625 0.6828125 0.8270537265625 0.46798019062499996 0.8118901624999999 0.4117994734375 0.8117772406249999 0.409375 0.7803298125 0.409375
1 0.8268850140625 0.409375 0.8234375 0.42472709374999995 0.8234375 0.6515625 0.8563900343749999 0.6515625 0.8636847609375 0.6422719671875 0.8792973703125 0.56478946875 0.8837350578125001 0.5131955296874999 0.879805365625 0.45679789218749994 0.8689018687499999 0.409375 0.8268850140625 0.409375
0 0.922208434375 1 0.945982453125 0.9563371421875001 0.9539056953125 0.9010819765625001 0.9553617796874999 0.8760819765625001 0.9523730453125001 0.8466149187500001 0.9413568156250001 0.806874928125 0.9317402156250001 0.7902268328125001 0.8969081703124999 0.760493715625 0.8669280484375002 0.760493715625 0.8573341578125 0.7617594390625 0.835027003125 0.781241021875 0.8100514437499999 0.8263419546874999 0.809375 0.8285995265625001 0.809375 0.9676311609375 0.8174508218750001 0.9954989359375 0.8209088796875001 1 0.922208434375 1