2 0.05436031718749999 0.061840932812500006 0.036528103125 0.0633150109375 0.0333237390625 0.07117919218749999 0.038129590625 0.1125 0.10126093437499999 0.1125 0.141441303125 0.1102037171875 0.2667470390625 0.1000849859375 0.2671875 0.09921036093749999 0.2671875 0.061840932812500006 0.05436031718749999 0.061840932812500006
1 0.1531155625 0 0.153369140625 0.0042811906249999995 0.144775390625 0.0376645203125 0.143212890625 0.05989583281250001 0.14788994687499998 0.065625 0.16272519531250002 0.065625 0.172900390625 0.065278671875 0.1734375 0.0645116578125 0.1734375 0.033825228125 0.165869140625 0.002819578125 0.1659943203125 0 0.1531155625 0
1 0.19831865625 0 0.19216829062500002 0.024530434375 0.19216829062500002 0.0623149359375 0.19388130312500002 0.0625 0.215625 0.0625 0.215625 0.00922653125 0.214166671875 0 0.19831865625 0
1 0.23639895000000002 0 0.235324703125 0.0033238609375 0.235324703125 0.0625 0.2529128390625 0.0625 0.2546875 0.06031263906249999 0.2546875 0.009739695312500001 0.25351525937499997 0 0.23639895000000002 0
1 0.4556828859375 0 0.44910156562500003 0.0323587390625 0.44896691562499996 0.054585506250000006 0.4572509546875 0.0976001546875 0.4589775828125 0.1 0.47376821874999997 0.1 0.4765625 0.0882784671875 0.4765625 0.0199877828125 0.470349184375 0 0.4556828859375 0
1 0.42310117968750005 0 0.4203283328125 0.012956467187500001 0.42415550625 0.0726786875 0.4288342625 0.0875 0.4359375 0.0875 0.4359375 0 0.42310117968750005 0
1 0.69946328125 0 0.7017994 0.0673522875 0.7043354765625 0.0783298921875 0.710275834375 0.08955351406249999 0.715977034375 0.090625 0.7204644 0.090625 0.7265625 0.08652144375000001 0.7265625 0 0.69946328125 0
1 0.9199398828125 0 0.9203125 0.0046348484375 0.9088541671874999 0.067664475 0.9067708328125 0.095454371875 0.9119791671874999 0.1222759234375 0.9138594906249999 0.125 0.921215190625 0.125 0.9372395828125001 0.11888821875 0.9447916671875 0.087825765625 0.9442708328125 0.05542138906250001 0.9375 0.0026830046874999998 0.937885359375 0 0.9199398828125 0
1 0.8478180546875 0 0.8478180546875 0.0326718890625 0.8509846765625 0.0531722578125 0.84925146875 0.0948328625 0.85012720625 0.096875 0.8625640656249999 0.096875 0.8686031249999999 0.0922793234375 0.8744311171875001 0.07104363124999999 0.8754459625 0.018259792187500002 0.8773102937499999 0 0.8478180546875 0
1 0.9374402828124999 0 0.9374402828124999 0.0625 0.9390207453125001 0.0625 0.9448176687500001 0.04815079375 0.9506553984374999 0.021468746875 0.95197535 0 0.9374402828124999 0
1 1 0 0.9953042265625001 0 0.9942638703124999 0.01063250625 0.9928092546875 0.0680580953125 0.9901422640625 0.0838170171875 0.9755991453124999 0.1140625 1 0.1140625 1 0
1 0.6322916671875001 0 0.6322916671875001 0.0042824078125 0.6234375 0.057060185937499994 0.6229166671875 0.07835648125 0.62734375 0.1010416671875 0.6567708328124999 0.11539351875 0.6635416671875001 0.08761574062500001 0.6640625 0.0616898140625 0.6557291671875001 0.0052083328125 0.6556196468750001 0 0.6322916671875001 0
1 0.5838541671875 0.05243055625 0.5942708328124999 0.0802083328125 0.5942708328124999 0.046875 0.58515625 0.0195601859375 0.5828125 0.0228009265625 0.5838541671875 0.05243055625
1 0.5502604171875001 0.0010416671875 0.5453125 0.0302083328125 0.5447916671875 0.074652778125 0.54765625 0.0890046296875 0.5578125 0.09039351875 0.5635416671875 0.0857638890625 0.5640625 0.05243055625 0.5502604171875001 0.0010416671875
1 0.6565818203125 0 0.6567708328124999 0.0052083328125 0.665625 0.0728009265625 0.6578125 0.11539351875 0.66328125 0.12048611093749999 0.6708333328125 0.12002314843749999 0.6989583328125 0.10243055625 0.690625 0.0644675921875 0.6909988453125 0 0.6565818203125 0
1 0.73025674375 0 0.7302083328125001 0.00335648125 0.7213541671874999 0.031134259375 0.7177083328125 0.051504629687500005 0.7161458328125 0.0894675921875 0.7200520828125001 0.1010416671875 0.73359375 0.10381944375 0.7455729171875 0.11215277812499999 0.7588541671875 0.1116898140625 0.76484375 0.1075231484375 0.7682291671874999 0.099652778125 0.7713541671874999 0.0857638890625 0.7713541671874999 0.0737268515625 0.76875 0.05243055625 0.7563823078125 0 0.73025674375 0
1 0.765012428125 0 0.7645833328125 0.00335648125 0.7645833328125 0.021875 0.7703125 0.046875 0.771875 0.071875 0.7713541671874999 0.0894675921875 0.7671875 0.10243055625 0.7690104171875 0.10567129687500001 0.7765625 0.1052083328125 0.8002604171875 0.10381944375 0.803125 0.10057870312499999 0.8 0.08761574062500001 0.8005208328125001 0.0579861109375 0.8052083328125 0.019097221875 0.8098958328125001 0.018171296875 0.8083333328125001 0.0107638890625 0.8104166671874999 0.0042824078125 0.8104166671874999 0 0.765012428125 0
1 0.5506640625 0 0.5515625 0.0079861109375 0.5604166671875 0.0450231484375 0.5630208328124999 0.0728009265625 0.5604166671875 0.08854166718749999 0.5638020828125 0.0945601859375 0.5989583328125 0.0987268515625 0.6005208328125 0.094097221875 0.590625 0.0709490734375 0.5895833328125 0.059837962499999994 0.5864583328124999 0.057060185937499994 0.5880208328125 0.0450231484375 0.5848958328125 0.0394675921875 0.5859375 0.0237268515625 0.5840606687500001 0 0.5506640625 0
1 0.6057291671875 0 0.6057291671875 0.0116898140625 0.6130208328125 0.05243055625 0.6213541671875 0.069097221875 0.6317708328125 0.0042824078125 0.631693128125 0 0.6057291671875 0
1 0.8830668124999999 0 0.8817708328125 0.0737268515625 0.8796875 0.08668981406250001 0.8713541671874999 0.1098379625 0.8731770828125001 0.11307870312499999 0.8908854171874999 0.11585648125 0.909375 0.125578703125 0.9119791671874999 0.12094907343750001 0.90625 0.094097221875 0.9067708328125 0.0802083328125 0.9192708328125001 0.0042824078125 0.9192708328125001 0 0.8830668124999999 0
1 0.822467671875 0 0.8067708328125001 0.050578703125 0.8041666671875 0.09502314843750001 0.8059895828125001 0.1019675921875 0.8096354171875 0.10381944375 0.853125 0.10798611093749999 0.8572916671874999 0.094097221875 0.8578125 0.057060185937499994 0.8479166671874999 0.00335648125 0.8478327546875001 0 0.822467671875 0
1 0.1986830328125 0.5064080484375 0.21655760000000002 0.5606150875 0.22070127187500002 0.585414828125 0.22003010937499998 0.6073899578124999 0.209083315625 0.6655327234375 0.2098300734375 0.7030827890625 0.220079165625 0.7431570765625 0.24039961875000002 0.7804971890625 0.2544566546875 0.8 0.2857742125 0.8 0.2908366640625 0.797630575 0.2921875 0.7950684375 0.2921875 0.6371575359375 0.25967888125 0.5808282546875001 0.25342092968749996 0.542586978125 0.2509591390625 0.4821703109375 0.24698524531250002 0.46153723593749996 0.2302692828125 0.4453760640625 0.226964446875 0.445099909375 0.2148530359375 0.445099909375 0.20166014687499997 0.45452012656249996 0.19419980312500001 0.4732749734375 0.1986830328125 0.5064080484375
1 0.399609375 0.40586849062499997 0.389852121875 0.40292302499999993 0.3892076484375 0.40292302499999993 0.380859375 0.4070192421875 0.37265625 0.4242544640625 0.37265625 0.44508779687499994 0.38125 0.48774613281249996 0.3828125 0.514820378125 0.36875 0.5742771906249999 0.36875 0.602402190625 0.3765625 0.638815071875 0.3921875 0.678307503125 0.3939888 0.6796875 0.41724260312499994 0.6796875 0.42265625 0.6760469062500001 0.43203125 0.6405756968749999 0.4359375 0.6145113062500001 0.43515625 0.5822241828125 0.428125 0.5551817578125 0.4109375 0.513615084375 0.4078125 0.48863326406249996 0.4109375 0.45319841875 0.40859375 0.4177953859375 0.399609375 0.40586849062499997
1 0.509375 0.535395684375 0.5049080265625 0.500969115625 0.497265625 0.48160283281250005 0.4875 0.5569742234375 0.4875 0.5714409671875 0.48971048906250003 0.593532 0.4953752546875 0.5984375 0.49591917343749997 0.5984375 0.5070866406250001 0.56038956875 0.509375 0.5354248328125 0.509375 0.535395684375
1 0.4890625 0.38889956249999996 0.48624515625000003 0.38242952343750003 0.4763439984375 0.3788314875 0.46663686406249993 0.38726719843749996 0.4649733578125 0.3915652515625 0.4649733578125 0.44096349375 0.4649921671875 0.4410403890625 0.47196666093750006 0.4453125 0.4862762703125 0.4453125 0.4890625 0.4236778421875 0.4890625 0.38889956249999996
1 0.44298892968750003 0.46962027812499996 0.44470977031250003 0.5019074 0.45581240625 0.5612278578125001 0.4566004515625 0.588311190625 0.43834899062500005 0.6592626984375001 0.4365272953125 0.704072546875 0.4473268375 0.7529763375 0.4666292 0.7987051328125 0.4737558203125 0.8078125 0.499451465625 0.8078125 0.5047168375 0.8052555234375 0.513170796875 0.7869740875 0.5171875 0.7697868796875 0.5171875 0.646067640625 0.49581449843750003 0.5932922640625 0.49214392812499996 0.5745604453125 0.4912043375 0.5422687796875 0.4966594984375 0.48806120625 0.493648940625 0.465158175 0.4856966515625 0.4469721875 0.46517198593750003 0.4397986953125 0.45132165156250004 0.4471721765625 0.44499927499999997 0.458148309375 0.44298892968750003 0.46962027812499996
2 0.51875 0.745341696875 0.5434224796875 0.7430373421875001 0.677910665625 0.7372039781249999 0.8413014171875 0.7230200484375 0.8514084421874999 0.7339766562500001 0.8557711171874999 0.7513356140624999 0.863047603125 0.75690355 0.874890590625 0.778424865625 0.8854204421875 0.7805351125 0.8881078812500001 0.7631885359374999 0.883956840625 0.7253924546875 0.8839798375000001 0.7003257015625 0.8881994109375 0.694949409375 0.8940040359375001 0.6964341187499999 0.896875 0.6875464046875 0.896875 0.633032184375 0.51875 0.633032184375 0.51875 0.745341696875
1 0.6396484390625 0.5119686609375 0.6396484390625 0.5471538421875 0.624544271875 0.6129824562499999 0.6224609390625 0.6315131 0.6237162171875 0.634375 0.681069434375 0.634375 0.68125 0.6339102734375001 0.68125 0.618899240625 0.665169271875 0.5479312921874999 0.6641276078125 0.5312706890625 0.6693359390625 0.4423515 0.6633463578125001 0.4206270859375 0.6544921890625 0.4132711890625 0.648763021875 0.41330452031250003 0.640950521875 0.41983145468750005 0.6349609390625 0.435144078125 0.6344401078125 0.4619989593750001 0.6396484390625 0.5119686609375
1 0.7253293515625 0.43167515468750006 0.7245480453124999 0.4585270062499999 0.7283643515625 0.5243344109375 0.7267838484375 0.542840809375 0.71297364375 0.596050228125 0.71297364375 0.63125 0.7686099171875 0.63125 0.76875 0.6307595625 0.76875 0.62151564375 0.7652984578125 0.5979370953125 0.75458555 0.554279184375 0.7517749078125 0.52553305625 0.7588961046875 0.4598529203125 0.7596235296875 0.43485292031250006 0.75267763125 0.4139317109375 0.74711011875 0.40830949062500005 0.73929761875 0.408218584375 0.7307218093750001 0.41645495 0.7253293515625 0.43167515468750006
1 0.806479775 0.5535773796875001 0.8039654468749999 0.56110434375 0.8039654468749999 0.6328125 0.8450459703125001 0.6328125 0.846875 0.631096165625 0.846875 0.6222222828125 0.8452825468749999 0.5841974796875 0.8370825125 0.53734324375 0.846875 0.439425403125 0.846875 0.418730634375 0.8436444625 0.4089205671875 0.8377723765624999 0.4039998390625 0.8294390421875001 0.4036117078125 0.8238527984375 0.4079987562499999 0.818858840625 0.41473700625000004 0.8146756859375 0.42755441874999994 0.8127861187500001 0.45070256718750007 0.8135350765625 0.5055747796875 0.8113431765625 0.53242663125 0.806479775 0.5535773796875001