1 0.11324550468750001 0 0.11085762031249999 0.0764185578125 0.08810991562500001 0.1518003875 0.084375 0.175443496875 0.084375 0.26154657187499997 0.08955415156249999 0.29619028593749996 0.09638776875 0.3125 0.1234642625 0.3125 0.12531387968750002 0.3108407734375 0.13418236875 0.28707965625 0.14823935625 0.2201811625 0.1476142046875 0.1396528828125 0.13883716875000002 0.088427634375 0.1409976328125 0.0370114703125 0.147358728125 0 0.11324550468750001 0
1 0.22227742031250003 0 0.21753169843750003 0.0623303234375 0.19728643437499999 0.11284591562499999 0.194032190625 0.12817130937500001 0.194032190625 0.25863240625 0.2000795890625 0.2671875 0.2252761 0.2671875 0.23407224218749997 0.2466825015625 0.2510174453125 0.1751516359375 0.2521894078125 0.13487385937500002 0.243353359375 0.0621422140625 0.24490244843750003 0.0357897140625 0.252411965625 0 0.22227742031250003 0
1 0.073023678125 0 0.0728974890625 0.0280624296875 0.058403923437500005 0.0774012859375 0.0537110171875 0.11098933281250001 0.058199146874999996 0.1358073953125 0.0762594703125 0.172506875 0.088501125 0.1890625 0.0893020015625 0.1890625 0.0938402984375 0.1550033 0.103125 0.1175568765625 0.103125 0.058472448437500005 0.097245546875 0.0324899796875 0.098935003125 0 0.073023678125 0
1 0.5328125 0.46875 0.5328125 0.43992545625 0.5323383359375 0.4253387828125 0.5277693515624999 0.41523541875000003 0.5228411453125 0.39125225625 0.5208044578125 0.364904278125 0.5059229984375 0.3684041203125 0.501975490625 0.39439368125 0.4932650625 0.42694655 0.48924213437499997 0.45941759375 0.4896460734375 0.46875 0.5328125 0.46875
1 0.482541190625 0.46875 0.4828125 0.4529019734375 0.4828125 0.42984810937500006 0.47547907812499995 0.39151448437499997 0.47459012031250003 0.3682935609375 0.46192399999999995 0.36445849531249996 0.45823769375 0.392565815625 0.4472103109375 0.43099379843749996 0.4470667796875 0.43333404375000006 0.4470667796875 0.46875 0.482541190625 0.46875
1 0.44375 0.46875 0.44375 0.39847383125 0.438315128125 0.37549696093749996 0.4380349640625 0.3634599234375 0.431417490625 0.360389553125 0.42915181406249997 0.360389553125 0.4255349640625 0.3640421203125 0.4253158453125 0.3770293421875 0.4167813390625 0.41357710000000003 0.416580171875 0.44973672656249997 0.4200649875 0.46875 0.44375 0.46875
1 0.5795408109375 0.46875 0.580871225 0.4603132625 0.58125 0.438613303125 0.58125 0.4280832046875 0.5717475265624999 0.38642101093750003 0.5705244296875 0.36700384218750004 0.5593669203125 0.364884484375 0.55642960625 0.3691011546875 0.5539745453125 0.39043381718750003 0.5439692234375 0.42670856874999996 0.5421875 0.44901693906249995 0.5421875 0.46483561093750003 0.5429144078125 0.46875 0.5795408109375 0.46875
1 0.6041623171875 0.46875 0.6044618296875 0.46779278125 0.60625 0.45153714218749996 0.60625 0.3896316578125 0.6050627265624999 0.3834941265625 0.6060000390625 0.3668244296875 0.595606484375 0.3635215734375 0.5936620546875 0.364899859375 0.5912432515624999 0.380634540625 0.58208000625 0.40969658593749997 0.58208000625 0.46875 0.6041623171875 0.46875
1 0.6352627828124999 0.46875 0.6411458328125 0.43998842656250003 0.6411458328125 0.4122106484375 0.6317708328125 0.3640625 0.62421875 0.3617476859375 0.6140625 0.4001736109375 0.6161458328125 0.42980324062499997 0.615625 0.46498842656250006 0.6172330734375 0.46875 0.6352627828124999 0.46875
1 0.2823710453125 0.8281007953125 0.28829782187499997 0.8557694765624999 0.29022001406250003 0.85625 0.3047503109375 0.85625 0.31532899531249997 0.8150280515624999 0.315625 0.7895894828125 0.315625 0.7754441140624999 0.3061262546875 0.733260884375 0.309261903125 0.665164415625 0.3051024 0.653433865625 0.2965732921875 0.6480283124999999 0.2898437828125 0.6557831140625 0.2873707421875 0.666935134375 0.28972000468750003 0.733547253125 0.2813328578125 0.7697417546875001 0.2813328578125 0.8148733265625001 0.2823710453125 0.8281007953125
1 0.332586353125 0.9452977671875 0.3355739203125 0.946875 0.35301930625 0.946875 0.35536384062500004 0.9421863343750001 0.3668537015625 0.896826034375 0.36875 0.8719200718749999 0.36875 0.8596897671875 0.3574250546875 0.790688284375 0.364375659375 0.713128828125 0.360381878125 0.7025120296875 0.3495656140625 0.69783594375 0.342372715625 0.7030640109374999 0.339375659375 0.7119644359375 0.33921383125000004 0.7981847078125 0.3268992625 0.8384668953125001 0.3268992625 0.9165688124999999 0.332586353125 0.9452977671875
1 0.1619143375 1 0.16271139375000002 0.9296002375000001 0.15994739687499998 0.9116538453124999 0.1505589375 0.8947111875000001 0.1317608890625 0.8904723578125001 0.12979244375000001 0.8904723578125001 0.1167846859375 0.9053218140624999 0.111865490625 0.9291876359375 0.1125766796875 0.959743190625 0.12245148749999998 1 0.1619143375 1
1 0.6368332328124999 0.4953125 0.629359734375 0.505761425 0.6260731234375 0.5197048609375 0.6285678375 0.5738169796875 0.633479609375 0.58125 0.6357988953125 0.58125 0.65348703125 0.5803250484375 0.6578125 0.5518470734375 0.6578125 0.5087606874999999 0.649595578125 0.4953125 0.6368332328124999 0.4953125
1 0.590625 0.5069090984375 0.590625 0.49710969687500006 0.5866734609375 0.48322628593749994 0.5640172109374999 0.4821710546875 0.5594576546875001 0.490998703125 0.5581628875 0.5130247796875 0.5581628875 0.520906753125 0.5618012265625 0.5717725796875 0.5639380875000001 0.5796875 0.5783244328125 0.5796875 0.584295828125 0.57838336875 0.590625 0.5069090984375
1 0.5920616421875 0.8093264234374999 0.597452278125 0.7889146296874999 0.603125 0.7499614890625 0.603125 0.6928683171875 0.6020734625 0.691120225 0.576330040625 0.691120225 0.554906540625 0.6914830203125 0.5460999624999999 0.6995403640625 0.5477217078125001 0.7356150875 0.5584221046875 0.792122884375 0.5663127171875 0.8119160937500001 0.5709852078125 0.8125 0.5815646171875001 0.8125 0.5920616421875 0.8093264234374999
1 0.671875 0.7596541546875001 0.671875 0.7052881125 0.666350065625 0.6988313390625001 0.6171474765625 0.6931363656249999 0.6135914484375 0.6963010109375001 0.611851175 0.7114420890625001 0.6113986640625 0.7503309781249999 0.620046409375 0.8136511843750001 0.6264220437500001 0.8359375 0.655741309375 0.8359375 0.6622500703125 0.8159532234375 0.671875 0.7596541546875001
2 0.409375 0.6882424203124999 0.41262838593750006 0.6890625 0.4354361625 0.6890625 0.44311249999999996 0.6872974624999999 0.4511174109375 0.6890625 0.47076286093749997 0.6890625 0.479122728125 0.68250350625 0.4857666421875 0.6890625 0.48788418125 0.6890625 0.5306609859375 0.682992371875 0.6063452640625 0.68722515625 0.6236054937500001 0.6827584796874999 0.6649632546875 0.6848135109375 0.6710127234375 0.6890625 0.676893803125 0.6890625 0.6993625 0.68282460625 0.7933697875 0.6888202640625 0.9109600359375001 0.6860734828125 0.9650359875 0.6754103265625 0.9683064437500001 0.66702244375 0.975007678125 0.6634343078125 0.97612833125 0.643976228125 0.9796875 0.6407996828125 0.9796875 0.638884146875 0.9770307984375 0.6370181453125 0.9769525968749999 0.59675400625 0.9723863140625 0.58989138125 0.9732645359374998 0.5843221890625 0.96560495 0.5727460421874999 0.6821068718750001 0.5727460421874999 0.637166721875 0.5769983734374999 0.6292133625 0.5727460421874999 0.6095655859375 0.5727460421874999 0.5676839593749999 0.5754342703125 0.5566582671875 0.5727460421874999 0.409375 0.5727460421874999 0.409375 0.6882424203124999