2 0.5390625 0.3383876109375 0.35246816875000003 0.3268244171875 0.3139426625 0.321351546875 0.31026450781250003 0.3266521609375 0.3024573953125 0.32517993125 0.2993539421875 0.32125770781249996 0.2946502828125 0.3237077015625 0.287895609375 0.3204564609375 0.22330688906249999 0.31686628125 0.2159882890625 0.320986028125 0.21184316875000003 0.3169909625 0.193624775 0.313864403125 0.10612477499999999 0.3077458078125 0.07641034062499999 0.31029948281249997 0.0232799546875 0.307510546875 0.0160098359375 0.30329696093749997 0 0.3052522234375 0 0.4421875 0.5390625 0.4421875 0.5390625 0.3383876109375
1 0.7757726828125 0.51875 0.7425916984375001 0.3956990984375 0.7425916984375001 0.3493073453125 0.7889237453125 0.163740334375 0.7889237453125 0.07611146875 0.7483832046875 0.0219877578125 0.6981901546875 0.027142396875000002 0.6615106171875 0.086420746875 0.6615106171875 0.333843428125 0.653788609375 0.375080540625 0.58815154375 0.5142557984375 0.58908663125 0.51875 0.7757726828125 0.51875
1 1 0.027436640624999998 0.983904440625 0.0116784796875 0.9259893828125 0.01683311875 0.89317085 0.055492912500000005 0.877726834375 0.1173485828125 0.8661438218749999 0.31322487187500003 0.7889237453125 0.46786404687500005 0.78809515 0.51875 0.95388980625 0.51875 0.958807915625 0.46786404687500005 0.947224903125 0.333843428125 1 0.1753141125 1 0.027436640624999998
1 0.353883615625 1 0.3487159703125 0.9414433796874999 0.338508378125 0.908501725 0.33382136562500003 0.8799745906249999 0.3086254625 0.8016715281250001 0.3066557890625 0.782734203125 0.3068744484375 0.7451503109375001 0.31204562812500003 0.69045596875 0.3198951015625 0.652062846875 0.3194363734375 0.61174593125 0.315403315625 0.589978665625 0.3075392328125 0.5713005765625 0.2951433125 0.557005490625 0.284078728125 0.5522032953125 0.2604464234375 0.562636215625 0.25100110625 0.5774182578125 0.24463134687500002 0.5998009140625 0.244279934375 0.6602035984375 0.2534977734375 0.7441035046875 0.2504446421875 0.7922318171875 0.2236811125 0.8642158656250001 0.2024381578125 0.9406144328125 0.1945574484375 0.984376684375 0.193545803125 1 0.353883615625 1
1 0.5390625 1 0.5390625 0.5291587343749999 0.5389271484375 0.52904781875 0.524374134375 0.52904781875 0.5098211187499999 0.5397860734375 0.5004656093750001 0.556564596875 0.49630760625 0.5726719796874999 0.49353560312500006 0.622336409375 0.5032376125 0.6934773484375001 0.5046236140625 0.7377726515624999 0.5025446125 0.7646182890625 0.468587578125 0.86797399375 0.4526485625 0.9404572140624999 0.44849055781249997 0.9740142625000001 0.44824662968749995 1 0.5390625 1
1 0.41955118750000003 0.51875 0.425621534375 0.576698825 0.42354253281250004 0.620994128125 0.40275251250000005 0.6773699671875 0.39651550625 0.7028733218750001 0.3985945078125 0.7189807046875 0.42492853437500006 0.794148490625 0.44017454999999994 0.8693162749999999 0.4450255546875 0.93643036875 0.44433255312500003 0.9619337250000001 0.4394192875 1 0.446204428125 1 0.44571855468750005 0.9780411078124999 0.44849055781249997 0.9538800328124999 0.46928057812499996 0.8558934562499999 0.5004656093750001 0.7646182890625 0.5032376125 0.7350880875 0.5011586109375 0.701531040625 0.4762105859375 0.6263632546875 0.4741315828125 0.6089135906250001 0.474824584375 0.5592491609375 0.48113677499999996 0.51875 0.41955118750000003 0.51875
1 0.3360836796875 0.51875 0.3334524421875 0.528376678125 0.33206644218750003 0.567302853125 0.33968944843750004 0.6196518453125 0.3417684515625 0.6907927859375 0.3334524421875 0.729718959375 0.312662421875 0.783410234375 0.311969421875 0.7968330531250001 0.3334524421875 0.8599203015625001 0.3486984578125 0.9176384234375 0.357014465625 0.9659605703124999 0.358967140625 1 0.43745101562500005 1 0.44156055156249996 0.9498531875000001 0.43878854843750004 0.88273909375 0.4290865390625 0.8183095640625 0.39512950468749997 0.7109270140625 0.393743503125 0.663947146875 0.40552451562499997 0.567302853125 0.40413851406249995 0.5203229859375 0.40370122343750003 0.51875 0.3360836796875 0.51875
1 0.05601961875 0.51875 0.0520941609375 0.5256921140624999 0.0458571546875 0.5471686234375001 0.0451641546875 0.60220218125 0.056945165625 0.6934773484375001 0.0548661640625 0.7417994968749999 0.025760134375 0.822336409375 0.017444126562500002 0.8532088921875 0.015365124999999999 0.8733431203125 0.0361551453125 0.9417994968750001 0.046671971875 1 0.1650227296875 1 0.165746275 0.9914639265625 0.16436027343749998 0.9310612421875 0.156044265625 0.8746854031249999 0.13317524218750001 0.794148490625 0.112385221875 0.7417994968749999 0.1103062203125 0.7230075499999999 0.1103062203125 0.6800545296875 0.12139423125 0.5928062078125 0.1179292265625 0.5431417781250001 0.11307822187500001 0.5256921140624999 0.10873955937499999 0.51875 0.05601961875 0.51875
1 0.1351626578125 0.51875 0.13525424531250002 0.52300755 0.1449562546875 0.6089135906250001 0.1449562546875 0.6438129187499999 0.1428772515625 0.6599203015625 0.115157225 0.7417994968749999 0.12208723125000001 0.76327600625 0.1276312375 0.768645134375 0.1297102390625 0.7860947984375001 0.1518862609375 0.847839765625 0.16436027343749998 0.914953859375 0.1666712265625 1 0.1937574125 1 0.1955453046875 0.9699874156250001 0.21287032187500002 0.8934773484375 0.2357393453125 0.8250209734375 0.2392043484375 0.8035444625 0.219107328125 0.7243498328125 0.19762430625 0.6599203015625 0.19623830625 0.6129404359375 0.2069746125 0.51875 0.1351626578125 0.51875
1 0.311969421875 0.6934773484375001 0.3085044171875 0.7350880875 0.3078114171875 0.7713296984375 0.3105834203125 0.7807256718750001 0.330680440625 0.7324035234374999 0.3334524421875 0.7189807046875 0.3237504328125 0.6760276843749999 0.319245928125 0.667302853125 0.316127425 0.669316275 0.311969421875 0.6934773484375001
1 0.24024385 0.6069001671875001 0.21633532500000002 0.6733431203125 0.21287032187500002 0.6988464765625 0.23989734999999998 0.7981753359375 0.24405535312499999 0.8008599000000001 0.2509853609375 0.7807256718750001 0.25237136250000003 0.7337458046875 0.24024385 0.6069001671875001
1 0.8091145828125 0.67743055625 0.79921875 0.6792824078125 0.7927083328125001 0.688078703125 0.7890625 0.7019675921874999 0.7859375 0.7269675921875 0.784375 0.7741898140625001 0.7796875 0.7954861109375 0.7630208328125001 0.8278935187500001 0.7776041671874999 0.8297453703125001 0.8041666671875 0.8269675921874999 0.8036458328125 0.8065972218749999 0.8067708328125001 0.780671296875 0.8203125 0.7362268515625 0.8229166671874999 0.712152778125 0.8213541671875 0.693634259375 0.8138020828125001 0.6802083328124999 0.8091145828125 0.67743055625
1 0.8484375 0.8204861109374999 0.8473958328125001 0.8269675921874999 0.8494791671874999 0.8278935187500001 0.8848958328125001 0.818634259375 0.8901041671875 0.7834490734375 0.9078125 0.7232638890625 0.9078125 0.7019675921874999 0.8997395828125001 0.687615740625 0.8934895828125 0.6829861109375 0.8872395828125 0.6839120375000001 0.878125 0.6973379625 0.8677083328125 0.7797453703125 0.8640625 0.793634259375 0.8484375 0.8204861109374999
1 0.9484375 0.8278935187500001 0.9552083328125001 0.8241898140625 0.9609375 0.7871527781250001 0.9786458328125001 0.7297453703125 0.9796875 0.7047453703125 0.9705729171874999 0.687615740625 0.96171875 0.6866898140625001 0.9541666671875 0.6973379625 0.9505208328125001 0.709375 0.9442708328125 0.7640046296875 0.9380208328125 0.788078703125 0.9223958328125 0.8140046296874999 0.9484375 0.8278935187500001
1 0.6847786453125 0.51875 0.6802083328124999 0.5232638890625 0.6770833328125 0.5399305562500001 0.6770833328125 0.555671296875 0.68125 0.5695601859374999 0.68125 0.587152778125 0.6744791671875 0.634375 0.6739583328125 0.6603009265625 0.6765625 0.675115740625 0.6802083328124999 0.6825231484375001 0.68984375 0.6728009265624999 0.70390625 0.6765046296875 0.7057291671875 0.668634259375 0.7046875 0.650115740625 0.6973958328125 0.60381944375 0.6984375 0.5834490734375 0.703125 0.555671296875 0.703125 0.531597221875 0.7010416671875 0.5195601859375001 0.7001033999999999 0.51875 0.6847786453125 0.51875
1 0.7505208328125 0.6547453703125 0.7583333328125 0.5973379624999999 0.759375 0.5760416671875 0.7572916671875 0.56585648125 0.7528645828125 0.5579861109375 0.74765625 0.5552083328124999 0.7424479171874999 0.556134259375 0.7359375 0.5640046296875 0.7322916671875 0.5862268515625 0.7328125 0.600115740625 0.7395833328125001 0.612152778125 0.7416666671875 0.6232638890625 0.740625 0.6454861109375 0.7302083328125 0.7112268515625 0.7390625 0.8010416671874999 0.7515625 0.7677083328125001 0.7572916671875 0.731597221875 0.7567708328125 0.7075231484375 0.7510416671875 0.6714120375 0.7505208328125 0.6547453703125
1 0.7867327 0.51875 0.7848958328125001 0.52789351875 0.7838541671874999 0.550115740625 0.7838541671874999 0.56585648125 0.7901041671875 0.6140046296875 0.796875 0.584375 0.796875 0.562152778125 0.7932291671874999 0.530671296875 0.794765896875 0.51875 0.7867327 0.51875
1 0.6739583328125 0.7140046296875 0.678125 0.6815972218749999 0.6734375 0.6603009265625 0.6734375 0.6454861109375 0.68125 0.5769675921874999 0.6765625 0.5575231484375001 0.6684895828124999 0.5515046296875 0.6591145828125 0.5570601859375001 0.6552083328125 0.5695601859374999 0.6536458328125 0.65289351875 0.6416666671875 0.6834490734375 0.6401041671875001 0.6982638890625 0.6411458328124999 0.7214120375 0.65 0.7658564812499999 0.6494791671875 0.8084490734375 0.6518229171875001 0.812615740625 0.6583333328125 0.812152778125 0.6674479171875001 0.8070601859375 0.6713541671875001 0.7991898140625 0.675 0.7732638890625 0.6739583328125 0.7140046296875
1 0.646875 0.618634259375 0.6408854171875 0.600578703125 0.6278645828125 0.594097221875 0.62109375 0.5996527781250001 0.6151041671875 0.61493055625 0.6161458328125 0.7047453703125 0.6010416671875001 0.75289351875 0.596875 0.7769675921875 0.5953125 0.8019675921874999 0.5981770828124999 0.81539351875 0.6447916671875 0.8204861109374999 0.6489583328124999 0.813078703125 0.6505208328125 0.7732638890625 0.6463541671875 0.7445601859375 0.6390625 0.71585648125 0.6390625 0.6741898140625 0.6432291671875 0.659375 0.646875 0.618634259375
1 0.6903645828125 0.6728009265624999 0.6802083328124999 0.6834490734375 0.675 0.7038194437499999 0.6739583328125 0.7862268515624999 0.6723958328124999 0.7991898140625 0.6635416671875001 0.8223379625 0.6653645828125 0.8255787031249999 0.6830729171875001 0.8283564812499999 0.7020833328125 0.838078703125 0.7041666671875 0.8334490734375001 0.6984375 0.8065972218749999 0.6989583328125 0.7927083328125001 0.7114583328124999 0.7177083328125 0.7114583328124999 0.6991898140625 0.7044270828125 0.67835648125 0.6971354171875 0.6728009265624999 0.6903645828125 0.6728009265624999
1 0.7296875 0.7140046296875 0.7411458328125 0.6390046296875 0.7411458328125 0.6214120375000001 0.7380208328125 0.6103009265625 0.7294270828125 0.600578703125 0.7221354171875001 0.6015046296875 0.7158854171875 0.6079861109375 0.7119791671875 0.6177083328124999 0.7104166671875001 0.6297453703125 0.709375 0.6621527781250001 0.7125 0.7167824078125 0.7026041671875001 0.7695601859375 0.6989583328125 0.8047453703125 0.7041666671875 0.834375 0.709375 0.838078703125 0.7299479171875001 0.831134259375 0.7328125 0.8241898140625 0.7369791671875 0.7954861109375 0.7364583328125 0.7667824078125001 0.7296875 0.7140046296875
1 0.60908308125 0.51875 0.60625 0.5269675921875 0.60625 0.5982638890625 0.59375 0.65289351875 0.6041666671875 0.7047453703125 0.6052083328125 0.7195601859374999 0.609375 0.7223379624999999 0.6145833328125 0.709375 0.6161458328125 0.6982638890625 0.6145833328125 0.618634259375 0.6171875 0.606597221875 0.6260416671875 0.59085648125 0.6286458328125 0.543634259375 0.6267795140625 0.51875 0.60908308125 0.51875
1 0.5625 0.7612268515625 0.5622395828125 0.6894675921875 0.5572916671875 0.7417824078125 0.5625 0.7612268515625
1 0.6046875 0.7167824078125 0.5927083328125 0.6547453703125 0.5958333328125 0.5677083328125 0.58984375 0.55243055625 0.5815104171875001 0.5478009265625 0.5734375 0.5575231484375001 0.5682291671875 0.58993055625 0.5651041671875 0.5964120375 0.565625 0.60289351875 0.5700520828125 0.5996527781250001 0.5729166671875 0.6103009265625 0.5708333328124999 0.6177083328124999 0.5713541671875 0.65289351875 0.565625 0.6797453703125 0.5752604171875 0.6700231484375 0.5841145828125 0.6700231484375 0.5888020828125 0.6728009265624999 0.5953125 0.6853009265625 0.5989583328125 0.7084490734375001 0.5932291671875001 0.7603009265624999 0.59375 0.781597221875 0.6046875 0.738078703125 0.6046875 0.7167824078125
1 0.5390625 0.8246232265625 0.5505208328125 0.8241898140625 0.559375 0.81493055625 0.5630208328124999 0.8010416671874999 0.5630208328124999 0.7862268515624999 0.5598958328125 0.7612268515625 0.5473958328124999 0.7112268515625 0.5463541671875001 0.6612268515624999 0.5489583328125 0.6112268515625 0.5403645828125 0.5950231484375 0.5390625 0.594779484375 0.5390625 0.8246232265625
1 0.5390625 0.51875 0.5390625 0.593784409375 0.54140625 0.5950231484375 0.5479166671875 0.6047453703125 0.5489583328125 0.6260416671875 0.5463541671875001 0.6954861109375 0.5484375 0.7140046296875 0.5546875 0.72789351875 0.5572916671875 0.7028935187500001 0.5635416671875 0.6760416671875 0.5635416671875 0.6603009265625 0.559375 0.630671296875 0.5515625 0.6010416671875001 0.5520833328125 0.5584490734374999 0.5541666671875001 0.5519675921875 0.553125 0.5204861109375 0.5523654515625 0.51875 0.5390625 0.51875
1 0.7029401046875 0.51875 0.7036458328124999 0.550115740625 0.6973958328125 0.5954861109375 0.6979166671875 0.612152778125 0.7052083328125 0.65289351875 0.7057291671875 0.6704861109375 0.7041666671875 0.6741898140625 0.7078125 0.67789351875 0.7109375 0.6214120375000001 0.7145833328125 0.609375 0.721875 0.5982638890625 0.7182291671875001 0.5732638890625 0.721767328125 0.51875 0.7029401046875 0.51875
1 0.7606119796874999 0.51875 0.75703125 0.5200231484375 0.7515625 0.52881944375 0.7489583328125 0.5482638890625 0.7494791671875 0.5547453703125 0.7567708328125 0.56493055625 0.759375 0.575115740625 0.7583333328125 0.5973379624999999 0.7505208328125 0.6491898140625001 0.7505208328125 0.6677083328125 0.7588541671875 0.72789351875 0.7625 0.7214120375 0.7713541671874999 0.680671296875 0.7713541671874999 0.6621527781250001 0.7651041671875 0.6112268515625 0.7661458328125 0.59085648125 0.771875 0.5612268515625 0.7729166671875 0.534375 0.7690104171875 0.5228009265625 0.7630859359375 0.51875 0.7606119796874999 0.51875
1 0.764964659375 0.51875 0.76796875 0.5209490734375 0.7734375 0.5353009265625001 0.771875 0.5603009265625001 0.765625 0.58993055625 0.7645833328125 0.61493055625 0.7703125 0.6519675921875 0.7708333328125001 0.6741898140625 0.7739583328125 0.6760416671875 0.78125 0.6408564812499999 0.7807291671875 0.618634259375 0.7760416671874999 0.5825231484375 0.7826497390625 0.51875 0.764964659375 0.51875
1 0.7820947265625 0.51875 0.778125 0.550115740625 0.7739583328125 0.5612268515625 0.7760416671874999 0.568634259375 0.7755208328125001 0.58993055625 0.7822916671875 0.637152778125 0.7880208328125 0.61585648125 0.7880208328125 0.5954861109375 0.7833333328125001 0.5547453703125 0.7838541671874999 0.5269675921875 0.7868257078124999 0.51875 0.7820947265625 0.51875
1 0.5578125 0.7195601859374999 0.55859375 0.7237268515624999 0.5625 0.725115740625 0.5640625 0.7510416671875 0.5640625 0.7982638890625 0.559375 0.8140046296874999 0.5630208328124999 0.818634259375 0.5947916671875 0.8140046296874999 0.5916666671875 0.7991898140625 0.5911458328125 0.7834490734375 0.5989583328125 0.7010416671875 0.5927083328125 0.6788194437499999 0.5825520828124999 0.6700231484375 0.5669270828124999 0.6765046296875 0.5583333328125 0.706597221875 0.5578125 0.7195601859374999
1 0.6385416671875 0.51875 0.6385416671875 0.5603009265625001 0.6307291671875 0.58993055625 0.63203125 0.594097221875 0.6403645828125 0.5987268515624999 0.6473958328125 0.618634259375 0.6421875 0.6649305562500001 0.6421875 0.6732638890625 0.6447916671875 0.6741898140625 0.6526041671875 0.65289351875 0.6541666671875 0.6399305562500001 0.6546875 0.5677083328125 0.659375 0.52881944375 0.6590917968750001 0.51875 0.6385416671875 0.51875
1 0.5700639203125 0.51875 0.5697916671875001 0.5214120375 0.5635416671875 0.5417824078125 0.5640625 0.563078703125 0.5697916671875001 0.584375 0.5619791671875001 0.6084490734375 0.5604166671875 0.625115740625 0.5635416671875 0.655671296875 0.5666666671875 0.6649305562500001 0.5708333328124999 0.6473379625 0.5713541671875 0.5584490734374999 0.5768229171875 0.549652778125 0.5856770828125 0.5478009265625 0.58984375 0.55335648125 0.5916666671875 0.5491898140625 0.5932819874999999 0.51875 0.5700639203125 0.51875
1 0.5515092328125 0.51875 0.553125 0.5232638890625 0.5541666671875001 0.5371527781250001 0.5536458328125 0.5491898140625 0.5510416671875 0.555671296875 0.5510416671875 0.5927083328125 0.5520833328125 0.6047453703125 0.5588541671875 0.6241898140625001 0.5666666671875 0.5853009265625 0.565625 0.5677083328125 0.5578125 0.52789351875 0.5580182296875 0.51875 0.5515092328125 0.51875
1 0.602577484375 0.51875 0.6036458328125 0.5353009265625001 0.6010416671875001 0.538078703125 0.5963541671875 0.5584490734374999 0.5958333328125 0.584375 0.5994791671875 0.6112268515625 0.6020833328124999 0.61493055625 0.6067708328125 0.5853009265625 0.60625 0.5241898140625 0.6086768140625 0.51875 0.602577484375 0.51875
1 0.6275260421875 0.51875 0.6291666671875 0.5260416671875 0.6265625 0.588078703125 0.6296875 0.59085648125 0.6375 0.5677083328125 0.6378878734375 0.51875 0.6275260421875 0.51875
1 0.6598958328125 0.51875 0.6598958328125 0.5353009265625001 0.6567708328124999 0.5575231484375001 0.6643229171875 0.5515046296875 0.6755208328125 0.5510416671875 0.6744791671875 0.54085648125 0.6776041671875 0.5214120375 0.67767071875 0.51875 0.6598958328125 0.51875
1 0.8109375 0.825115740625 0.8177083328125001 0.8204861109374999 0.8174479171875 0.7579861109375 0.8109375 0.7695601859375 0.8052083328125 0.7945601859375 0.8052083328125 0.8214120375 0.8109375 0.825115740625
1 0.8182291671874999 0.6834490734375 0.821875 0.6760416671875 0.8260416671874999 0.6491898140625001 0.8265625 0.6260416671875 0.81953125 0.6107638890625 0.80859375 0.6079861109375 0.8010416671874999 0.61493055625 0.7979166671875 0.62789351875 0.7953125 0.6464120375 0.7963541671875 0.6769675921875 0.7971354171874999 0.6802083328124999 0.8106770828125001 0.67743055625 0.8182291671874999 0.6834490734375
1 0.9442708328125 0.762152778125 0.9515625 0.7028935187500001 0.9630208328125001 0.6815972218749999 0.9661458328125001 0.6677083328125 0.9677083328125 0.6547453703125 0.9666666671874999 0.6390046296875 0.9580729171875 0.6265046296875 0.94921875 0.6265046296875 0.9416666671874999 0.6399305562500001 0.9369791671875 0.6917824078125 0.9333333328125001 0.7084490734375001 0.9291666671875 0.7204861109375 0.9119791671874999 0.7510416671875 0.9078125 0.7640046296875 0.9052083328125 0.7797453703125 0.9088541671874999 0.79085648125 0.9083333328125001 0.8065972218749999 0.9052083328125 0.8140046296874999 0.915625 0.8167824078125001 0.9231770828125001 0.8135416671875 0.9380208328125 0.7871527781250001 0.9442708328125 0.762152778125
1 1 0.6399305562500001 0.9989583328125 0.6417824078125001 0.9890625 0.709375 0.9859375 0.7223379624999999 0.9817708328125001 0.725115740625 0.9734375 0.750115740625 0.9708333328125001 0.7649305562500001 0.9703125 0.788078703125 0.9723958328125001 0.7991898140625 0.975 0.800115740625 0.9966145828125 0.793171296875 1 0.7871527781250001 1 0.6399305562500001
1 1 0.590735709375 0.9997395828125001 0.59039351875 0.99296875 0.5922453703125 0.9875 0.6019675921875 0.9802083328125001 0.6603009265625 0.971875 0.6815972218749999 0.971875 0.687152778125 0.98125 0.7028935187500001 0.9822916671874999 0.7241898140625 0.9890625 0.709375 0.9984375 0.6427083328125 1 0.6399305562500001 1 0.590735709375
1 0.9203125 0.6195601859375 0.9083333328125001 0.6454861109375 0.9 0.6714120375 0.8989583328125 0.6815972218749999 0.9083333328125001 0.6964120375 0.9244791671874999 0.6667824078125 0.9328125 0.5991898140625 0.9359375 0.588078703125 0.94296875 0.581134259375 0.946875 0.5695601859374999 0.9453125 0.555671296875 0.93984375 0.546875 0.9309895828125001 0.5478009265625 0.9265625 0.555671296875 0.9203125 0.6195601859375
1 0.9497395828125 0.5829861109375 0.94140625 0.5820601859375 0.9354166671874999 0.58993055625 0.9260416671874999 0.6621527781250001 0.9088541671874999 0.6954861109375 0.9088541671874999 0.7214120375 0.896875 0.7640046296875 0.896875 0.781597221875 0.8994791671875 0.7917824078125 0.9088541671874999 0.756597221875 0.9307291671875 0.71585648125 0.9333333328125001 0.706597221875 0.9411458328125001 0.6399305562500001 0.94453125 0.6320601859374999 0.9546875 0.6204861109375 0.9567708328125001 0.5973379624999999 0.9497395828125 0.5829861109375
1 0.8484375 0.6584490734375 0.8442708328125 0.688078703125 0.8453125 0.7019675921874999 0.8489583328125001 0.6991898140625 0.8635416671874999 0.668634259375 0.8677083328125 0.65289351875 0.8739583328125 0.5862268515625 0.8786458328125001 0.5760416671875 0.8721354171875 0.56631944375 0.8666666671875 0.58993055625 0.8604166671875 0.6047453703125 0.8630208328125001 0.61493055625 0.8619791671874999 0.6241898140625001 0.8484375 0.6584490734375
1 0.8169270828125 0.5302083328125 0.8130208328125 0.5399305562500001 0.8114583328125 0.5677083328125 0.81328125 0.5700231484375 0.8169270828125 0.5644675921875 0.82578125 0.5635416671875 0.8333333328125001 0.5704861109375 0.8348958328125 0.5417824078125 0.8328125 0.5353009265625001 0.8252604171875 0.5265046296875 0.8169270828125 0.5302083328125
1 0.8278645828125001 0.5644675921875 0.81640625 0.5644675921875 0.8119791671875 0.5704861109375 0.8041666671875 0.6047453703125 0.8190104171874999 0.6098379625 0.8252604171875 0.621875 0.8291666671875 0.6214120375000001 0.8328125 0.6140046296875 0.8348958328125 0.5991898140625 0.834375 0.5760416671875 0.8278645828125001 0.5644675921875
1 0.8173943015624999 0.51875 0.8166666671874999 0.5297453703125 0.82734375 0.52835648125 0.8333333328125001 0.5371527781250001 0.8369791671875 0.5325231484375 0.837409578125 0.51875 0.8173943015624999 0.51875
1 0.8442708328125 0.71493055625 0.8401041671874999 0.7454861109375 0.8411458328125001 0.7677083328125001 0.8494791671874999 0.7464120375000001 0.8614583328125001 0.725115740625 0.8682291671875 0.7019675921874999 0.8723958328125001 0.6454861109375 0.8786458328125001 0.61585648125 0.8763020828125001 0.5848379625 0.8677083328125 0.65381944375 0.8640625 0.6621527781250001 0.8635416671874999 0.6704861109375 0.853125 0.6890046296875 0.8442708328125 0.71493055625
1 0.8735300171875 0.51875 0.871875 0.5214120375 0.8703125 0.543634259375 0.8723958328125001 0.5473379625 0.8794270828125 0.5366898140624999 0.8877604171875 0.54131944375 0.8916666671875 0.538078703125 0.8921875 0.52789351875 0.8887033765625001 0.51875 0.8735300171875 0.51875
1 0.7332704734375 0.51875 0.7317708328125 0.538078703125 0.7322916671875 0.5547453703125 0.7359375 0.5612268515625 0.74453125 0.5552083328124999 0.746875 0.550115740625 0.7432291671875 0.5297453703125 0.7432291671875 0.51875 0.7332704734375 0.51875
1 0.7223445015625 0.51875 0.71875 0.555671296875 0.71875 0.5778935187500001 0.7213541671875 0.5973379624999999 0.7302083328125 0.5991898140625 0.7317708328125 0.5973379624999999 0.734375 0.5640046296875 0.7322916671875 0.534375 0.73378415 0.51875 0.7223445015625 0.51875
1 0.5924661921875 0.51875 0.5916666671875 0.5390046296875 0.5932291671875001 0.5547453703125 0.5953125 0.555671296875 0.5979166671875 0.5538194437499999 0.603125 0.52789351875 0.6029590890625001 0.51875 0.5924661921875 0.51875