1 0.10152020625 0.3333266578125 0.10152020625 0.4392296578125 0.1026073078125 0.44413635312500005 0.10706020624999998 0.4484375 0.1287179296875 0.4484375 0.1348304265625 0.4387870703125 0.1453125 0.39952709375 0.1453125 0.33159897968749996 0.136054996875 0.299787121875 0.137296590625 0.27312956875 0.1425705609375 0.2418647578125 0.142890265625 0.2247544046875 0.138415553125 0.213243328125 0.12813037968750002 0.2086542328125 0.120352153125 0.21171700312500003 0.113778975 0.22476854375 0.1130068375 0.30282369375 0.10152020625 0.3333266578125
1 0.1749150390625 0.22765009374999998 0.1732561828125 0.24608036718749998 0.174782346875 0.28936717343749996 0.173035884375 0.3091644984375 0.1686950984375 0.324710928125 0.1586689796875 0.3493654859375 0.1586689796875 0.453125 0.1980360046875 0.453125 0.20680467343750003 0.42340915 0.209375 0.3970270421875 0.209375 0.3609424203125 0.20910494218750003 0.357690734375 0.19827398125 0.310487171875 0.2008088828125 0.278386359375 0.20658951406249998 0.247827290625 0.207515003125 0.225929471875 0.20600445937499998 0.21967790625 0.20007961718749998 0.21148043749999998 0.1897348359375 0.2088808234375 0.1822853609375 0.2132911703125 0.1749150390625 0.22765009374999998
1 0.31975100156249997 0.3041985859375 0.305865875 0.3471973515625 0.305865875 0.4348355828125 0.3104258640625 0.4546875 0.339861240625 0.4546875 0.3435258984375 0.4302103671875 0.3546875 0.393178934375 0.3546875 0.3451056453125 0.34358439375 0.3054586140625 0.3488535296875 0.22294620312500002 0.34241421875 0.2090537953125 0.3363430890625 0.2051308359375 0.3252713625 0.20765443593750002 0.320520796875 0.2137786671875 0.317829540625 0.22247016249999998 0.3171134625 0.24297597187500003 0.31982499999999997 0.2747291828125 0.31975100156249997 0.3041985859375
1 0.263160778125 0.21848275625000002 0.256572603125 0.2345877953125 0.2590169859375 0.26060069218750004 0.2676317703125 0.29934465625 0.2689483109375 0.335454975 0.265150421875 0.36027902031250003 0.261858846875 0.36680332187500003 0.260834590625 0.378267796875 0.2557835953125 0.39280006562500003 0.25582695 0.4308443515625 0.25886115468750004 0.4521503015625 0.2610984640625 0.4578125 0.30625 0.4578125 0.30625 0.35663843906250003 0.299528090625 0.33930977812499996 0.29501351875 0.3172036875 0.2939876671875 0.2974202765625 0.2957354484375 0.26427729218749996 0.29350828125 0.23488563125 0.2888700421875 0.2236382296875 0.281845834375 0.2152529109375 0.2707898640625 0.212991821875 0.263160778125 0.21848275625000002
1 0.3682946453125 0.2242640890625 0.3629096046875 0.23971057031249998 0.3615199375 0.273264425 0.3637432765625 0.33039386875 0.3614508015625 0.356337378125 0.3480096375 0.3929586109375 0.3480096375 0.45625 0.4078125 0.45625 0.4078125 0.4241211546875 0.3938795546875 0.35772891875 0.3983706828125 0.3003431640625 0.402707746875 0.28620270625 0.40638099531250005 0.261034271875 0.40676870468750004 0.23496869843749998 0.4029379484375 0.224767659375 0.394463890625 0.2159855375 0.37874960468749996 0.21497851875 0.3682946453125 0.2242640890625
1 0.42236431874999997 0.22250396874999998 0.42222219687500007 0.2416344125 0.429391015625 0.29779168125 0.4296296359375 0.311462221875 0.41607276249999997 0.3802407796875 0.4292172984375 0.42420261875 0.434087634375 0.4577702484375 0.43417354374999995 0.4578125 0.471875 0.4578125 0.471875 0.37012938281249996 0.456867940625 0.3174042203125 0.45546218125 0.29141356875 0.45844846562499997 0.2443167 0.45710236093749995 0.2217436859375 0.45044113281250003 0.2083027 0.4417861890625 0.20336839375000001 0.43182198281249995 0.20524442656250003 0.4246021 0.21434320625 0.42236431874999997 0.22250396874999998
1 0.46642645624999995 0.2013098484375 0.4616352484375 0.21367971875 0.46254095624999997 0.23824782031249997 0.46792327343749995 0.27340251250000003 0.468293134375 0.29459185 0.46160365625 0.3211489421875 0.4617229671875 0.3279842125 0.47539141718750005 0.373414528125 0.47803485312499994 0.3882577671875 0.47980942187500003 0.40796343593750006 0.47903705781249994 0.44567403437499997 0.47994640625 0.446875 0.496871871875 0.446875 0.4988287890625 0.445769703125 0.503125 0.43330592343749996 0.503125 0.325382759375 0.4996392390625 0.31462162031249996 0.49621045781250006 0.3094255015625 0.49157874531249995 0.28995305781249997 0.490184915625 0.26474030000000004 0.4924813 0.23238130625000003 0.4916710421875 0.21328142031250003 0.4854621453125 0.1990714796875 0.47593109843750003 0.1950960296875 0.4758067875 0.1950960296875 0.46642645624999995 0.2013098484375
1 0.49637953125 0.3030325640625 0.509111575 0.3393388609375 0.511858440625 0.355212559375 0.5132881 0.3757794 0.5121937421875 0.409375 0.5279392984375 0.409375 0.530146765625 0.40552506875 0.5328125 0.3929569765625 0.5328125 0.3146150875 0.520536884375 0.2786453515625 0.5193266921874999 0.20622200624999998 0.5150961171875 0.1981020640625 0.5045562890624999 0.194696609375 0.49640591250000005 0.2020231453125 0.494676153125 0.2094198828125 0.499424321875 0.2499920984375 0.5000925125 0.278700234375 0.49617271093750004 0.2941467125 0.49637953125 0.3030325640625
1 0.6899366375 0 0.682183846875 0.0295357546875 0.6820297906249999 0.0479826734375 0.68923335625 0.0788577546875 0.69031488125 0.0796875 0.7048511734375 0.0796875 0.70542383125 0.079140359375 0.7078125 0.070687559375 0.7078125 0.018107084375 0.70272639375 0 0.6899366375 0
1 0.7269826312500001 0 0.7232050828125 0.014996789062499998 0.7226822187499999 0.039681503125 0.72584956875 0.0572199796875 0.72885078125 0.065625 0.7466672 0.065625 0.7469689828125 0.0650790296875 0.7484375 0.057281531249999997 0.7484375 0.0070245031250000005 0.745866925 0 0.7269826312500001 0
1 0.659375 0 0.659375 0.0161807421875 0.665148809375 0.038606459375 0.666101190625 0.059112268749999995 0.6637202375 0.068681646875 0.665625 0.0714157546875 0.6737202375 0.0468087828125 0.675148809375 0.022885339062500003 0.669521709375 0 0.659375 0
1 0.0499419890625 0.5 0.048076285937500005 0.5213477281250001 0.04895679375 0.5329676875 0.0560494546875 0.5641151125 0.0604179203125 0.56875 0.078942603125 0.56875 0.0796875 0.566956484375 0.0796875 0.5 0.0499419890625 0.5
1 0.1082329828125 0.5 0.1073811984375 0.5050440109375 0.107679475 0.5221321875 0.11143039218749999 0.5461138156249999 0.115917521875 0.5515625 0.13230204375000001 0.5515625 0.13387100000000002 0.5499221109375 0.1402513234375 0.53363383125 0.1453125 0.5112915515625 0.1453125 0.5 0.1082329828125 0.5
1 0.8435366906249999 1 0.846875 0.9570191578125 0.846875 0.9278856906249999 0.8468512984375 0.9271523593750001 0.842235 0.8952436640625001 0.8230262703125 0.8299264546874999 0.8169814015625001 0.797901146875 0.816364384375 0.7745446125 0.8234416109374999 0.70863120625 0.8248260296875 0.668986640625 0.8227553765625 0.6599064343750001 0.8158160078125001 0.646658684375 0.80934029375 0.640646271875 0.796102440625 0.6368237734375001 0.7819826140625 0.6445823625 0.776184190625 0.6533629578125 0.7724689453125 0.66402729375 0.7714903046874999 0.6920519015625001 0.77912605 0.774246778125 0.7777666953125 0.79949840625 0.772526209375 0.8264896453125001 0.7581645140625 0.8751799890624999 0.7581645140625 1 0.8435366906249999 1
1 1 1 1 0.8661181093749999 0.9931952921875 0.8502461625000001 0.9808745765625 0.8125582859375001 0.9762965749999999 0.764633653125 0.975972571875 0.7041495890625 0.9720060640625 0.6705401531249999 0.967367828125 0.659292753125 0.958179884375 0.6473343109374999 0.9395149046875 0.6383384140625 0.9259025203125001 0.6460581328125 0.9189517828125 0.65737848125 0.9166543421875 0.670776925 0.9194094921874999 0.7008909843750001 0.9344853609375001 0.7686929203125 0.9397668109375001 0.807164790625 0.9382880421875001 0.8376125375000001 0.9256412749999999 0.9017928953125001 0.9232719625 0.92673355625 0.9229210343750001 0.94708388125 0.9270846796875001 0.989540296875 0.9293751765625 1 1 1
1 0.659375 1 0.7068532125 1 0.7078125 0.9809056015625 0.7078125 0.9609506374999999 0.7042531671875001 0.9254580156250001 0.691693475 0.8793382140624999 0.6820405 0.8258521984375001 0.6843843234375 0.7854935875 0.6949260921875 0.71682355 0.6960767734375 0.6866873328125 0.693508190625 0.6755372875 0.6874398734375 0.6631330890625 0.676584865625 0.6541983890624999 0.667108853125 0.6529045484375 0.659375 0.65643886875 0.659375 1