1 0.046744290625000004 0.5 0.044061103125 0.44440673437499995 0.0481718234375 0.405932240625 0.0473040359375 0.35876921875 0.0357628890625 0.32949780156249997 0.030342735937499997 0.32518375312500003 0.0128907953125 0.32518375312500003 0.003020525 0.3401762640625 0.0039853125 0.3901170640625 0.013960904687500001 0.5 0.046744290625000004 0.5
1 0.767693215625 0 0.7695152828125 0.052177150000000005 0.7661736875 0.09036361875 0.7370334828125 0.14841230156250002 0.7296875 0.17973999062499998 0.7296875 0.2058053421875 0.7301684125000001 0.2195769078125 0.7388001984375 0.2659430359375 0.739527715625 0.286776371875 0.7515287921875 0.30690559687499996 0.763541034375 0.3125 0.786100503125 0.3125 0.8004288390625 0.2903522703125 0.817832934375 0.25323139375000003 0.8214555796875 0.2330489515625 0.8214555796875 0.170122353125 0.80763533125 0.11740033125 0.8053089390625001 0.09540693125000001 0.8075609187499999 0.0706437296875 0.8212579999999999 0.0166193875 0.8214555796875 0.013284745312499999 0.8214555796875 0 0.767693215625 0
1 0.6115492953125 0 0.6096017421875001 0.02492385625 0.5943549 0.067090628125 0.5890625 0.0921206078125 0.5890625 0.11572406093750001 0.5893078359375 0.1266929484375 0.5944269953125 0.1526209546875 0.605451553125 0.18776483593749999 0.6126036953125 0.1921875 0.6321349453125 0.1921875 0.6360173375 0.18896161875 0.646622246875 0.1581519859375 0.646622246875 0.056147396875 0.6377752609374999 0.025147168749999997 0.6380543421875 0 0.6115492953125 0
1 0.515149915625 0 0.5109375 0.0098958328125 0.50546875 0.0442708328125 0.50703125 0.0692708328125 0.5171875 0.1078125 0.5234375 0.10260416718750001 0.52734375 0.0723958328125 0.5200811109375 0 0.515149915625 0
1 0.5205153250000001 0 0.52734375 0.052604167187499995 0.52734375 0.0848958328125 0.52421875 0.10364583281249999 0.50078125 0.1661458328125 0.4953125 0.2026041671875 0.496875 0.23802083281250003 0.5125 0.29739583281250004 0.521484375 0.315625 0.53359375 0.3213541671875 0.551171875 0.31979166718749996 0.559375 0.3088541671875 0.57734375 0.2630208328125 0.58671875 0.2140625 0.58359375 0.1692708328125 0.56328125 0.0984375 0.56328125 0.0713541671875 0.57265625 0.0119791671875 0.57294606875 0 0.5205153250000001 0
1 0.432022165625 0 0.4328125 0.0151041671875 0.41796875 0.0640625 0.41328125 0.1046875 0.415625 0.1286458328125 0.42578125 0.1640625 0.43125 0.1796875 0.440625 0.18697916718750002 0.453515625 0.1864583328125 0.4625 0.1796875 0.47578125 0.1359375 0.4796875 0.1098958328125 0.4796875 0.0890625 0.475 0.061979167187499996 0.46015625 0.0171875 0.45966045624999996 0 0.432022165625 0
1 0.2890625 0 0.2890625 0.0470486109375 0.2921875 0.0609375 0.29296875 0.10260416718750001 0.2890625 0.11510416718750001 0.2890625 0.27257965624999997 0.29765625 0.2901041671875 0.296875 0.3057291671875 0.301171875 0.3114583328125 0.3171875 0.3171875 0.334765625 0.315625 0.34921875 0.3015625 0.36484375 0.2401041671875 0.3671875 0.1932291671875 0.359375 0.1505208328125 0.3328125 0.0921875 0.3296875 0.0744791671875 0.3329733453125 0 0.2890625 0
1 0.45964285781249997 0 0.465625 0.0348958328125 0.47578125 0.05989583281250001 0.48203125 0.0578125 0.48984375 0.0317708328125 0.49375 0.0098958328125 0.49375 0 0.45964285781249997 0
1 0.374853515625 0 0.3703125 0.0161458328125 0.36953125 0.0442708328125 0.38359375 0.1067708328125 0.390625 0.1078125 0.404296875 0.10729166718750001 0.4109375 0.10260416718750001 0.42265625 0.0442708328125 0.42265625 0.0317708328125 0.41796875 0.0036458328125000003 0.41680664062500006 0 0.374853515625 0
1 0.1767562390625 0.5 0.19455513124999999 0.6091839984374999 0.146520196875 0.7365184640625 0.148703603125 0.7840566640625 0.1596206328125 0.8163147281249999 0.19455513124999999 0.8808308578125 0.21202237968749998 0.8893198218749999 0.2676992359375 0.8850753390625 0.2890625 0.8444049671875 0.2890625 0.6776026921875 0.2622407203125 0.63125530625 0.25787390781249997 0.6040906203125 0.2675741453125 0.5 0.1767562390625 0.5
1 0.028541212500000003 0.5 0.046083515625 0.622766340625 0.0111490171875 0.6991670203125 0.0067822046875 0.7602875640625 0.0548171390625 0.8604573421874999 0.0744677953125 0.8689463078124999 0.1192276203125 0.86639961875 0.13560316562500002 0.851968378125 0.15307041562499998 0.80952355625 0.144336790625 0.73991405 0.15525382031249998 0.695771434375 0.11158569843749999 0.622766340625 0.11813591718750001 0.52089876875 0.11447095781250001 0.5 0.028541212500000003 0.5
1 0 1 0.050770228125000004 1 0.0548171390625 0.9181823 0.04280840625 0.9020532687500001 0.0100573140625 0.8969598890625001 0 0.9042010546875 0 1
1 0.2211974953125 1 0.2163891921875 0.96741829375 0.249140284375 0.9368580218750001 0.186913209375 0.9258223687499999 0.19455513124999999 0.9996763578125 0.19440744375000002 1 0.2211974953125 1
1 0.0996042578125 1 0.085384825 0.9419514 0.1159525109375 0.9147867140624999 0.0777429046875 0.907146646875 0.050450328125 0.9708138796875 0.0701009828125 0.997978565625 0.0694893078125 1 0.0996042578125 1
1 0.1542352546875 0.5 0.1661708515625 0.5989972406249999 0.139969978125 0.6652111625 0.1574372265625 0.6940736421875 0.192371725 0.6244641343749999 0.19018831875 0.5735303484375 0.17490447656250002 0.515805390625 0.17490447656250002 0.5 0.1542352546875 0.5
1 0.1178719546875 0.5 0.129052946875 0.563343590625 0.1159525109375 0.6278597203125 0.133419759375 0.6584199921875 0.139969978125 0.6584199921875 0.1574372265625 0.6244641343749999 0.1661708515625 0.5888104843749999 0.15307041562499998 0.503920840625 0.15427096406250002 0.5 0.1178719546875 0.5
1 0.008678048437499999 0.5 0.0220660484375 0.5922060703125 0.0045987984375 0.6329530984375 0.024249454687499998 0.6635133703125 0.046083515625 0.6125795843749999 0.026432860937500004 0.514107596875 0.026432860937500004 0.5 0.008678048437499999 0.5