1 0 0 0 0.1006615625 0.00703125 0.1329723171875 0.0125 0.17344106718750002 0.0125 0.2414966234375 0.00234375 0.3064197375 0.0032788265625 0.3078125 0.0345350578125 0.3078125 0.03984375 0.295229265625 0.05703125 0.20971835468750002 0.0609375 0.1265214328125 0.05546875 0.077719346875 0.037401153124999996 0 0 0
1 0.0894972703125 0 0.08972405312500001 0.021872340625 0.063442953125 0.1187391296875 0.063442953125 0.2821849265625 0.0682780875 0.309375 0.1293062921875 0.309375 0.137746834375 0.2762186296875 0.1453125 0.22633963124999998 0.1453125 0.1266006703125 0.1451767 0.12494340156249999 0.12488030312500001 0.0228952828125 0.12679640625 0 0.0894972703125 0
1 0.1331226234375 0 0.1331226234375 0.097784871875 0.1359418890625 0.116813596875 0.138283478125 0.15747401249999998 0.1351286265625 0.21164067968750003 0.1331226234375 0.2229950546875 0.1331226234375 0.2828125 0.14592281406250002 0.2828125 0.14835234375 0.2810992375 0.1550344953125 0.260712315625 0.1745700734375 0.18136844375 0.1798792 0.144123534375 0.180232621875 0.08414622031249999 0.1680062265625 0 0.1331226234375 0
1 0.24367291875000002 0 0.24421400937499999 0.0071407187499999995 0.2259050625 0.10425024375 0.2287789546875 0.1832349 0.23835220937499998 0.23772008437499997 0.25794757343749997 0.309375 0.2875 0.309375 0.2875 0.0341547953125 0.2823454703125 0.0176581765625 0.28100741406249996 0 0.24367291875000002 0
1 0.36301508125000004 0 0.3432134359375 0.08673454375 0.341020503125 0.160527590625 0.345961209375 0.2047901 0.36264758124999996 0.2832654078125 0.3687494109375 0.29340916875 0.37710864375 0.29375 0.3942654 0.29375 0.40696600624999996 0.2888484140625 0.415842646875 0.250199128125 0.4171875 0.2403407875 0.4171875 0.0508460171875 0.40430555156250003 0 0.36301508125000004 0
1 1 0.08228533906249999 0.9964443640624999 0.093394190625 0.9964443640624999 0.1296875 1 0.1296875 1 0.08228533906249999
1 0.9887426171874999 0.0831936296875 0.9890625 0.07159073437499999 0.9890625 0.0572457453125 0.98743134375 0.053102554687500005 0.9837531765625 0.052197835937500006 0.98057793125 0.0582360515625 0.9839904484375002 0.08136904843750001 0.9787751390625001 0.11103503906250001 0.9832939906250001 0.136013828125 0.9864489734374999 0.1375 0.9890625 0.1375 0.9890625 0.08446510625 0.9887426171874999 0.0831936296875
1 0.9632105156249999 0.089396609375 0.9640625 0.08387880156250001 0.9640625 0.057253870312499996 0.9635533625000001 0.055557885937499996 0.9591493515625 0.059164610937499994 0.957461584375 0.065152821875 0.9580615171875 0.088349459375 0.9539327796875 0.099734859375 0.9539327796875 0.14375 0.9590742296875 0.14375 0.9640625 0.1311287015625 0.9640625 0.09633003125 0.9632105156249999 0.089396609375
1 0.9734375 0.11105762968749999 0.9734375 0.0909227609375 0.9710011765625 0.0805482640625 0.9728241531249999 0.053672167187499994 0.9675305250000001 0.047780934375 0.9645447031250001 0.052014276562499996 0.96674474375 0.06584255156249999 0.9650025937500001 0.0899408703125 0.9683610093749999 0.11762166874999999 0.9691341890625 0.11875 0.9714930734374999 0.11875 0.9734375 0.11105762968749999
1 0.9494791671874999 0.115968915625 0.9494791671874999 0.134375 0.9514211421875001 0.134375 0.9536458328125 0.1300033078125 0.9546875 0.105039684375 0.9505208328125001 0.0845238109375 0.9515625 0.0586342578125 0.94921875 0.053459821875 0.9450520828125001 0.052388390625 0.9421875 0.062010582812500006 0.9442708328125 0.0731944453125 0.9442708328125 0.0944907390625 0.9494791671874999 0.115968915625
1 0.9433800250000001 0.146875 0.9453125 0.14058107343749998 0.9453125 0.101459975 0.943235959375 0.091721425 0.9448595046874999 0.06675173281249999 0.940550953125 0.0615303234375 0.9358544796875 0.072975584375 0.9374852406249999 0.09248064843750001 0.9335304796875 0.106024978125 0.9335304796875 0.1402580078125 0.9346727734375001 0.1461388890625 0.9352403140625001 0.146875 0.9433800250000001 0.146875
1 0.896875 0.094069234375 0.8951505703125001 0.0812322484375 0.896875 0.05886939375 0.896875 0.053179731249999994 0.8927229062500001 0.05 0.8924505703125 0.05 0.889889746875 0.05475362499999999 0.8887927109374999 0.08257391875 0.8852013640624999 0.09960865937499999 0.8852013640624999 0.1323918421875 0.8853057781250001 0.133457328125 0.887848634375 0.134375 0.892456103125 0.134375 0.8964235234375 0.12227059843750002 0.896875 0.11855053281250001 0.896875 0.094069234375
1 0.915625 0.1375 0.915625 0.0779399515625 0.9142146390625001 0.059327590625 0.908359996875 0.0539164796875 0.9054306343749999 0.0597378203125 0.9082965265624999 0.0838725625 0.9055331093749999 0.102148403125 0.9060647124999999 0.11600695624999999 0.9108034499999998 0.1374852640625 0.9108379703124999 0.1375 0.915625 0.1375
1 0.9294486359375 0.086926646875 0.93125 0.0686287703125 0.93125 0.0647294046875 0.9285093546875001 0.057772109375000005 0.92484196875 0.057015990625 0.9215535359375 0.061340335937500004 0.9242402999999999 0.087169228125 0.9194845421875 0.1068562546875 0.9193516296875 0.1235471796875 0.9233266421875002 0.140625 0.93125 0.140625 0.93125 0.09251501875 0.9294486359375 0.086926646875
1 0.9338541671874999 0.10260416718750001 0.9354166671874999 0.095196759375 0.9348958328125001 0.05445601875 0.9330729171875 0.0484375 0.9294270828125001 0.047511573437499996 0.9265625 0.057233796875 0.9286458328125 0.0711226859375 0.9276041671874999 0.08778935156249999 0.9338541671874999 0.10260416718750001
1 0.5370989640625 0.884375 0.539006 0.884375 0.5445874796875 0.8829085562500001 0.553125 0.87641835 0.553125 0.717839325 0.54633588125 0.6960690406250001 0.5428560015625 0.5764789125 0.5202918453125001 0.5471038796875 0.5183764875 0.5471038796875 0.49845911562499995 0.5656493234375001 0.49610372812500003 0.6048295749999999 0.5047985921875 0.7017604343749999 0.5182042328125 0.7203307921875 0.5203770421875 0.8567332671875001 0.5370989640625 0.884375
1 0.45 1 0.5144691828125 1 0.515625 0.9899633046874999 0.515625 0.9359075421874999 0.4940178265625 0.8491325906250001 0.50875655625 0.727201375 0.480222359375 0.6942020296875 0.45851556406249994 0.7101411828125 0.45 0.7273753125 0.45 1
1 0.7387545265625001 1 0.746875 0.979960121875 0.746875 0.8329188625 0.736788321875 0.8042109875000001 0.7466185515625 0.6680150328125001 0.7240160328125 0.6473089640625 0.7012933718750001 0.6529978453125 0.692451884375 0.668330165625 0.69633196875 0.779441275 0.6603377140625 0.8824493421875002 0.67245413125 0.9907341953125 0.6797589281249999 1 0.7387545265625001 1
1 0.5557722375 0.7030572546875 0.5640625 0.6338525734375 0.5640625 0.6246928687500001 0.5537219515625 0.5722592484375 0.563762884375 0.4806895625 0.551137640625 0.44979457656249994 0.5534418875 0.36499961875000003 0.5426262984375 0.45237839218750003 0.5316113875 0.462023740625 0.5316113875 0.730435228125 0.532395521875 0.73125 0.539681940625 0.73125 0.5557722375 0.7030572546875
1 0.5786282703125 0.625 0.59375 0.572307065625 0.59375 0.534317103125 0.583664740625 0.48236585000000004 0.590417809375 0.39337998125 0.5758839484375 0.35624365625 0.5720719359374999 0.3799275015625 0.5576598328125 0.39619303281249996 0.5576598328125 0.44336345312500003 0.5669980734375 0.48275376875 0.5604066546875 0.5661840843749999 0.576063428125 0.625 0.5786282703125 0.625
1 0.7212890609375 0.514149015625 0.7234375 0.4913073578125 0.7234375 0.44087334843750003 0.7181640609375 0.43209544375000003 0.7025390609375 0.4468275828125 0.7025390609375 0.5273831375 0.6775390609375 0.5876212328125 0.6775390609375 0.6570656765624999 0.678347478125 0.6578125 0.68634721875 0.6578125 0.6962890609375 0.6382759953124999 0.7004557281249999 0.5467548328125 0.7212890609375 0.514149015625
1 0.7263281375 0.6385774578125 0.734002003125 0.6515625 0.7346841578125 0.6515625 0.7390625 0.598573990625 0.7390625 0.539013640625 0.7326074796875 0.5265625 0.7322964984375 0.5265625 0.7263281375 0.6108120421875001 0.7263281375 0.6385774578125
1 0.7125993296875001 0.629072403125 0.7203125 0.5674141953125 0.7203125 0.530331071875 0.7158347828125 0.525 0.715032375 0.525 0.69918830625 0.5358751890625 0.6756045937499999 0.5813968 0.6725107359375 0.6704557484375 0.6637184312500001 0.6933565734375 0.6637184312500001 0.7984375 0.6642223796875 0.7984375 0.6767794921875 0.7768616109375001 0.682765615625 0.6740838328125001 0.707300153125 0.648176725 0.7125993296875001 0.629072403125
1 0.9109375 0.7296511546875 0.9109375 0.6542604390625 0.905672528125 0.59772245 0.9109375 0.5714147953125 0.9109375 0.504496159375 0.9031980703125001 0.4966369109375 0.8842375828125 0.4927670703125 0.8739369328125001 0.507377475 0.8760848859374999 0.5904681296875001 0.845741459375 0.6827284484374999 0.8522450265625 0.74118311875 0.8679023390625 0.783577828125 0.8713219015625 0.7859375 0.884215446875 0.7859375 0.9109375 0.7296511546875
1 0.8856209515625 0.9421875 0.9145441625 0.9421875 0.951405378125 0.8757856281249999 0.9528421796875 0.84791081875 0.9397747171875 0.7345070953125 0.95625 0.6461329156250001 0.95625 0.61744926875 0.9525226359375001 0.6101682343749999 0.93440674375 0.6030342875000001 0.9248286312499999 0.6030342875000001 0.9059385765624999 0.624851475 0.8999974234374999 0.7280173828125001 0.8718005609375 0.7710425109375 0.8583809890625 0.821721740625 0.8599973265624999 0.8911661828125 0.8692358078125 0.929666940625 0.8856209515625 0.9421875