1 0.51425401875 0.3129103421875 0.5246229890625 0.2555838953125 0.526034559375 0.21944095 0.5116217171875 0.150633175 0.515565515625 0.0588710109375 0.50683569375 0.044653759375000004 0.49902319375 0.04497209375 0.48971153437500003 0.0640881796875 0.49209046875 0.1514290140625 0.4875 0.16917775 0.4875 0.2030133109375 0.4964197890625 0.21648395781250002 0.5045286765625 0.243911565625 0.5046553625 0.2813797328125 0.49635662031249994 0.3171875 0.5118290390625 0.3171875 0.51425401875 0.3129103421875
1 0.56875 0.035522814062500005 0.5651290875 0.03182920625 0.5502125484375 0.033045371875 0.5462965859375 0.040643353125 0.5434238921875 0.065625171875 0.5437101375 0.1198282015625 0.5328125 0.1662733203125 0.5328125 0.2953125 0.5547224703125 0.2953125 0.557340603125 0.29231405312500003 0.56875 0.24004190312499998 0.56875 0.16337103125000002 0.56202340625 0.1283797109375 0.56875 0.06651399218750001 0.56875 0.035522814062500005
1 0.4265428796875 0.03611116875 0.423384059375 0.046655193750000004 0.422049271875 0.136823809375 0.415625 0.160526603125 0.415625 0.2382909234375 0.4235675703125 0.2143832609375 0.45209977031250004 0.183943040625 0.4418068921875 0.1303585703125 0.4489389359375 0.051009965625 0.4452928796875 0.0352378734375 0.4265428796875 0.03611116875
1 0.3881970125 0.275 0.388345196875 0.27484782343749997 0.38921493749999997 0.2680271296875 0.38921493749999997 0.1575455296875 0.37498444375 0.10562621406249999 0.376696271875 0.041546325 0.373606109375 0.034018853125 0.35 0.0384506765625 0.35 0.039059646875 0.357209759375 0.1105250515625 0.35 0.154027890625 0.35 0.22846644375 0.35339298750000003 0.2470499984375 0.361512484375 0.275 0.3881970125 0.275
1 0.3121240890625 0.09279719843749999 0.3078293578125 0.08756050625 0.3104730390625 0.0691860890625 0.30780008125 0.036579084375 0.28802388749999996 0.0402886265625 0.29454810781249996 0.0886446453125 0.2859375 0.1319461 0.2859375 0.19745296875 0.2874697171875 0.21214232656249998 0.297414584375 0.2532350359375 0.299147246875 0.25625 0.32264383125 0.25625 0.32264383125 0.12817481718749998 0.3121240890625 0.09279719843749999
1 0.496240234375 0.03250035 0.49027379218749995 0.032118003125 0.47474669843750006 0.032118003125 0.473193359375 0.03588455 0.477880859375 0.08479605 0.477099609375 0.10696820781250001 0.465625 0.1631362078125 0.465625 0.18164086875000002 0.472817025 0.1859375 0.484120246875 0.1859375 0.492724609375 0.1482472796875 0.489599609375 0.060547021874999996 0.498974609375 0.040314465625000004 0.496240234375 0.03250035
1 0.5287701109375 0.0380828109375 0.5324607515625 0.0865483734375 0.51875 0.1536264984375 0.51875 0.1570603015625 0.5312758453125 0.221875 0.5320980609375 0.221875 0.5482569171875 0.1250946234375 0.5482569171875 0.09628812812500001 0.5455265828125 0.0338282625 0.5287701109375 0.0380828109375
1 0.4055231609375 0.0379664 0.4045436578125 0.09193280781249999 0.3953125 0.12601385781250002 0.3953125 0.228071375 0.399099371875 0.19456039218750001 0.4172218328125 0.12982040156250002 0.41830658125 0.07446510468749999 0.42281590468749997 0.035476087499999996 0.4202393953125 0.0335679796875 0.4055231609375 0.0379664
0 0.50688005625 0.30701916875 0.509593959375 0.2890724171875 0.509593959375 0.24293354687500002 0.5002661671874999 0.213918159375 0.485267471875 0.1949999828125 0.467797084375 0.185077765625 0.44690539687499997 0.1917767609375 0.4348095234375 0.2055202 0.4264111296875 0.22555454687499998 0.4234375 0.24680572343749999 0.4234375 0.27435890625 0.42945548125000005 0.303341415625 0.445477903125 0.33060201562499997 0.46294514062500003 0.346875 0.47459942968749996 0.346875 0.49395581406250005 0.3325545265625 0.50688005625 0.30701916875
1 0.56875 0.6 1 0.6 1 0 0.615385315625 0 0.61296605 0.024084896875 0.6183705703125 0.0722677296875 0.6336410156250001 0.0919435609375 0.6462852921875 0.17262055625 0.643468209375 0.244559225 0.628942059375 0.271694728125 0.6090698890625 0.2920218109375 0.56875 0.321568659375 0.56875 0.6
1 0.44112030625000004 0.6 0.44171263906249997 0.6066292484375 0.4405776453125 0.6418356578125 0.428125 0.688238828125 0.428125 0.7937986031250001 0.4323146765625 0.8170478828124998 0.436872840625 0.828125 0.46095341406249996 0.828125 0.4623290640625 0.8269280968749999 0.47260914062500003 0.7746942421874999 0.4758274671875 0.7394029453125001 0.47396675781250003 0.6969164640625001 0.46243648281249994 0.64187024375 0.4652602578125 0.6 0.44112030625000004 0.6
1 0.786416290625 0.6 0.788318575 0.671370446875 0.759375 0.7957470343749999 0.759375 0.8875906578125001 0.7712725062500001 0.9560869109375 0.7777332109375 0.990625 0.8243111140625 0.990625 0.8406552093749999 0.9885982171875 0.8741525031249999 0.837855090625 0.8713711937499999 0.7761567453125 0.838511625 0.6693252375000001 0.8427685890625 0.6 0.786416290625 0.6
1 0.9171297781250001 0.6 0.9144420999999999 0.680791025 0.9 0.7222283140625001 0.9 0.9851564093749999 0.9335588140625 0.9859375 0.9398598328125001 0.9859375 0.9803754765625001 0.86824521875 0.983667553125 0.7805264875 0.9603533734375 0.6870240546875 0.97154328125 0.6 0.9171297781250001 0.6
1 0.6463443124999999 0.6 0.6479986 0.6106780203125 0.642920571875 0.6474821703125 0.615625 0.7478086625 0.615625 0.8397206234375 0.6169199203125 0.8619535484374999 0.65902803125 0.9921875 0.67644081875 0.9921875 0.7245113875 0.9909259015625 0.72827226875 0.9715372203125 0.72827226875 0.729184959375 0.6963741796875 0.6400057453125 0.6966892328125 0.6 0.6463443124999999 0.6
1 0.7683024953125 0.6 0.7762623703125 0.6926094 0.746875 0.7839061015625 0.746875 0.886885784375 0.7724013640624999 0.98102176875 0.7759628624999999 0.98125 0.7838532734375001 0.98125 0.7492353406250001 0.8455166046875 0.7917063843750001 0.6678259015625 0.7869351640625 0.6 0.7683024953125 0.6