1 0.304416965625 0.20359312968749999 0.30622176562500003 0.1317126609375 0.3010940796875 0.12261857812500002 0.28263781250000003 0.12261857812500002 0.28110052812499997 0.12535877812500001 0.2877278296875 0.192435546875 0.278125 0.2461891421875 0.278125 0.317666603125 0.284441534375 0.347307596875 0.2923377671875 0.3578125 0.309950615625 0.3578125 0.316095128125 0.3196584328125 0.316095128125 0.25146921718750004 0.304416965625 0.20359312968749999
1 0.22780082968749998 0.33979414218750004 0.2387057421875 0.340625 0.2449202203125 0.340625 0.24876527187500003 0.334975196875 0.253943203125 0.2992966 0.253943203125 0.2302286125 0.24208432968750002 0.1820882921875 0.24385160625000002 0.12386408593750001 0.2388311484375 0.1203125 0.2375240078125 0.1203125 0.2211630296875 0.1216840234375 0.22489682968750002 0.181488090625 0.215625 0.2340263609375 0.215625 0.28420961718750004 0.21761765937500002 0.3047445375 0.22780082968749998 0.33979414218750004
1 0.1837239625 0.2161235984375 0.17503135 0.1683555671875 0.179352975 0.1253727875 0.1769301140625 0.12038432031249999 0.1599107296875 0.12307421562500001 0.1577548453125 0.16894393593749998 0.15 0.1970334125 0.15 0.323002378125 0.150219146875 0.323219765625 0.15222955 0.3234375 0.16269313125 0.3234375 0.1685439125 0.31850111718749996 0.1823493296875 0.2620297078125 0.1837239625 0.2161235984375
0 0.35 0.198582434375 0.33735954375 0.2037129265625 0.329950428125 0.21737173125 0.328125 0.2253585796875 0.328125 0.31806664375000004 0.3318867 0.3234375 0.35 0.3234375 0.35 0.198582434375
1 0.7618393640625001 0.409375 0.758204084375 0.393253109375 0.7585542078125 0.35172314375 0.76389713125 0.303241440625 0.7637444234374999 0.280138859375 0.7572294734375 0.2615592828125 0.749264796875 0.2547264734375 0.74157398125 0.2547264734375 0.73436669375 0.2614061859375 0.7293694234375 0.2771314375 0.7328358406250001 0.36055590312499997 0.7319199421875 0.382641425 0.7251086890625 0.409375 0.7618393640625001 0.409375
1 0.6806028984375001 0.409375 0.678973309375 0.40213209843750003 0.6802628546875 0.3457415578125 0.6855215015624999 0.3033672203125 0.6863728140625 0.272866228125 0.6817320203125 0.252350353125 0.676058534375 0.2433630859375 0.669843875 0.2395163609375 0.66501821875 0.2395163609375 0.655746034375 0.2426537578125 0.6470517 0.2603910234375 0.6453562875 0.276984940625 0.6495336875 0.3446684703125 0.649070296875 0.39183612968750003 0.64455606875 0.409375 0.6806028984375001 0.409375
1 0.551427065625 0.409375 0.550339159375 0.4013486421875 0.5538136015624999 0.363434196875 0.5660169671874999 0.29527955 0.571363784375 0.24445065625 0.5647446 0.22138947031249998 0.5532245859375 0.21186758125 0.5511809046874999 0.21186758125 0.54120161875 0.2137921109375 0.5351164359375 0.2190808265625 0.52495028125 0.24321760312500001 0.5209418125 0.289465384375 0.520895621875 0.355400190625 0.5160234953125 0.398821675 0.5124385390625 0.409375 0.551427065625 0.409375
1 0.5915744203125 0.409375 0.5867562421875 0.3687271125 0.5933142421875 0.3184721703125 0.5990987828125001 0.29040303125 0.6009678390625 0.2672184625 0.59911868125 0.25443760000000004 0.5886488078125 0.24272063593749998 0.5786451140625 0.24526447031249998 0.5719274875 0.258183303125 0.5666268703125 0.3046617 0.565625 0.3218631515625 0.565625 0.409375 0.5915744203125 0.409375
1 0.502450284375 0.409375 0.4953125 0.37447916718749996 0.4973958328125 0.3281828703125 0.5036458328125 0.2837384265625 0.5046875 0.25225694375 0.5026041671875 0.24114583281250002 0.4966145828125 0.22957175937500002 0.48619791718750005 0.223090278125 0.4799479171875 0.224016203125 0.4731770828125 0.2304976859375 0.46666666718750005 0.2494791671875 0.4661458328125 0.2837384265625 0.4692708328125 0.3309606484375 0.4671875 0.373553240625 0.45750515781250006 0.409375 0.502450284375 0.409375
1 0.4078125 0.409375 0.4078125 0.3679976859375 0.41614583281249995 0.29392361093749997 0.42083333281249996 0.23466435156249998 0.41979166718750005 0.21892361093749999 0.41614583281249995 0.20318287031249999 0.40807291718750005 0.18697916718750002 0.39921875 0.1786458328125 0.38619791718749996 0.17679398125 0.3752604171875 0.1823495375 0.3700520828125 0.18975694375000002 0.3609375 0.2179976859375 0.3604166671875 0.2744791671875 0.365625 0.34484953749999997 0.3635416671875 0.40688657343749995 0.3630644828125 0.409375 0.4078125 0.409375
1 0.4516234609375 0.409375 0.44114583281249997 0.360590278125 0.44114583281249997 0.33373842656249997 0.4479166671875 0.2679976859375 0.4479166671875 0.2494791671875 0.44140625 0.2314236109375 0.43046875 0.22586805625 0.42213541718750003 0.23234953749999998 0.4203125 0.24021990781250002 0.4171875 0.2781828703125 0.4171875 0.3531828703125 0.4088541671875 0.3809606484375 0.40833333281249995 0.3994791671875 0.4090080484375 0.409375 0.4516234609375 0.409375
1 0 0.409375 0 0.602642746875 0.003125 0.6057291671875 0.03359375 0.6015625 0.04411063125 0.5667875109375 0.0484375 0.5321180562500001 0.05078125 0.4904513890625 0.05234375 0.43211805625000005 0.04773828125 0.409375 0 0.409375
1 0.0492984171875 0.409375 0.05390625 0.4376736109375 0.05078125 0.536284721875 0.05546875 0.5598958328125 0.06171875 0.5723958328125 0.091796875 0.573090278125 0.098046875 0.5689236109375 0.10546875 0.5515625 0.1125 0.49600694375 0.11121761875 0.409375 0.0492984171875 0.409375
1 0.114115084375 0.409375 0.115625 0.5140625 0.123828125 0.5383680562500001 0.13984375 0.5432291671875 0.154296875 0.542534721875 0.16484375 0.5293402781250001 0.17734375 0.4529513890625 0.1793311859375 0.409375 0.114115084375 0.409375
0 0.122265625 0.67725694375 0.1 0.723784721875 0.09375 0.7501736109375 0.0921875 0.773784721875 0.09453125 0.8279513890625001 0.1171875 0.891840278125 0.137109375 0.9147569437499999 0.16640625 0.929340278125 0.187890625 0.930034721875 0.215234375 0.9036458328125001 0.24296875 0.8446180562500001 0.24765625 0.7890625 0.24765625 0.7640625 0.24296875 0.7348958328125 0.2296875 0.6960069437499999 0.219140625 0.680034721875 0.178515625 0.6494791671875 0.143359375 0.6564236109375 0.122265625 0.67725694375
1 0.79656873125 0.409375 0.79292783125 0.41027886249999995 0.7859671296874999 0.4231159578125 0.794078321875 0.533838940625 0.7796875 0.596148878125 0.7796875 0.656759915625 0.78422194375 0.699219009375 0.796872228125 0.7418863640625 0.8034794937499999 0.7449091624999999 0.8172445734375 0.746875 0.8269078109375 0.746875 0.8343112953125 0.7402723765625 0.8407633046874998 0.706085353125 0.8407633046874998 0.600801521875 0.8218560984375 0.5362691796875 0.823762778125 0.4337568703125 0.8091195500000001 0.409375 0.79656873125 0.409375
1 0.7623647546875 0.611477034375 0.7419803359375 0.5492248765625 0.7445433625 0.44890586250000003 0.730727840625 0.41945983125 0.715426321875 0.41945983125 0.7136585609375 0.4196639765625 0.7050994875000001 0.437732496875 0.712568571875 0.54819779375 0.69375 0.639355790625 0.69375 0.6423688249999999 0.705181015625 0.72181798125 0.7217590609375 0.7578125 0.733239565625 0.7578125 0.75330825 0.75533546875 0.7623647546875 0.706752784375 0.7623647546875 0.611477034375
1 0.645803078125 0.4274249734375 0.643857003125 0.4274249734375 0.6273331734375001 0.4310976734375 0.620593290625 0.44676268124999996 0.6184272828124999 0.5572851125 0.609375 0.585770840625 0.609375 0.771875 0.6225953796875 0.771875 0.6410243875 0.7672927359375 0.663018634375 0.679818484375 0.6618862562500001 0.6207666406250001 0.6462050609375 0.5585788828125 0.6578608593749999 0.4534150375 0.645803078125 0.4274249734375
1 0.5405950015625 0.5512838421875 0.548447578125 0.5421912437499999 0.551144540625 0.5517666453125 0.562550596875 0.5375435671875 0.5716561046875 0.49296888125000005 0.5737974046875 0.45620417656249995 0.557853946875 0.43657056718750004 0.5359301984375 0.46373410625 0.536327753125 0.5686692234375 0.5265625 0.5989059203125 0.5265625 0.78125 0.5566660640625 0.78125 0.577210421875 0.704947321875 0.580493746875 0.648574771875 0.5654540109375 0.5715145140625 0.5485112796875 0.56903776875 0.5502561703125 0.553049265625 0.5405950015625 0.5512838421875
1 0.473886846875 0.448774509375 0.4583639703125 0.4254901953125 0.4420241015625 0.43284313750000003 0.434671159375 0.448774509375 0.4412071078125 0.546813725 0.42159926406250003 0.6424019609375 0.4232332515625 0.7036764703125 0.4428410953125 0.772303921875 0.4698018796875 0.7735294125 0.47715482031250006 0.7649509796875 0.49349468906249994 0.681617646875 0.49186070312499997 0.6325980390625 0.4689848859375 0.556617646875 0.473886846875 0.448774509375
1 0.35 0.7601648296875 0.3684946890625 0.761274509375 0.3791156046875 0.7502450984375 0.3938214875 0.6791666671875 0.3921875 0.6178921562499999 0.3709456703125 0.546813725 0.37584763125 0.4438725484375 0.3684946890625 0.42303921562499996 0.35705678125 0.415686275 0.35 0.41833256875 0.35 0.7601648296875
1 0.43581041093749995 0.409375 0.4232332515625 0.4193627453125 0.419965278125 0.434068628125 0.426501225 0.5247549015625 0.4052593953125 0.6154411765625 0.40852736875 0.684068628125 0.4248672390625 0.7453431375 0.42976919999999996 0.7379901953125 0.42159926406250003 0.6938725484375 0.42159926406250003 0.6350490203125 0.4395731203125 0.559068628125 0.43303717343750003 0.448774509375 0.4428410953125 0.42426470624999996 0.43749607187499995 0.409375 0.43581041093749995 0.409375
1 0.55395220625 0.434068628125 0.551501225 0.42303921562499996 0.5367953437499999 0.415686275 0.51800449375 0.43897058749999995 0.5245404406249999 0.546813725 0.5032986109375 0.6325980390625 0.506566584375 0.6938725484375 0.5245404406249999 0.7600490203125 0.5327103765625 0.7526960781250001 0.5229064546875 0.70857843125 0.5229064546875 0.6399509796875 0.5425142968750001 0.5615196078125 0.5376123359375 0.45612745156249995 0.55395220625 0.434068628125
1 0.6210818343750001 0.409375 0.6070567812500001 0.415686275 0.6013378265625 0.43161764687500004 0.6078737750000001 0.5223039218750001 0.5882659312499999 0.6129901953125 0.5948018796875 0.7036764703125 0.6062397875000001 0.7453431375 0.6176776953124999 0.7453431375 0.6062397875000001 0.647303921875 0.62584763125 0.559068628125 0.6209456703124999 0.451225490625 0.6356515515625001 0.4267156859375 0.6240910953125001 0.409375 0.6210818343750001 0.409375