1 0.2925796859375 0.36684771562499996 0.29107250156250003 0.3625855140625 0.2785963 0.3621585765625 0.23835007031250002 0.3621585765625 0.2359375 0.36413901875 0.2359375 0.3844842828125 0.239101259375 0.4170324015625 0.241212375 0.4234375 0.27425304375000004 0.4234375 0.276981765625 0.42087684062499997 0.29083639375 0.376052384375 0.2925796859375 0.36684771562499996
1 0.26488164687500004 0 0.259147940625 0.00046803906250000003 0.2525711125 0.006576290625 0.24561721093750002 0.0243223921875 0.2453125 0.028286181249999997 0.2453125 0.04261688125 0.2470364171875 0.0799204640625 0.2544434671875 0.142458275 0.249259165625 0.21875 0.293531025 0.21875 0.293531025 0.1940681421875 0.2838006484375 0.1604903078125 0.2822774625 0.13182911718749998 0.28561390625 0.06284292968750001 0.2843528796875 0.026731818750000004 0.27714728125 0.0073558515625 0.267190140625 0 0.26488164687500004 0
1 0.2193226390625 0 0.2188789 0.0099167296875 0.2228837984375 0.0693760546875 0.22160859687499998 0.09528379375 0.2183308875 0.118341003125 0.20625 0.16445524218750002 0.20625 0.221875 0.2337689046875 0.221875 0.23620063593750001 0.2209203703125 0.236245578125 0.2014577375 0.24217239687499997 0.15902883750000002 0.2442109046875 0.12480595312500001 0.24073578125 0.08297559374999999 0.2411489671875 0.032939217187499994 0.2443189078125 0.013585715625 0.255346403125 0 0.2193226390625 0
1 0.182373725 0.363594671875 0.1390625 0.36367319062500003 0.1390625 0.388437796875 0.1405224765625 0.3937333796875 0.143002175 0.3984375 0.1778074875 0.3984375 0.18283151250000002 0.37375559375 0.18283151250000002 0.3654103328125 0.182373725 0.363594671875
1 0.143363209375 0 0.1432700515625 0.02190393125 0.1512399375 0.1024594875 0.1515187734375 0.13486689375 0.13601342968750002 0.21449652343749998 0.1359375 0.2193942828125 0.1359375 0.2296875 0.1952049828125 0.2296875 0.1952049828125 0.18276716875000001 0.1822479390625 0.13486689375 0.18035414375 0.0756076359375 0.183713775 0.030237265625 0.18269510312499998 0.005237265625 0.1812412953125 0 0.143363209375 0
1 0.035836134375 0 0.035550348437500004 0.00818384375 0.0382654734375 0.0646925953125 0.035183271875 0.10820202500000001 0.021875 0.15834818125 0.021875 0.2296875 0.081699409375 0.2296875 0.0820215125 0.228869346875 0.0801898765625 0.1918141296875 0.0653269359375 0.11022962343750001 0.0654816328125 0.0759643046875 0.0740920171875 0.0084080734375 0.0743856328125 0 0.035836134375 0
2 0.4890625 0.24773335937500002 0.4837102390625 0.24586100625 0.4703628125 0.24942749531250002 0.4664579921875 0.2459361359375 0.4630064 0.248926259375 0.4586454921875 0.2463911625 0.4551939 0.24938128593750003 0.451353825 0.24681585312499998 0.44686056562500004 0.24986664687500001 0.443541325 0.2472708796875 0.41554581874999996 0.2507608265625 0.4117057453125 0.248195396875 0.399985565625 0.2525968046875 0.396666325 0.2500010375 0.3838397328125 0.2535371921875 0.379999659375 0.250971759375 0.3766128125 0.2548878109375 0.372187159375 0.2514267859375 0.3688003125 0.25534283750000003 0.3570829921875 0.25230650312499997 0.3531753125 0.2562528890625 0.3399602390625 0.25423348749999997 0.3370942265625 0.2581192015625 0.326418571875 0.25502220000000003 0.32199005937499997 0.25899891875000003 0.3087749859375 0.2569795203125 0.3058442265625 0.25993930781249996 0.2977079921875 0.2557647046875 0.23943940625 0.260088159375 0.1863115484375 0.27062008125000003 0.0457512953125 0.27973647968750004 0.0421875 0.28215619531249997 0.0421875 0.3625 0.4890625 0.3625 0.4890625 0.24773335937500002
1 0.65002311875 0.2132667875 0.6519052125 0.1650822625 0.646085334375 0.1555692015625 0.6403076796875 0.1585470453125 0.6367525609375 0.1683874890625 0.638564784375 0.21366692031249998 0.6328125 0.2431337515625 0.6328125 0.2863121796875 0.6367477796875 0.30625 0.650480925 0.30625 0.65205274375 0.305732065625 0.6578105875 0.274068703125 0.65730226875 0.24354952343749997 0.65002311875 0.2132667875
1 0.5845503625 0.2519159640625 0.5856794015625 0.22047394687500002 0.581483634375 0.2064970265625 0.5754762640625 0.20234099374999998 0.5676152375 0.203858915625 0.562685109375 0.20884374218750001 0.5569365171875 0.2244964515625 0.5570981749999999 0.320398084375 0.55 0.3447427875 0.55 0.50625 0.573163540625 0.50625 0.5749486734375 0.5044174765625 0.586374703125 0.454672475 0.5912951546875 0.420176415625 0.5904508640625 0.37689469531249997 0.5781741390625 0.3141897984375 0.5845503625 0.2519159640625
1 0.4890625 0.5172927734375 0.4929917265625 0.5133875 0.5000175703124999 0.47987231093749994 0.506281909375 0.43435039218749993 0.506949996875 0.4056466890625 0.5043637765625 0.38258946875 0.4902042546875 0.320081146875 0.49546281875 0.2283235515625 0.48987193281249997 0.21136819999999998 0.4890625 0.2108297234375 0.4890625 0.5172927734375
1 0.168682365625 0.79118899375 0.1680447265625 0.752530828125 0.17096108125 0.7263130546875 0.18919886875 0.6693352875 0.183799765625 0.6370875687499999 0.19288967968749998 0.5437898921875 0.18519012968749998 0.52781151875 0.17605674531249998 0.52389600625 0.16288243593750001 0.52846060625 0.15450118125 0.541770934375 0.157290578125 0.6200885234375 0.15509476093750002 0.648375965625 0.1359375 0.7051985125 0.1359375 0.80857040625 0.1386725109375 0.8255123265625001 0.1443150796875 0.8472997937500001 0.146403828125 0.8484375 0.17808990156249999 0.8484375 0.1781125390625 0.8484070218750001 0.168682365625 0.79118899375
1 0.4890625 0.51875 0.48678450937499995 0.51875 0.47942945468750003 0.5284570296875 0.475830153125 0.55557305625 0.4777271953125 0.60188035625 0.47439814687500004 0.6458134109375 0.46989449062500005 0.6644806078125 0.459375 0.6900031421875 0.459375 0.9052535468749999 0.460894759375 0.9055501453125 0.4827226203125 0.90625 0.48681131093749996 0.90625 0.4890625 0.9035816859375 0.4890625 0.51875
1 0.4506191890625 0.8796875 0.45212342968749997 0.8769962484375 0.4586942265625 0.8484456218750001 0.4586942265625 0.7097530984375 0.44133909843749997 0.6565361171874999 0.4406106828125 0.613586296875 0.44574174375000003 0.5837952578125 0.44603825312499995 0.5481048203125 0.44087494843749997 0.5327911953125 0.4285683265625 0.522781203125 0.4117913609375 0.5283467234375 0.404171040625 0.5420813515625 0.403838003125 0.5767257625 0.410537625 0.6139431234375 0.41137562499999997 0.660031021875 0.391405725 0.7287975890625 0.3890625 0.7472763406249999 0.3890625 0.7726738531249999 0.3930452015625 0.81992735625 0.397621915625 0.8405338984374999 0.40465243281249996 0.8651361671875 0.4126004375 0.8718304265625001 0.414047784375 0.8796875 0.4506191890625 0.8796875
1 0.2085351390625 0.51875 0.2059184234375 0.5193654109375 0.1966005078125 0.5352698874999999 0.1943620140625 0.559274740625 0.1987505578125 0.62015909375 0.1964207546875 0.6473020218750001 0.1765625 0.7031401374999999 0.1765625 0.8431738859374999 0.17746964062499998 0.8487282109375001 0.1841838265625 0.869380890625 0.1928182 0.871875 0.21838758593750002 0.871875 0.22651779374999997 0.8567235375 0.219578065625 0.8041268 0.22017846406250002 0.7570288078124999 0.224846396875 0.728920440625 0.2366808953125 0.69268563125 0.22835488750000002 0.6348050421875 0.23092818125 0.5992939140625 0.23728675625 0.56600914375 0.23807809687499998 0.5388124921874999 0.23124216718750001 0.5223439140624999 0.2259167453125 0.51875 0.2085351390625 0.51875
1 0.2604137328125 0.51875 0.25399936093750003 0.532121928125 0.254972971875 0.5593275328125 0.2651487546875 0.62201743125 0.2652861046875 0.6481859625 0.24773770781249999 0.7227133171875 0.2453125 0.749148621875 0.2453125 0.7665854515625 0.24835084531249998 0.80435698125 0.2598958703125 0.8523756765625 0.2722420015625 0.8888701937500001 0.2768422296875 0.89375 0.30272934687499997 0.89375 0.30272934687499997 0.8044713765625 0.300387125 0.7754877453125 0.302155278125 0.7430162140625 0.30272934687499997 0.7404107718749999 0.30272934687499997 0.6543249265625001 0.299633359375 0.6435990734375 0.30015320624999997 0.5315848796875 0.29308849375 0.51875 0.2604137328125 0.51875
1 0.3930147765625 0.6719648453125 0.3883907609375 0.6572335109375 0.386896953125 0.639451084375 0.39011189375 0.5484469 0.3789813890625 0.5301414609374999 0.367315059375 0.5270033859375001 0.36348919999999996 0.536940625 0.3625 0.5625946374999999 0.3625 0.659746725 0.364244221875 0.6687397859375 0.38600133593749997 0.740625 0.3896412453125 0.740625 0.391630053125 0.7367314171875 0.3930147765625 0.729535203125 0.3930147765625 0.6719648453125
1 0.3112319609375 0.51875 0.30941860781249997 0.522155909375 0.307699646875 0.5493480859375001 0.311661815625 0.61214539375 0.308698759375 0.6529314234375 0.2859375 0.7193451484375 0.2859375 0.8962440984375 0.28821093750000004 0.909140446875 0.295606090625 0.921875 0.3351166921875 0.921875 0.33707642656250003 0.9198871125 0.34700122968749997 0.9000663390625 0.3488308421875 0.8807215890625001 0.3529702921875 0.8833612640625 0.3512867921875 0.8985219156250001 0.3616896703125 0.89805931875 0.3634086296875 0.8708671406249999 0.358206653125 0.865605690625 0.3576565890625 0.8593250640625 0.36966563125 0.8018518609375 0.368634275 0.7432565531249999 0.347856475 0.6552517109375 0.347817803125 0.634326734375 0.3608840125 0.5245478015625 0.35922425156250004 0.51875 0.3112319609375 0.51875
2 0.4890625 0.884375 0.8547019375 0.884375 0.87116680625 0.883598415625 0.8678734296874999 0.8068978937499999 0.4890625 0.8256047671875001 0.4890625 0.884375
1 0.5573513578125 0.6677570078125 0.5505589734375 0.6688799453125001 0.5464479875 0.6777899015625 0.54790994375 0.726788203125 0.540625 0.7575436812499999 0.540625 0.80625 0.5653112640625 0.80625 0.5674322593750001 0.8048705640625 0.5677303703125001 0.76970053125 0.559889109375 0.7264396453125 0.56302845 0.6810086578125001 0.562137640625 0.674557484375 0.5573513578125 0.6677570078125