1 0.3393910390625 0.41875 0.34182942656250004 0.3996376875 0.34287109375 0.370044434375 0.33974609375 0.33197234375 0.32620442656250004 0.27224020000000004 0.32620442656250004 0.24631427343749998 0.3314127609375 0.1927924484375 0.33193359375 0.1631810078125 0.32646484375 0.1458604046875 0.31733935468749996 0.138331471875 0.3166098171875 0.138331471875 0.3051106765625 0.143262846875 0.2986002609375 0.16016512968750002 0.30068359375 0.26764528906249996 0.28349609375 0.329082125 0.28125 0.3546733359375 0.28125 0.40384935781250003 0.2814127609375 0.407713078125 0.283383590625 0.41875 0.3393910390625 0.41875
1 0.26634178125 0.41875 0.26634178125 0.32276408125 0.265100625 0.3182016890625 0.25684060937500003 0.2971418359375 0.253082425 0.250863728125 0.254408790625 0.187700696875 0.25233402968749996 0.1654966625 0.2433251375 0.1449270546875 0.2356449890625 0.1396261296875 0.22731165625 0.1399171359375 0.220929303125 0.145709134375 0.21463978749999998 0.1640284140625 0.21534629062500002 0.1890647890625 0.22463083125 0.2546418390625 0.2265084953125 0.28149369218750003 0.22493742499999997 0.303825040625 0.21423891562500003 0.3598898578125 0.2140625 0.3640499578125 0.2140625 0.41581128749999996 0.21439565468750002 0.41875 0.26634178125 0.41875
1 0.183787434375 0.41875 0.1850704234375 0.4107479875 0.1850704234375 0.3216655296875 0.170753321875 0.2679389125 0.1700421890625 0.22719817187500002 0.17344923437499998 0.1838737203125 0.17293205 0.154244090625 0.16719662500000002 0.1387116 0.16197995468749998 0.13390614843749998 0.15241699687500002 0.13390614843749998 0.14361992343750002 0.1445522984375 0.1421875 0.152288003125 0.1421875 0.17262634375000002 0.146310121875 0.23904525781250002 0.14467933125000002 0.2648741515625 0.1421875 0.27589236562499997 0.1421875 0.3336409546875 0.14795501093750002 0.363095075 0.1574071765625 0.3977667234375 0.16045305 0.41875 0.183787434375 0.41875
1 0.153870521875 0.41875 0.1536458328125 0.4152028890625 0.13229166718750002 0.3152587015625 0.13229166718750002 0.268962403125 0.1395833328125 0.1979632203125 0.1395833328125 0.1701854421875 0.1348958328125 0.151475921875 0.13046875 0.14342516249999998 0.12270208593750001 0.13661109375 0.11846919687499999 0.13661109375 0.10546875 0.14055463906250001 0.0953125 0.1619000625 0.09375 0.18591047031250002 0.0994791671875 0.27781058281250004 0.0984375 0.3166570265625 0.078125 0.3991626890625 0.076355653125 0.41875 0.153870521875 0.41875
1 0.0896082984375 0.41875 0.0896082984375 0.3064261078125 0.0823797703125 0.28097423906249996 0.079900846875 0.25044901875000003 0.080955659375 0.185330853125 0.0794129203125 0.161256778125 0.072727784375 0.1425938171875 0.06762493124999999 0.13638535000000002 0.06177709218750001 0.1348671828125 0.055006259375 0.1352615390625 0.0476684453125 0.1431239734375 0.0453125 0.15266500624999998 0.0453125 0.1874239078125 0.05372074375 0.274279 0.0524813078125 0.295726971875 0.04621154375 0.320256071875 0.0453125 0.32762022343749997 0.0453125 0.41875 0.0896082984375 0.41875
1 0 0.41875 0.005856278125 0.41875 0.007939529687499999 0.38624131875 0.0143148203125 0.3436487265625 0.02176473125 0.316796875 0.011156912500000001 0.25475983750000003 0.021567053125 0.1492042828125 0.0170180109375 0.13485243125 0.0048740265625 0.129296875 0 0.13292745781249998 0 0.41875
1 0.8903110906249999 0.41875 0.8901166437500001 0.3856656703125 0.884281984375 0.37409663125 0.875 0.376932428125 0.875 0.41327879999999995 0.8756500859375 0.41875 0.8903110906249999 0.41875
1 0.8080836687499999 0.41875 0.8096526656249999 0.380244028125 0.7976281796875 0.3789367015625 0.7953125 0.38225659375 0.7953125 0.41875 0.8080836687499999 0.41875
1 0.7886707265625 0.41875 0.781640625 0.38211805625 0.773828125 0.38211805625 0.771875 0.3869791671875 0.7694380328125 0.41875 0.7886707265625 0.41875
1 0.770556640625 0.41875 0.77109375 0.40920138906250003 0.7671875 0.3869791671875 0.762109375 0.38350694375 0.75546875 0.3869791671875 0.75 0.41753472187499996 0.7501188859375001 0.41875 0.770556640625 0.41875
1 0.9567957265625001 0.41875 0.95625 0.40225694375 0.947265625 0.37100694375 0.93671875 0.37447916718749996 0.93203125 0.3994791671875 0.9325474328125001 0.41875 0.9567957265625001 0.41875
1 0.92833305 0.41875 0.918359375 0.3765625 0.909375 0.3786458328125 0.909375 0.392534721875 0.9038452156249999 0.41875 0.92833305 0.41875
1 0.8583862296875001 0.41875 0.8515625 0.3814236109375 0.841796875 0.37934027812500004 0.8390625 0.385590278125 0.8390625 0.41875 0.8583862296875001 0.41875
1 0.3466493671875 1 0.3463541671875 0.9889688671875 0.3359375 0.945086590625 0.3338541671875 0.9200138390625 0.3369791671875 0.8608637078125 0.3348958328125 0.8506057734375 0.32734375 0.8415457499999999 0.3184895828125 0.8430884078125 0.31302083281250004 0.8553974359375001 0.31302083281250004 0.8785455828125001 0.3171875 0.9083207171875 0.3161458328125 0.9360621171875 0.3114583328125 0.956268796875 0.3067708328125 0.9588828843750001 0.303125 0.9919731640624999 0.303125 1 0.3466493671875 1
1 0.3925741859375 1 0.3925741859375 0.9379927609374998 0.3857138453125 0.9173636984375001 0.38281165625 0.8459946500000001 0.3793319765625 0.8372983890625001 0.3743854875 0.833758375 0.3672233140625 0.8358648562500001 0.3671875 0.8359924140625001 0.3671875 0.8836801765625001 0.370609678125 0.9178911484375 0.3671875 0.93424424375 0.3671875 1 0.3925741859375 1
1 0.42051035625 1 0.4217597265625 0.9917233 0.4217597265625 0.9287165890625001 0.41472845312500006 0.8976282171874999 0.41522425468749996 0.8365898796875001 0.411669134375 0.826709978125 0.40639615312500005 0.82276369375 0.40122014375 0.8243729625 0.3969950875 0.83574084375 0.40014511875 0.8969489875000001 0.3921875 0.9344007171875 0.3921875 0.9387137390625 0.39479655 0.9781151109374999 0.3987817859375 0.9977293609375 0.3995988375 1 0.42051035625 1
1 0.44098307343750004 0.8801349015625 0.4425455734375 0.8329763453125001 0.44098307343750004 0.8255052718750001 0.434993490625 0.8183167703125 0.42874349062499995 0.8208398796874998 0.42639974062499997 0.8258369734375 0.427962240625 0.8740487859375001 0.4269205734375 0.8869693062499999 0.425 0.89457334375 0.425 0.97293748125 0.42871922968750004 0.9828125 0.44039820625 0.9828125 0.44306640625 0.9792938640625 0.44931640625 0.9406596421875001 0.44931640625 0.9221411265625001 0.44098307343750004 0.8801349015625
1 0.29300902500000003 1 0.29300902500000003 0.9359755671875 0.2868167640625 0.9164712515625 0.285142165625 0.8821816578125 0.28626293281250004 0.8588818328125001 0.2820105484375 0.8414712515625 0.2765582734375 0.8338890640625 0.2688644453125 0.8361959421874999 0.2671875 0.8405954671875 0.2671875 0.8688410015624999 0.2716532625 0.9164250421875 0.2671875 0.9394863046874999 0.2671875 1 0.29300902500000003 1
1 0.23722047656249998 1 0.2391255578125 0.993934465625 0.24630517031250002 0.9550455765624999 0.2461073984375 0.9337492781249999 0.2397914890625 0.9022677984375 0.2449273421875 0.8383789078125 0.2407211265625 0.8268048359375001 0.238176296875 0.8258789078125 0.2306472828125 0.8295826125 0.2265795015625 0.8402307578125001 0.225 0.8808387546875001 0.225 1 0.23722047656249998 1
1 0.21692832968750003 0.8252463578124999 0.213289090625 0.8213985562499999 0.20645892031250002 0.82287718125 0.20256914843749999 0.8310238999999999 0.200169325 0.884642571875 0.2 0.8852942203125 0.2 0.9828125 0.20666543124999998 0.9828125 0.2099200578125 0.9750337828125 0.2183457265625 0.9163178125 0.2134868375 0.8789500609375 0.21456807812499998 0.8539925765625 0.2179568046875 0.8334521453124999 0.21692832968750003 0.8252463578124999
1 0.2765625 0.8912136234375 0.2765625 0.9146975140624999 0.28430113437500004 0.9646752765625 0.28600836093750004 0.9671875 0.28759144375 0.9671875 0.28891317656250004 0.9668001437499999 0.29294366250000003 0.9447599328125001 0.294369984375 0.9225680453125001 0.28732678906250003 0.8776079031249999 0.2904058015625 0.8276685734375 0.2873410765625 0.8196010250000001 0.283242609375 0.81875 0.280708053125 0.81875 0.2765625 0.8230745890625 0.2765625 0.8330281578125 0.279830853125 0.843758875 0.280902878125 0.8558869171874999 0.278616171875 0.8863818015625 0.2765625 0.8912136234375
1 0.36787966875 0.9437135874999999 0.36787966875 0.8719515062500001 0.3652644 0.8536279593749999 0.36787966875 0.8322524093750001 0.36787966875 0.8307099656249999 0.36660931875 0.825704634375 0.3601153765625 0.8181132312500001 0.35502571562499996 0.8202076671875 0.3546875 0.821227928125 0.3546875 0.8584981390624999 0.3572079828125 0.8827925703125 0.3546875 0.8991746265625 0.3546875 0.954727590625 0.3580161515625 0.9703125 0.364625325 0.9703125 0.36787966875 0.9437135874999999
1 0.8345074968749999 0.6231891703125 0.8321314531249999 0.6231891703125 0.815234375 0.6343536015625 0.803125 0.66518073125 0.80234375 0.7165423375 0.80859375 0.80981615 0.7984375 0.8691837078125001 0.8014381234375 0.8734375 0.855181853125 0.8734375 0.85 0.839039865625 0.84921875 0.8042903609375 0.8609375 0.6699773656250001 0.8578125 0.647646015625 0.849609375 0.631387334375 0.8345074968749999 0.6231891703125
1 0.8796208156249999 1 0.8796208156249999 0.9846452203125 0.874586965625 0.9555169640625 0.87044005625 0.9466119546874999 0.860870815625 0.9441615593750001 0.779620815625 0.9469988718749999 0.775 0.9735892765624999 0.775 0.97705515625 0.7760543671875 1 0.8796208156249999 1
1 0.5989253453125001 0.8609375 0.5989253453125001 0.8446454750000001 0.593087109375 0.8116322953124999 0.5917725109374999 0.7810403515625 0.5989253453125001 0.6762516703125 0.5989253453125001 0.6541692296875 0.5986504671875 0.63842144375 0.5874611484375001 0.601124659375 0.5727380640625 0.58689533125 0.5609410328125 0.58689533125 0.5521836828125 0.5925427859375001 0.5449921171875001 0.6053915515625 0.54375 0.6118733546875 0.54375 0.683108746875 0.5512687281249999 0.7860926562499999 0.5509723390625 0.813834046875 0.54375 0.850795453125 0.54375 0.8580137265625 0.56717086875 0.8609375 0.5989253453125001 0.8609375
1 0.61888606875 1 0.618505859375 0.9628084359375 0.616162109375 0.9418796 0.611865234375 0.934065628125 0.572929271875 0.9312430453125 0.522338471875 0.9312430453125 0.516943359375 0.9406145234375 0.515625 0.96243580625 0.515625 1 0.61888606875 1
1 0.653125 0.742482340625 0.653125 0.8671875 0.6730557203125 0.8671875 0.68522928125 0.748994325 0.6822130734374999 0.7354243015625 0.67398523125 0.724352134375 0.66461023125 0.725117409375 0.6563527125 0.73269958125 0.653125 0.742482340625
1 0.6943687828125 1 0.694110834375 0.9880988578124998 0.6954241921875 0.9846948890625 0.6987417421875 0.9897607624999999 0.7001455140624999 0.9745284875 0.6983338703124999 0.9709425078125001 0.69523164375 0.9798110265624999 0.6978694062499999 0.9535131437499998 0.694449721875 0.9317351015625001 0.6571994421875 0.9261777921875 0.6478662953125001 0.9261777921875 0.6453125 0.9311889687499999 0.6453125 1 0.6943687828125 1
1 0.728125 0.8708333328125001 0.73359375 0.79305555625 0.7296875 0.7736111109375 0.722265625 0.7645833328125 0.711328125 0.7673611109375 0.70546875 0.784722221875 0.70390625 0.8055555562500001 0.71015625 0.872222221875 0.728125 0.8708333328125001
1 0.738954740625 1 0.74140625 0.98194444375 0.74140625 0.9486111109375 0.736328125 0.9270833328125001 0.705078125 0.9298611109374999 0.70078125 0.934722221875 0.70390625 0.977777778125 0.7033743343750001 1 0.738954740625 1
1 0.6384375 1 0.6375 0.9708333328125001 0.640625 0.9388888890625001 0.637109375 0.934027778125 0.626171875 0.934027778125 0.62265625 0.9388888890625001 0.62265625 0.9694444437499999 0.6283854171875001 1 0.6384375 1
1 0.653125 0.8638888890625 0.6546875 0.809722221875 0.65234375 0.7958333328125 0.647265625 0.7895833328125 0.636328125 0.7951388890625 0.63359375 0.8027777781250001 0.6359375 0.8652777781250001 0.6390625 0.8680555562500001 0.651171875 0.86875 0.653125 0.8638888890625