1 0.1625 0.5 0.1625 0.3906565234375 0.1477083375 0.2976770828125 0.15266836718750001 0.239425640625 0.1625 0.1806820671875 0.1625 0.12228626406250001 0.1569589703125 0.105213615625 0.14033772656250001 0.09459063125 0.1208862875 0.1123784578125 0.113018415625 0.139828690625 0.11137285937500001 0.181536296875 0.11511515937500001 0.2249194046875 0.11255208750000001 0.2958346234375 0.0931024359375 0.3572393390625 0.0931024359375 0.5 0.1625 0.5
1 0.09375 0.5 0.09375 0.34059659375 0.079374571875 0.27632218750000004 0.0831731484375 0.1368181421875 0.074468959375 0.1160080453125 0.06289838125 0.10658246093749998 0.0604725421875 0.0504329203125 0.05990413906249999 0.0504329203125 0.057273406250000006 0.0667147875 0.059778789062500004 0.0734541796875 0.0573973046875 0.10567202812500001 0.045969496875 0.11919728437499999 0.038835859375 0.14904745625 0.046987728125 0.26384678125 0.0439543 0.301688534375 0.0290997328125 0.36979056093749996 0.035893879687500005 0.42625655 0.0352075578125 0.5 0.09375 0.5
1 0.3796875 0.5 0.3796875 0.34392286250000004 0.3723263984375 0.317708803125 0.3667463359375 0.230190621875 0.368902503125 0.170386584375 0.364493284375 0.1259512296875 0.3508409921875 0.0976108203125 0.3334143765625 0.085301725 0.31736061718749997 0.0993906078125 0.309024534375 0.1265966640625 0.310296384375 0.16133706875 0.323890959375 0.2320794953125 0.3304666515625 0.3126350515625 0.3105293171875 0.432424940625 0.3084617859375 0.47415524218750005 0.3101435734375 0.5 0.3796875 0.5
1 0.4445762375 0.4727674515625 0.44836472968749996 0.4828125 0.4491409015625 0.4828125 0.47268627343749997 0.4224674609375 0.475 0.39822332031249996 0.475 0.38585295468749997 0.46125605312499995 0.29905634375 0.47475615624999995 0.1600856390625 0.46755570625000004 0.1386533140625 0.4531000875 0.130492703125 0.44255570625 0.13894421562499998 0.43946554375 0.146614921875 0.43632746874999995 0.1915725640625 0.43632746874999995 0.3594130921875 0.44344660625000004 0.396433109375 0.4445762375 0.4727674515625
1 0.2380253578125 0.5 0.240625 0.48725271875000004 0.240625 0.3875654609375 0.23703000312500003 0.37878077499999996 0.22242315937499998 0.291189871875 0.23349508437500002 0.14541108125 0.2282525890625 0.1259348203125 0.21245513906250002 0.10709164374999999 0.197514425 0.11533861875 0.18588731875 0.1409671578125 0.18465355156250002 0.17985150156250002 0.19032175 0.22988786249999998 0.189626821875 0.289610084375 0.1741779296875 0.348272834375 0.1741779296875 0.3653707671875 0.1819384734375 0.413184834375 0.18462712187500002 0.450703015625 0.18308035625000002 0.5 0.2380253578125 0.5
1 0.2811990890625 0.5 0.28042441875 0.4718004640625 0.29375 0.38524554375000003 0.29375 0.3566759484375 0.2791370390625 0.29404086875 0.2837385984375 0.15251967500000002 0.2760662234375 0.1308191484375 0.26189059531250003 0.12076961875 0.2502688140625 0.12883019375 0.24301663125 0.143240784375 0.24083449375 0.15707512031249998 0.247612296875 0.26970240625 0.2471057890625 0.2932953328125 0.2382964296875 0.34168824062500003 0.2441853703125 0.3779266375 0.2497995703125 0.390553921875 0.2545946859375 0.467033734375 0.25126084843749996 0.5 0.2811990890625 0.5
1 0.403125 0.5 0.403125 0.40203436562499995 0.39206250625 0.3484238890625 0.388008578125 0.31325525625 0.40060803125 0.1387016640625 0.3909949390625 0.11492406562499999 0.37799665312499997 0.10689548281250001 0.3659949390625 0.1128833328125 0.360435775 0.1242743640625 0.36035708125 0.1646796875 0.3561428765625 0.192595828125 0.3561428765625 0.384944653125 0.3586053828125 0.4000396390625 0.36576220937500004 0.474479796875 0.3642161625 0.5 0.403125 0.5
1 0.4300490609375 0.5 0.43746430937499997 0.45955420468749997 0.4352855640625 0.44177205312499995 0.436712196875 0.4368084171875 0.440625 0.43975264062499997 0.440625 0.42688342031250004 0.43664911875 0.430592590625 0.439230659375 0.4110114453125 0.437435278125 0.3710754203125 0.4254497078125 0.3029979875 0.43928914375000006 0.1427973109375 0.43426683749999995 0.1273377171875 0.4241283359375 0.118815721875 0.420424190625 0.118815721875 0.40329828125 0.132120896875 0.39892984375 0.1779518953125 0.39892984375 0.3776570515625 0.4031670078125 0.40172392031250004 0.40621430937499997 0.462288225 0.4026197671875 0.5 0.4300490609375 0.5
1 0.5998541234375 0.3872511328125 0.6115446718750001 0.39375 0.6208121828125 0.39375 0.625 0.3789824640625 0.625 0.288484459375 0.624926040625 0.28796053125 0.6249998671875 0.2508143140625 0.625 0.250812034375 0.625 0.17510482031250002 0.623262171875 0.16852866718749998 0.6183234828125 0.1636260828125 0.6105109828125 0.16321664687499998 0.6030213359375 0.1707185265625 0.5998541234375 0.179910253125 0.5998541234375 0.23230438437499998 0.6018320125 0.24495637343749999 0.60170425625 0.28302851875 0.5998541234375 0.291354684375 0.5998541234375 0.3872511328125
1 1 0.25542099375 0.99770423125 0.25094887187500003 0.9931299156249999 0.248034703125 0.9831586250000001 0.249598615625 0.9762897875000001 0.25820547656250004 0.9720780250000001 0.271988284375 0.967934353125 0.29689735625 0.964447696875 0.3440741140625 0.9588924390625 0.36523401718750004 0.9464870375000001 0.3872503171875 0.9464870375000001 0.396875 0.9820972171874999 0.396875 0.9823980265625 0.3770422453125 0.9865794296875 0.3512072484375 1 0.312700396875 1 0.25542099375
1 0.6324434453125 0.20284646562500003 0.6320029703125 0.207247490625 0.6320029703125 0.23800326093750002 0.639592484375 0.2337649875 0.6468841515625 0.23368014375 0.6563779515625 0.2390625 0.6574141265625 0.2390625 0.6623532234375 0.2200814921875 0.66390575 0.186748159375 0.6606878453125 0.166426271875 0.6607243234375 0.143290246875 0.665625 0.1073701890625 0.665625 0.0845078375 0.6655676984375 0.08400674531249999 0.6624626015625 0.0780276203125 0.6523046890625 0.07259327343750001 0.64635989375 0.07728956718749999 0.641914571875 0.08890909531249999 0.6403155984375 0.11206330312499999 0.6414932890625 0.13148350625 0.643795578125 0.1379346859375 0.64237243125 0.168490240625 0.6324434453125 0.20284646562500003
1 0.8583522406250002 0.2484375 0.8590098031250001 0.2484375 0.8662755890625 0.24099190625000003 0.880143984375 0.243712265625 0.882379371875 0.23571442343750001 0.8823082187499999 0.217268746875 0.8774428390625 0.17148233125 0.8795520703124999 0.151039121875 0.8856953437499999 0.1229335640625 0.8859375 0.118312940625 0.8859375 0.090512928125 0.8855045125000001 0.0869681328125 0.87717430625 0.0800442375 0.876494978125 0.0800442375 0.8644770749999999 0.09212864531250001 0.8604786140625 0.10901383125 0.8596536765625 0.12475457187500001 0.8630924578125001 0.1383521015625 0.8621704687499999 0.15594469375 0.8583522406250002 0.1756418515625 0.8583522406250002 0.2484375
1 0.9242038796875001 0.214075278125 0.9140625 0.27364504843750004 0.9140625 0.2917265578125 0.920755575 0.36875 0.9211691109375 0.36875 0.9337191953125 0.3363611328125 0.939868553125 0.300283353125 0.9396278453125 0.27620624843749997 0.9343188703124999 0.24006180625 0.9339919703125 0.22339210937499998 0.942472465625 0.166030153125 0.94375 0.14493701718750002 0.94375 0.1446779640625 0.9417971203125 0.1345426125 0.937461615625 0.1266464859375 0.93228560625 0.12383840625 0.9270664984374999 0.12473403125 0.9204645015625001 0.132566525 0.9165600906249999 0.15476753593749998 0.9169193109375 0.16865945625 0.9235500796875 0.18073588437500002 0.925504125 0.191859115625 0.9242038796875001 0.214075278125
1 0.969468190625 0.134407425 0.9758534828125001 0.1796875 0.976935515625 0.1796875 0.9827045062499999 0.15322900781249998 0.982445928125 0.13100678593749998 0.9784337750000001 0.099440446875 0.9828125 0.062213696875 0.9828125 0.0423344578125 0.9823778609375001 0.0356606609375 0.9768283046875 0.028588928125000003 0.9706106265625 0.0312212359375 0.9671875 0.0382021921875 0.9671875 0.0400440265625 0.9748562609375 0.060478821875 0.9749747765624999 0.07066400625 0.9700681171875001 0.0964687078125 0.9692850312499999 0.11866668437500001 0.969468190625 0.134407425
1 0.8234375 0.37902491562499996 0.8237680296875001 0.3796875 0.8385615578125 0.3796875 0.8411517671875 0.3784792171875 0.8453787109374999 0.37092770937499997 0.8500809437499999 0.3452993921875 0.85145390625 0.28595510156250004 0.8569410749999999 0.253887815625 0.8531213328125 0.23220888281250002 0.8537249890625 0.21739406875 0.8640625 0.151221784375 0.8640625 0.1481546984375 0.8604342062500001 0.1296861984375 0.852606525 0.12300869218749999 0.8430051531250001 0.1277989734375 0.8385895671875 0.139980109375 0.8336314937499999 0.2231858984375 0.8234375 0.2459861203125 0.8234375 0.3233764359375 0.8253827734375001 0.3358512515625 0.8234375 0.3725350953125 0.8234375 0.37902491562499996
1 0.8226828546875 0.3765296453125 0.8263319609374999 0.3365781296875 0.8236695921875 0.3082389625 0.8178822234374999 0.2801732 0.8200658796875 0.23850652968750002 0.825008959375 0.2233271796875 0.8296875 0.1900975125 0.8296875 0.1784352453125 0.8257465921874999 0.1647359359375 0.8183832890625 0.161633928125 0.81049205625 0.161633928125 0.8060034515625001 0.16554155625 0.79921319375 0.1813433546875 0.7955478640625 0.2710670359375 0.7802711359375 0.31393944218750003 0.7802711359375 0.38125 0.8199164140625002 0.38125 0.8226828546875 0.3765296453125
1 0.8728373484375 0.3982647640625 0.8786112781250001 0.4015625 0.890625 0.4015625 0.890625 0.3905908984375 0.88744208125 0.3775799 0.887477903125 0.36372743125 0.890625 0.3401182015625 0.890625 0.254352396875 0.8889533984375 0.2497579921875 0.8814677281249998 0.2436925546875 0.87469689375 0.2432190921875 0.8649124859375 0.2531570453125 0.8604155015625 0.2731632125 0.8622515640625 0.35549777968749996 0.861141740625 0.36835148125 0.8530959265625 0.3908804875 0.8550320109375 0.3942486984375 0.8728373484375 0.3982647640625
1 0.9140625 0.2827546296875 0.9255208328125001 0.2077546296875 0.9255208328125001 0.1901620375 0.9223958328125 0.1790509265625 0.9138020828125001 0.16932870312499998 0.9065104171874999 0.1702546296875 0.9002604171874999 0.1767361109375 0.8963541671874999 0.1864583328125 0.8947916671874999 0.1984953703125 0.89375 0.230902778125 0.896875 0.2855324078125 0.8869791671874999 0.3383101859375 0.8833333328125 0.3734953703125 0.8885416671874999 0.403125 0.89375 0.40682870312499997 0.9143229171874999 0.399884259375 0.9171875 0.3929398140625 0.9213541671875 0.36423611093749997 0.9208333328125 0.33553240781250004 0.9140625 0.2827546296875
1 0.7955729171874999 0.081365740625 0.790625 0.0957175921875 0.790625 0.1670138890625 0.778125 0.22164351875000002 0.7885416671875 0.2734953703125 0.7895833328125 0.2883101859375 0.79375 0.2910879625 0.7989583328125001 0.278125 0.8005208328125001 0.2670138890625 0.7989583328125001 0.187384259375 0.8015625 0.17534722187500001 0.8104166671874999 0.15960648125000002 0.8130208328125 0.112384259375 0.8109375 0.08460648125 0.8018229171875 0.0767361109375 0.7955729171874999 0.081365740625
1 0.746875 0.3299768515625 0.7466145828124999 0.25821759218749996 0.7416666671875001 0.3105324078125 0.746875 0.3299768515625
1 0.7890625 0.2855324078125 0.7770833328125 0.2234953703125 0.7802083328125 0.1364583328125 0.77421875 0.12118055624999999 0.7658854171875 0.11655092656249999 0.7578125 0.12627314843749998 0.7526041671875 0.15868055625 0.7494791671875001 0.1651620375 0.75 0.17164351875 0.7544270828124999 0.16840277812499999 0.7572916671875001 0.1790509265625 0.7552083328125 0.1864583328125 0.7557291671875 0.22164351875000002 0.75 0.2484953703125 0.7596354171875 0.23877314843750003 0.7684895828125 0.23877314843750003 0.7731770828125 0.2415509265625 0.7796875 0.2540509265625 0.7833333328125001 0.2771990734375 0.7776041671875 0.3290509265625 0.778125 0.350347221875 0.7890625 0.306828703125 0.7890625 0.2855324078125
1 0.6942708328125 0.3271990734375 0.7041666671875 0.29201388906250003 0.7052083328125 0.275347221875 0.7020833328125 0.253125 0.6901041671875 0.2151620375 0.690536628125 0.18269640625 0.6916666671875 0.13275462968750001 0.6872395828125 0.11747685156250001 0.6778645828125 0.11469907343750001 0.67109375 0.11747685156250001 0.6651041671875 0.1364583328125 0.6651041671875 0.1605324078125 0.6682291671875 0.17256944375 0.6703125 0.206828703125 0.6697916671875 0.22256944375 0.6651041671875 0.2429398140625 0.66875 0.2577546296875 0.6671875 0.3457175921875 0.6692708328125 0.3614583328125 0.67421875 0.3702546296875 0.6875 0.3734953703125 0.6927083328125 0.368865740625 0.6942708328125 0.3271990734375
1 0.7307291671875 0.22997685156249997 0.7333333328125 0.1799768515625 0.7247395828125 0.1637731484375 0.71484375 0.161921296875 0.709375 0.1679398140625 0.7036458328124999 0.18460648125 0.7067708328125 0.28090277812500003 0.6953125 0.3234953703125 0.6927083328125 0.37164351875 0.69609375 0.38229166718749996 0.7111979171875 0.38506944375 0.72265625 0.393402778125 0.7348958328124999 0.3929398140625 0.74375 0.38368055624999997 0.7473958328125 0.3697916671875 0.7473958328125 0.3549768515625 0.7442708328125 0.3299768515625 0.7317708328125 0.27997685156249996 0.7307291671875 0.22997685156249997
1 0.609375 0.1447916671875 0.6078125 0.131828703125 0.6028645828125 0.1202546296875 0.59765625 0.115625 0.5919270828125 0.115625 0.5828125 0.1271990734375 0.58125 0.1355324078125 0.5817708328125 0.1521990734375 0.590625 0.2160879625 0.5833333328125 0.262384259375 0.5822916671875 0.29016203749999997 0.5890625 0.331828703125 0.5979166671875 0.3484953703125 0.6083333328125 0.2855324078125 0.6078125 0.256828703125 0.5989583328125 0.193865740625 0.6020833328124999 0.1734953703125 0.6083333328125 0.1633101859375 0.609375 0.1447916671875
1 0.6260416671875 0.1299768515625 0.6203125 0.1605324078125 0.6270833328125 0.17164351875 0.6296875 0.181828703125 0.6333333328124999 0.243865740625 0.6375 0.206828703125 0.6458333328125 0.1734953703125 0.6463541671875 0.1457175921875 0.6416666671875 0.12164351874999998 0.6416666671875 0.059606481249999996 0.6372395828124999 0.04710648125 0.6283854171875001 0.0452546296875 0.6239583328125 0.051273148437500006 0.6213541671875 0.0614583328125 0.6260416671875 0.1299768515625
1 0.6848958328125 0.0660879625 0.6848958328125 0.0901620375 0.6916666671875 0.131828703125 0.6901041671875 0.206828703125 0.6921875 0.22256944375 0.6994791671875 0.24664351875 0.7041666671875 0.25219907343750003 0.703125 0.1864583328125 0.70625 0.17256944375 0.7140625 0.15960648125000002 0.7067708328125 0.13275462968750001 0.7078125 0.062384259374999994 0.7028645828125 0.0480324078125 0.69453125 0.0452546296875 0.6864583328125 0.056828703125000005 0.6848958328125 0.0660879625
1 0.7359375 0.1697916671875 0.7364583328125 0.1271990734375 0.7385416671875 0.1207175921875 0.7375 0.0892361109375 0.73203125 0.0767361109375 0.7252604171875 0.0739583328125 0.71953125 0.0785879625 0.7140625 0.093865740625 0.7161458328125 0.15868055625 0.72578125 0.1637731484375 0.7322916671875 0.1734953703125 0.7333333328125 0.19479166718750002 0.7307291671875 0.2642361109375 0.7328125 0.2827546296875 0.7390625 0.29664351875 0.7416666671875001 0.27164351875000003 0.7479166671875 0.24479166718749998 0.7479166671875 0.22905092656249998 0.74375 0.19942129687500001 0.7359375 0.1697916671875
1 0.8880208328125001 0.118865740625 0.8817708328125 0.16423611093749999 0.8822916671875 0.180902778125 0.8895833328125 0.22164351875000002 0.8901041671875 0.2392361109375 0.8885416671874999 0.2429398140625 0.8921875 0.24664351875 0.8953125 0.1901620375 0.8989583328125 0.178125 0.90625 0.1670138890625 0.9026041671874999 0.1420138890625 0.9072916671875 0.06979166718749999 0.8997395828125001 0.05636574062500001 0.8919270828125001 0.0582175921875 0.8869791671874999 0.07256944374999999 0.8880208328125001 0.118865740625
1 0.9505208328125001 0.15960648125000002 0.95625 0.1299768515625 0.9572916671874999 0.103125 0.9533854171874999 0.0915509265625 0.9466145828125001 0.086921296875 0.94140625 0.0887731484375 0.9359375 0.09756944375 0.9333333328125001 0.11701388906250001 0.9338541671874999 0.12349537031249999 0.9411458328125001 0.13368055625 0.94375 0.143865740625 0.9427083328125001 0.1660879625 0.9348958328125001 0.21793981406250001 0.9348958328125001 0.2364583328125 0.9432291671874999 0.29664351875 0.946875 0.29016203749999997 0.9557291671874999 0.24942129687499998 0.9557291671874999 0.230902778125 0.9494791671874999 0.1799768515625 0.9505208328125001 0.15960648125000002
1 0.9479166671874999 0.08645833281250001 0.95234375 0.0896990734375 0.9578125 0.10405092656249999 0.95625 0.1290509265625 0.95 0.15868055625 0.9489583328125001 0.18368055625 0.9546875 0.22071759218749998 0.9552083328125001 0.2429398140625 0.9583333328125001 0.24479166718749998 0.965625 0.20960648124999998 0.9651041671874999 0.187384259375 0.9604166671875 0.1512731484375 0.9677083328125 0.08090277812499999 0.9627604171874999 0.0665509265625 0.9549479171874999 0.0646990734375 0.9473958328125001 0.07534722187500001 0.9479166671874999 0.08645833281250001
1 0.9734375 0.053125 0.96640625 0.043402778125 0.9578125 0.051273148437500006 0.95625 0.0651620375 0.96328125 0.068402778125 0.9671875 0.081828703125 0.9625 0.118865740625 0.9583333328125001 0.1299768515625 0.9604166671875 0.137384259375 0.9598958328125 0.15868055625 0.9666666671874999 0.20590277812500002 0.9723958328125001 0.18460648125 0.9723958328125001 0.16423611093749999 0.9677083328125 0.12349537031249999 0.9682291671875 0.0957175921875 0.9729166671874999 0.0827546296875 0.9744791671874999 0.05868055625 0.9734375 0.053125
1 0.6104166671875 0.0984953703125 0.6091145828125 0.1045138890625 0.6052083328125 0.103125 0.6041666671875 0.11793981406250001 0.6088541671875001 0.13368055625 0.6098958328124999 0.15960648125000002 0.6177083328124999 0.162384259375 0.6213541671875 0.155902778125 0.6255208328124999 0.131828703125 0.6213541671875 0.06979166718749999 0.6255208328124999 0.0392361109375 0.6216145828124999 0.027662037499999997 0.61328125 0.024884259375000002 0.6078125 0.031828703125 0.60625 0.0392361109375 0.6104166671875 0.0984953703125
1 0.6854166671875 0.0429398140625 0.6833333328125 0.030902778125000002 0.67734375 0.0230324078125 0.66953125 0.027662037499999997 0.665625 0.0420138890625 0.66875 0.0883101859375 0.6682291671875 0.1197916671875 0.67578125 0.1137731484375 0.6864583328125 0.1133101859375 0.6833333328125 0.09664351875 0.6854166671875 0.0429398140625
1 0.6661458328125 0.041087962500000005 0.66875 0.0271990734375 0.6677083328125 0.0160879625 0.6627604171875 0.007291667187500001 0.6559895828125 0.0063657406250000005 0.6526041671875 0.0105324078125 0.65 0.0271990734375 0.6526041671875 0.0651620375 0.6544270828125 0.07210648124999999 0.6651041671875 0.0790509265625 0.6666666671875 0.07627314843750001 0.6661458328125 0.041087962500000005
1 0.6368733734375 0 0.6359375 0.0133101859375 0.6385416671875 0.04756944375 0.6447916671875 0.078125 0.653125 0.068865740625 0.6505208328125 0.0355324078125 0.6526041671875 0.003125 0.6516106203125 0 0.6368733734375 0
1 0.6235099749999999 0 0.6265625 0.041087962500000005 0.62890625 0.0452546296875 0.6375 0.0457175921875 0.6385416671875 0.0364583328125 0.6359375 0.004976851562500001 0.6369373140625 0 0.6235099749999999 0
1 0.6416666671875 0.349421296875 0.6416666671875 0.3679398140625 0.6348958328125 0.39756944375000003 0.6393229171875 0.4017361109375 0.6479166671875001 0.4012731484375 0.6755208328125 0.3827546296875 0.66875 0.362384259375 0.6671875 0.349421296875 0.6677083328125 0.2549768515625 0.6627604171875 0.240625 0.6533854171875 0.2332175921875 0.6388020828125 0.23877314843750003 0.6338541671875 0.25034722187499997 0.6317708328125 0.2633101859375 0.6416666671875 0.349421296875
1 0.7421875 0.2883101859375 0.74296875 0.2924768515625 0.746875 0.293865740625 0.7484375 0.31979166718749996 0.7484375 0.3670138890625 0.74375 0.3827546296875 0.7473958328125 0.387384259375 0.7791666671875 0.3827546296875 0.7760416671875 0.3679398140625 0.7755208328125 0.3521990734375 0.7833333328125001 0.2697916671875 0.7770833328125 0.24756944375 0.7669270828125 0.23877314843750003 0.7513020828125 0.2452546296875 0.7427083328124999 0.275347221875 0.7421875 0.2883101859375
1 0.5880989578125 0 0.5869791671875 0.004976851562500001 0.5911458328125 0.0549768515625 0.5890625 0.068865740625 0.6015625 0.0771990734375 0.6015625 0.05868055625 0.5973958328125 0.018865740625 0.603125 0.004976851562500001 0.601299253125 0 0.5880989578125 0
1 0.5838541671875 0.07534722187500001 0.5807291671875 0.0910879625 0.5817708328125 0.118865740625 0.5859375 0.12164351874999998 0.59140625 0.115625 0.6026041671875 0.11516203750000001 0.6015625 0.08460648125 0.5981770828124999 0.0767361109375 0.5908854171875 0.0702546296875 0.5838541671875 0.07534722187500001
1 0.6057291671875 0.1207175921875 0.6109375 0.0984953703125 0.6067708328125 0.0392361109375 0.6088541671875001 0.030902778125000002 0.6145833328125 0.024421296875 0.6145833328125 0.0179398140625 0.6106770828125 0.00914351875 0.60546875 0.0063657406250000005 0.59921875 0.011921296875 0.596875 0.0207175921875 0.6015625 0.0614583328125 0.6020833328124999 0.11145833281249999 0.6057291671875 0.1207175921875
1 0.8330729171875 0.050810185937499995 0.8263020828125001 0.0554398140625 0.8229166671874999 0.0651620375 0.8229166671874999 0.1290509265625 0.8151041671874999 0.15868055625 0.81640625 0.162847221875 0.8247395828125 0.1674768515625 0.8317708328125001 0.187384259375 0.8265625 0.23368055625 0.8265625 0.24201388906250001 0.8291666671875 0.2429398140625 0.8369791671875 0.22164351875000002 0.8385416671874999 0.20868055624999998 0.8390625 0.1364583328125 0.84375 0.09756944375 0.8427083328125 0.0605324078125 0.83828125 0.0526620375 0.8330729171875 0.050810185937499995
1 0.77421875 0.12210648125000001 0.7760416671875 0.11793981406250001 0.7786458328125 0.068865740625 0.7744791671875 0.051273148437500006 0.7684895828125 0.04710648125 0.7622395828124999 0.049884259375000004 0.7572916671875001 0.059606481249999996 0.7541666671875 0.0901620375 0.7479166671875 0.1105324078125 0.7484375 0.131828703125 0.7541666671875 0.153125 0.7463541671875 0.17719907343750002 0.7447916671875 0.193865740625 0.7479166671875 0.22442129687499998 0.7510416671875 0.23368055625 0.7552083328125 0.2160879625 0.7557291671875 0.1271990734375 0.7611979171875001 0.118402778125 0.7700520828124999 0.11655092656249999 0.77421875 0.12210648125000001
1 0.7453125 0.068865740625 0.7442708328125 0.041087962500000005 0.7388020828124999 0.0267361109375 0.7309895828124999 0.024884259375000002 0.7244791671875 0.0401620375 0.7239583328125 0.054050926562500004 0.7260416671875001 0.07256944374999999 0.73203125 0.0767361109375 0.7375 0.09201388906249999 0.7385416671875 0.105902778125 0.7380208328125 0.11793981406250001 0.7354166671875 0.124421296875 0.7354166671875 0.1614583328125 0.7364583328125 0.1734953703125 0.7432291671875 0.1929398140625 0.7510416671875 0.1540509265625 0.75 0.1364583328125 0.7421875 0.09664351875 0.7427083328124999 0.0734953703125 0.7453125 0.068865740625
1 0.784375 0.04756944375 0.7880208328125 0.10405092656249999 0.7854166671874999 0.106828703125 0.7807291671875 0.1271990734375 0.7802083328125 0.153125 0.7838541671874999 0.1799768515625 0.7864583328125001 0.18368055625 0.7911458328125001 0.1540509265625 0.790625 0.0929398140625 0.7966145828125001 0.0795138890625 0.80390625 0.0758101859375 0.8046875 0.07164351875 0.8046875 0.041087962500000005 0.79765625 0.0230324078125 0.7864583328125001 0.038310185937500005 0.784375 0.04756944375
1 0.8140625 0.15960648125000002 0.821875 0.1364583328125 0.8223958328125001 0.0707175921875 0.8270833328125 0.04756944375 0.8260416671874999 0.02256944375 0.8200520828125001 0.011921296875 0.81328125 0.013773148437499999 0.8098958328125001 0.0197916671875 0.8083333328125001 0.0364583328125 0.809375 0.07627314843750001 0.8135416671875 0.0947916671875 0.8109375 0.156828703125 0.8140625 0.15960648125000002
1 0.8598958328125 0.1197916671875 0.8588541671875 0.10960648125000001 0.8619791671874999 0.0901620375 0.8630208328125001 0.0484953703125 0.8614583328125001 0.0392361109375 0.8565104171875 0.0322916671875 0.84921875 0.0322916671875 0.8442708328125 0.043865740624999996 0.8442708328125 0.10405092656249999 0.8411458328125001 0.12627314843749998 0.8486979171875 0.1202546296875 0.8598958328125 0.1197916671875
1 0.8669270828125001 0.018402778124999998 0.8625 0.03368055625 0.8625 0.100347221875 0.8645833328125001 0.100347221875 0.865625 0.0910879625 0.8765625 0.0790509265625 0.8786458328125001 0.0670138890625 0.8807291671874999 0.029050926562500003 0.87578125 0.015625 0.8669270828125001 0.018402778124999998
1 0.7067708328125 0.130902778125 0.7114583328124999 0.14664351874999998 0.7151041671875 0.14664351874999998 0.7140625 0.093865740625 0.7171875 0.07997685156249999 0.7192708328124999 0.0271990734375 0.71875 0.0197916671875 0.71484375 0.010995370312499999 0.70703125 0.008217592187500001 0.7010416671875 0.018865740625 0.7005208328125 0.037384259375 0.7015625 0.0457175921875 0.7072916671875 0.0577546296875 0.7067708328125 0.130902778125
1 0.6838082109375 0 0.6822916671875 0.0114583328125 0.6822916671875 0.0271990734375 0.6880208328124999 0.053125 0.6971354171875 0.044328703125 0.6994791671875 0.032754629687499995 0.7 0.004976851562500001 0.6990668390625 0 0.6838082109375 0
1 1 0.32997685312499997 0.9953125 0.3383101859375 0.9895833328125001 0.3633101859375 0.9895833328125001 0.3901620375 0.9953125 0.393865740625 1 0.3906606125 1 0.32997685312499997
1 1 0.178521825 0.99296875 0.1767361109375 0.9854166671875 0.18368055625 0.9822916671874999 0.19664351875 0.9796875 0.2151620375 0.9807291671874999 0.24571759218749997 0.9815104171875 0.24895833281250002 0.9950520828125 0.24618055625 1 0.250123721875 1 0.178521825
1 1 0.13427968437499999 0.9963541671874999 0.1392361109375 0.9885416671874999 0.1734953703125 1 0.17742649375 1 0.13427968437499999
1 0.8938840390625 0 0.8932291671874999 0.0021990734375 0.8921875 0.055902778125 0.90078125 0.0545138890625 0.90625 0.037384259375 0.9078125 0.000347221875 0.9076171875 0 0.8938840390625 0
1 0.9265625 0.0901620375 0.9296875 0.10960648125000001 0.9317708328125001 0.112384259375 0.9359375 0.09664351875 0.9442708328125 0.0827546296875 0.9401041671874999 0.07534722187500001 0.94375 0.0234953703125 0.9416666671874999 0.012384259375 0.9388020828125001 0.00914351875 0.9315104171874999 0.010995370312499999 0.9276041671874999 0.0197916671875 0.9317708328125001 0.032754629687499995 0.9317708328125001 0.04756944375 0.9265625 0.0901620375
1 0.9161458328125001 0.106828703125 0.9166666671874999 0.12349537031249999 0.9203125 0.1299768515625 0.92890625 0.12395833281249999 0.93125 0.118865740625 0.9276041671874999 0.0984953703125 0.9276041671874999 0.0771990734375 0.9322916671874999 0.0484953703125 0.9317708328125001 0.032754629687499995 0.9252604171875 0.02118055625 0.9190104171875 0.0230324078125 0.9145833328125 0.03368055625 0.9203125 0.053125 0.9161458328125001 0.106828703125
1 0.903125 0.14664351874999998 0.9057291671875 0.1660879625 0.9145833328125 0.1679398140625 0.9161458328125001 0.1660879625 0.91875 0.13275462968750001 0.9166666671874999 0.103125 0.9213541671875 0.054050926562500004 0.9174479171875 0.039699073437499996 0.9091145828125 0.037847221874999996 0.9041666671874999 0.0429398140625 0.9020833328125001 0.053125 0.9078125 0.07627314843750001 0.903125 0.124421296875 0.903125 0.14664351874999998
1 0.847442853125 0 0.8484375 0.031828703125 0.8604166671875 0.032754629687499995 0.8645833328125001 0.017013889062500002 0.8633350312499999 0 0.847442853125 0
1 0.8760416671875 0.0133101859375 0.8802083328125001 0.0271990734375 0.8776041671874999 0.078125 0.8848958328125001 0.08368055625000001 0.8927083328125001 0.04756944375 0.89375 0.024421296875 0.8916666671875 0.005902778125 0.8841145828125001 0.0017361109374999999 0.87890625 0.0054398140625 0.8760416671875 0.0133101859375
1 0.81875 0 0.81875 0.0012731484375 0.8208333328125 0.0114583328125 0.8252604171875 0.019328703125 0.8291666671875 0.018865740625 0.8296875 0.005902778125 0.8326757812500001 0 0.81875 0
1 0.782076321875 0 0.78125 0.0012731484375 0.7791666671875 0.0271990734375 0.7755208328125 0.041087962500000005 0.778125 0.0549768515625 0.7760416671875 0.1077546296875 0.7776041671875 0.12349537031249999 0.7796875 0.124421296875 0.7822916671875 0.12256944375 0.7875 0.09664351875 0.7864583328125001 0.0392361109375 0.7908854171874999 0.0285879625 0.7963541671875 0.024421296875 0.7973958328125 0.0160879625 0.7958333328125 0.0012731484375 0.7947352421874999 0 0.782076321875 0
1 0.081344634375 0.8828125 0.1186806953125 0.8828125 0.1203125 0.869342128125 0.1203125 0.8668340499999999 0.1118911578125 0.8181919578125001 0.11063521875 0.7949073328124999 0.11881109062499999 0.717320621875 0.11511205 0.7045886109375 0.1066353859375 0.6976431 0.09855324062500001 0.7018632953124999 0.091565971875 0.7186790234375 0.09066330624999999 0.805934425 0.081344634375 0.8375665124999999 0.081344634375 0.8828125
1 0.13132562812499998 0.8425356718749999 0.13132562812499998 0.8796875 0.16580083125 0.8796875 0.16875 0.8548211531250001 0.16875 0.8529289984374999 0.1636615265625 0.8284347953125 0.1611475515625 0.8005509359375 0.16803804375 0.7210273875000001 0.16319181562500001 0.7055904875 0.152963790625 0.7006577640625 0.144887190625 0.706911925 0.13991304375 0.7202090359375 0.1408350515625 0.799959903125 0.1366913796875 0.8248689734375001 0.13132562812499998 0.8425356718749999
1 0.1775176671875 0.8796875 0.21653297187499998 0.8796875 0.21875 0.87926065 0.21875 0.8416263421875 0.2106121078125 0.8087192734374999 0.2122105796875 0.7204373421875 0.2099332875 0.7122862765625 0.203129471875 0.704670840625 0.19538302968750001 0.704670840625 0.1891987359375 0.7071417296875 0.18404247812500002 0.721046109375 0.18893106875000001 0.818966421875 0.1803965640625 0.8558977390625 0.1775176671875 0.8796875
0 0 0.996365615625 0.0357647921875 0.9981330875000001 0.0618737953125 0.9922684484375001 0.360311296875 0.9887958140625 0.3623905078125 0.9855278000000001 0.364508196875 0.9539917750000001 0.3684439921875 0.94792174375 0.378188659375 0.9459547421875001 0.3888499390625 0.9041244453124999 0.3954613609375 0.8957062640625001 0.4043911109375 0.8965291640625 0.41040611718750003 0.88719111875 0.41799186875 0.884322434375 0.42499769687500005 0.8935089671875 0.43847202812499997 0.8989130124999999 0.4444485546875 0.9178429796875001 0.45541491250000005 0.9404221078125001 0.4739381640625 0.9374261531249999 0.483691078125 0.9419466953125 0.48674874062500006 0.9474719484375 0.48904233125 0.9372503999999999 0.49375 0.9607503921875 0.49375 0.88125 0.42342837187500004 0.88125 0.42200737187500004 0.8824220984375 0.393414403125 0.88125 0.216637415625 0.88125 0.1673954546875 0.8863115828125 0.1295931234375 0.8830442296874998 0.10794487187499999 0.8860765468749999 0.088447290625 0.8835230046875001 0 0.8855306359374999 0 0.996365615625
1 0.7160171859375 0.5 0.7136820109374999 0.5120661921874999 0.7139757359375001 0.5608410765625 0.7071095203125 0.5854360984375 0.7071095203125 0.6736791953125 0.7073197999999999 0.675 0.7226489828125 0.675 0.73125 0.6449918984374999 0.73125 0.579839884375 0.7273378796875 0.5601482296875 0.73125 0.520876528125 0.73125 0.5 0.7160171859375 0.5
1 0.6744721218749999 0.5 0.668505190625 0.5108072734375 0.670147725 0.5664764875 0.660449075 0.6032943046875 0.660449075 0.6636738796875 0.6636616453124999 0.68726435625 0.6646422875 0.6875 0.677850390625 0.6875 0.6875 0.6598129421875 0.6875 0.60184534375 0.6818098828125 0.5682063578125 0.687255190625 0.5113528421875 0.6833827625 0.5008111484375 0.6813045328125 0.5 0.6744721218749999 0.5
1 0.587471134375 0.5 0.5815935921875 0.5085132406249999 0.5820016734375 0.566810209375 0.5796875 0.5763081296875 0.5796875 0.6229277328125 0.5841961703125 0.6118991 0.596875 0.60272076875 0.596875 0.579267865625 0.5945016734374999 0.5666647593749999 0.596875 0.5435686015625001 0.596875 0.50464290625 0.5944638296875 0.5 0.587471134375 0.5
1 0.6313194609374999 0.64012606875 0.63057215 0.6692381015625 0.623230321875 0.690508478125 0.6245077234374999 0.6953125 0.6285051890625 0.6953125 0.641038978125 0.6477492078125 0.6408594609375 0.621469578125 0.6325423515625 0.572234403125 0.6421875 0.5197917734375 0.6421875 0.5184892953125 0.6386613953125 0.5074598640625 0.632107721875 0.506943215625 0.6290883015625 0.506943215625 0.6236720671875 0.5112756187499999 0.6196105296875001 0.521938121875 0.619751196875 0.5786640453125 0.6188305062499999 0.5823839890625 0.6188305062499999 0.61004465625 0.6253800390625 0.619784409375 0.6313194609374999 0.64012606875
1 0.6314744125 0.5 0.6299789687499999 0.5046052390625 0.6389067796875001 0.5095186203125001 0.642285034375 0.5213446296875001 0.634785109375 0.5615815 0.634591175 0.5782481671874999 0.6450276781250001 0.6213673562500001 0.645501865625 0.6477607890625 0.648599359375 0.65 0.649554859375 0.65 0.6542410671875001 0.6353107859375 0.6546875 0.6253308109375 0.6546875 0.6088033953125 0.64419243125 0.558858265625 0.6479962015625 0.5005431109375 0.6440058203125 0.5 0.6314744125 0.5
0 0.5796875 0.6693292468750001 0.5797304703124999 0.6730221000000001 0.581422259375 0.6841695796875 0.5961258828125 0.70603375625 0.60155743125 0.7109375 0.6192394828125 0.7109375 0.62348579375 0.708059078125 0.6361259218749999 0.6868313328125 0.6390625 0.6620562953125 0.6390625 0.6448211374999999 0.6354471515625 0.628498 0.6223060281249999 0.6066701890624999 0.6035075437499999 0.6020671125 0.59265085 0.6087569828125 0.58538250625 0.62177868125 0.5796875 0.6483304109375 0.5796875 0.6693292468750001