1 0.0875867578125 0.320938753125 0.0819166234375 0.30312738281249996 0.08144387656249999 0.262822334375 0.074269090625 0.2552607140625 0.071875 0.2571371609375 0.071875 0.2981072359375 0.0728329875 0.3074031359375 0.071875 0.3132444859375 0.071875 0.3739868 0.07688053593750001 0.390625 0.0875867578125 0.390625 0.0875867578125 0.320938753125
1 0.0490232921875 0.259924903125 0.040438485937500004 0.258940315625 0.0366214125 0.2625613359375 0.0352902078125 0.2813703796875 0.032171867187499995 0.3082936859375 0.03125 0.31241301718750003 0.03125 0.4015625 0.03954370625 0.4015625 0.04475129375 0.38758149375 0.0499598953125 0.36729619375 0.050110990625 0.3347501671875 0.045957382812499996 0.305242521875 0.0507836359375 0.2757733203125 0.0490232921875 0.259924903125
1 0.1088590703125 0.27282857968749996 0.11024513437500001 0.26849470468750003 0.1104719953125 0.25867567187499996 0.1088974984375 0.256938303125 0.0979599984375 0.257703128125 0.0966302578125 0.25986840624999996 0.09602718437499999 0.2985934046875 0.0953125 0.3008870421875 0.0953125 0.3828125 0.1003457875 0.3828125 0.1005448171875 0.3825508015625 0.1081184421875 0.3543906109375 0.11001282812499999 0.3293906109375 0.1063515984375 0.29940186875 0.108281721875 0.2830304015625 0.1088590703125 0.27282857968749996
1 0.01986165625 0.28153311406250003 0.018531915625 0.26969656875000003 0.01563375 0.263325928125 0.01434235 0.2632431734375 0.011481792187500001 0.2632431734375 0.00717236875 0.2677316359375 0.0051148578125 0.27811413749999997 0.0044043515625000005 0.28920145 0.0035667781250000004 0.3077025125 0.0015625 0.3155124375 0.0015625 0.4109375 0.0061715234375 0.4109375 0.010418437499999999 0.40988342031249997 0.0155690734375 0.3892256515625 0.017843606249999998 0.3782146671875 0.0188424359375 0.350386825 0.014550526562499999 0.31943075 0.01986165625 0.28153311406250003
0 0.8613492718749999 0.55 0.8683566296875 0.538172734375 0.8683566296875 0.4097625296875 0.8630190765624999 0.3929713078125 0.83995055 0.3564782125 0.8131683078125 0.33128185781249997 0.7707489562500001 0.3257735703125 0.7463779828125 0.3350599734375 0.7275311984374999 0.35178444999999997 0.7187892515625001 0.3698918140625 0.710551346875 0.373738846875 0.7112852109375 0.3842336 0.703125 0.41183348124999997 0.703125 0.49322870625000004 0.7104060999999999 0.5147847421875 0.72781736875 0.549092959375 0.7286184671875 0.55 0.8613492718749999 0.55
1 0.528662609375 0.55 0.5299005625 0.5458726 0.5428291812499999 0.47033333437499997 0.54120779375 0.406185984375 0.517550715625 0.30609536249999997 0.5285436578125 0.1724057484375 0.52018295625 0.1512754046875 0.5095758187499999 0.144484065625 0.49241867343750007 0.1485719765625 0.4775436578125 0.17567397499999998 0.47550077343749997 0.2146544875 0.4812007359375 0.2770462546875 0.47876499218749996 0.3235230203125 0.465625 0.371515628125 0.465625 0.55 0.528662609375 0.55
1 0.44703495000000004 0.55 0.4404847296875 0.5065058390625 0.4421924703125 0.432850321875 0.44701791875 0.4045568140625 0.47249427187500004 0.3203812015625 0.465280484375 0.27626211093749997 0.477158740625 0.1535799109375 0.466244 0.1280412453125 0.45057136093750005 0.1243870859375 0.44776609843750004 0.1243870859375 0.43631165625 0.1328974265625 0.428062665625 0.1519391 0.42960795 0.2845139625 0.4171875 0.326180425 0.4171875 0.55 0.44703495000000004 0.55
1 0.5518124999999999 0.541442559375 0.5548124999999999 0.5459403109375 0.5713125 0.5451906859375 0.5758125 0.538444059375 0.5633125 0.4852206703125 0.5588124999999999 0.485970296875 0.5518124999999999 0.541442559375
1 0.5413125 0.111907328125 0.5258125 0.12764945625 0.5218125 0.14414121093750001 0.5308125 0.17562546875 0.5318125 0.267079740625 0.5268124999999999 0.3060602515625 0.5328125 0.33754450937499997 0.5588124999999999 0.4185040296875 0.5638125 0.38252202031250004 0.5798125000000001 0.3210527546875 0.5658125 0.264081240625 0.5708125 0.15013821249999998 0.5678124999999999 0.1306479578125 0.5593125 0.116405078125 0.5413125 0.111907328125
1 0.6395500859375 0.55 0.6548125 0.46648004062500004 0.6508125 0.388519021875 0.6238125 0.298564 0.6208125 0.2730767421875 0.6268125 0.15763446406249998 0.6173125 0.13439608281249998 0.6063124999999999 0.12689983124999998 0.5893124999999999 0.12989833281250002 0.5818125000000001 0.138144209375 0.5758125 0.1561352140625 0.5858125 0.28956849687499997 0.5608125 0.412507028125 0.5638125 0.485970296875 0.579501084375 0.55 0.6395500859375 0.55
1 0.7136412171875 0.55 0.6968125000000001 0.5069598015625 0.6918124999999999 0.47697479375 0.6918124999999999 0.4454905359375 0.6978125000000001 0.4080092765625 0.7058125000000001 0.3855205203125 0.7328125 0.3435415109375 0.7128125 0.27757449375 0.7148125000000001 0.1351457078125 0.7053125 0.116405078125 0.6923125000000001 0.1104080765625 0.6773125 0.116405078125 0.6668125 0.138144209375 0.6668125 0.17412621875 0.6758124999999999 0.2325969828125 0.6768124999999999 0.27457599374999997 0.6528125 0.3810227703125 0.6578125 0.47247704218750003 0.6728125 0.5309478078125001 0.6815491203125 0.55 0.7136412171875 0.55
1 0.7948125 0.1951157234375 0.7998125 0.12764945625 0.7948125 0.10965845156250001 0.7823125 0.09691482343749999 0.7613125000000001 0.101412575 0.7518125 0.1216524546875 0.7618125 0.2505879875 0.7428125 0.3345460078125 0.7673125000000001 0.32480088125 0.7933125000000001 0.32480088125 0.8188124999999999 0.3345460078125 0.7958125 0.2535864875 0.7948125 0.1951157234375
1 0.2028393953125 0.55 0.20030777031250002 0.5715793125 0.20263437812500001 0.6160328484375001 0.21891779531250002 0.6811742625 0.22940753906250003 0.7025974984375 0.23047707343749999 0.703125 0.24691998593750003 0.703125 0.24691998593750003 0.55 0.2028393953125 0.55
1 0.797761553125 0.55 0.796875 0.5613618453125 0.796875 0.645627215625 0.797456446875 0.6539422937499999 0.8102310484374999 0.713631275 0.8303648124999998 0.7779277718750001 0.8399449421875002 0.7859375 0.8805239499999999 0.7859375 0.8805239499999999 0.55 0.797761553125 0.55
1 0.6421875 0.55 0.6421875 0.8078125 0.6914253625000001 0.8078125 0.6982841609375 0.7962068703125 0.7228974171875 0.712841884375 0.7329391953125001 0.654946984375 0.7335005578125 0.5848072640625 0.7258503968750001 0.55 0.6421875 0.55
1 0.4859375 0.55 0.4859375 0.78125 0.5216543203125 0.78125 0.5260511640625001 0.7742482921875 0.5492611249999999 0.703824146875 0.5633443265625 0.6410349390625 0.5668636296875 0.5638248578125 0.5642878125 0.55 0.4859375 0.55
1 0.36875 0.55 0.36875 0.7513348109375 0.375568428125 0.7515625 0.38250599375 0.7515625 0.38767763906249997 0.746835925 0.41720038437499996 0.6533789000000001 0.42582445 0.604491365625 0.42815337187499997 0.5681490484375 0.42724966406250003 0.55 0.36875 0.55
1 0.4984375 0.55 0.4984375 0.591818978125 0.500981353125 0.6154501328124999 0.529332375 0.7147537703125 0.5329416984375 0.7203125 0.5383512968749999 0.7203125 0.53811751875 0.7174486078125 0.521231146875 0.6536651250000001 0.51507520625 0.597329475 0.5170899421875 0.55 0.4984375 0.55
1 0.6171875 0.75583921875 0.6192229375 0.75596965625 0.6199742031250001 0.744246328125 0.6171875 0.7225071734374999 0.6171875 0.75583921875
1 0.74484701875 0.55 0.75390625 0.6148336750000001 0.753125 0.6851736515625 0.7640625 0.73206696875 0.7765625 0.7402732999999999 0.781640625 0.739687134375 0.7828125 0.7344116359375 0.7703125 0.6687609906249999 0.76796875 0.6136613421875 0.77421875 0.5573893609375 0.7764500812499999 0.55 0.74484701875 0.55
1 0.8995477921875 0.55 0.89375 0.5855253515625 0.89609375 0.6570376609374999 0.9125 0.7391009671875001 0.921484375 0.7631337921875 0.934375 0.7672369578125 0.966015625 0.7678231249999999 0.97265625 0.7590306265625 0.99453125 0.6793119875 1 0.6391009671875001 1 0.552448815625 0.9994922953125001 0.55 0.8995477921875 0.55