1 0.009375 0 0.009375 0.0453125 0.0188345203125 0.0453125 0.0207941765625 0.043294071875 0.030561764062500003 0.0068554765625 0.031255696875 0 0.009375 0
0 0 0.1875 0.010628621874999999 0.1875 0.014433615624999998 0.1839031125 0.030356667187500002 0.151385665625 0.0352613265625 0.12070277656249999 0.0320299109375 0.0958937765625 0.025457417187499998 0.08161286250000001 0.014466709375000001 0.0695903640625 0 0.06627048437500001 0 0.1875
1 0.31875 0 0.31875 0.028953645312499998 0.323975753125 0.051544221875 0.3309356609375 0.05625 0.34439264999999997 0.05625 0.347413253125 0.051680578125 0.3501707890625 0.0286827 0.3501707890625 0 0.31875 0
1 0.2609375 0 0.2609375 0.042705396875 0.26441438281249996 0.04375 0.2785453578125 0.04375 0.28066880156249996 0.037836365625 0.28775179687499997 0 0.2609375 0
1 0.365625 0 0.365625 0.063535 0.3742368375 0.0671875 0.379149475 0.0671875 0.37977713281250003 0.067101559375 0.384652534375 0.0581737921875 0.3891125953125 0.037413193750000004 0.3915101421875 0 0.365625 0
1 0.651050853125 0 0.645136521875 0.0255289640625 0.6399172234374999 0.079247821875 0.632429228125 0.117332021875 0.6171875 0.1496067953125 0.6171875 0.3578125 0.625078803125 0.3578125 0.6347350703125001 0.34631 0.654977528125 0.29307758125 0.6651159140624999 0.24845128125 0.6684024578125 0.2049479171875 0.6630430734375 0.1533840046875 0.663112171875 0.12290422187500001 0.6668504515625 0.10986548593750001 0.6714912562500001 0.0746348375 0.6846850703125 0.018836806249999997 0.6868131171874999 0 0.651050853125 0
1 0.5587232078125 0 0.5588465046875 0.085140725 0.55584118125 0.102721196875 0.5515625 0.11679729218749998 0.5515625 0.18675812812499998 0.5522793781249999 0.18559611250000002 0.5675420734375 0.17271799375000002 0.5786736765625 0.16907792187499998 0.5896111765625001 0.169141553125 0.598695021875 0.1747516515625 0.5995975859375 0.17244138125 0.5991867531249999 0.1603982859375 0.5869100281249999 0.09641849218750001 0.5943639828125 0 0.5587232078125 0
1 0.4814681515625 0 0.477334040625 0.008413825 0.47466786718750004 0.043599009375 0.476036190625 0.11457995000000001 0.47146747343750006 0.140627165625 0.4703125 0.1443269015625 0.4703125 0.3765625 0.48255886718749996 0.3765625 0.4923686671875 0.36478224375 0.5031981515624999 0.32460355625 0.514839890625 0.266856534375 0.517225415625 0.235375053125 0.5165858 0.2095704171875 0.5056616828125 0.148261125 0.5031195234375 0.1133185234375 0.5135603453125 0.0371742734375 0.5152145499999999 0.008494828125 0.5128494109374999 0 0.4814681515625 0
1 0.4296875 0 0.4296875 0.309031484375 0.44074715624999994 0.267592003125 0.447394559375 0.2248296296875 0.4473250578125 0.181417225 0.43429009374999994 0.11082126249999999 0.4359264234375 0.07380545 0.44367086406249995 0.0032865234375 0.44285679843750003 0 0.4296875 0
0 0.800501403125 0.323827896875 0.810336140625 0.30602449374999996 0.816280790625 0.2871053515625 0.8207814546875 0.2581102875 0.8196499203125001 0.2211825109375 0.81168290625 0.190283753125 0.79103628125 0.1533328453125 0.7766037859375 0.1413896484375 0.763115990625 0.13770694375 0.740698609375 0.14112486562499998 0.730217296875 0.14740882500000002 0.7180980671875 0.160283528125 0.7039350499999999 0.19226718125 0.7 0.21371054531250003 0.7 0.2882629109375 0.7036622749999999 0.3051573046875 0.7122470890624999 0.327686309375 0.7191436625 0.3387687109375 0.7270513624999999 0.3453125 0.7792844796875 0.3453125 0.800501403125 0.323827896875
2 0.4296875 1 1 1 1 0.926151121875 0.91328125 0.927546296875 0.4296875 0.9175600828124999 0.4296875 1