1 0.6239583328125 0.300321459375 0.628125 0.27700353125 0.6291666671875 0.24640553281250002 0.62265625 0.2286152546875 0.6158854171875 0.224261515625 0.6049479171875001 0.2293368140625 0.5984375 0.2467317234375 0.6 0.3364828703125 0.5984375 0.351361353125 0.5828125 0.406627653125 0.5786458328124999 0.4373529859375 0.5791666671875 0.47622065312500006 0.5895833328125 0.541536946875 0.5939849859375 0.5484375 0.61601133125 0.5484375 0.6203125 0.5430626078125 0.6328125 0.48977549375 0.6369791671875 0.452568678125 0.6354166671875 0.41003975156249994 0.6229166671875 0.350363903125 0.6239583328125 0.300321459375
1 0.5519542234375 0.5796875 0.5619264312500001 0.5396937796875 0.569289840625 0.48821515312499997 0.56879765625 0.4410779609375 0.5545877390625 0.36545905 0.5549217390625001 0.3367553484375 0.5623928874999999 0.2760174640625 0.563779328125 0.2463028046875 0.5603274296875 0.22993374218749998 0.5497957953125 0.21830530625 0.5425041312500001 0.21890051875 0.5346162125 0.2260197296875 0.52734254375 0.24742701875 0.5265092609375001 0.2743213875 0.5292356171875 0.30832555625 0.5293254859375 0.3453200796875 0.5237616046875 0.3763007859375 0.5080325421875 0.4312374296875 0.5078125 0.4327896296875 0.5078125 0.5494875234375 0.5121483390625 0.5796875 0.5519542234375 0.5796875
1 0.48543335 0.5796875 0.48543335 0.4066741171875 0.47770724062500003 0.3788010375 0.4739373921875 0.30834878125 0.47763184843750006 0.281196675 0.4751653921875 0.2348457875 0.47077746718749997 0.2183428953125 0.45804136250000005 0.2055311234375 0.4497080265625 0.20596785468749998 0.441345 0.2129133640625 0.4358519390625 0.22668048437500002 0.43454039218749996 0.236974853125 0.43595441093750004 0.269436853125 0.443850459375 0.332236040625 0.446387078125 0.3795128546875 0.4292938984375 0.4575657171875 0.4298659671875 0.47891660625 0.428125 0.4833090765625 0.428125 0.5082579734375 0.433997396875 0.5679419734375 0.43663817656250004 0.5796875 0.48543335 0.5796875
1 0.35655074999999997 0.5796875 0.3608356296875 0.573341190625 0.37959901406249996 0.5108949765624999 0.388525959375 0.4616693578125 0.3891492671875 0.41915253750000003 0.38162003125 0.3676340890625 0.3802895609375 0.337184615625 0.3839272375 0.302895046875 0.393585503125 0.25087649375 0.39526940312500003 0.22865427187499998 0.3907181484375 0.2098470703125 0.381453778125 0.201801675 0.37676627812499996 0.20193806875 0.3684626421875 0.2086468703125 0.359191578125 0.2315518 0.35684651875 0.2556410265625 0.35663341718749997 0.3064608703125 0.35198376875 0.34724707499999996 0.3421875 0.3749101921875 0.3421875 0.5796875 0.35655074999999997 0.5796875
1 0.320363334375 0.5796875 0.32359256406250003 0.526236515625 0.31602214375000004 0.441446846875 0.312422534375 0.43532990156249995 0.30912360781250003 0.4080533609375 0.311334171875 0.40050925312499996 0.312803753125 0.3718966828125 0.3361126046875 0.253164915625 0.33794100625 0.22635863125000003 0.3341560296875 0.2046376453125 0.32813738125 0.193678725 0.3193294375 0.18801745 0.304665096875 0.19021925312500002 0.2968063734375 0.1973386734375 0.2844224015625 0.2236901921875 0.27909875 0.2609094984375 0.2772474734375 0.3116075875 0.27860173593750004 0.31975865468750003 0.2722483234375 0.38647088749999997 0.262954803125 0.42771286562500005 0.25625 0.4458476375 0.25625 0.5796875 0.320363334375 0.5796875
1 0.27734705625 0.5796875 0.27734705625 0.378218209375 0.2711218890625 0.3571315921875 0.26946047812499996 0.3312056671875 0.2725590515625 0.2407717078125 0.27043614531250004 0.215808128125 0.267640778125 0.20484269843749997 0.2603293265625 0.19279795 0.2494973078125 0.1870448734375 0.235210653125 0.19269426875 0.22783329375 0.212276684375 0.2302331171875 0.2660532296875 0.23684575 0.3120945828125 0.23732705781250002 0.36042483281250004 0.23281099218749998 0.3960834796875 0.22751036875000002 0.4113353359375 0.22177463125000002 0.444289046875 0.2203125 0.4598323875 0.2203125 0.5372889484375001 0.2257369984375 0.5714322625 0.22779833749999998 0.5796875 0.27734705625 0.5796875
1 0.210267484375 0.30027485 0.2174776703125 0.2592578421875 0.22019715624999997 0.22226027187500003 0.2241436765625 0.20080610937499999 0.21776620625 0.18795244687499998 0.2128008984375 0.18556933125 0.2028240578125 0.1872451203125 0.1971296765625 0.1931953390625 0.1883567515625 0.21363554218749997 0.1847924 0.2543762828125 0.18561439062500001 0.2745493234375 0.1794344328125 0.32744549843750004 0.16875 0.357612803125 0.16875 0.49998421562499995 0.1756627875 0.4592609109375 0.1874794640625 0.4188146328125 0.20261794375000003 0.3817957984375 0.20897182656250002 0.3564800671875 0.20799925937500002 0.3262007703125 0.210267484375 0.30027485
1 0.17479888906250002 0.30429718437500003 0.1767640390625 0.2802231109375 0.18590267031250002 0.231741196875 0.188321315625 0.2021115671875 0.1835032640625 0.18814354687499998 0.1770347625 0.1848737359375 0.165274096875 0.189311725 0.157440984375 0.205932634375 0.1511428875 0.30212880000000003 0.1421875 0.3303088890625 0.1421875 0.5046875 0.1438125046875 0.5046875 0.1437797609375 0.47484305468750004 0.148978475 0.4238503765625 0.15884819687500001 0.38545351562499997 0.1731786703125 0.34953404843749997 0.17706774375 0.333626425 0.17479888906250002 0.30429718437500003
1 1 0 0.9747391265625 0 0.9804299875 0.03881148125 0.97188780625 0.12850104375 0.9750972265625 0.20765896874999998 0.9949733125 0.2859434265625 1 0.300727059375 1 0
1 0.8234375 0 0.8234375 0.2984375 0.8346300015624999 0.2984375 0.8457550921875001 0.28636833125 0.8640551890625 0.20946140937500002 0.8695602765625001 0.155100009375 0.8517779843750001 0.042287599999999995 0.854102765625 0 0.8234375 0
1 0.70625 0 0.70625 0.26875 0.7237475203125 0.26875 0.728920075 0.261674184375 0.7442588531250001 0.19662607031249998 0.750184190625 0.14465270624999998 0.74712813125 0.100815821875 0.7311705296875 0.031155076562500002 0.7325269921875 0 0.70625 0
1 0.8530302140625 0 0.85 0.05043803125 0.85 0.0504438984375 0.8661867937500001 0.15625 0.86820170625 0.15625 0.8773084546875 0.10518527343749999 0.8629468296875 0.0103130421875 0.8636574156249999 0 0.8530302140625 0
1 0.9634897812500001 0 0.9520833328125 0.0586998453125 0.9520833328125 0.1253665125 0.9673611109374999 0.0586998453125 0.9655600937500001 0 0.9634897812500001 0
1 0.3483723921875 0.7659952375 0.3423828109375 0.749109665625 0.3345703109375 0.74294651875 0.3220703109375 0.74530770625 0.316080728125 0.7552739859375001 0.3134765609375 0.7655652828124999 0.312955728125 0.7961420609375001 0.3171223921875 0.8404167265625 0.316080728125 0.884903615625 0.30305989218749996 0.9391378781249999 0.3 0.9615657875 0.3 0.9875 0.35983621875 0.9875 0.3619140609375 0.984887903125 0.358268228125 0.9470734953125 0.344205728125 0.8856094609374999 0.34576822812499997 0.8262865359375 0.348893228125 0.7918999421875 0.3483723921875 0.7659952375
1 0.088905284375 0.8351326406249999 0.0887938671875 0.7999899703125 0.0938476875 0.7681258515625 0.09580883125 0.733739046875 0.0944402640625 0.7171999265625 0.090061665625 0.7133946390625 0.067676603125 0.71429686875 0.0632010375 0.7188249156250001 0.062094724999999996 0.7244655015625 0.0621845953125 0.761460021875 0.065974165625 0.7935273078125 0.06297135937500001 0.8279991437499999 0.06390528437500001 0.8371733734374999 0.0533414546875 0.8953885703125 0.05 0.9066024125000001 0.05 0.984375 0.089518778125 0.984375 0.09681145468749999 0.9829572203125 0.1018294015625 0.9765348062499999 0.105105240625 0.9633167515625001 0.104753115625 0.9041425234375 0.0954283125 0.8558762390625001 0.088905284375 0.8351326406249999
1 0.2768254375 0.8944133437499999 0.2686419671875 0.868911815625 0.2662861359375 0.8309215578125 0.26707423750000003 0.7723152671875 0.26479933906249997 0.749194415625 0.259284740625 0.7350745765625 0.249799109375 0.7272052703125 0.2379305703125 0.7361937015625 0.2375 0.7379051578125 0.2375 0.79707779375 0.24461347187500002 0.86924149375 0.24204977031250002 0.8768126765625001 0.2375 0.9139416765625 0.2375 0.9875 0.2768254375 0.9875 0.2768254375 0.8944133437499999
1 0.4858352375 0.723189665625 0.4818790578125 0.720533125 0.4625380640625 0.722019775 0.4559817953125 0.7365307515625 0.44995597812500004 0.8503438687500001 0.44375 0.873884684375 0.44375 0.990625 0.47649787187500003 0.990625 0.480802775 0.988490921875 0.48360258125 0.982404203125 0.48746151718749997 0.9314782812499999 0.47630799062499996 0.8523487546874999 0.4897657984375 0.7364716234375 0.4858352375 0.723189665625
1 0.555844496875 0.7210698875 0.5313653328125 0.7232115375 0.5270135375 0.7286458828125 0.52458376875 0.7977713578125 0.5206605984375 0.8367058140625 0.5140625 0.8587960109375 0.5140625 0.9859375 0.5439733999999999 0.9859375 0.546761815625 0.9814364359375001 0.5523518421875 0.9588952453124999 0.5556035984375 0.9099123062500001 0.5462624390624999 0.8335471046875 0.5603468703125001 0.72572959375 0.555844496875 0.7210698875
1 0.218993690625 0.9587652671875 0.22530703281250003 0.9796875 0.23100822656250003 0.9796875 0.23129591875000002 0.979296734375 0.2336297390625 0.9177485843750001 0.24274758749999997 0.8640967203125001 0.2421410375 0.8464677046875 0.23870616406249998 0.8336868468749999 0.233946090625 0.75124301875 0.238837959375 0.7336945546875 0.24854918750000002 0.7260399171875 0.24923483906250002 0.720411521875 0.24494290312500003 0.714666153125 0.21994290312500003 0.7164143234375 0.21875 0.7189018484374999 0.21875 0.742698090625 0.226687425 0.8094152484375 0.22491396406250003 0.8225603140625001 0.22621935468749998 0.8429306828125 0.21875 0.880063065625 0.21875 0.9558741906249999 0.218993690625 0.9587652671875
1 0.8239312140624999 0.8759763749999999 0.8277243359374999 0.8853797328125002 0.829701703125 0.8831369671875 0.8309193046875001 0.8455731953125 0.8460969265625 0.74859195 0.8441087234375001 0.7182277125 0.8322175234374999 0.7004661921875 0.8134513625 0.7033856296875001 0.80267015 0.724385453125 0.7954559921875 0.8748318625 0.7671875 0.961598625 0.7671875 0.9953125 0.7839085406249999 0.9953125 0.8247772984375 0.9709558312500001 0.80241195 0.9478052453125001 0.79638820625 0.928870984375 0.79654981875 0.9149820953125 0.8059301421875 0.8802209296875001 0.8239312140624999 0.8759763749999999