1 0.41875 0.3040064859375 0.41290348593750004 0.2830689375 0.410443190625 0.191334078125 0.400694534375 0.17701216250000001 0.3928820328125 0.1772394828125 0.3890625 0.1863143671875 0.3890625 0.23928783281250002 0.3933722359375 0.283637240625 0.3890625 0.3063206953125 0.3890625 0.3306294796875 0.40226205000000004 0.3487558953125 0.412311571875 0.3762836203125 0.4150581125 0.41376088749999995 0.40915429531249997 0.45 0.41875 0.45 0.41875 0.3040064859375
1 0.31988890312499996 0.16731803437499998 0.316956128125 0.1766908796875 0.315095121875 0.2670778203125 0.3078125 0.29282235 0.3078125 0.3691012953125 0.3161600640625 0.3450739203125 0.34486227343750003 0.3171808109375 0.3348851265625 0.262431946875 0.342478621875 0.183447215625 0.3389351515625 0.16731803437499998 0.31988890312499996 0.16731803437499998
1 0.2662349125 0.4078125 0.2827237953125 0.4078125 0.2827237953125 0.275633521875 0.271012775 0.23689006875000002 0.2704850703125 0.1733015671875 0.267152125 0.1655455953125 0.266423384375 0.1655455953125 0.24375 0.16741885625 0.24375 0.1686715546875 0.253384146875 0.2399052453125 0.244209096875 0.30839845781249997 0.24681670000000003 0.3403429015625 0.25433855 0.37536551406249996 0.26375065468750003 0.40498276093749996 0.2662349125 0.4078125
1 0.2107914015625 0.2777449640625 0.199993890625 0.224489684375 0.1961846140625 0.218774959375 0.20040602500000002 0.20087857343749999 0.2005851140625 0.1682237671875 0.18062687500000002 0.1694953453125 0.18290336406250002 0.21823379062499998 0.168773603125 0.2663037328125 0.16875 0.2664521890625 0.16875 0.3638110328125 0.171448921875 0.3817725109375 0.1740591359375 0.3875 0.199340534375 0.3875 0.20616332499999998 0.363728740625 0.21148114843750002 0.32780863125000004 0.2107914015625 0.2777449640625
1 0.36631655625000004 0.17260874531249998 0.3681727828125 0.22097419375 0.366097234375 0.24323736093749998 0.35625 0.28152716093749997 0.35625 0.321875 0.368408534375 0.321875 0.37937632187500003 0.2826962671875 0.381347615625 0.195360040625 0.3919360203125 0.174035384375 0.389646559375 0.1665397984375 0.368552809375 0.16764527499999998 0.36631655625000004 0.17260874531249998
1 0.319247953125 0.390625 0.319247953125 0.375552784375 0.3173765421875 0.36853149375 0.316268921875 0.3268193625 0.319247953125 0.30597720625 0.319247953125 0.211037990625 0.3187708234375 0.20707939999999997 0.3178412109375 0.168145046875 0.3149733296875 0.1661412765625 0.3015625 0.1698097890625 0.3015625 0.1767547 0.307338871875 0.22410977812500002 0.3015625 0.267322059375 0.3015625 0.3286715984375 0.3032744703125 0.34389520625 0.318801659375 0.390625 0.319247953125 0.390625
0 0.4037123203125 0.44719808125 0.4037123203125 0.36907990156250003 0.39571356562500004 0.34767699531249996 0.379839653125 0.329515915625 0.36191544531250003 0.32049402968749996 0.3413479140625 0.328297978125 0.32990035156249997 0.342696203125 0.3234375 0.3604643140625 0.3234375 0.41881590468749996 0.32911690781249997 0.44094712343750003 0.3464035359375 0.46740970156249995 0.3627946984375 0.48125 0.3774020296875 0.48125 0.394946278125 0.4668249140625 0.4037123203125 0.44719808125
1 0.828125 0.351807859375 0.830976175 0.391305434375 0.8363074578125002 0.41340641875 0.8457517171875001 0.4234375 0.8629590671875 0.4234375 0.8668069468749999 0.4180830015625 0.8810343781250001 0.361101415625 0.8820543624999999 0.3516398046875 0.8820543624999999 0.2718858734375 0.872325646875 0.214835428125 0.8738137218750002 0.193463359375 0.8820543624999999 0.1436077625 0.8820543624999999 0.12003418749999999 0.87877288125 0.108931315625 0.86861990625 0.096875 0.86700261875 0.096875 0.8570725609375 0.0979710046875 0.8478140359375 0.11539615156250001 0.8482702625 0.2136806921875 0.8331337921875 0.2632700265625 0.828125 0.29154084999999996 0.828125 0.351807859375
1 0.7361853609375 0.389057046875 0.7361853609375 0.29021544375 0.7355220859375 0.28612882812499996 0.7230508484375 0.2418090640625 0.7181945437499999 0.2118880734375 0.7217434359375 0.140955978125 0.7202276453125 0.1205127671875 0.713361634375 0.1047797390625 0.7101325046875 0.102052675 0.7051410171875 0.102052675 0.6982790171875 0.104649478125 0.6911687343749999 0.12310286562499999 0.6908813578125 0.1554374328125 0.6955185453125 0.198284965625 0.69618663125 0.226988671875 0.6859375 0.27741625000000003 0.6859375 0.36893772343750003 0.6902562109374999 0.3966670578125 0.6992791828125 0.42687941093750004 0.7065382343750001 0.4328125 0.725492165625 0.4328125 0.7289666828125 0.428955359375 0.7361853609375 0.389057046875
1 0.67362444375 0.3028819671875 0.6893876109375 0.235034825 0.6906555453125 0.222053678125 0.688076409375 0.1610062046875 0.6891467546875 0.1295156328125 0.6925141874999999 0.115572196875 0.7042957609375 0.0968536734375 0.7034157171875 0.0876125953125 0.6991260125000001 0.07981950156249999 0.6893594765625 0.0725848234375 0.678308840625 0.07925722187499999 0.6736312421875 0.0936863484375 0.6750268984375 0.192705875 0.6640625 0.2406983296875 0.6640625 0.3727013 0.6673853828125 0.39185267968750004 0.6698302140625 0.396875 0.67633915 0.396875 0.6772004046875 0.39630957499999997 0.6722955046875001 0.34918735624999997 0.67362444375 0.3028819671875
1 0.95956765625 1 0.9587797921875 0.9877657546874999 0.9598181859375 0.9478600125 0.957611903125 0.9256681 0.9556611968750002 0.9183061562500001 0.9475025406250002 0.9069518265625 0.9359471562499999 0.9054333765625 0.9269668375 0.9182137390625 0.9265625 0.9209527421875 0.9265625 0.9490194437499999 0.9277335734375001 0.9627036499999999 0.9342165234375 0.9968265171875 0.9344264609374999 1 0.95956765625 1
1 0.7950571046875 1 0.8010539859375001 0.9298107156250002 0.7936880796875 0.9131064828125 0.78923965625 0.9125 0.7810004015625001 0.9125 0.7765625 0.9182970546875 0.7765625 1 0.7950571046875 1
1 0.6490903296875 1 0.6490821515625 0.9968926249999999 0.6522196671875 0.9664431812500001 0.6521352109375 0.9414219593750002 0.6464284640625 0.9249741968749999 0.6376121046875 0.9198653406249999 0.6346076984375 0.9198653406249999 0.6271576281250001 0.924188971875 0.6225285203124999 0.9355826562499999 0.624096584375 1 0.6490903296875 1
1 0.564340625 1 0.567830865625 0.9360497078125001 0.56402396875 0.9256335734375 0.555026471875 0.9196434140624999 0.5477348046875 0.9200255546874999 0.5373536078125 0.9288775078124999 0.5329889609375 0.9369525953124999 0.5282645484375 0.9556621843750002 0.5270596515625 0.9852645171875001 0.528031225 1 0.564340625 1
1 0.5288142125 1 0.5271042671874999 0.9709759171875 0.5285305859375 0.9487658187499999 0.533451825 0.9303442796875 0.5277074781250001 0.9241863515625 0.5150565640625 0.9275991156250001 0.5079236265625 0.9427253624999998 0.5058936484375 0.979750275 0.5065661234375 1 0.5288142125 1
1 0.5142945671875 1 0.5139184921875 0.997014159375 0.5108462109375 0.9572144984375001 0.5117428234375 0.9386353625 0.5040885453125 0.9291177265625 0.4928675546875 0.933154834375 0.490625 0.938108290625 0.490625 0.9875223390624999 0.49273074375 1 0.5142945671875 1