1 0.2101458578125 0.3890625 0.20610310156249997 0.3566870421875 0.2036549125 0.2705486578125 0.1935384875 0.24639992500000002 0.1799337953125 0.23968730625 0.1685384875 0.2468363015625 0.165625 0.2562514953125 0.165625 0.315713878125 0.1740718515625 0.35724615000000004 0.176350125 0.3890625 0.2101458578125 0.3890625
1 0.074339009375 0.3890625 0.0720331171875 0.382393071875 0.06889706718750001 0.36311251875 0.06297691562499999 0.256277334375 0.0532851296875 0.239544471875 0.04067194375 0.23764077968750003 0.03125 0.2466797609375 0.03125 0.295670225 0.041213759375 0.356691246875 0.043210096875 0.3890625 0.074339009375 0.3890625
1 0.1231616015625 0.3890625 0.12203991249999999 0.3786458328125 0.10624778593749999 0.32586805625 0.105897375 0.2217013890625 0.0979124265625 0.20295138906250001 0.08700725000000001 0.2001736109375 0.08070876875 0.20434027812500002 0.0796875 0.2069314359375 0.0796875 0.2959877625 0.08202903593750001 0.32586805625 0.0796875 0.34379350625 0.0796875 0.3890625 0.1231616015625 0.3890625
1 0.22573705 0.3890625 0.21665642031250001 0.34683779531250003 0.22509201874999998 0.22742063125 0.219652946875 0.2084387359375 0.206978409375 0.203125 0.20433099062500001 0.203125 0.1956023109375 0.21107886250000002 0.1953125 0.21204194375 0.1953125 0.256949034375 0.19733289062499998 0.26960316875 0.1953125 0.29751842968750003 0.1953125 0.3890625 0.22573705 0.3890625
1 0.243776190625 0.3890625 0.24598733906249998 0.37038566875 0.2447896953125 0.3467200109375 0.2339140359375 0.2978498015625 0.2417492109375 0.1922806078125 0.23501997812500003 0.1765625 0.222027909375 0.1765625 0.21875 0.18282852656249998 0.21875 0.2110320234375 0.2218531015625 0.2155780734375 0.223504240625 0.2336881765625 0.21875 0.2825594859375 0.21875 0.3641353609375 0.22281627343750002 0.3890625 0.243776190625 0.3890625
1 0.4431854109375 0 0.449775196875 0.047404245312499996 0.44985479999999994 0.07149650468749999 0.4421875 0.11501226718749999 0.4421875 0.2101418921875 0.452837021875 0.25863354375 0.46012203906250004 0.2807466703125 0.4624181796875 0.2828125 0.4887422578125 0.2828125 0.49069386406250004 0.28040443125 0.49069386406250004 0.11697296718750001 0.4762447953125 0.0673291484375 0.47408518749999995 0.0321530546875 0.4751182671875 0 0.4431854109375 0
0 0.7737563578125 0.18769087812500002 0.7629775859375 0.1731232921875 0.7480546953125 0.165809725 0.730904925 0.16793751875000001 0.717295165625 0.180031975 0.709375 0.1966539984375 0.709375 0.2270767453125 0.7210297046874999 0.2546875 0.7676325 0.2546875 0.7741102015625 0.25405847187499997 0.78031570625 0.24095899375 0.78031570625 0.2069136640625 0.7737563578125 0.18769087812500002
1 0.31875 0.8421161203124999 0.3144352 0.8396094 0.3050940203125 0.8507089484375001 0.309135559375 0.8922117249999999 0.3015625 0.9209115078125001 0.3015625 0.9546358046875 0.3046620375 0.97470246875 0.31051936874999997 0.98125 0.3171329796875 0.98125 0.31875 0.9802528468750001 0.31875 0.8421161203124999
1 0.7821845078125 0.47568088125 0.782579940625 0.41015995 0.7782669015625 0.39773584687499997 0.770643746875 0.3944208046875 0.76391558125 0.39798635 0.7605252328125001 0.40537275624999997 0.765175928125 0.46821952656250004 0.7578125 0.49943859531250007 0.7578125 0.5606462453125001 0.7649715359375 0.5871827765625 0.7671504031249999 0.5921875 0.7874314640625 0.5921875 0.7897201921875 0.581587678125 0.7897201921875 0.498904446875 0.7821845078125 0.47568088125
1 0.665756575 0.3890625 0.6699898734375 0.436816875 0.665625 0.45537044218750006 0.665625 0.5075330359375 0.6715506109375 0.525 0.686573421875 0.525 0.686573421875 0.4527323984375 0.682794515625 0.4402403875 0.6810146781249999 0.42481679687499996 0.6824459921875 0.38930170468749997 0.6823102765625 0.3890625 0.665756575 0.3890625
1 0.6931854296875001 0.3890625 0.6909146015625 0.39396298281250003 0.6932108125 0.443138775 0.6859375 0.46890833593750003 0.6859375 0.5286812484375 0.68919244375 0.5420509921875001 0.692771621875 0.546875 0.7057148265625 0.546875 0.7075621328125 0.5452764562500001 0.71215455625 0.52562631875 0.7150248203125 0.48868951406249994 0.7150248203125 0.47921492343749994 0.706414028125 0.4479064765625 0.7087102390625001 0.3937230921875 0.7063764671875 0.3890625 0.6931854296875001 0.3890625
1 0.7320903140625 0.3890625 0.7281144609375 0.390251446875 0.7225557234375 0.399295375 0.723586334375 0.4587269 0.7152789890625 0.48198271249999997 0.7140625 0.488349375 0.7140625 0.545803984375 0.7194432203125001 0.5681153578125 0.7201760390625 0.56875 0.7353303734375001 0.56875 0.737842978125 0.565531378125 0.7444281640625 0.5422755640625 0.7476993265625 0.5078225062499999 0.7462076828125 0.4880119984375 0.7385117078125 0.4587269 0.738148125 0.44063904374999996 0.74315146875 0.405324659375 0.7404014734375 0.3949887421875 0.734414234375 0.3890625 0.7320903140625 0.3890625
1 0.8099417390625 0.5760908140625001 0.8161752390625001 0.5765625 0.8208229953124999 0.5765625 0.8245690406249999 0.5722853406249999 0.8345376531250001 0.5424195640625 0.8382689656250001 0.5201052625 0.8386663578124999 0.4959480296875 0.8319101515625 0.45772892499999995 0.8388318328125 0.40358563593749996 0.8351611968749999 0.393530034375 0.8315943453125 0.3921875 0.8279505546875001 0.3921875 0.8242541921874998 0.3931491546875 0.8195348250000001 0.39945875468750003 0.8185192546875001 0.4512185265625 0.809375 0.4800851671875 0.809375 0.5755283640625001 0.8099417390625 0.5760908140625001
1 0.7824838703125 0.3890625 0.7796875 0.3917358484375 0.7796875 0.5484375 0.7805840234375 0.5484375 0.7869171640625 0.530646396875 0.7928338875 0.507460725 0.794380696875 0.48851154374999994 0.788078540625 0.4530368375 0.7889106765625 0.4358002890625 0.7958820421875 0.39969471875 0.7926182749999999 0.3890625 0.7824838703125 0.3890625
1 0.7451706140625001 0.3890625 0.7451341625000001 0.4403750046875 0.74375 0.44422548749999996 0.74375 0.48170966249999997 0.74709848125 0.5 0.7495000140625 0.5 0.75787634375 0.47968871406249997 0.7603228921875 0.466715371875 0.7580339296874999 0.41682524218749994 0.7617789187499999 0.39090528281250003 0.761144946875 0.3890625 0.7451706140625001 0.3890625
1 0.8287794796875 0.3890625 0.8346835531250001 0.392859065625 0.8401370546875 0.4053482984375 0.8361186859374999 0.4553052328125 0.8470256890625001 0.505262165625 0.849895953125 0.4957875749999999 0.8493219 0.4742544140625 0.8412851609375 0.4363560515625 0.8447294781250001 0.39070575 0.8438919828125 0.3890625 0.8287794796875 0.3890625
1 0.8755907359374999 0.3890625 0.8719969859375001 0.3911364125 0.8688396953125 0.3993190140625 0.8699878015625 0.452721253125 0.8613770093750001 0.47683839375000003 0.8573586390625 0.49923288125000004 0.8573586390625 0.5173207359375 0.86080295625 0.54057655 0.8648213265625 0.5552191000000001 0.8699878015625 0.5595257328125001 0.8783115671874999 0.5599563953125 0.8814688578125001 0.556941753125 0.8929499140625001 0.5173207359375 0.8929499140625001 0.4880356375 0.884339121875 0.4535825796875 0.888357490625 0.3984576875 0.8837293078125 0.3890625 0.8755907359374999 0.3890625
1 0.9150167343749999 0.3890625 0.912467709375 0.39328972812499996 0.912467709375 0.44669196875 0.9004125999999999 0.4854516578125 0.9009866531250001 0.510430125 0.9050050234375 0.5328246125 0.9081623140625 0.5410072140625 0.912467709375 0.5431605296875001 0.921365528125 0.5427298671875 0.925096871875 0.5371312453125 0.9337076640624999 0.4949262484375 0.9331336109375 0.47683839375000003 0.9262449765625 0.44669196875 0.925670925 0.4346333984375 0.9302633468749999 0.39328972812499996 0.9284403593749999 0.3890625 0.9150167343749999 0.3890625