1 0.16398460312500002 0 0.16329112968749998 0.0077446578125 0.16582002499999998 0.07174264062499999 0.1630973296875 0.1050623359375 0.1484375 0.153632540625 0.1484375 0.2453125 0.2027289765625 0.2453125 0.20446940468750002 0.24064367656250002 0.20371800312500002 0.186408825 0.19036018593749998 0.10692851562500001 0.1927061 0.06665073593750001 0.2022727359375 0.0098153859375 0.20198600937500003 0 0.16398460312500002 0
2 0 0.365285940625 0.1969020578125 0.3791604515625 0.4243066265625 0.390625 0.450662734375 0.390625 0.45083309062500004 0.390047978125 0.45083309062500004 0.2767340921875 0.45011948437499993 0.2637874453125 0.440540884375 0.24862836875 0.394390540625 0.24428565781249997 0.36733550937500004 0.2428806328125 0 0.2428806328125 0 0.365285940625
1 0.946845225 0 0.944890796875 0.0218424578125 0.9390625 0.0371191921875 0.9390625 0.2359375 0.9554051843749999 0.2359375 0.9595695765624999 0.2319246484375 0.9788428843750001 0.171424740625 0.9863141531250001 0.1260438140625 0.9854620984375 0.0870094 0.972732921875 0.01294844375 0.9732758359375 0 0.946845225 0
1 0.8454688406249999 0 0.8474916312499999 0.027384685937499997 0.8453659046875 0.060941721875 0.8390858218750001 0.0785668765625 0.8247227171875 0.103122678125 0.8231612281249999 0.133929178125 0.821875 0.1576592203125 0.821875 0.1651272078125 0.82705578125 0.20493895 0.829590915625 0.2417531828125 0.8402195671874999 0.27344115625 0.845782584375 0.2828125 0.8764979875 0.2828125 0.8837707781249999 0.2791669765625 0.8882111859374999 0.24453195156250002 0.899553653125 0.19944538750000002 0.9 0.179235628125 0.9 0.15531316875 0.890888015625 0.1062323109375 0.8819940640624999 0.0735102953125 0.8690244859374999 0.038389335937500005 0.870543984375 0.0003652671875 0.870608684375 0 0.8454688406249999 0
1 0.78593618125 0 0.7861764156250001 0.0187396640625 0.773746946875 0.0633797453125 0.771875 0.0827862640625 0.771875 0.12057527812499999 0.7746928453124999 0.1565299859375 0.7916950187499999 0.2241121234375 0.796830840625 0.2277658703125 0.8006791515625 0.228125 0.817990625 0.228125 0.8244616125 0.22399548125000002 0.8272599406250001 0.2090981421875 0.8272599406250001 0.0616440734375 0.8132287218750001 0.018256832812500002 0.8121409390625001 0 0.78593618125 0
1 1 0 0.9820577234375001 0 0.9816071421875 0.007534721875 0.9830357140625001 0.024201389062500002 0.99875 0.08197916718750001 1 0.09003472343749999 1 0
1 0.8806063984375001 0 0.8744642859375 0.030868056249999998 0.8780357140625 0.0553125 0.8958928578125 0.12197916718749999 0.8980357140624999 0.16753472187500001 0.8958928578125 0.19086805625 0.8980357140624999 0.193090278125 0.9091071421875 0.1903125 0.9130357140625 0.17975694375 0.925178571875 0.11975694374999998 0.9266071421875001 0.0719791671875 0.9230357140625 0.0486458328125 0.9087500000000001 0.0008680562500000001 0.9087115140625001 0 0.8806063984375001 0
1 0.722680890625 0 0.7080357140625 0.07309027812499999 0.70875 0.11086805625 0.7158928578125 0.153090278125 0.72375 0.183090278125 0.7323214281249999 0.1886458328125 0.747678571875 0.188090278125 0.7558928578125 0.177534721875 0.7608928578125 0.147534721875 0.7616071421875 0.0919791671875 0.7666071421874999 0.061979167187499996 0.7658928578124999 0.04975694375 0.7512323296875 0 0.722680890625 0
1 0.8179436390625 0 0.8108928578124999 0.023090278125 0.82875 0.09086805625 0.8408928578125 0.0564236109375 0.8451785718749999 0.025312499999999998 0.8432180515625 0 0.8179436390625 0
1 0.67353050625 0 0.6630357140625 0.0419791671875 0.6637500000000001 0.0764236109375 0.6694642859375 0.1164236109375 0.6773214281250001 0.143090278125 0.6844642859375 0.15086805625 0.702678571875 0.15031250000000002 0.707321428125 0.1419791671875 0.7094642859375 0.1186458328125 0.707321428125 0.0753125 0.715178571875 0.029756943749999997 0.715178571875 0.0186458328125 0.7093668828124999 0 0.67353050625 0
1 0.42381352968749997 0.45 0.4208505359375 0.45472643125 0.41173266406250003 0.48237329687499997 0.40569549687500006 0.53231875 0.4089873 0.636926834375 0.40754142499999996 0.6724933015625 0.40253969375 0.704660975 0.3895628109375 0.7555975375 0.3734375 0.8066013578125 0.3734375 1 0.39264873749999996 1 0.392244840625 0.97809249375 0.395027578125 0.9303147156249999 0.4014308875 0.88482461875 0.4135239109375 0.8383215906249999 0.4518925453125 0.7166448390625 0.45271515156250003 0.6488125140625 0.46653505781250004 0.5511765609375 0.469016371875 0.4978323171875 0.46384610625 0.457701403125 0.46000038125 0.45 0.42381352968749997 0.45
1 0.5296875 0.45 0.465825284375 0.45 0.4635101796875 0.4684683140625 0.4661358703125 0.5922600484375 0.459207171875 0.6554915140625 0.4406399921875 0.723820134375 0.4265625 0.7650103453125 0.4265625 1 0.454796278125 1 0.45362446875 0.9683758734375001 0.4591409171875 0.8894869859375 0.46990073906249996 0.8342115640625 0.486518653125 0.7758320109375 0.516406671875 0.689021971875 0.5149738515625 0.6198784140625 0.5178486203125 0.578767303125 0.5296875 0.5024561296875 0.5296875 0.45
1 0.361875 0.567847221875 0.3625 0.607847221875 0.369375 0.6667361109375 0.37 0.7056250000000001 0.365625 0.753402778125 0.35375 0.813402778125 0.3675 0.8822916671875 0.37124999999999997 0.887847221875 0.41 0.7422916671875 0.41187500000000005 0.655625 0.4175 0.6122916671875 0.410625 0.5534027781249999 0.409375 0.517847221875 0.4028125 0.50618055625 0.3915625 0.498402778125 0.3759375 0.508402778125 0.370625 0.5189583328125 0.36375 0.5467361109375 0.361875 0.567847221875
1 0.3453125 0.5517361109375 0.3359375 0.558402778125 0.3275 0.5756249999999999 0.3225 0.6056250000000001 0.3225 0.6400694437500001 0.3275 0.70118055625 0.32687499999999997 0.7567361109374999 0.35 0.8067361109375 0.35375 0.8022916671875 0.364375 0.7567361109374999 0.368125 0.667847221875 0.361875 0.6056250000000001 0.36062500000000003 0.56118055625 0.35281250000000003 0.552847221875 0.3453125 0.5517361109375
1 0.3046875 0.5995138890625 0.29500000000000004 0.6100694437499999 0.28875 0.6289583328124999 0.285625 0.655625 0.2875 0.70118055625 0.289375 0.713402778125 0.2940625 0.7217361109375 0.32375 0.7567361109374999 0.32687499999999997 0.743402778125 0.32687499999999997 0.7022916671875 0.320625 0.6411805562499999 0.320625 0.6067361109375 0.3153125 0.5995138890625 0.3046875 0.5995138890625
1 0.284375 0.68006944375 0.285625 0.637847221875 0.2765625 0.63506944375 0.2684375 0.640625 0.26125 0.655625 0.2575 0.6722916671875 0.25625 0.6967361109375 0.284375 0.713402778125 0.286875 0.7122916671875 0.284375 0.68006944375
0 0.36635044687499996 1 0.368125 0.9889583328124999 0.37 0.9200694437500001 0.368125 0.897847221875 0.36375 0.8800694437499998 0.36124999999999996 0.8511805562500001 0.34750000000000003 0.8045138890625001 0.334375 0.7767361109375 0.3134375 0.7428472218750001 0.2859375 0.71506944375 0.2634375 0.7017361109375 0.21781250000000002 0.698402778125 0.2034375 0.7017361109375 0.18156250000000002 0.7117361109375 0.1515625 0.7372916671875 0.1303125 0.7661805562499999 0.11125 0.8045138890625001 0.096875 0.8511805562500001 0.08875 0.8989583328125 0.08625000000000001 0.965625 0.0893855578125 1 0.36635044687499996 1
1 0.5296875 0.45 0.5296875 1 0.5748352296875 1 0.5848966734375 0.9341169578125001 0.5835415109375 0.8428056218750001 0.560330434375 0.744817090625 0.5535234703125 0.670723775 0.559591953125 0.604724825 0.57564825625 0.5200131109375 0.5773760515624999 0.4712515796875 0.57263011875 0.45 0.5296875 0.45
1 0.641559028125 0.45 0.6394791671875 0.49120479531249994 0.6461458328124999 0.5635318390624999 0.6439236109375 0.6232802671875 0.6294791671875 0.6830286953125 0.6094791671875 0.7333431609375 0.59836805625 0.785229953125 0.6161458328125 0.8811419031250001 0.6150689984375 1 0.7125297625 1 0.7294791671875 0.9440349843749999 0.7417013890625 0.8638463046875 0.740590278125 0.7742236640625 0.7328125 0.7317708328125001 0.7194791671875 0.6924626578125 0.7094791671875 0.6107016515625 0.7139236109375 0.5509532234375 0.7261458328125 0.4817708328125 0.726977365625 0.45 0.641559028125 0.45
1 0.5928125 0.780512971875 0.5972569437499999 0.7742236640625 0.59836805625 0.756928065625 0.5950347218750001 0.7050412734375 0.57336805625 0.6272110843750001 0.5694791671875 0.6374312109375 0.570590278125 0.6877456765625001 0.5928125 0.780512971875
1 0.6169685453125 0.45 0.6217013890625 0.506928065625 0.6094791671875 0.5776827828125001 0.5917013890625 0.62485259375 0.5850347218749999 0.6562991359374999 0.5961458328125 0.712902909375 0.5994791671875 0.761645046875 0.6317013890625 0.670450078125 0.6439236109375 0.6185632859375 0.645034721875 0.5588148578125 0.63836805625 0.4833431609375 0.6403315968750001 0.45 0.6169685453125 0.45
1 0.7574785625 0.45 0.760590278125 0.5006387578125 0.7572569437500001 0.5619595125 0.7494791671875 0.602840015625 0.720590278125 0.6783117140625 0.7372569437500001 0.7459217765625 0.7439236109375 0.8040978781250001 0.7428125 0.8654186328125 0.7317013890625 0.9471796390625 0.74225694375 0.9573997640624998 0.760590278125 0.9629029093749999 0.7844791671875 0.9621167453125 0.8017013890625 0.9408903296875 0.8283680562499999 0.8591293234374999 0.8405902781249999 0.785229953125 0.8394791671874999 0.7003242921874999 0.8228125000000001 0.6358588843749999 0.81725694375 0.5902613999999999 0.81725694375 0.5462362421875 0.835034721875 0.4503242921875 0.8350510906249999 0.45 0.7574785625 0.45
1 0.8488787312499999 0.45 0.8494791671874999 0.506928065625 0.83836805625 0.5619595125 0.820590278125 0.6059846703125 0.8428125 0.7270538515625 0.8405902781249999 0.7978085687500001 0.8261458328125 0.879569575 0.8517013890625 0.8874312109375001 0.870034721875 0.88350039375 0.8861458328125 0.8591293234374999 0.9094791671875001 0.7868022796874999 0.9217013890625001 0.7144752359375 0.9217013890625001 0.6515821546874999 0.9028124999999999 0.5635318390624999 0.9028124999999999 0.511645046875 0.915258928125 0.45 0.8488787312499999 0.45