1 0.396303934375 0.39390222812500003 0.3925351546875 0.3718621109375 0.391781365625 0.3375300078125 0.3940425828125 0.29090593125 0.3927809140625 0.26683185468750004 0.3864629640625 0.251010565625 0.372956871875 0.2426618140625 0.3629769375 0.2517235484375 0.357364246875 0.2693084296875 0.358638865625 0.30360410937500004 0.3632681625 0.33208929375 0.3650280359375 0.3756442296875 0.3546875 0.42797219531249997 0.3546875 0.52743571875 0.366474271875 0.582781275 0.370810553125 0.5921875 0.401836503125 0.5921875 0.40320463125000006 0.5902238453125 0.40320463125000006 0.41804792500000004 0.396303934375 0.39390222812500003
1 0.31779099375 0.5058376109375 0.31526310625 0.4705796953125 0.30208961875 0.39528877812499996 0.305373821875 0.3471588109375 0.313126571875 0.29262009375 0.3138563828125 0.2657591515625 0.309620040625 0.25039500625 0.2965527578125 0.2399734515625 0.28327316874999997 0.24530172656250002 0.2773515984375 0.2549284921875 0.2730157546875 0.26967966875 0.27146322968750003 0.303013003125 0.2734736109375 0.349382028125 0.2715329546875 0.39104869531249997 0.2578125 0.4364231046875 0.2578125 0.649149546875 0.263042571875 0.6515625 0.2846183703125 0.6515625 0.2915736 0.6434551078124999 0.3105192796875 0.5724315468750001 0.31710431093749997 0.5317726265625 0.31779099375 0.5058376109375
1 0.201441696875 0.7260156859375 0.20889951093749998 0.7099877593749999 0.22557525625000002 0.6224248390625 0.22645157343750003 0.6117183484375001 0.22645157343750003 0.5475699046875 0.21916195468750002 0.5046988984375 0.201521959375 0.4265210796875 0.2016010671875 0.3506072765625 0.2060623203125 0.3118274890625 0.2057875875 0.26460526875 0.203113390625 0.25250761875 0.19653025156249998 0.2398560859375 0.18556581875 0.234971884375 0.17257192187499998 0.23929845 0.1650925609375 0.2516226734375 0.161017465625 0.26726643437500003 0.1612868140625 0.31356273125 0.1674038359375 0.38036274375 0.1671038640625 0.41831358593749995 0.1488279109375 0.4993586546875 0.143835053125 0.5362744671875 0.1421875 0.5707325484375 0.1421875 0.5797454296875 0.14436835312500002 0.627941134375 0.15835174375 0.7041822453125001 0.16601425625 0.723339503125 0.1764590265625 0.728125 0.1972325421875 0.728125 0.201441696875 0.7260156859375
1 0.228938834375 0.4580787453125 0.226848928125 0.42598707031250005 0.2178497546875 0.372304634375 0.23058057187499997 0.26261124375 0.228226940625 0.2508110046875 0.223321884375 0.24242910625 0.21105922656249998 0.2396725953125 0.2046875 0.246613440625 0.2046875 0.5464744546875 0.20599699375 0.559375 0.2098207671875 0.559375 0.2111908796875 0.5570951546875 0.21980113124999998 0.5278783875 0.22616322968749997 0.49330339843750004 0.228938834375 0.4580787453125
1 0.1508070859375 0.412715034375 0.1435954578125 0.388103021875 0.1408659984375 0.3455104296875 0.14257350625 0.29115375781249997 0.1407340921875 0.2624500546875 0.1378793875 0.2503038328125 0.129987765625 0.23650941718750002 0.1214800234375 0.23200474531249998 0.1182096109375 0.23200474531249998 0.10961593124999999 0.23451895625 0.103728540625 0.2438999828125 0.1013749078125 0.2557732453125 0.10293083750000001 0.2881533578125 0.1093654640625 0.3318629453125 0.11210811406250001 0.382761575 0.102752921875 0.4311805515625 0.1 0.47358145625 0.1 0.5139888109374999 0.10158605624999999 0.5344748203125 0.117033096875 0.6054184 0.120929465625 0.6176192125 0.1292257140625 0.63125 0.1508070859375 0.63125 0.1508070859375 0.412715034375
1 0 0.7390625 0.0782730359375 0.7390625 0.0782730359375 0.56183728125 0.0592413203125 0.495873459375 0.05256919375 0.4630989125 0.049444075 0.40929507656249997 0.053763214062499995 0.3254697109375 0.0519850625 0.2643586015625 0.0472795625 0.245573071875 0.042623475 0.2374189984375 0.03265968125 0.22956909374999998 0.012836909375 0.22956909374999998 0.00816765 0.2324383734375 0.0019940046875 0.24359524062500001 0 0.2513606296875 0 0.3323110609375 0.0070141 0.3982582453125 0.007588934375 0.45374704687499995 0.0007643375 0.5050648765625 0 0.50828454375 0 0.7390625
1 0.07718699375 0.43391263281250003 0.0741008421875 0.403438896875 0.066243090625 0.364722740625 0.07492264843749999 0.2785389015625 0.075712009375 0.2535479921875 0.06952995937499999 0.23746701875 0.0645157296875 0.23385422656250002 0.0551407296875 0.2340178671875 0.050779959374999996 0.2377943015625 0.046933550000000004 0.2466496890625 0.050346431250000004 0.2808180375 0.048939184375 0.3076698890625 0.046875 0.323678803125 0.046875 0.54145944375 0.0486769203125 0.5509702203125 0.051634103125 0.559375 0.05775162968749999 0.559375 0.0640366640625 0.5359008515625 0.06794134843750001 0.48125304062499996 0.07718699375 0.43391263281250003
1 0.6 0.7390625 0.709120328125 0.7390625 0.709120328125 0.5842939234375 0.682182546875 0.518990771875 0.6787075921875 0.3675688734375 0.658152053125 0.34599311718750003 0.6208249421875001 0.348603284375 0.6 0.35269064375000003 0.6 0.7390625
1 0.7808747640625 0.408665734375 0.7865648046875 0.28631344062499997 0.7670708 0.2507755046875 0.7339017203125 0.2507755046875 0.7022307765625 0.2579665484375 0.6868432921875 0.2864933765625 0.7018663390625 0.3910265640625 0.6828125 0.43684310000000004 0.6828125 0.5355548125 0.7111599328125 0.6470106062500001 0.7239490828124999 0.6515625 0.7626305625 0.6515625 0.786637915625 0.635435846875 0.8127098734375 0.5338342984375 0.7808747640625 0.408665734375
1 0.900408346875 0.520169959375 0.9167316796874999 0.46032964062500004 0.9167316796874999 0.3780649078125 0.89484758125 0.32905885 0.89626050625 0.18910232656249998 0.87807173125 0.1737367171875 0.8636707484375 0.16762091875000001 0.841200325 0.16762091875000001 0.8214971468750001 0.17131091874999999 0.80246705 0.20336259218750002 0.81445961875 0.310598884375 0.790625 0.368341821875 0.790625 0.3779503703125 0.7954703999999999 0.42028593125 0.8206669859375 0.5239322171875 0.8387034046874999 0.5339603578125 0.8658278312500001 0.5375 0.8733783078125 0.5375 0.900408346875 0.520169959375
1 0.991253171875 0.133888653125 0.9827352484375 0.11283600468749999 0.964111209375 0.101059575 0.9238782859375 0.10620222187499999 0.9021313578125 0.13988465781249998 0.89375 0.20477724218749999 0.89375 0.38741345781250003 0.9026619406249999 0.434375 0.9353958062500001 0.434375 0.9445361875 0.43220947968749995 0.9798399203124999 0.35166643125 0.9744259875000001 0.200788053125 0.991253171875 0.133888653125
1 0.6 0.3504346671875 0.624668915625 0.334051653125 0.6316994984375001 0.2226816828125 0.62198205 0.19142711875 0.6 0.18699740625 0.6 0.3504346671875
1 0.654954759375 0.151853409375 0.6654727874999999 0.24482455 0.6421875 0.332636528125 0.6421875 0.3375 0.6850735578125 0.3375 0.6926825 0.2748490796875 0.74102834375 0.241745896875 0.7536075796875 0.136389534375 0.7098509015625 0.11181191718750001 0.678739790625 0.113079596875 0.654954759375 0.151853409375
1 0 0.7390625 0 0.8312013359374999 0.0067314062499999995 0.8511587500000001 0.0091829828125 0.8818144359375 0.015118673437499999 0.8828125 0.0151666375 0.8828125 0.0151666375 0.8364075578125 0.0076471281249999995 0.7486312953125001 0.004690484375 0.74081718125 0.0011953468749999999 0.7390625 0 0.7390625
1 0.3424650796875 0.8837896203125 0.3311611671875 0.833128771875 0.3327451796875 0.7650732171875 0.32716058124999997 0.75360893125 0.32012933125 0.7540184546875001 0.31467944999999997 0.77028644375 0.316285090625 0.8353822109375001 0.3140625 0.8457573843749999 0.3140625 0.950266459375 0.31435089375 0.952003375 0.3167183421875 0.95625 0.331954434375 0.95625 0.3346310671875 0.9522091937500001 0.3417215640625 0.9157340625 0.3424650796875 0.8837896203125
1 0.3775039796875 0.746245815625 0.3636095953125 0.7501954703125 0.36319421875 0.79316918125 0.3609375 0.80268294375 0.3609375 0.9015625 0.37131767031249996 0.9015625 0.37526891562500003 0.896681084375 0.383585796875 0.852045665625 0.3810541796875 0.80640330625 0.37690070468750003 0.7982336640625001 0.38182556875 0.757874040625 0.3775039796875 0.746245815625
1 0.3083744640625 0.9046875 0.3112739109375 0.8980163062500001 0.314554421875 0.8621684671875001 0.314554421875 0.8421307812500001 0.3040354109375 0.7968502531249999 0.30325963125 0.75240580625 0.2911138921875 0.75081589375 0.2890625 0.75396323125 0.2890625 0.7808990453125 0.29080264843750003 0.8001691984375 0.2890625 0.8138759765625 0.2890625 0.883625121875 0.2933536484375 0.901526253125 0.297138740625 0.9046875 0.3083744640625 0.9046875
1 0.28203125 0.8657986109374999 0.28671875 0.8130208328125 0.275390625 0.75399305625 0.267578125 0.75399305625 0.265625 0.7588541671875 0.2609375 0.819965278125 0.26171875 0.8380208328125001 0.2703125 0.8685763890625001 0.28203125 0.8657986109374999
1 0.26171875 0.8366319437499999 0.26484375 0.7810763890625 0.2609375 0.7588541671875 0.255859375 0.75538194375 0.24921875 0.7588541671875 0.24375 0.789409721875 0.246875 0.8213541671875 0.253125 0.839409721875 0.26171875 0.8366319437499999
1 0.45078125 0.7977430562500001 0.45 0.7741319437499999 0.441015625 0.7428819437499999 0.43046875 0.7463541671875 0.42578125 0.7713541671875 0.4265625 0.8005208328125001 0.43203125 0.82413194375 0.4359375 0.8282986109375001 0.442578125 0.8289930562500001 0.446875 0.82274305625 0.45078125 0.7977430562500001
1 0.42421875 0.82413194375 0.4234375 0.7963541671875001 0.412109375 0.7484375 0.403125 0.7505208328124999 0.403125 0.764409721875 0.39609375 0.7977430562500001 0.39921875 0.839409721875 0.4078125 0.86163194375 0.413671875 0.8623263890625001 0.41875 0.8560763890625 0.42421875 0.82413194375
1 0.347265625 0.8651041671874999 0.3515625 0.8560763890625 0.35546875 0.8088541671874999 0.3453125 0.7532986109375 0.335546875 0.751215278125 0.3328125 0.757465278125 0.3328125 0.8213541671875 0.3421875 0.864409721875 0.347265625 0.8651041671874999