1 0.0598354953125 0 0.0551536484375 0.017229760937499998 0.0551536484375 0.11881282500000001 0.0562448125 0.127299484375 0.059389615625 0.13125 0.0755506671875 0.13125 0.07961762343749999 0.12759675625 0.0880073328125 0.0981026015625 0.09375 0.0473665078125 0.09375 0.0347041703125 0.08749235625 0 0.0598354953125 0
1 0.11997248593750001 0 0.117095946875 0.012003184375 0.117095946875 0.0986141328125 0.117752059375 0.10290808437500001 0.12133535312499999 0.1125 0.13038612656249998 0.1125 0.14331494375 0.1048191828125 0.1515625 0.066719025 0.1515625 0 0.11997248593750001 0
1 0 0 0 0.06883868125 0.0087291015625 0.0726303109375 0.0234375 0.1023388046875 0.0234375 0.024540403125 0.0200870671875 0 0 0
1 0.030054437499999996 0 0.0422100078125 0.0523932734375 0.045902803125 0.10800802812500002 0.046709001562500005 0.109375 0.04913108125 0.109375 0.0515625 0.09850823125 0.0515625 0.005139251562500001 0.050306281249999994 0 0.030054437499999996 0
0 0 0.201630478125 0.006778021875 0.1968142125 0.018722284375000002 0.1801661140625 0.030353834375 0.14489318125 0.03125 0.134649971875 0.03125 0.105944996875 0.030040768750000002 0.0951935703125 0.0226968078125 0.077019315625 0.0098566296875 0.064038871875 0 0.064038871875 0 0.201630478125
1 0.9046875 0.56875 0.9046875 0.5676818390625 0.8944950984375 0.50551340625 0.895530115625 0.48329118437499996 0.9038899484374999 0.4265428640625 0.9046875 0.40941908437499996 0.9046875 0.4078272171875 0.8986052890625 0.38937035 0.891704196875 0.38706878749999996 0.8874447109375 0.38706878749999996 0.8797690375 0.3920954953125 0.8730247546874998 0.40857816874999997 0.8704936374999999 0.507555209375 0.8599433640624999 0.5452473203125 0.8599433640624999 0.56875 0.9046875 0.56875
1 1 0.395844325 0.9907931515625 0.395844325 0.9814169296875 0.410400609375 0.976540903125 0.42820555000000005 0.9679685812500001 0.48403411875 0.962442225 0.50372124375 0.93674429375 0.5522478765625001 0.9313871515625 0.56875 0.9463980937500001 0.56875 0.9509082 0.561105546875 0.9581322609375 0.554229709375 0.9689374109374999 0.5480674515625 0.988143496875 0.5478709796875 0.9907786078124999 0.5435678046875 0.9907671812500001 0.514059515625 0.9933656359375 0.499153696875 1 0.47538501875000005 1 0.395844325
1 0.11728005 1 0.120040925 0.9877737062499999 0.1234375 0.9450717546874999 0.1234375 0.9333826984375 0.1227113953125 0.9192794453124999 0.114430196875 0.8839112374999999 0.09852445 0.8839112374999999 0.0856127765625 0.8845126078125001 0.0789978703125 0.8982175046875 0.07058825937499999 0.9337180453125 0.0705059125 0.9343074343750001 0.0705059125 1 0.11728005 1
1 0.045324614062500004 1 0.0503616671875 0.9789330203125001 0.053125 0.9575313359375001 0.053125 0.9108095374999999 0.0457001390625 0.8848686000000001 0.042006396875000004 0.8835186546875 0.015392210937500001 0.8835186546875 0.010276995312499999 0.8930369656250001 0.0035100125000000005 0.9244429343749999 0.0035100125000000005 1 0.045324614062500004 1
1 0.1795658703125 1 0.1859375 0.973230509375 0.1859375 0.8940784484375 0.18527878125 0.8897485390625001 0.18332056562500001 0.8870650187500001 0.15744277499999998 0.8870650187500001 0.14865715156249998 0.8904982765625 0.1395835140625 0.9126973921874999 0.1385156609375 0.9190992937499999 0.1385156609375 1 0.1795658703125 1
1 0.2504542265625 1 0.2546875 0.9827690125 0.2546875 0.8938209109375 0.2521207296875 0.8904575140625 0.21982906562500001 0.8897059171875 0.21242597187499998 0.900190409375 0.2091701671875 0.9175990515624999 0.2091701671875 0.99135665 0.210563609375 1 0.2504542265625 1
1 0.309421559375 1 0.3176220640625 0.9687866781250001 0.31875 0.9616159468750001 0.31875 0.8894193953125 0.31822894375 0.8884179671875 0.31190591093750003 0.8884179671875 0.28088559687500003 0.8910477609375 0.2760945703125 0.898146803125 0.27316408281250004 0.9182626031249999 0.27316408281250004 0.9801103828125001 0.2761202828125 1 0.309421559375 1
2 0 0.8809184343750001 0.023217364062500002 0.8776233515625 0.037757595312499996 0.8793055125 0.0480449546875 0.884739859375 0.0792949546875 0.8843762328124999 0.1070715328125 0.8766476203125 0.1178150703125 0.8848536859374999 0.14698173750000001 0.8845143015625 0.161651278125 0.880640903125 0.1875636390625 0.8858934375 0.21152196874999998 0.8856146578124999 0.23098676093749998 0.8770570875000001 0.2345463921875 0.88071836875 0.2527109078125 0.88328403125 0.25567307499999997 0.8859375 0.271103971875 0.8859375 0.313713059375 0.8797971812500001 0.3209185234375 0.8834160375 0.3220479328125 0.8859375 0.3568006796875 0.8859375 0.35810422656249996 0.88529753125 0.3609375 0.8604182375 0.3609375 0.8560062078125 0.356319003125 0.8501426468750001 0.3569870921875 0.8214389437499999 0.3540219203125 0.8034227812499999 0.350225228125 0.8099466875000001 0.34247738125 0.807259815625 0.34067781875 0.81746318125 0.3327791171875 0.8212577921875 0.31821733124999996 0.8205015578125 0.31472235625 0.8140625 0.31049103906250003 0.8168887625 0.307473796875 0.8122954953124999 0.269452959375 0.8127379078124999 0.248184996875 0.80928268125 0.2403078421875 0.812151365625 0.1882460640625 0.8118314859375 0.15831789375 0.8001459531249999 0.1322115765625 0.8032267531249999 0.11769289375 0.80061866875 0.1134831234375 0.802519003125 0.11064189531249999 0.8127344921875 0.10798204843749999 0.8039715265625 0.1117787390625 0.7974476234375001 0.10842565 0.7960981265625 0.07604777812499999 0.8001775765625 0.0724666015625 0.797442221875 0.0219457640625 0.7980300859375 0.012983846875 0.8027627421875 0 0.8022894453125 0 0.8809184343750001
1 0.834015628125 0.56875 0.8270246406249999 0.5942777734375 0.8268346843749999 0.608121159375 0.826055565625 0.6098399999999999 0.826055565625 0.6798034562499999 0.8351163671874999 0.6844081953125001 0.8462566796875001 0.7031245984375 0.8623069796875 0.7625 0.8629700281249999 0.7625 0.8710245921875 0.732804759375 0.8765625 0.6747267921875 0.8765625 0.6653423953125001 0.8752850406249999 0.638496821875 0.86579149375 0.5851037015625 0.867622934375 0.56875 0.834015628125 0.56875
1 1 0.56875 0.9874110156250001 0.56875 0.9790697843749999 0.59768710625 0.9790697843749999 0.6379595453125 0.9910677953124999 0.6560121390625 0.9966440140625 0.697842459375 0.9921803171875 0.724540096875 0.9914767375 0.7338626515625 0.99221471875 0.7575101296875 0.9845536546875 0.7799814328125001 0.9886585312499999 0.78125 0.9969969453124999 0.78125 0.9972469593749999 0.7701374171875 1 0.7457448609374999 1 0.56875
1 0.9584648359375001 0.56875 0.9584648359375001 0.621797571875 0.9591433609375001 0.621875 0.9658536421875 0.621875 0.98376344375 0.56875 0.9584648359375001 0.56875
0 0.7634271421875 0.9213133906250001 0.7755000921875 0.934375 0.806215053125 0.934375 0.8308921234375 0.9253881578125001 0.8546340234375001 0.8952588734375 0.8745477875000001 0.845040696875 0.8765625 0.8305356046875 0.8765625 0.7427392671875 0.865248134375 0.707686146875 0.8482680546875001 0.6821962421875 0.8167217062500001 0.6617356265625001 0.7963768796874999 0.6633608734374999 0.7774005921875 0.6733012703125001 0.7517540578124999 0.7013699499999999 0.7381360796875 0.732769946875 0.732741371875 0.7562295265625 0.732741371875 0.8344503703124999 0.7634271421875 0.9213133906250001