2 0.477464040625 0.4066751 0.47178652187500003 0.400732175 0.44530484687499994 0.399346484375 0.33897402187500003 0.407692584375 0.33518900937499996 0.4037306375 0.28831400937499996 0.40618725 0.25303652187500003 0.41219637656249997 0.242260671875 0.4072140359375 0.092301084375 0.41368631093749997 0.049170684375 0.4214937671875 0.043823171875 0.4176137015625 0.0265625 0.4237992828125 0.0265625 0.465625 0.3985968546875 0.465625 0.4279825203125 0.4584986875 0.46700460781249997 0.457840396875 0.4729650140625 0.4540611 0.47082332656250003 0.447239484375 0.47571288906250003 0.4400493765625 0.477464040625 0.4066751
1 0.6996655984375 0.2108173609375 0.694463859375 0.20671433125 0.6856921015624999 0.2095921046875 0.681508946875 0.2200496796875 0.6801145265625 0.278355740625 0.678125 0.2858816265625 0.678125 0.4125 0.6868323281250001 0.4125 0.6895388890625 0.4114799890625 0.701336784375 0.36137999375 0.7019993828125 0.32667595 0.6958977484375 0.287887059375 0.7025136921875 0.2211931203125 0.6996655984375 0.2108173609375
1 0.658562028125 0.30052073125 0.6617299984375 0.22978289843750002 0.6544778156250001 0.214897146875 0.6450866546875 0.215904034375 0.64068473125 0.22475672812499997 0.6422527453125 0.29151889375 0.63125 0.3375890953125 0.63125 0.3898596828125 0.6396159609375001 0.425 0.6558538140625 0.425 0.65792109375 0.4227747875 0.6678940578125 0.3717679 0.6667679093750001 0.3342042328125 0.658562028125 0.30052073125
1 0.615647575 0.43125 0.6268582359375 0.43125 0.6268582359375 0.31602878749999996 0.6220248703125 0.29986972500000003 0.6203086640625 0.23621763437499999 0.6160037078125 0.22553456875000003 0.6087668046875 0.2196221296875 0.6079396671875 0.2196221296875 0.6047504765625 0.2205391078125 0.603125 0.2256446015625 0.603125 0.2818513171875 0.6063998703125 0.2986857328125 0.603125 0.32348092500000003 0.603125 0.3888749453125 0.6052338796875001 0.4063086703125 0.6123865296875 0.4289452890625 0.615647575 0.43125
0 0.708203125 0.4154513890625 0.696484375 0.4223958328125 0.6859375 0.43975694374999996 0.67890625 0.4661458328125 0.67890625 0.49114583281249996 0.68359375 0.5161458328124999 0.691015625 0.5321180562500001 0.70625 0.5494791671875 0.730078125 0.5473958328124999 0.740625 0.5314236109375 0.753125 0.4994791671875 0.753125 0.47725694374999994 0.746875 0.4453125 0.739453125 0.42934027812500003 0.727734375 0.41822916718750003 0.708203125 0.4154513890625
1 0.22396285 0.609375 0.22120595468749998 0.6103421296875 0.203125 0.6259836734374999 0.203125 0.676693121875 0.22360177656250002 0.7356237218749999 0.23139166875 0.7768228171875 0.2288765984375 0.8043337234375001 0.208017803125 0.8681964437499999 0.2054881859375 0.8963323531249999 0.2073772109375 0.922567809375 0.21247851562500003 0.945035084375 0.2225070890625 0.9705982703125 0.2339165828125 0.9905291828125 0.24168961875 1 0.24942031875 1 0.2513443703125 0.9666810078125 0.25698444062500003 0.9391519171875 0.2768691109375 0.8902928328125 0.2823491609375 0.86963874375 0.28338147812500003 0.8521351093749999 0.2790797359375 0.8221641984375001 0.2569008140625 0.7548023718750001 0.2519013390625 0.727960096875 0.2527596140625 0.691085096875 0.262614665625 0.6704055546875 0.2693299109375 0.6638048750000001 0.2888794734375 0.6561921546875 0.2911615296875 0.652116928125 0.288502034375 0.632135109375 0.283996371875 0.624349878125 0.261970065625 0.609375 0.22396285 0.609375
1 0.3118229 1 0.32003166250000004 0.98150883125 0.3279638375 0.9551861015625001 0.32833174062500003 0.9202079203124999 0.32186469375 0.8846847390624999 0.310397646875 0.849219734375 0.301021690625 0.800615184375 0.30270386562499996 0.77436518125 0.3300389828125 0.742508146875 0.3523424421875 0.7306947421875 0.35408889375 0.713187471875 0.35333534218749996 0.6957092859375 0.3506909640625 0.68824565 0.337265096875 0.668729053125 0.3210309265625 0.6589254140625 0.2987712390625 0.6554372265625 0.2726255625 0.6638603984375 0.2603221046875 0.6755574421875 0.2578125 0.6815728062499999 0.2578125 0.7670825156250001 0.270076275 0.8059715390625 0.27684790625 0.8464874484375 0.27516572968749997 0.8727374484375 0.2578125 0.9139033125000001 0.2578125 1 0.3118229 1
1 0.543395734375 1 0.5536218109375 0.9552648390625 0.55907270625 0.9167185734375 0.5606936078125 0.8848945078125 0.5583317859375 0.872917640625 0.550432234375 0.8532115734375001 0.527252909375 0.8300690671875 0.512094840625 0.8215174843749999 0.46376514999999996 0.8215174843749999 0.44973836250000004 0.828161184375 0.42920405156249997 0.8463960125 0.42470541875 0.8568427453125 0.42140587656250006 0.8717154109375 0.42164543437499996 0.904865878125 0.42869453750000003 0.9439214796875 0.44194273125 0.98760675 0.44443248124999996 1 0.543395734375 1
1 0.6 1 0.6 0.72247995 0.581506753125 0.72247995 0.5679640890625001 0.728358840625 0.5510523453125 0.7448205375 0.5442729546875 0.7582649359375 0.54375 0.7733479859375001 0.54375 0.7910623890624999 0.5467596671875 0.8176144687499999 0.55362935 0.8415936703125 0.562311184375 0.8525497390625001 0.5717463765625 0.8778808078125 0.5730185031249999 0.9259548734375 0.57061145 0.9514270734375 0.5617198 0.9959686703124999 0.5615438203124999 1 0.6 1
1 0.43645365312499995 1 0.43589174843749995 0.99691011875 0.4219100421875 0.952198878125 0.41563198906250004 0.89921825625 0.41614113750000004 0.87734325625 0.41970254999999995 0.8587935140624999 0.4243248484375 0.8484488750000001 0.42670899531249995 0.8266940328124999 0.42861361249999996 0.7986491359375 0.42490777656249995 0.769618775 0.41781509375 0.7516381515624999 0.40534444687500004 0.7361295890624999 0.391477471875 0.7277072 0.35360173125 0.7277072 0.3384694453125 0.7318440468749999 0.3240796375 0.7450053765625 0.30912275624999996 0.7690841859375 0.309194971875 0.792874240625 0.31595307031250003 0.8252298609375 0.33060342187499997 0.8681061578125 0.3396724109375 0.9087469875 0.3422882640625 0.93082224375 0.3416772859375 0.9570722421875001 0.3248244125 1 0.43645365312499995 1
1 0.6 0.609375 0.558481903125 0.609375 0.5515625 0.6193496390625 0.5515625 0.6664094515625 0.558074496875 0.6882588421875 0.565946175 0.7328125 0.5756197249999999 0.7328125 0.5864217609375 0.723830275 0.6 0.7208445734375 0.6 0.609375
1 0.51649235625 0.8281906546875 0.518830225 0.8296875 0.5268607265624999 0.8296875 0.5293321359375 0.8265816812500001 0.5360961421875 0.7656946421875 0.5456099390625 0.7389860734375 0.54755099375 0.7151705640625 0.545262534375 0.6865843390624999 0.5382353609375 0.670727396875 0.5221002234375 0.6569079 0.50288889375 0.6522983015625 0.4866207078125 0.653774928125 0.47463659375 0.6581472703125 0.45705810312499995 0.672485528125 0.45053531874999997 0.682188078125 0.45 0.6842729703125 0.45 0.762767196875 0.4597867765625 0.814625225 0.4620503625 0.8226192062500001 0.4660128421875 0.8258438 0.48542421406249997 0.8235783984375 0.50099465625 0.8246345265624999 0.51649235625 0.8281906546875
1 0.3923263890625 0.609375 0.3903125 0.61 0.378125 0.6209374999999999 0.37 0.6334375 0.366875 0.6559375000000001 0.37312500000000004 0.6915625000000001 0.383125 0.7253125 0.4096875 0.740625 0.42625 0.7653125000000001 0.43125 0.7884375 0.43 0.8403124999999999 0.43187499999999995 0.8453125 0.46687500000000004 0.8228125000000001 0.45187499999999997 0.7746875 0.44749999999999995 0.7253125 0.44749999999999995 0.6903125 0.45125000000000004 0.6753125 0.458125 0.6646875 0.4575 0.6403125000000001 0.4525 0.6240625 0.43961096875 0.609375 0.3923263890625 0.609375