1 0.0609375 0.6171296296875 0.0609375 0.596759259375 0.05703125 0.5870370375 0.051302082812500004 0.5833333328125 0.04140625 0.5870370375 0.0359375 0.5986111109375 0.0380208328125 0.665277778125 0.0244791671875 0.7106481484375 0.0223958328125 0.7245370375 0.0229166671875 0.7541666671875 0.0296875 0.7865740734375 0.0346354171875 0.797222221875 0.0427083328125 0.7976851859375 0.0518229171875 0.7953703703125 0.0578125 0.7893518515625 0.065625 0.7597222218749999 0.0692708328125 0.7328703703125 0.0682291671875 0.703240740625 0.05729166718749999 0.665277778125 0.05729166718749999 0.6393518515625 0.0609375 0.6171296296875
1 0.06953125 0.5759259265625001 0.0643229171875 0.5796296296875 0.060416667187499995 0.5884259265625 0.0614583328125 0.6356481484375001 0.058333332812500006 0.66805555625 0.06875 0.7106481484375 0.0661458328125 0.7597222218749999 0.071875 0.7606481484375001 0.078125 0.75601851875 0.0848958328125 0.7300925921875 0.0875 0.7125 0.0875 0.6921296296875 0.07864583281250001 0.6449074078125 0.08072916718749999 0.5856481484375 0.0778645828125 0.577777778125 0.06953125 0.5759259265625001
1 0.09140625 0.5731481484375001 0.0830729171875 0.571296296875 0.0791666671875 0.5773148140625 0.0802083328125 0.60601851875 0.078125 0.6291666671875 0.0791666671875 0.6495370375 0.0869791671875 0.6884259265625 0.0869791671875 0.7134259265625 0.0838541671875 0.7245370375 0.0838541671875 0.73101851875 0.0869791671875 0.7328703703125 0.0919270828125 0.73148148125 0.0958333328125 0.7226851859375001 0.1010416671875 0.6949074078125 0.1020833328125 0.6754629624999999 0.1 0.6578703703125 0.09322916718749999 0.6347222218749999 0.0958333328125 0.58101851875 0.09140625 0.5731481484375001
1 0.1533854171875 0.578703703125 0.14453125 0.58148148125 0.1395833328125 0.5930555562500001 0.14114583281249998 0.6513888890625 0.13125 0.683796296875 0.128125 0.7078703703125 0.1286458328125 0.7236111109375 0.1369791671875 0.7634259265625001 0.1463541671875 0.765277778125 0.1494791671875 0.7615740734374999 0.1546875 0.7402777781250001 0.16354166718750002 0.6865740734375 0.16354166718750002 0.66898148125 0.1583333328125 0.6523148140624999 0.1604166671875 0.5912037031249999 0.1583333328125 0.583796296875 0.1533854171875 0.578703703125
1 0.3859375 0.5912037031249999 0.3864583328125 0.6495370375 0.3802083328125 0.66898148125 0.3770833328125 0.6976851859375001 0.3786458328125 0.7189814812499999 0.38333333281250004 0.7421296296875 0.3877604171875 0.7490740734375 0.3947916671875 0.7486111109375 0.39921875 0.746296296875 0.40208333281249997 0.7384259265625001 0.4067708328125 0.6754629624999999 0.40052083281249995 0.6495370375 0.40208333281249997 0.5930555562500001 0.3971354171875 0.58148148125 0.39140625 0.58148148125 0.3859375 0.5912037031249999
1 0.42578125 0.5888888890625 0.41901041718750004 0.5879629625 0.4125 0.5995370375 0.4135416671875 0.6625 0.40625 0.690277778125 0.4036458328125 0.733796296875 0.41041666718750003 0.7745370375 0.41484375 0.7787037031249999 0.42291666718750004 0.778240740625 0.42682291718750004 0.7759259265625 0.4302083328125 0.76805555625 0.4359375 0.734722221875 0.4375 0.709722221875 0.43385416718750003 0.683796296875 0.428125 0.6625 0.43072916718750004 0.5995370375 0.42578125 0.5888888890625
1 0.45 0.6013888890625 0.44635416718750004 0.6143518515624999 0.4484375 0.6791666671875001 0.43854166718750004 0.7180555562500001 0.4359375 0.7486111109375 0.43854166718750004 0.7791666671875 0.44375 0.80694444375 0.44817708281249996 0.8148148140625 0.459375 0.816203703125 0.46458333281249997 0.8106481484374999 0.4713541671875 0.7800925921874999 0.475 0.7384259265625001 0.46458333281249997 0.684722221875 0.4661458328125 0.6115740734374999 0.46119791718750003 0.5981481484375 0.45494791718750005 0.5962962968750001 0.45 0.6013888890625
1 0.5114583328125 0.66898148125 0.5151041671875001 0.6495370375 0.515625 0.6291666671875 0.5111979171875001 0.6148148140624999 0.5018229171875 0.6083333328125 0.49453125 0.6148148140624999 0.4916666671875 0.6245370375 0.49114583281249996 0.6421296296875 0.49427083281249995 0.68194444375 0.49322916718750004 0.7050925921875 0.4817708328125 0.7541666671875 0.4796875 0.7893518515625 0.4817708328125 0.816203703125 0.4895833328125 0.859722221875 0.49817708281249995 0.8675925921875001 0.5067708328125 0.8671296296875 0.5125 0.8615740734375 0.51875 0.8375 0.5239583328124999 0.80601851875 0.5255208328125 0.7800925921874999 0.521875 0.74398148125 0.5161458328124999 0.7291666671875 0.5114583328125 0.7050925921875 0.5114583328125 0.66898148125
1 0.5591145828124999 0.6018518515625 0.55234375 0.6009259265625 0.5458333328125 0.6134259265625001 0.5463541671875001 0.6828703703125 0.5385416671875001 0.7199074078125001 0.5354166671875 0.7254629625 0.5348958328125 0.7569444437499999 0.5369791671875 0.7791666671875 0.5447916671875 0.816203703125 0.5572916671875 0.8199074078124999 0.5635416671875 0.815277778125 0.56875 0.7949074078125 0.5729166671875 0.7671296296875 0.5734375 0.7365740734374999 0.5708333328124999 0.7162037031249999 0.5625 0.684722221875 0.5651041671875 0.6152777781250001 0.5591145828124999 0.6018518515625
1 0.5919270828125 0.5935185187500001 0.58671875 0.597222221875 0.5838541671875 0.60601851875 0.5848958328125 0.666203703125 0.5760416671875 0.7041666671875 0.575 0.733796296875 0.5828125 0.7810185187500001 0.5877604171875 0.7861111109375 0.5963541671875 0.7856481484375 0.6005208328125 0.7810185187500001 0.6052083328125 0.7615740734374999 0.6083333328125 0.7226851859375001 0.6052083328125 0.6921296296875 0.6 0.6671296296875 0.6020833328124999 0.60694444375 0.59765625 0.5953703703125 0.5919270828125 0.5935185187500001
1 0.61484375 0.5898148140624999 0.6109375 0.5986111109375 0.6125 0.6504629625 0.60625 0.6763888890625 0.6052083328125 0.691203703125 0.6104166671875 0.7476851859375 0.6138020828124999 0.75555555625 0.6223958328125 0.75601851875 0.6286458328125 0.7458333328125 0.6322916671875001 0.7291666671875 0.6338541671875 0.6949074078125 0.6260416671875 0.6569444437499999 0.6276041671875 0.6004629625 0.6231770828125 0.5898148140624999 0.6184895828125 0.5879629625 0.61484375 0.5898148140624999
1 0.46588541718750004 0.5851851859375 0.4625 0.5930555562500001 0.4625 0.6004629625 0.465625 0.60694444375 0.46770833281249996 0.6208333328125 0.4640625 0.6541666671875 0.4640625 0.6745370375 0.475 0.7458333328125 0.4796875 0.7356481484375 0.4838541671875 0.708796296875 0.484375 0.691203703125 0.4760416671875 0.6486111109375 0.478125 0.5930555562500001 0.4752604171875 0.5861111109375 0.46953125 0.5833333328125 0.46588541718750004 0.5851851859375
1 0.5375 0.5949074078125001 0.5380208328125 0.6495370375 0.5291666671875 0.6958333328124999 0.5291666671875 0.7115740734375 0.5338541671875 0.7384259265625001 0.5463541671875001 0.6828703703125 0.5453125 0.616203703125 0.546875 0.608796296875 0.553125 0.5995370375 0.5526041671875 0.5921296296875 0.54609375 0.5851851859375 0.54140625 0.5870370375 0.5375 0.5949074078125001