1 0.0653645828125 0.5981481484375 0.060677082812500005 0.5953703703125 0.05078125 0.5990740734375 0.0447916671875 0.6134259265625001 0.0479166671875 0.6513888890625 0.0473958328125 0.6773148140624999 0.0369791671875 0.7106481484375 0.0322916671875 0.7393518515624999 0.0338541671875 0.76898148125 0.0411458328125 0.8013888890624999 0.0434895828125 0.8055555562500001 0.05208333281250001 0.80601851875 0.0627604171875 0.803703703125 0.0666666671875 0.7986111109375 0.0744791671875 0.7699074078125 0.07760416718749999 0.7449074078125 0.07552083281250001 0.70694444375 0.0666666671875 0.6773148140624999 0.0692708328125 0.60694444375 0.0653645828125 0.5981481484375
1 0.07161458281250001 0.5925925921874999 0.06875 0.5995370375 0.06979166718749999 0.6384259265625001 0.0671875 0.6773148140624999 0.07760416718749999 0.7189814812499999 0.07760416718749999 0.746759259375 0.0744791671875 0.76805555625 0.0802083328125 0.7699074078125 0.08645833281250001 0.7634259265625001 0.0927083328125 0.7402777781250001 0.0947916671875 0.709722221875 0.08645833281250001 0.6560185187500001 0.08854166718749999 0.5986111109375 0.0856770828125 0.5898148140624999 0.07734375 0.5879629625 0.07161458281250001 0.5925925921874999
1 0.0919270828125 0.5833333328125 0.0888020828125 0.5851851859375 0.08645833281250001 0.5921296296875 0.0880208328125 0.609722221875 0.0859375 0.6569444437499999 0.09427083281250001 0.70601851875 0.0921875 0.741203703125 0.0958333328125 0.7430555562500001 0.10052083281249999 0.7375 0.1052083328125 0.7189814812499999 0.10833333281249999 0.68194444375 0.1067708328125 0.66898148125 0.0994791671875 0.6486111109375 0.10260416718750001 0.5930555562500001 0.09921875 0.5861111109375 0.0919270828125 0.5833333328125
1 0.1661458328125 0.5976851859375001 0.16067708281249998 0.5898148140624999 0.15286458281249998 0.5916666671875 0.1463541671875 0.6013888890625 0.14791666718750002 0.6625 0.1390625 0.6893518515625 0.1354166671875 0.7125 0.1375 0.74398148125 0.1432291671875 0.7708333328125 0.1455729171875 0.7740740734375 0.1536458328125 0.7745370375 0.1572916671875 0.771759259375 0.1619791671875 0.7541666671875 0.1708333328125 0.6986111109375 0.17135416718750002 0.683796296875 0.165625 0.6671296296875 0.1640625 0.6504629625 0.1682291671875 0.6125 0.1661458328125 0.5976851859375001
1 0.45911458281249995 0.602777778125 0.45234375 0.60648148125 0.4484375 0.616203703125 0.45 0.683796296875 0.4401041671875 0.7245370375 0.4380208328125 0.746759259375 0.4390625 0.7708333328125 0.4453125 0.8078703703125001 0.44817708281249996 0.815740740625 0.4557291671875 0.81898148125 0.46328125 0.81851851875 0.46666666718750005 0.8134259265624999 0.4760416671875 0.7606481484375001 0.47552083281249996 0.733796296875 0.46510416718750003 0.6856481484375 0.46666666718750005 0.6152777781250001 0.4622395828125 0.6046296296875 0.45911458281249995 0.602777778125
1 0.42109375 0.5953703703125 0.4166666671875 0.6004629625 0.4135416671875 0.6134259265625001 0.415625 0.6671296296875 0.4078125 0.6995370375000001 0.40625 0.7402777781250001 0.4125 0.7773148140624999 0.41588541718750005 0.7824074078125001 0.425 0.7828703703125 0.43177083281249995 0.7745370375 0.4375 0.7421296296875 0.43854166718750004 0.7115740734375 0.4359375 0.691203703125 0.4296875 0.6699074078125 0.4322916671875 0.60694444375 0.42734375 0.5962962968750001 0.42109375 0.5953703703125
1 0.39140625 0.5916666671875 0.3880208328125 0.5995370375 0.3885416671875 0.653240740625 0.38125 0.6828703703125 0.3796875 0.70694444375 0.3864583328125 0.7504629625 0.3908854171875 0.7546296296875 0.3984375 0.7541666671875 0.40208333281249997 0.7495370375 0.40520833281249996 0.7365740734374999 0.4088541671875 0.68194444375 0.40208333281249997 0.6550925921874999 0.4036458328125 0.5986111109375 0.40026041718750005 0.590740740625 0.39609375 0.5888888890625 0.39140625 0.5916666671875
1 0.5119791671875 0.6726851859375 0.5151041671875001 0.6513888890625 0.5151041671875001 0.6300925921875 0.5080729171875 0.6175925921875 0.5013020828125 0.6148148140624999 0.49609375 0.61851851875 0.4916666671875 0.6319444437499999 0.4947916671875 0.691203703125 0.4916666671875 0.7199074078125001 0.48125 0.7671296296875 0.48125 0.7986111109375 0.48229166718750005 0.8143518515625001 0.490625 0.859722221875 0.4955729171875 0.8666666671875 0.5036458328125 0.8680555562500001 0.5096354171875 0.8675925921875001 0.5151041671875001 0.8578703703125001 0.5239583328124999 0.8106481484374999 0.5255208328125 0.778240740625 0.521875 0.7449074078125 0.5177083328125 0.7375 0.5125 0.7125 0.5119791671875 0.6726851859375
1 0.5596354171875 0.6083333328125 0.5528645828125 0.60648148125 0.546875 0.6134259265625001 0.5442708328125 0.6273148140625 0.5463541671875001 0.691203703125 0.5354166671875 0.7365740734374999 0.5354166671875 0.7671296296875 0.5453125 0.81898148125 0.5588541671875 0.8208333328125 0.5651041671875 0.8134259265624999 0.5697916671875001 0.790277778125 0.5723958328125 0.7699074078125 0.5729166671875 0.7384259265625001 0.5692708328125 0.715277778125 0.5614583328125 0.690277778125 0.5640625 0.6199074078125 0.5596354171875 0.6083333328125
1 0.59140625 0.5981481484375 0.58671875 0.6009259265625 0.5822916671875 0.6143518515624999 0.5838541671875 0.6763888890625 0.5760416671875 0.7050925921875 0.5744791671875 0.733796296875 0.5833333328125 0.784722221875 0.58828125 0.7888888890625 0.5953125 0.7884259265625 0.6005208328125 0.7828703703125 0.6057291671875 0.758796296875 0.6078125 0.7254629625 0.603125 0.6865740734375 0.5984375 0.6708333328125 0.6010416671875001 0.6134259265625001 0.5966145828125 0.6009259265625 0.59140625 0.5981481484375
1 0.6158854171875 0.5925925921874999 0.6119791671875 0.596759259375 0.6098958328124999 0.6050925921875 0.6114583328125 0.6513888890625 0.6041666671875 0.691203703125 0.6088541671875001 0.746759259375 0.6127604171875001 0.7574074078125 0.6203125 0.7597222218749999 0.62421875 0.7583333328124999 0.6286458328125 0.7458333328125 0.6322916671875001 0.7254629625 0.6333333328124999 0.7041666671875 0.6244791671875001 0.653240740625 0.6260416671875 0.603240740625 0.6221354171875 0.5944444437499999 0.6158854171875 0.5925925921874999
1 0.4682291671875 0.6300925921875 0.465625 0.6569444437499999 0.4661458328125 0.683796296875 0.475 0.7365740734374999 0.4791666671875 0.7449074078125 0.4838541671875 0.7273148140625 0.48541666718750004 0.696759259375 0.4770833328125 0.6495370375 0.4791666671875 0.6004629625 0.47630208281249997 0.5925925921874999 0.47057291718750005 0.5898148140624999 0.4635416671875 0.5986111109375 0.4682291671875 0.6300925921875
1 0.5369791671875 0.6041666671875 0.5380208328125 0.6523148140624999 0.5296875 0.6976851859375001 0.5296875 0.7134259265625 0.5338541671875 0.74398148125 0.5463541671875001 0.6865740734375 0.5442708328125 0.6273148140625 0.546875 0.6125 0.5518229171875 0.6074074078125 0.553125 0.6013888890625 0.5471354171875 0.5916666671875 0.54140625 0.5925925921874999 0.5369791671875 0.6041666671875