1 0.6796875 0 0.664212025 0 0.6659830734375001 0.04885373125 0.6625 0.07119885468750001 0.6625 0.1432595203125 0.6659830734375001 0.1562611390625 0.6689037765625 0.159375 0.6776898328125001 0.159375 0.6748372390624999 0.1398521015625 0.6748372390624999 0.11207432343749998 0.6796875 0.09281440937499999 0.6796875 0
1 0.6486815375 0 0.6493143921875 0.0410086703125 0.646875 0.0469482421875 0.646875 0.13125 0.6527790609374999 0.13125 0.65218355625 0.098841228125 0.6625165046875 0.0504473984375 0.6623573296874999 0.003055115625 0.6627560484374999 0 0.6486815375 0
1 0.5844993234375 0 0.584375 0.0006509140625 0.584375 0.0356442203125 0.5849987828125001 0.046430853125 0.584375 0.0507290453125 0.584375 0.16246358125 0.5850656125 0.165625 0.5992278546875001 0.165625 0.5995237734375001 0.16522256562499998 0.6066601859375 0.1379365859375 0.6103933921875 0.10629723906249999 0.6079607046875 0.083425353125 0.6005137828125 0.0572444328125 0.604968840625 0 0.5844993234375 0
1 0.2879939109375 0 0.2848958328125 0.0072711421875 0.2864583328125 0.07773251875000001 0.2760416671875 0.12527396562499998 0.2755208328125 0.15209548125 0.2848958328125 0.205419290625 0.28828125 0.21070906093750003 0.2901921375 0.2109375 0.29765168750000004 0.2109375 0.3033854171875 0.2088110015625 0.30625 0.20110747343750002 0.3125 0.1644344578125 0.3135416671875 0.1404210546875 0.3114583328125 0.11807749218750001 0.3015625 0.076760384375 0.303125 0.0092587953125 0.2994900109375 0 0.2879939109375 0
1 0.325 0 0.325 0.043096059375 0.327387753125 0.0645260328125 0.325 0.07529824375000001 0.325 0.138485640625 0.33262083750000004 0.16921628125 0.337848125 0.175 0.346911153125 0.175 0.346911153125 0.0793953625 0.34125601250000004 0.061339078125 0.33958401718750003 0.00757475625 0.337211640625 0 0.325 0
1 0.3484375 0 0.3484375 0.1453125 0.35607845312499997 0.1453125 0.3576955984375 0.14394279062499998 0.36674714062499997 0.100779115625 0.366446309375 0.07662315625 0.3607074640625 0.0466113859375 0.3636037875 0 0.3484375 0
1 0.2375 0.15977058125000002 0.2375 0.17691365781249999 0.240822284375 0.20501132656249998 0.25297855 0.25207900156249996 0.2576384890625 0.259375 0.2700444265625 0.259375 0.2700444265625 0.1249389640625 0.266768740625 0.1137069359375 0.26163658125 0.08505777812500001 0.2606177703125 0.025743970312499996 0.2552518546875 0.0123953203125 0.24978453437499998 0.008782525 0.243207940625 0.0116784921875 0.2375 0.023380275 0.2375 0.0307254203125 0.23853995781249998 0.045597518749999996 0.24315414062500001 0.0668392671875 0.24541743125 0.106663175 0.24195726875 0.1317540828125 0.238308578125 0.139234221875 0.2375 0.15977058125000002
1 0.2052770609375 0.2080839515625 0.20800127656249998 0.2109375 0.21735985000000002 0.2109375 0.21735985000000002 0.097483215625 0.2133340015625 0.0853161609375 0.2098277828125 0.021366653125000003 0.2060084953125 0.007553539062500001 0.1994113515625 0.0007833703125000001 0.19375 0.0025385015625 0.19375 0.0495344640625 0.198148828125 0.0848297203125 0.19375 0.10455684375 0.19375 0.160665328125 0.1941780171875 0.1647776 0.198564359375 0.185072196875 0.2052770609375 0.2080839515625
1 0.1528668890625 0 0.1504746265625 0.0064638874999999995 0.15207674375 0.06384099062500001 0.1471144890625 0.079636278125 0.1453125 0.0927133421875 0.1453125 0.1622343171875 0.14803779687500002 0.1759022703125 0.1486519375 0.1765625 0.16538230625 0.1765625 0.174936053125 0.126525175 0.173874578125 0.09783965 0.1665631046875 0.06922685468749999 0.1692084625 0.0071716390625000005 0.16696023437500002 0 0.1528668890625 0
1 0.1265625 0 0.1265625 0.0003672859375 0.1319102421875 0.0477344234375 0.12721312499999998 0.0987118625 0.1299931921875 0.12000209531249999 0.1353018453125 0.1403512546875 0.1401977453125 0.1515625 0.1467181765625 0.1515625 0.1467181765625 0.053119615625000005 0.14477990937500002 0.0458068171875 0.14258714687500001 0 0.1265625 0
1 0.2725407359375 0 0.271849625 0.043746049999999995 0.2703125 0.050308421874999995 0.2703125 0.1243355703125 0.28079175 0.077878040625 0.2828765234375 0.051020126562500004 0.281836296875 0.024198576562499997 0.28684013125 0 0.2725407359375 0
1 0.203125 0 0.203125 0.0056699234375 0.20504430937499998 0.007500435937499999 0.20782086249999998 0.0221483671875 0.206427071875 0.0815411328125 0.2187174921875 0.134375 0.22006152499999998 0.134375 0.2219954515625 0.11873431875 0.2219954515625 0.08537288750000001 0.214361765625 0.046747846875 0.2148285265625 0 0.203125 0
1 1 0.0899893578125 0.9975165265625 0.0783211265625 0.9914347296875 0.0621101296875 0.9759714593750001 0.0416039625 0.9615207531250001 0.035426865625 0.9490207546875 0.036520475000000004 0.9325126140625001 0.0509871484375 0.9245739625 0.0642390046875 0.9167032593750001 0.09376291406250001 0.917482940625 0.1485748109375 0.923373909375 0.20107918749999998 0.9304747453125 0.236734628125 0.9347449265625001 0.3 1 0.3 1 0.2833519296875 0.999480321875 0.24558016562499999 1 0.23506520156250002 1 0.0899893578125
1 0.7809704015625 0 0.7759440046874999 0.0008043656249999999 0.76240234375 0.014299232812500002 0.75068359375 0.0384952875 0.74443359375 0.0707208390625 0.7449544265625 0.152217475 0.7564127546874999 0.273847175 0.7567714171875 0.3 0.8299313578125 0.3 0.8319335921875 0.25937794062499997 0.8433919234375 0.1291557890625 0.8418294234375001 0.063369584375 0.8366210921875 0.040995814062500004 0.8264648421875 0.0180151125 0.8113606734375001 0.0018348859374999998 0.8073045796875 0 0.7809704015625 0
1 0.63046875 0.63597851875 0.6359375 0.49724875312499994 0.63125 0.47905680312500004 0.623828125 0.46981307031249997 0.598046875 0.471840690625 0.5890625 0.4944959390625 0.58828125 0.5333620984375 0.5953125 0.6141222390625 0.59375 0.661298996875 0.5765625 0.7344100046875 0.5703125 0.7758948140624999 0.575 0.8788089843750001 0.59140625 0.9640085796874999 0.6006651093750001 0.971875 0.631634625 0.971875 0.63828125 0.963983615625 0.65625 0.8631175640625 0.65625 0.7770064546875 0.65234375 0.7366150140625 0.63203125 0.6610239828125 0.63046875 0.63597851875
1 0.5256552828125 1 0.5326358546875001 0.9940026281249998 0.5509317703125001 0.9104920937500001 0.5571017359375 0.8552553984374999 0.5546890015625 0.7798089890625 0.5350432281249999 0.684840246875 0.5352916999999999 0.64026825625 0.544959375 0.5184286734375 0.5370219671875 0.492000840625 0.52918729375 0.4851802828125 0.5184085171875 0.4851802828125 0.5081723078125 0.4882523531249999 0.5011072375000001 0.4981269515625 0.49562743906250006 0.5171887609375 0.49858399999999997 0.6177627140624999 0.4956977625 0.688596046875 0.49077284062500004 0.7132771828125 0.4859375 0.725355246875 0.4859375 0.99808746875 0.4872447203125 1 0.5256552828125 1
1 0.46245225625 0.8171875 0.47732481718750003 0.745066290625 0.4881555875 0.716578115625 0.491445590625 0.6983449625 0.4824928078125 0.6464551796875 0.48258501875000004 0.6298477140625 0.48384184843750006 0.591018025 0.4944058015625 0.49338140625 0.4916544546875 0.47906446875 0.46352945468750006 0.48119565625 0.453125 0.485379125 0.453125 0.5418538187499999 0.45364973906249995 0.5435044078125 0.4541931984375 0.5628304500000001 0.453125 0.573834103125 0.453125 0.7797054203125 0.46089466406249996 0.8171875 0.46245225625 0.8171875
1 0.46977825937500006 1 0.476318359375 0.968822340625 0.481787109375 0.9080297484375001 0.479443359375 0.834282128125 0.452099609375 0.7146339796875 0.449755859375 0.67283080625 0.456787109375 0.5537958859375001 0.448583984375 0.52067921875 0.4340437234375 0.5099849734375 0.428827040625 0.5099849734375 0.417333984375 0.514692446875 0.406005859375 0.5438937703125 0.406005859375 0.5786159921875 0.414599609375 0.6610609671875001 0.413818359375 0.7193487984375 0.395849609375 0.798857790625 0.3921875 0.831919959375 0.3921875 0.9266284390624999 0.395849609375 0.9585800140625 0.40410502968750006 1 0.46977825937500006 1
1 0.36529460468749997 0.86297223125 0.3735798515625 0.9030908828124999 0.396303225 0.9817574453125001 0.4027078046875 0.9875 0.41026506406249996 0.9875 0.41026506406249996 0.654691609375 0.410198640625 0.65430015 0.40488272187499996 0.5111082031249999 0.3970787921875 0.48906783593750003 0.390001125 0.4830110578125 0.365195365625 0.4865162625 0.3605542828125 0.4929140203125 0.3578125 0.5072603843750001 0.3578125 0.53207059375 0.3587761140625 0.5458509234375001 0.368716696875 0.5984468453125 0.3749366984375 0.6762018921875 0.36025290625 0.768482321875 0.3593616796875 0.8005176953124999 0.36529460468749997 0.86297223125
1 0.291795965625 1 0.3075436796875 0.93760484375 0.3173603203125 0.869876840625 0.3159677296875 0.7918124578125 0.29718870000000003 0.7016952609375 0.29615514374999996 0.6765724265624999 0.2969024546875 0.6473648171875 0.3069374609375 0.575470146875 0.3087038109375 0.5268180906250001 0.3015561203125 0.5062492953125 0.29160821718749996 0.4981345046875 0.28332235625 0.4981345046875 0.27116015937500004 0.5032636046875 0.2626100609375 0.52440241875 0.2595917890625 0.5520983078125 0.25890745000000004 0.699689021875 0.25 0.7310170421875 0.25 1 0.291795965625 1
1 0.23098209218750002 0.837158403125 0.24453327656249998 0.89671698125 0.2601368484375 0.952067984375 0.26628890781250003 0.95625 0.2704466640625 0.95625 0.2704466640625 0.85755668125 0.2685792109375 0.837892725 0.2704466640625 0.7866235500000001 0.2704466640625 0.5995277046874999 0.268774896875 0.5834124140625001 0.26537567812499996 0.534801303125 0.2689991359375 0.5083169562500001 0.26495363437499997 0.48961468437499994 0.22667238437499998 0.4902828875 0.2265625 0.4904697578125 0.2265625 0.5295895578125001 0.236152353125 0.5978876843750001 0.24052277812499998 0.6603876843750001 0.22917108281249998 0.7217715296875 0.2265625 0.7734239546875 0.2265625 0.7843344 0.23098209218750002 0.837158403125
1 0.198730203125 1 0.198730203125 0.718138265625 0.1871308390625 0.68385209375 0.1803954984375 0.6158192671875 0.178208990625 0.52816014375 0.17145578749999998 0.5046854265625 0.1632440828125 0.4958736015625 0.1337996078125 0.49951519843750003 0.1328125 0.5028984375000001 0.1328125 0.5622787671875 0.13963182968750001 0.5975114265625 0.149509328125 0.6835543421875 0.137564 0.7618776890625 0.13600079062499998 0.8245822781250001 0.1481527046875 0.9008120421874999 0.17082540156249998 0.9809129546875 0.1798876890625 0.999447 0.18267000625000002 1 0.198730203125 1
1 0 0.965625 0.0365181671875 0.965625 0.04104395625 0.9614557749999999 0.05812354374999999 0.8779406281250001 0.062708603125 0.839006284375 0.0635328671875 0.7917840640625 0.0601842109375 0.7598850734375 0.0377109671875 0.6601668828125 0.0376812546875 0.617120415625 0.045458571875 0.5295476921875 0.0450652125 0.5073345609375 0.0416586828125 0.50112546875 0.0088461828125 0.501507278125 0 0.505974828125 0 0.5684557984375 0.0016280078125 0.6689183875 0 0.675537225 0 0.965625
1 0.8162487781250001 0.734375 0.8368152953125 0.734375 0.8368152953125 0.5940365296875 0.8328467234374999 0.5791132734375 0.8113792828124999 0.5289018343749999 0.8062647265624999 0.4912122734375 0.8044207515625 0.45602708750000004 0.8007975421875001 0.43681047968750003 0.79296561875 0.42214785624999995 0.7833965171875 0.41926435937499995 0.7734375 0.429702134375 0.7734375 0.4700434578125 0.7898924890625001 0.53822305625 0.7894719796875 0.5801175578125 0.7862532015625 0.6185361921875 0.7882298046875 0.6462684015625 0.79780218125 0.68914898125 0.8162487781250001 0.734375
1 0.6796875 0.7400994765625 0.6799479171875 0.7407904765625 0.6832793921875 0.7421875 0.706448384375 0.7421875 0.709375 0.739331903125 0.721875 0.6841400609375 0.7260416671875001 0.6481501859375 0.7244791671875 0.6055121296875 0.7114583328124999 0.5449480765625 0.7098958328125 0.5273100203125 0.7166666671875 0.45065517968749996 0.7166666671875 0.429358884375 0.71015625 0.4111138953125 0.700963953125 0.40539913906249997 0.7005559890625 0.40539913906249997 0.6903645828125 0.4105380171875 0.6838541671875 0.42840413593750004 0.6833333328125 0.456166759375 0.6864583328125 0.509035465625 0.6848958328125 0.5376937046875 0.6796875 0.556060675 0.6796875 0.7400994765625