1 0.3003894828125 0.609375 0.2998917375 0.6085772890625 0.29223355156249997 0.5279080734375 0.285824325 0.5159320265625 0.2786636953125 0.5129496609374999 0.273583078125 0.5211238703125 0.2648599515625 0.5180960390625 0.2584407484375 0.5394078625 0.26006295 0.55748615 0.27196579062500004 0.5952816671875001 0.27420038281250003 0.609375 0.3003894828125 0.609375
1 0.3526449203125 0.5477802046875 0.3666163359375 0.5849849234375 0.36879755468750003 0.5859375 0.381836434375 0.5859375 0.3828125 0.5846954765625 0.3828125 0.480585475 0.3727323890625 0.448510184375 0.3710801453125 0.3888563140625 0.36473973125 0.376538128125 0.35302098125 0.3755128703125 0.346419703125 0.3950024296875 0.355488296875 0.44561758124999995 0.356337190625 0.46645091875 0.3495433625 0.4907674125 0.348614434375 0.5252845828125 0.3526449203125 0.5477802046875
1 0.453125 0.609375 0.453125 0.5911308140625 0.4518914203125 0.5882582625 0.4492605921875 0.5729077078125 0.44840793437500004 0.5050340906249999 0.43503813437499994 0.4808771703125 0.432513 0.44476605625000004 0.427779084375 0.4383159265625 0.42878813437499996 0.480586071875 0.42175260000000003 0.491333309375 0.418230546875 0.50778165 0.42894809218749996 0.5719616390625 0.4285510390625 0.5885555328125001 0.4227059015625 0.609375 0.453125 0.609375
1 0.4713859328125 0.5448579828125 0.478125 0.5210200296874999 0.478125 0.46486933124999996 0.474004375 0.44602835 0.478125 0.4116603953125 0.478125 0.3640009984375 0.475113525 0.35964408593749997 0.47632801249999995 0.31858991875 0.47277194062500005 0.319038528125 0.4697256703125 0.3578727859375 0.4585986984375 0.3738292578125 0.456035625 0.4447718515625 0.45093738749999995 0.4556584375 0.45093738749999995 0.559375 0.46255947500000005 0.559375 0.4713859328125 0.5448579828125
1 0.4881667015625 0.4546875 0.49930590468749997 0.4546875 0.5039312234375 0.4476041546875 0.509375 0.4239315171875 0.509375 0.36418456718750003 0.5071180125 0.3545213265625 0.509375 0.3204852078125 0.509375 0.28441777031250004 0.506913128125 0.276770821875 0.5072767765624999 0.2559374875 0.504627253125 0.2511241046875 0.501444378125 0.2768662796875 0.4926082 0.2909051734375 0.492516696875 0.3408915359375 0.4842193328125 0.3688056796875 0.4839332203125 0.372150653125 0.4839332203125 0.44592349374999996 0.4881667015625 0.4546875
1 0.4166827171875 0.4659309234375 0.4201727828125 0.4671875 0.4203125 0.4671875 0.4203125 0.2953273234375 0.41370594218749995 0.2850252 0.41141162343750004 0.261445921875 0.40854374218749995 0.25947400625 0.4074559421875 0.28527986875 0.402006978125 0.298034534375 0.40833612343750003 0.3479072015625 0.40225427343750003 0.3996780921875 0.40412335781250003 0.428844759375 0.4166827171875 0.4659309234375
1 0.4578125 0.308221440625 0.45321560156249996 0.2898554375 0.4527518078125 0.25928169687499997 0.44205675156249996 0.2546875 0.4419932140625 0.2546875 0.4379646515625 0.261016078125 0.43993435156249994 0.2901645625 0.43447665156250004 0.3097544765625 0.4336043171875 0.3459201390625 0.44210698125 0.38186759531250003 0.44700544999999997 0.3875 0.4509447875 0.3875 0.453270853125 0.387168578125 0.4578125 0.38097524374999997 0.4578125 0.308221440625
0 0.76875 0.5054754171875 0.76875 0.4328045796875 0.7660992578125001 0.4283812796875 0.7488686328125 0.42695524531249995 0.737818328125 0.44096612031250004 0.7339070921874999 0.45749639062499997 0.734553978125 0.4713852796875 0.7396694109374999 0.49187688906249993 0.7450270203125 0.5008171578125 0.7499094921875 0.50625 0.7684291140624999 0.50625 0.76875 0.5054754171875
1 0.9625 0.1109192171875 0.9625 0.060995435937499995 0.9601496859375 0.052113195312500006 0.9605425999999999 0.02354619375 0.9534170281249998 0.020616225 0.9512053281250001 0.0236519125 0.9544205203124999 0.051611959375 0.9495591109374999 0.0724070203125 0.9497551203124999 0.08995404375 0.9551253562500002 0.1109375 0.9624925515625 0.1109375 0.9625 0.1109192171875
1 0.896875 0.019933217187499998 0.8962687031250001 0.019143043749999998 0.888487146875 0.022933707812500002 0.8919949140625001 0.0434011125 0.888734709375 0.056170009374999996 0.8881434125000001 0.0699861265625 0.8927547375 0.09881111875000001 0.8941827828125 0.1015625 0.896875 0.1015625 0.896875 0.019933217187499998
1 0.8801606156249999 0.1015625 0.8843492390625001 0.09324374375 0.884375 0.09280578125 0.884375 0.056517071875000005 0.8800677328125 0.038486798437500004 0.8814578453124999 0.023726546875 0.8754413249999999 0.021202571875 0.872636 0.026195129687500002 0.873860828125 0.041972246875 0.8698773203125001 0.057567484375 0.8690080390624999 0.0723459234375 0.872434715625 0.0983809765625 0.8746068843749999 0.1015625 0.8801606156249999 0.1015625
1 1 0.019022221875000002 0.9982421890625 0.01812676875 0.9958984390625 0.0222661625 0.9974609390625 0.0389510109375 0.9922526078124999 0.0583348515625 0.9912109390625 0.077767175 0.9948515609375 0.1 1 0.1 1 0.019022221875000002
1 0.1659321859375 1 0.1527403140625 0.9540130140624999 0.150406540625 0.9206569484375 0.15368086718750001 0.856949915625 0.151735225 0.831927184375 0.14792850156249998 0.825574890625 0.1159619390625 0.8260317656249999 0.11468305625 0.8572022031250001 0.1235852875 0.914328503125 0.125461253125 0.9546062828125 0.117217878125 1 0.1659321859375 1
1 0.42720633125 1 0.42119047812500005 0.9782032125000001 0.41977699687500003 0.8479894109374999 0.40919077656249997 0.8269961406250002 0.3935091828125 0.8242402406250001 0.384281190625 0.836580303125 0.381665525 0.8488069015624999 0.39228422812499997 0.97567424375 0.3875600390625 1 0.42720633125 1
1 0.580415284375 0.609375 0.5876220109375 0.6694414125 0.5864874437500001 0.6897511640625 0.576011025 0.744001928125 0.573048553125 0.780902571875 0.57941130625 0.8393419890625001 0.5955735515625 0.9 0.5958031359375 0.9 0.595985071875 0.8601669984375 0.6055923234375 0.8095896312499999 0.6059008546875 0.7938792 0.6078125 0.781013315625 0.6078125 0.6813972453125 0.6018238640625 0.6393405 0.599960834375 0.609375 0.580415284375 0.609375
1 0.715625 1 0.715625 0.9573317812500001 0.6987126265625 0.8966910296874999 0.6956106234374999 0.8715087609375001 0.6929696203125 0.8066939468750001 0.698360125 0.735200796875 0.69650405625 0.6769130296875 0.692179109375 0.659927396875 0.6806908609375 0.6390858640625 0.6688929703125 0.62975005625 0.6579554703125 0.6287931515625 0.6418170046875 0.6402979671875 0.6373029671875 0.6505132296875 0.6330001203125 0.6722797828125 0.6360110390625 0.733436459375 0.6428417015625 0.7737069453125 0.6480040453125 0.8239803468750001 0.6492941859375 0.8683792234375 0.647708690625 0.893151390625 0.628746159375 0.9754512671875 0.624919903125 1 0.715625 1
1 0.8231946265625 0.609375 0.8207143515624999 0.6209581328125 0.8225863015625 0.6625762828124999 0.8335628359375 0.7304599734374999 0.8339960671875 0.7886235 0.817365578125 0.86260465625 0.813514075 0.8891896671874999 0.8121343890624999 0.9214272687499999 0.8174493625 0.9825868953124999 0.82149294375 1 0.8734375 1 0.8734375 0.8023729890625001 0.8714932109374999 0.7977532375 0.8684586703124999 0.732085271875 0.8723920609375 0.6621272921875 0.8711675812499999 0.6297684 0.8664210484374999 0.6138578531250001 0.8640417890625001 0.609375 0.8231946265625 0.609375
1 0.9450447953125 0.609375 0.9445569109375 0.6136599125 0.9471429515625001 0.7016774359375 0.9454151656249999 0.73216024375 0.9217763796874999 0.8035276343750001 0.914599553125 0.8578844421875 0.914987421875 0.891217775 0.9258098312499999 0.9711929781249999 0.9285109640625 0.9796172484374999 0.9355942734374999 0.9890625 0.9607797968749999 0.9890625 0.9659894156250001 0.9790749265625 0.9784823171875001 0.9341592515624999 0.98125 0.9200681781250001 0.98125 0.7823850421875 0.9752427296875 0.7452339859375 0.9745171875 0.727623209375 0.9762234265625 0.69528855 0.98125 0.6629926968750001 0.98125 0.609375 0.9450447953125 0.609375
1 0.5975603625 0.609375 0.596875 0.623581934375 0.6046875 0.71348765625 0.6036458328125 0.7458829421875001 0.5947916671875 0.790224359375 0.5932291671875001 0.811502475 0.5822916671875 0.8502640921874999 0.5796875 0.8679807078125 0.5796875 0.8932893468750001 0.5802083328125 0.9150546671875001 0.5859375 0.9669731828125 0.59342020625 1 0.6089338703125 1 0.6109375 0.9830048250000001 0.6333333328124999 0.899932090625 0.6390625 0.8509246812499999 0.6380208328125 0.8046162656250001 0.6307291671875 0.7313832703125 0.6291666671875 0.6813650890625 0.6328125 0.6554815859375 0.6432291671875 0.6296768703125 0.64375 0.61903478125 0.64375 0.609375 0.5975603625 0.609375
1 0.711314390625 0.674529440625 0.7091409343749999 0.6804204859375 0.7076479375 0.724011846875 0.70763148125 0.7241494828125 0.70763148125 0.7601941203125 0.7090912390625 0.7609375 0.718591525 0.7609375 0.7203125 0.7389315125 0.7203125 0.680487528125 0.711314390625 0.674529440625
1 0.7539059109374999 0.609375 0.7539246328125 0.610272109375 0.7581813234375 0.64278864375 0.7594353734375 0.7084930093749999 0.74210109375 0.7781722390625 0.739583465625 0.8252489593749999 0.7437396656249999 0.8697843437499999 0.7603242203125 0.9424976375 0.7703691578124999 0.9546875 0.7858002203125001 0.9546875 0.7925656421875 0.9496347140625 0.797044715625 0.936381571875 0.7984375 0.924964825 0.7984375 0.7474355312500001 0.789740709375 0.7123256828125 0.7879265140625 0.675270459375 0.7927034953125001 0.609375 0.7539059109374999 0.609375