1 0.415625 0.2492657140625 0.415625 0.1330028828125 0.41217292656250004 0.12147176875000001 0.4094813828125 0.0900753171875 0.40459330781249997 0.08164040156249999 0.3993849734375 0.0820655546875 0.3968452796875 0.078125 0.39652095468750004 0.078125 0.3962179234375 0.08650856875 0.3938563828125 0.091350775 0.395506259375 0.12283225625000001 0.387891134375 0.16715856406250001 0.3891657515625 0.2014603390625 0.39812024375 0.2425743078125 0.40719068593749996 0.2515625 0.40745036093750003 0.2515625 0.414751334375 0.2505155953125 0.415625 0.2492657140625
1 0.3324771375 0.24156103906249998 0.34013879999999996 0.2550246515625 0.34001545312500003 0.265625 0.35758409375 0.265625 0.3640625 0.2386426546875 0.3640625 0.17279605468749998 0.35660050625 0.1393259015625 0.3581593328125 0.0949482109375 0.3417800171875 0.091582034375 0.3393985578125 0.09467258125 0.3393339140625 0.1002281375 0.34174414531249997 0.11706168749999998 0.3415071140625 0.1374320578125 0.3305874875 0.175668575 0.3305874875 0.2302079703125 0.3324771375 0.24156103906249998
1 0.285393615625 0.265005246875 0.2835493875 0.28125 0.300518409375 0.28125 0.3021769921875 0.2789941296875 0.3070172015625 0.255870221875 0.309375 0.22329696718749997 0.309375 0.20061480937499998 0.30214134531250003 0.15489884375000001 0.3069906140625 0.095657765625 0.30424726875 0.09147443281249999 0.2922681 0.09140474062500001 0.28618422187500003 0.094610634375 0.2888960359375 0.144634875 0.28753107031249997 0.1557399265625 0.277158884375 0.18910649531249998 0.277158884375 0.249516615625 0.285393615625 0.265005246875
1 0.3167186609375 0.2484375 0.32216106718750004 0.2484375 0.32567998125000003 0.2402317203125 0.3265625 0.23523808750000003 0.3265625 0.15652000625 0.3191872703125 0.124527340625 0.317804303125 0.0949037734375 0.309637090625 0.09175696718750001 0.3063729125 0.095963028125 0.30784564531249997 0.110765721875 0.3042447546875 0.13025865 0.304675821875 0.145073465625 0.3185139640625 0.20882296406249998 0.31910668124999997 0.22919333437499997 0.3167186609375 0.2484375
1 0.24375437500000002 0.266511309375 0.246875 0.240833771875 0.246875 0.19723106875000002 0.24193599531249999 0.1564594546875 0.246875 0.13606919374999998 0.246875 0.093040628125 0.2352454609375 0.09317595 0.23045384218749998 0.0973941296875 0.2281622703125 0.1057456421875 0.228486775 0.14366618281250002 0.225975525 0.1723698890625 0.2214535046875 0.1873356953125 0.2214535046875 0.2984375 0.2339436203125 0.2984375 0.23551395937500003 0.29528167656250004 0.24375437500000002 0.266511309375
1 0.20874545156250002 0.225815834375 0.210340934375 0.1999050640625 0.20324990468749998 0.159467415625 0.2005784 0.154002790625 0.20261088906250002 0.13546911718750002 0.2125 0.09598345312499999 0.2125 0.09541665 0.2070959796875 0.09375 0.201522590625 0.09375 0.1916514 0.0946821671875 0.1874806109375 0.09803656875 0.1864403171875 0.1553378921875 0.1797572640625 0.172448575 0.1797572640625 0.287398109375 0.1838518046875 0.2875 0.183973425 0.2875 0.1911855375 0.284983421875 0.1983466515625 0.270457290625 0.20874545156250002 0.225815834375
1 0.1398184671875 0.2551498171875 0.1411667609375 0.263076121875 0.1427961734375 0.265625 0.1603838078125 0.265625 0.16534062968750002 0.2545528375 0.1703125 0.228515434375 0.1703125 0.1665465265625 0.1678911484375 0.1490215421875 0.1654486328125 0.1435872765625 0.1673973765625 0.09448894531249999 0.14892126249999998 0.094887146875 0.1464562734375 0.099162975 0.14740805937499998 0.1379548328125 0.14283726562500002 0.15203778750000002 0.1419392484375 0.1650250078125 0.1398184671875 0.1742685859375 0.1398184671875 0.2551498171875
1 0.13075003125 0.2484375 0.134375 0.243099021875 0.134375 0.146604046875 0.12791773281250002 0.122103675 0.127109484375 0.09432589531249999 0.1112105953125 0.09460280625 0.1080003015625 0.10077900312500002 0.1091677328125 0.12297697031249999 0.099631203125 0.1716345375 0.1012835875 0.21049916875000002 0.10617767812500001 0.23530510468750002 0.11096359062500001 0.2484375 0.13075003125 0.2484375
1 0.25559249375 0.1949888765625 0.25921678125000003 0.1986289421875 0.2611654421875 0.2217407265625 0.25831886875 0.2634528484375 0.259564925 0.2671875 0.2609727234375 0.2671875 0.26351642656249996 0.26521378906250004 0.26875 0.242852709375 0.26875 0.173287525 0.2611348171875 0.13749055937500002 0.2618926734375 0.0967407265625 0.2522707234375 0.094594096875 0.24886645000000002 0.0978939296875 0.2513036265625 0.12655217968750002 0.24836514687500003 0.1534518078125 0.24836514687500003 0.16796405625 0.24895633281250001 0.1719589140625 0.2551578546875 0.18018315468749999 0.25559249375 0.1949888765625
1 0.2237270203125 0.2066281390625 0.22420854218750003 0.2353682671875 0.2265059171875 0.2390625 0.2265625 0.2390625 0.2265625 0.13331730625 0.22520995937500002 0.1294849296875 0.220856265625 0.094518265625 0.2163483484375 0.092513021875 0.2131084359375 0.0969164203125 0.20909994843750002 0.116688646875 0.2077244765625 0.152055934375 0.2138381640625 0.17761765624999998 0.2211586765625 0.192884934375 0.2237270203125 0.2066281390625
0 0.27225940625 0.4590796734375 0.28702664843750003 0.478125 0.31197931093750003 0.478125 0.3174821390625 0.47545864687500006 0.33125 0.44737360312499996 0.33125 0.38716361718750003 0.3228563578125 0.3651105984375 0.312309453125 0.351330009375 0.3007164140625 0.34630024531250003 0.2846244609375 0.34758827187499997 0.2754649953125 0.3546682984375 0.26627411875 0.36960959843749996 0.2595482265625 0.3887994125 0.25860538593750004 0.4100411453125 0.264128078125 0.43890854062500007 0.27225940625 0.4590796734375
1 0.759665403125 0.278125 0.796875 0.27475022031249996 0.796875 0.1966377359375 0.7865081703125 0.15834646562500002 0.787132459375 0.09041375 0.78444091875 0.0590172984375 0.781920853125 0.05085402812499999 0.7743800828125 0.0417057609375 0.769647 0.040625 0.7644812640625 0.040625 0.7579560437499999 0.0476958796875 0.754704890625 0.06051474375 0.75650034375 0.09477400312499999 0.7620257296874999 0.12035980625 0.7644746437500001 0.1471266265625 0.7638826578125 0.1657726921875 0.75155740625 0.2300111125 0.7511368968750001 0.2718903546875 0.7546425343750001 0.278125 0.759665403125 0.278125
1 0.7785729390625 0.051914982812499996 0.7818236796875 0.063706003125 0.782520575 0.0934023859375 0.7775458484375 0.1625798171875 0.7913426703125 0.23110695468750003 0.7943069546875 0.2734375 0.80625 0.2734375 0.80625 0.1935047359375 0.794036453125 0.1339848609375 0.7983035093749999 0.036036971875000004 0.7930233062500001 0.019482815625 0.7852754515625 0.013426612499999999 0.7784938453125 0.013918643750000001 0.7708394078125 0.0222309796875 0.76834836875 0.035242625 0.76834836875 0.040555104687499996 0.7785729390625 0.051914982812499996
2 1 0.2786992234375 0.659375 0.2786992234375 0.659375 0.3984375 0.68346949375 0.3984375 0.9576137687500001 0.3958966765625 1 0.398023878125 1 0.2786992234375
2 0.659375 1 0.659375 0.75 0 0.75 0 0.774298675 0.00016561875 0.779990621875 0.4726346765625 1 0.659375 1