1 0.5610722828125 0 0.5324594109375 0.0203968828125 0.5294778015625 0.05073834687499999 0.5236104390625 0.0552803765625 0.5304981703125 0.06323834687499999 0.5252685359375 0.0755928765625 0.5321562640625 0.083550846875 0.5264164453125 0.0896553765625 0.5326664453125 0.08980084687499999 0.5398729125 0.13987358125 0.55157516875 0.30233721406249997 0.5309085765625 0.3296875 0.8029540515625 0.3296875 0.8012881281249999 0.3237446609375 0.799885125 0.3065571609375 0.807697625 0.3067389984375 0.80801661875 0.272436734375 0.8175511140625 0.25550380625 0.8203254281250001 0.232175409375 0.8404467390624999 0.19209592343749998 0.84347614375 0.1718925265625 0.85364836875 0.1627721 0.8556254578125 0.148782334375 0.8661803203125 0.1443494078125 0.8655108984375 0.078833509375 0.874758353125 0.0774892171875 0.8714421625 0.0368642171875 0.8615569796875 0.030396010937500002 0.8531865 0.013826106250000001 0.8291430406250001 0 0.5610722828125 0
1 0 0.734375 0.0089220875 0.734375 0.0097488453125 0.73343009375 0.0097488453125 0.6748141375 0.0078301609375 0.6657735921875 0.00141250625 0.6508375515625 0.001396015625 0.6378988343750001 0 0.6369639796875 0 0.734375
1 0.0364583328125 0.6401041671875 0.0330729171875 0.6350115734375 0.0278645828125 0.6350115734375 0.025 0.639178240625 0.025520832812499998 0.6614004625 0.0182291671875 0.695659721875 0.01875 0.7188078703125 0.0260416671875 0.7465856484375 0.03359375 0.7470486109375 0.0375 0.7428819437499999 0.0432291671875 0.7132523140625 0.0432291671875 0.69288194375 0.0359375 0.6604745375000001 0.0364583328125 0.6401041671875
1 0.07291666718749999 0.6373263890625 0.06328125 0.6350115734375 0.05989583281250001 0.6364004624999999 0.0614583328125 0.670659721875 0.055208332812500004 0.6993634265625 0.0536458328125 0.7225115734375 0.05989583281250001 0.7558449078125 0.065625 0.7586226859375 0.071875 0.7558449078125 0.0734375 0.7419560187500001 0.078125 0.7280671296875 0.0791666671875 0.7114004625 0.0713541671875 0.6715856484375 0.07291666718749999 0.6373263890625
1 0.05208333281250001 0.726215278125 0.061979167187499996 0.6651041671875 0.0614583328125 0.6373263890625 0.0596354171875 0.6359375 0.0546875 0.6382523140625 0.0458333328125 0.689178240625 0.0463541671875 0.7058449078125 0.05208333281250001 0.726215278125
1 0.096875 0.682696759375 0.09375 0.6373263890625 0.09140625 0.6350115734375 0.0880208328125 0.6373263890625 0.0880208328125 0.6595486109375 0.0802083328125 0.6965856484375 0.08125 0.7215856484375001 0.0869791671875 0.7447337968750001 0.0901041671875 0.7410300921874999 0.0901041671875 0.7132523140625 0.096875 0.682696759375
1 0.1078125 0.6373263890625 0.09505208281250001 0.6359375 0.09427083281250001 0.6493634265624999 0.0973958328125 0.6771412031249999 0.090625 0.7132523140625 0.0901041671875 0.7410300921874999 0.0947916671875 0.76695601875 0.1020833328125 0.769733796875 0.10703125 0.7683449078125 0.1098958328125 0.7604745375 0.1135416671875 0.7410300921874999 0.1140625 0.7132523140625 0.1057291671875 0.6780671296875 0.1078125 0.6373263890625
1 0.10729166718750001 0.6780671296875 0.1145833328125 0.7151041671874999 0.125 0.670659721875 0.1244791671875 0.6558449078125 0.12005208281249999 0.6359375 0.11614583281249999 0.6373263890625 0.10729166718750001 0.6780671296875
1 0.1354166671875 0.644733796875 0.1341145828125 0.6350115734375 0.1213541671875 0.6373263890625 0.12395833281249999 0.6725115734375 0.1171875 0.6993634265625 0.1166666671875 0.7280671296875 0.1203125 0.7502893515625 0.12552083281249998 0.757696759375 0.13203125 0.758159721875 0.134375 0.75491898125 0.1359375 0.7410300921874999 0.14010416718750002 0.7345486109375 0.1416666671875 0.7252893515625 0.14114583281249998 0.6993634265625 0.13333333281249998 0.6715856484375 0.1354166671875 0.644733796875
1 0.1614583328125 0.6364004624999999 0.15859375 0.6340856484375 0.1505208328125 0.6364004624999999 0.1515625 0.6604745375000001 0.1432291671875 0.6984375 0.1447916671875 0.7225115734375 0.1494791671875 0.7428819437499999 0.1526041671875 0.7465856484375 0.1591145828125 0.7470486109375 0.16354166718750002 0.7419560187500001 0.16875 0.7132523140625 0.1677083328125 0.6882523140625001 0.1604166671875 0.6586226859375 0.1614583328125 0.6364004624999999
1 0.1859375 0.6364004624999999 0.18203125 0.633159721875 0.1760416671875 0.6364004624999999 0.1760416671875 0.6502893515625 0.16875 0.6808449078125001 0.1697916671875 0.7132523140625 0.1734375 0.72991898125 0.1770833328125 0.7345486109375 0.18411458281249998 0.7350115734375 0.18802083281249998 0.7308449078125 0.1932291671875 0.694733796875 0.1916666671875 0.6715856484375 0.1859375 0.651215278125 0.1859375 0.6364004624999999
0 0.1330688484375 1 0.1375 0.97899305625 0.1375 0.9632523140625 0.13229166718750002 0.94195601875 0.1236979171875 0.9294560187500001 0.1158854171875 0.9248263890625001 0.10703125 0.9248263890625001 0.09609375 0.9313078703125001 0.08854166718749999 0.944733796875 0.0838541671875 0.964178240625 0.0838541671875 0.9808449078125001 0.0884719125 1 0.1330688484375 1
2 1 0.6710021968750001 0.829223784375 0.6670273359375 0.509375 0.6670273359375 0.509375 0.717166740625 0.5184207171875 0.7152433171875 0.534348046875 0.7193106968749999 0.5399054359375001 0.7014187953125 0.5417455328125 0.6857507890625 0.549394496875 0.6743767375 0.5896498296875 0.6771620234375 0.6117337125 0.724808534375 0.6213354625 0.7278045171875 0.626850246875 0.7348641265625 0.6354474328124999 0.7669479796875 0.7378248515625 0.766558340625 0.8039033484375 0.7736413359375 0.9157313484374999 0.7743958281250001 0.9612032593750002 0.7837716984374999 0.9819610093750001 0.7833306734375001 0.9859847593750001 0.7880451609375 0.9891770953125001 0.7825744640625001 1 0.7813088406250001 1 0.6710021968750001
1 0.8796875 0.559259259375 0.8763020828125001 0.5550925921875 0.86171875 0.5550925921875 0.859375 0.5953703703125 0.8494791671874999 0.6351851859375 0.8473958328125001 0.6583333328125001 0.8513020828125001 0.6699074078125 0.8729166671874999 0.6703703703125 0.8940104171875 0.6699074078125 0.8958333328125001 0.6648148140625001 0.8932291671874999 0.6453703703125 0.88125 0.5953703703125 0.8796875 0.559259259375
1 0.8322916671874999 0.5583333328125001 0.8299479171874999 0.5550925921875 0.8143229171874999 0.5541666671875 0.8114583328125 0.559259259375 0.8125 0.5962962968750001 0.8020833328125001 0.6379629625 0.8046875 0.6648148140625001 0.8098958328125001 0.6703703703125 0.8440104171874999 0.6699074078125 0.8473958328125001 0.6666666671874999 0.8447916671875 0.6453703703125 0.8322916671874999 0.5962962968750001 0.8322916671874999 0.5583333328125001
1 0.7911458328125001 0.55648148125 0.7716145828125001 0.5541666671875 0.7692708328125001 0.5583333328125001 0.7703125 0.602777778125 0.7598958328125001 0.64351851875 0.75625 0.6666666671874999 0.75859375 0.6699074078125 0.7817708328125 0.6703703703125 0.8028645828125001 0.6699074078125 0.8046875 0.6648148140625001 0.7916666671874999 0.603703703125 0.7911458328125001 0.55648148125