1 0.2362497109375 0.5 0.2342783828125 0.485948746875 0.2336784484375 0.4627884765625 0.240719628125 0.4016955453125 0.23894616562499998 0.3887174328125 0.23444326875 0.3817442015625 0.22506826875 0.3816896625 0.2172953203125 0.3932228265625 0.21519874843750003 0.4747224890625 0.209375 0.4912139546875 0.209375 0.5 0.2362497109375 0.5
1 0.288376240625 0.5 0.28839452187500003 0.49822493437500004 0.2796995578125 0.450458734375 0.28125208125 0.41712540000000004 0.28363729531250004 0.41057116718750003 0.285365646875 0.384627053125 0.2814776359375 0.3732075765625 0.2784388875 0.3714648515625 0.2710609671875 0.373571334375 0.265401478125 0.389021896875 0.2640314328125 0.4519302953125 0.2578125 0.47405440312499997 0.2578125 0.5 0.288376240625 0.5
1 0.3291580515625 0.5 0.3291580515625 0.470030540625 0.3211874609375 0.431333828125 0.32137068593749996 0.37209275 0.3167173171875 0.3623190140625 0.3130283796875 0.3604247375 0.3073423171875 0.3622099265625 0.30316307187499997 0.37280655937499996 0.306147946875 0.43393585312500005 0.29861200781249997 0.46809814375 0.2984375 0.4705716171875 0.2984375 0.49236430468750003 0.2994399375 0.5 0.3291580515625 0.5
1 0.35416493125000004 0.5 0.35416493125000004 0.4358958109375 0.3499783125 0.42015681718750003 0.3489963984375 0.36550900625 0.34515816250000003 0.35582617656250004 0.341426075 0.354016746875 0.3357831625 0.3559352640625 0.33237285625 0.36662886562499997 0.3365660234375 0.42309216406249994 0.33125 0.4414368046875 0.33125 0.4633595625 0.3359052296875 0.5 0.35416493125000004 0.5
1 0.1867147515625 0.5 0.1868998875 0.494641365625 0.1788698515625 0.4500358203125 0.185924221875 0.38040927343750003 0.17963467187499998 0.36932687343750004 0.172745165625 0.3716521875 0.1666533875 0.381756821875 0.1636470125 0.4529438578125 0.159375 0.46917381562499993 0.159375 0.5 0.1867147515625 0.5
1 0.15401969531249998 0.5 0.15484563125 0.4926288625 0.15455833125000001 0.46674537968749996 0.147275725 0.43097382656249994 0.15146945 0.37623808593749997 0.1491885828125 0.36523308593750003 0.144388846875 0.36034210624999996 0.1386057953125 0.362427403125 0.13337499218749999 0.3723512375 0.13253073906249999 0.43712360781250004 0.13125 0.4412976984375 0.13125 0.5 0.15401969531249998 0.5
1 0.1275459234375 0.5 0.1283249546875 0.49032567968749996 0.1283249546875 0.44201504375 0.1234524265625 0.4227262578125 0.12148045468749999 0.405042659375 0.12203005 0.361615146875 0.1195462171875 0.35546011875 0.11393216718750002 0.3515625 0.11350468437500001 0.3515625 0.1096288328125 0.35395782656249997 0.106469703125 0.363482871875 0.1088475421875 0.4209509484375 0.10625 0.42949995156250004 0.10625 0.4981518875 0.10663532812500001 0.5 0.1275459234375 0.5
1 0.2017359078125 0.5 0.2036994515625 0.49299536718750003 0.2046875 0.47853691718749997 0.2046875 0.4562657671875 0.20424550937500002 0.450329934375 0.1960235921875 0.4156910515625 0.1970042890625 0.36558179062499996 0.19351651875 0.357022225 0.186203303125 0.35568025625 0.18125 0.3650258234375 0.18125 0.3709975578125 0.18781245 0.3819780953125 0.18896185625 0.3911645140625 0.185301575 0.43497439531250004 0.18602711562500002 0.45253056718750007 0.1989000296875 0.5 0.2017359078125 0.5
1 0.2574578109375 0.5 0.25894100781249996 0.4869228921875 0.2653256796875 0.46348364843749995 0.2680429734375 0.4439179109375 0.2652034765625 0.3949893859375 0.266315175 0.38290383437500003 0.2716204703125 0.3659945859375 0.265703609375 0.3537735546875 0.258922003125 0.3559407625 0.2549538046875 0.366770846875 0.2567408578125 0.41759974062499994 0.2492821984375 0.44664305937500004 0.2484375 0.45604533593749996 0.2484375 0.47354648125 0.251064796875 0.5 0.2574578109375 0.5
1 0.9273277421875001 0.5 0.9333912953125001 0.45211559062499995 0.9300487624999999 0.406708859375 0.9197705765624999 0.35570415 0.9279919031249999 0.24367317187499998 0.9215968718750001 0.2255736796875 0.91049455625 0.2199514609375 0.8990164359375001 0.23238934531250002 0.8942432171875 0.24996072656249999 0.8949420140625 0.3203613984375 0.8926279062500001 0.35647250937499997 0.8875 0.3736304203125 0.8875 0.5 0.9273277421875001 0.5
1 0.8635046828124999 0.5 0.8630228984375 0.45557117031249994 0.846027753125 0.3738912796875 0.8481409124999999 0.328520909375 0.854636365625 0.27837540625 0.855843884375 0.2524494796875 0.8520188984375 0.23409465156249998 0.8418808875 0.22289342968749998 0.8330267203125 0.2232026265625 0.8259971328125 0.228994621875 0.8212466062499999 0.23609366406249999 0.8169538859374998 0.25010986874999996 0.81505303125 0.2797576859375 0.818237784375 0.33418725 0.8161677484375 0.37863169218750004 0.8078125 0.40805650781249997 0.8078125 0.5 0.8635046828124999 0.5
1 0.79302043125 0.5 0.79302043125 0.42397276875 0.7915193328125 0.41460347343750004 0.776099109375 0.3561065078125 0.775790265625 0.253352971875 0.767839484375 0.236135465625 0.758277578125 0.2328125 0.7547318484375 0.2328125 0.7531914984375 0.2331879953125 0.7515625 0.23618922343749998 0.7515625 0.4121553875 0.751957553125 0.41506880625000003 0.7705889796875001 0.47730583906249996 0.7746314015625 0.5 0.79302043125 0.5
1 0.7720123578125 0.5 0.7720123578125 0.461916996875 0.771941903125 0.4616314609375 0.7519081078125 0.40072034375000004 0.7496257703125 0.3405290984375 0.7506807375 0.29604829062500004 0.7470946546875 0.24143078281250002 0.743538396875 0.2322078875 0.7360543265625 0.22256747968749999 0.721255365625 0.2181075421875 0.71365849375 0.2228280796875 0.7078125 0.23338616406249998 0.7078125 0.3071667546875 0.7158080796874999 0.36408329687499996 0.7177487359375 0.4057499625 0.7103575171875001 0.44845164375 0.7078125 0.47159112968750005 0.7078125 0.5 0.7720123578125 0.5
1 0.6730980828125 0.5 0.6821287359375 0.4554513734375 0.682036446875 0.4407094 0.6731888984375 0.40076990312499994 0.6709209859375 0.37143163437500004 0.673413096875 0.332542746875 0.6792543656250001 0.2980285453125 0.68197063125 0.26373286406249996 0.6776061921875 0.24283719218750002 0.6731032984375 0.236238740625 0.66703130625 0.23389800468750002 0.6541159515625 0.2412535703125 0.649243846875 0.24850758750000002 0.6441278078125 0.2636137640625 0.6421829062500001 0.28587240625 0.643890415625 0.34013783124999997 0.6416817921875 0.38269400625 0.6359375 0.403959996875 0.6359375 0.5 0.6730980828125 0.5
1 0.6260828140625 0.5 0.6320308984375 0.43130413437500004 0.62812470625 0.4046432828125 0.61831875625 0.36620006250000003 0.62347344375 0.2605596171875 0.61587200625 0.2446848609375 0.6033989484375 0.244268271875 0.5986036828125 0.24816297812500002 0.593839828125 0.2599174390625 0.59375 0.2630046296875 0.59375 0.33073290625 0.594908196875 0.3662291421875 0.59375 0.3710645734375 0.59375 0.493630040625 0.595143046875 0.5 0.6260828140625 0.5
1 0.6080480406250001 0.5 0.5912503734375 0.433914409375 0.5893502640625 0.374624815625 0.5920657953124999 0.3572142328125 0.5943970046875 0.3009450984375 0.593319446875 0.2546488015625 0.589784978125 0.23687419843750002 0.58241968125 0.222112821875 0.5770604890625 0.2153279890625 0.5678520453125 0.21126934687499999 0.5596808624999999 0.21126934687499999 0.5494563265625001 0.21372022968749999 0.5411535140625 0.22571970000000002 0.536376203125 0.24393486874999998 0.5376692734375 0.299490425 0.5485061515625 0.38519130625 0.5506038249999999 0.430622346875 0.5421303640625 0.49115709062499996 0.5402192921875 0.5 0.6080480406250001 0.5
1 0.5360531875 0.5 0.5394695625 0.4856951890625 0.54196936875 0.4654619484375 0.54196936875 0.43505040624999997 0.533280784375 0.40180013125 0.531808153125 0.3648359359375 0.5349583765625 0.32198840156249997 0.5326093671875001 0.25450506875 0.5253895703125 0.2387930390625 0.5128033765625 0.2322597171875 0.5060433171875001 0.23365910625000003 0.4962444515625 0.2426844234375 0.4899656796875 0.2630470828125 0.490831284375 0.2926402921875 0.49987570937500003 0.3531686796875 0.5010645375 0.41053966875 0.49622252343749995 0.4423853515625 0.48872247343749997 0.46978350625000004 0.4832012109375 0.5 0.5360531875 0.5
1 0.4771118578125 0.5 0.48065069375 0.4773382 0.4928992015625 0.43048396406249995 0.49616426406249997 0.4062643421875 0.495896609375 0.36277008125 0.488069646875 0.276121175 0.4908461953125 0.2463702546875 0.48488623906250006 0.24155663125000001 0.472874746875 0.2476701265625 0.46733327812500003 0.2604248375 0.4666131296875 0.2947083546875 0.4740108390625 0.3656407765625 0.46905938437500005 0.41122947187500003 0.4616545890625 0.43101353124999997 0.4578125 0.45222739218749997 0.4578125 0.5 0.4771118578125 0.5
1 0.46462061875 0.5 0.4635368171875 0.4758969921875 0.46957094687499995 0.42497106406249996 0.4748433703125 0.4084558140625 0.4748433703125 0.337268475 0.47122253281250004 0.3231192140625 0.467590653125 0.263859953125 0.469285978125 0.25274884375 0.4657227234375 0.24765625 0.45491456093749993 0.25135995312500004 0.447992990625 0.2694155109375 0.45783207031249995 0.37219328749999997 0.4480227734375 0.4194155109375 0.4453125 0.46282503124999996 0.4453125 0.4717182953125 0.447060665625 0.4962673625 0.44785906875 0.5 0.46462061875 0.5
1 0.1375 0.5 0.1375 0.7609375 0.19191887968750002 0.7609375 0.193309146875 0.7590233828125 0.201906146875 0.7351473578125 0.205191153125 0.72224321875 0.2107938453125 0.70433768125 0.22280026875 0.6560266078125 0.2261831328125 0.6391980734375 0.229865784375 0.6248834624999999 0.2350081515625 0.5901876890625 0.23736986718750003 0.5605256859375001 0.2385563515625 0.5300240859375001 0.2375289859375 0.5029035125 0.23689084062500002 0.5 0.1375 0.5
1 0.016754034374999997 0.5 0.01787109375 0.51714078125 0.0181314015625 0.52938415 0.0175436375 0.56547639375 0.0163066953125 0.58679784375 0.0140625 0.6087597171875 0.0140625 0.703507290625 0.014755185937500002 0.7046875 0.070154921875 0.7046875 0.0741107125 0.697965165625 0.077130965625 0.6895186437499999 0.08750830625 0.650715434375 0.097845825 0.607983325 0.1041165234375 0.57258434375 0.10556721875 0.5598088453125001 0.1067704859375 0.5396448046875 0.10763261875 0.510015175 0.10746849218750001 0.5 0.016754034374999997 0.5
1 0.2726900390625 0.5 0.2730755296875 0.5032239875 0.27627355625 0.5214413265625 0.27753545 0.5425510828125 0.2780657671875 0.5918206890625 0.2775312234375 0.6019609328125 0.27476114687500003 0.6286150421875 0.272954321875 0.637063009375 0.26994371875 0.6600044296875 0.26839165781249996 0.6661555640625 0.2642919546875 0.695275075 0.2647352953125 0.7010800921875 0.2678451890625 0.708889753125 0.268868096875 0.7131103515625 0.2725943125 0.71760398125 0.27557490156250003 0.7198580890625 0.2812442125 0.721875 0.3292282953125 0.721875 0.3317144515625 0.7183889062500001 0.334585359375 0.7093094125 0.3413031296875 0.680111215625 0.34327312656250003 0.6654312234375 0.3472165234375 0.6466598453125 0.3472165234375 0.5 0.2726900390625 0.5
1 0.351680571875 0.5 0.35268380625 0.5122025828125001 0.3535758296875 0.535770528125 0.3535330578125 0.5719140125 0.35124090625000004 0.600569684375 0.34709690000000004 0.62935485 0.3408193390625 0.660605909375 0.3376505328125 0.6802877609375 0.3364590625 0.68407779375 0.3365317875 0.6903277937500001 0.33729746875 0.6921875 0.3930868140625 0.6921875 0.393310740625 0.69203333125 0.39429631875000004 0.690458559375 0.39833639062500004 0.6792875703125001 0.39989116406249997 0.6669003484375 0.39815401875 0.6503415921875 0.3951688390625 0.6327117609374999 0.3942921875 0.6237379390625 0.3924427046875 0.5842517234375 0.39342835468750004 0.5362271453125 0.396702996875 0.5123678390624999 0.39773013281249997 0.5 0.351680571875 0.5
1 0.801565046875 1 0.8235460515625 0.913715278125 0.825721721875 0.855372853125 0.8116197203125001 0.7705370015625 0.8121043109375 0.7385834671875 0.822755084375 0.6455551828124999 0.8198278765625 0.630254678125 0.8134078109375 0.6203125 0.8117099375000001 0.6203125 0.7914457578125 0.628005446875 0.7835145765625 0.6481057015625 0.78198171875 0.6842213578124999 0.78471113125 0.7148041859375001 0.7799246984374999 0.777299640625 0.775 0.80370578125 0.775 1 0.801565046875 1
1 0.6800865359375 0.8746061375 0.6912678265625 0.818750478125 0.693148784375 0.7951120859375 0.6905313171875 0.750831334375 0.67586666875 0.6972648671874999 0.67889705625 0.5987083203125 0.6722837875 0.5816063875 0.6630381640625 0.5791559921875 0.654414565625 0.588470228125 0.6515625 0.5972556140624999 0.6515625 0.66433356875 0.6527575984375 0.7077782625 0.6515625 0.7133611609375 0.6515625 0.8723154687499999 0.6535465765625 0.878125 0.6768285921875 0.878125 0.6800865359375 0.8746061375
1 0.8055155453125 0.5570690468749999 0.7946103718749999 0.558330665625 0.790625 0.56641033125 0.790625 0.6217397796874999 0.791015221875 0.6265625 0.795116790625 0.6265625 0.8143436328125 0.6175720734375 0.8145080015625 0.6049483140625 0.8145080015625 0.5737980046875 0.8055155453125 0.5570690468749999