1 0.1803830875 0.18655615 0.18154945625000002 0.20088750156250001 0.1868352203125 0.2231983453125 0.18904060312499998 0.225 0.201528271875 0.225 0.2056070375 0.21879357968750002 0.2086000640625 0.20556672968749998 0.2109375 0.19248254843749998 0.2109375 0.168392584375 0.20888731875 0.1561917296875 0.2023551890625 0.133299534375 0.2046966890625 0.0888517828125 0.20203017031249998 0.0817588578125 0.1957983515625 0.078852115625 0.189725778125 0.0843755921875 0.1875988109375 0.0919483453125 0.1898479171875 0.13498604375 0.1830539859375 0.1570938515625 0.1803830875 0.18655615
1 0.0250154546875 0.22484055 0.0261528984375 0.23236460781249998 0.026476378124999998 0.2328125 0.042365659374999996 0.2328125 0.0447155171875 0.22841632031249998 0.0501596234375 0.2041383015625 0.0515625 0.1851677328125 0.0515625 0.183926375 0.051095053125 0.1703689046875 0.0435006203125 0.1401555484375 0.04710896875 0.0951846421875 0.043110651562500005 0.0878953125 0.03900949375 0.08654833281249999 0.0334290515625 0.0895472578125 0.030826214062500003 0.09543141875 0.031670178125 0.143009003125 0.0250154546875 0.1629545453125 0.0250154546875 0.22484055
1 0.16779908125 0.1705138484375 0.16866407187500002 0.190518696875 0.1669489609375 0.2093026375 0.1697970765625 0.21875 0.178125 0.21875 0.178125 0.1306556890625 0.1766621203125 0.12662809375 0.17544505625 0.0816087 0.1715228953125 0.0757124125 0.1647360765625 0.0739149859375 0.1606214125 0.0780283953125 0.158938596875 0.0843026375 0.1647389953125 0.1292686984375 0.16111690625 0.144322028125 0.16779908125 0.1705138484375
1 0.05355731406250001 0.181745290625 0.0516874015625 0.21736059375 0.054103696874999996 0.225 0.06782033750000001 0.225 0.0687699296875 0.22474929999999999 0.0717601421875 0.21509331406249999 0.071875 0.19495562187499998 0.071875 0.1434916 0.0687439796875 0.1325302875 0.0708866796875 0.0875399828125 0.0679526296875 0.080941121875 0.060923853125 0.0789836984375 0.057282164062499995 0.0823799875 0.055470015625 0.08736059375 0.056171237500000006 0.1348848375 0.0510280203125 0.153111728125 0.0510280203125 0.166277315625 0.05355731406250001 0.181745290625
1 0.08111686875 0.20986557499999997 0.08751395468749999 0.2290028875 0.09029753125 0.23125 0.0994289515625 0.23125 0.1015625 0.2303100796875 0.1015625 0.1311488125 0.0985890640625 0.1221756390625 0.0980418890625 0.08903366093750001 0.0938744234375 0.08200745312499999 0.0863744234375 0.0823130546875 0.0833494453125 0.0858778890625 0.08114041562499999 0.09597975625 0.08529370625 0.138360909375 0.0794817625 0.1680075546875 0.07901374531250001 0.19493348906250002 0.08111686875 0.20986557499999997
1 0.13381886406250001 0.19403218125 0.14072348125 0.221793159375 0.1440179640625 0.225 0.15596019375 0.225 0.1578125 0.22334507499999998 0.1578125 0.141631196875 0.157611459375 0.14070109687500001 0.1527080921875 0.1272180453125 0.1543061765625 0.08832243749999999 0.149705696875 0.0788897515625 0.14469115 0.07855596875000001 0.1397784328125 0.0825971859375 0.1376249625 0.088668159375 0.141245084375 0.1366475515625 0.13468544375 0.15956010781250002 0.13381886406250001 0.19403218125
1 0.111180859375 0.1568251359375 0.11580247343750001 0.179410003125 0.11654157968750001 0.20562363281249998 0.12140407499999999 0.21875 0.13125 0.21875 0.13125 0.1375857265625 0.1286330078125 0.1292699546875 0.126558259375 0.0799434484375 0.12437542187499999 0.07582638750000001 0.11636403749999999 0.07434603906250001 0.11243416875000001 0.0773498 0.11027047187500001 0.0844584984375 0.11566898125 0.1282691171875 0.11222228125 0.1431357546875 0.111180859375 0.1568251359375
1 0.096875 0.075111659375 0.09489154375 0.0717909578125 0.0889708828125 0.069915959375 0.083205759375 0.075853459375 0.0821886375 0.080853459375 0.08353595781249999 0.0874159578125 0.0929737421875 0.0842909578125 0.09618421875 0.0890625 0.096875 0.0890625 0.096875 0.075111659375
1 0.12368201875 0.119460253125 0.12368201875 0.1349692609375 0.1252818765625 0.1421708390625 0.12617011718749999 0.14375 0.12932347187499998 0.14375 0.1296875 0.14155415625 0.1296875 0.1366176859375 0.124728409375 0.1135281140625 0.12368201875 0.119460253125
1 0.1234375 0.06737881875 0.1210471859375 0.0639453796875 0.1156086953125 0.0632573515625 0.11023468750000001 0.07037939843749999 0.110038246875 0.0765625 0.1178348421875 0.0765625 0.11979520625 0.0758009859375 0.1204251453125 0.0765625 0.1234375 0.0765625 0.1234375 0.06737881875
1 0.1401930015625 0.1375681953125 0.138809953125 0.0887016484375 0.1436398 0.08247421875 0.151132528125 0.0842486703125 0.1515625 0.0834583703125 0.1515625 0.07814895 0.1499479765625 0.0729112609375 0.144549490625 0.069407490625 0.13995525 0.070961990625 0.13552388906249999 0.080343559375 0.137341784375 0.12611424375 0.13268209375 0.13891874375 0.13052239999999998 0.151898065625 0.131116809375 0.1546875 0.1349942421875 0.1546875 0.1401930015625 0.1375681953125
1 0.5193422890624999 0 0.5196988124999999 0.0180910375 0.5145102515625 0.0369200296875 0.5077628296875 0.0633366625 0.5077628296875 0.1043122125 0.5098636125 0.1195655328125 0.5167978640625 0.144943178125 0.5208953562499999 0.15 0.5364789546875001 0.15 0.537808625 0.1495208875 0.5435154390625 0.1352619578125 0.5484375 0.11268641093750001 0.5484375 0.0465986609375 0.5408257015625 0.024753359375 0.53981675625 0 0.5193422890624999 0
1 0.6125669125 0 0.611164309375 0.00637756875 0.6015905546875 0.032523196875 0.6015905546875 0.112742003125 0.6017804734375 0.1137902875 0.6066054890625 0.115625 0.6203102546875 0.115625 0.6266349921875001 0.10122777187500001 0.6337457640624999 0.0769885453125 0.6365588515625 0.055152334375 0.63600585 0.0338635453125 0.6300125734375 0.0049389765625 0.6302714140625 0 0.6125669125 0
1 0.6893340296874999 0 0.685598971875 0.0132448875 0.6834271421875 0.0314086734375 0.6847087984375 0.051408673437499997 0.6921681062499999 0.0832206453125 0.6977168812500001 0.088472540625 0.70248819375 0.0890625 0.7053608406249999 0.0890625 0.7089268296875 0.0877166359375 0.7109375 0.0849848328125 0.7109375 0 0.6893340296874999 0
1 0.7355821875 0 0.7347524484375001 0.002014540625 0.734286696875 0.0045558609375000005 0.734286696875 0.056620904687499994 0.7353294859374999 0.0625 0.753978315625 0.0625 0.7569021125 0.057290896875 0.7636976796875 0.03861361875 0.7640625 0.036130923437500004 0.7640625 0 0.7355821875 0
1 0.6597783359375 0 0.6592984718749999 0.00502911875 0.6612213406249999 0.0281031828125 0.6654441671875 0.044200384375 0.667942453125 0.046875 0.6792168859375 0.046875 0.6800820562500001 0.0454811546875 0.68125 0.01846985 0.68125 0 0.6597783359375 0
1 0.5980065578125 0 0.5958470765625 0.0095251828125 0.5953774140625 0.025198718749999998 0.5979117078125 0.044452378125000004 0.6024565953125001 0.0604596984375 0.6050427375 0.0640625 0.6050440937499999 0.0640625 0.60967500625 0.029998604687500003 0.6175233734375001 0 0.5980065578125 0
1 0.0475040171875 0.5 0.0439259671875 0.514911615625 0.042537793750000004 0.538705265625 0.045156296875 0.5898534140625 0.048289642187499995 0.6241120109375 0.0527566203125 0.6439519578125 0.053882990625 0.6651583046875 0.059483609375 0.7049546015624999 0.059021820312499994 0.7843296000000001 0.051249109375000004 0.83146650625 0.0155509703125 0.9526887328125 0.0060223765625 1 0.187562865625 1 0.18204309999999999 0.9768686062499998 0.1804564296875 0.9631768078124999 0.16005943281249999 0.888904321875 0.1510200328125 0.8673494312500001 0.1391985015625 0.8227713890625001 0.1323297 0.7861437453125 0.1305336234375 0.736841496875 0.1398944953125 0.631535940625 0.147279628125 0.5794135859375 0.147958096875 0.534399034375 0.14677718281250002 0.5225676859374999 0.140067884375 0.5 0.0475040171875 0.5
1 0.3488107421875 1 0.35027183906250003 0.9873465140625001 0.3515625 0.9627192375 0.3515625 0.9443360984375001 0.3496937453125 0.9028551374999999 0.3419210765625 0.8601223828125001 0.33123173906250003 0.8173217453125 0.32531311875 0.7790124828125 0.3279662625 0.728387484375 0.3339763484375 0.6853497671875 0.3428703453125 0.6430049328124999 0.34540693125 0.6105243296875 0.34487753906249996 0.5967452359375 0.341979165625 0.580407953125 0.3333739046875 0.5655022468750001 0.324150875 0.55840419375 0.31469856093750004 0.5556811390624999 0.301585365625 0.5591305 0.2933083953125 0.5658212375 0.28630960625 0.5759834171875 0.2793953640625 0.5964726453125 0.2766112 0.6495976453125 0.28049901718750003 0.7266569078125 0.2769797859375 0.7778875125 0.2661662296875 0.817058853125 0.247110771875 0.870669653125 0.247110771875 1 0.3488107421875 1
1 0.45 1 0.45 0.7871718375000001 0.44416361093749995 0.765970471875 0.44196076093750003 0.731595471875 0.44572818593749997 0.6602485046875 0.44475918906249995 0.6321138078125 0.4394710703125 0.6146622921875 0.43368198593749996 0.6056603968750001 0.427111571875 0.600733121875 0.41615808125 0.5989841796875 0.40923495625 0.6015666015625 0.399835734375 0.611057959375 0.39459898125000004 0.6301956109375 0.3999103640625 0.687051215625 0.4068968046875 0.724497884375 0.409580278125 0.7663728859375001 0.40076504531249996 0.8240183359375 0.3957166 0.8428410609375 0.3922469625 0.847259696875 0.39042784375 0.8579137875 0.388664284375 0.8954622703125 0.398911075 0.9772790890625 0.40564829218750004 1 0.45 1
1 0.5094175953125 0.5 0.508304228125 0.5016282828125 0.5019049140625 0.5202522078125 0.4983293203125 0.5645981140625 0.4986111359375 0.5990216046875 0.5011164515625 0.6228588859374999 0.5017455921875 0.6904558671875 0.49939638906250006 0.72732116875 0.48783861718750005 0.7727328124999999 0.45722316249999995 0.8524781656249999 0.45722316249999995 1 0.59375 1 0.59375 0.9087178890625001 0.5911749171875 0.8865236937500001 0.5828218078124999 0.84690624375 0.5737153359375 0.82166379375 0.5740756390625 0.81478879375 0.564505284375 0.7745172484375 0.562285615625 0.7531896640625 0.5599821453125 0.7493814765625 0.5611979078125 0.694342684375 0.567610196875 0.63567026875 0.576307665625 0.5970754359375 0.5804781640625001 0.565258625 0.58239240625 0.5446530203125001 0.581872159375 0.5227392281250001 0.577185246875 0.50072845625 0.576781646875 0.5 0.5094175953125 0.5
1 0.7921875 1 0.7921875 0.8608066296875 0.790918671875 0.8584939437500001 0.7856305546875 0.8410424265625001 0.7664567734375 0.7956065125 0.7577713656249999 0.770688934375 0.7536531453124999 0.7519728750000001 0.750296546875 0.712607571875 0.7485749593750001 0.6532083281250001 0.7511395515625 0.6281598453124999 0.7512764921875 0.5912557546875 0.7492739015625001 0.5600057546875 0.74557235 0.5412848453125 0.73927454375 0.5275978734375 0.7282050921875 0.5142791578125 0.7178045734375 0.5081455187499999 0.712144046875 0.50742189375 0.7020452890625 0.50742189375 0.6909615515625 0.5122106625 0.6789260265625 0.5261109609375 0.671485784375 0.5433978515625 0.668360465625 0.5596963359375 0.6690491046875 0.5834560328125 0.6724780499999999 0.6109366375 0.6771569968750001 0.6384027015625 0.6823249578125 0.6539792171875 0.6915303984375 0.7195460375 0.6934767890625 0.756425884375 0.6884038015625 0.8008930031249999 0.680702903125 0.830379515625 0.665132509375 0.9062420843750001 0.6628243734374999 0.9287857203125001 0.661894146875 0.9663245093749999 0.6640521749999999 1 0.7921875 1
1 0.659687096875 0.758291440625 0.6606053218750001 0.796875 0.6616414859375 0.796875 0.6644656624999999 0.794609315625 0.6686703062499999 0.7790279531250001 0.6731295453125 0.7546965890624999 0.6734375 0.7475825875 0.6734375 0.7038873578125 0.671364984375 0.65776825625 0.66835899375 0.6464794671874999 0.6674727062500001 0.633964921875 0.664502284375 0.6286160609375 0.6604075609375 0.6332575015625 0.6545544375000001 0.6481944703125 0.6536350546875 0.6599932703125 0.6536350546875 0.6900946734375 0.6574780656250001 0.7482623484375 0.659687096875 0.758291440625
1 0.586747821875 0.7625 0.5871560140625001 0.7296161046874999 0.590625 0.6988656796875 0.590625 0.6241419578125 0.5891063359375 0.6162241546875 0.5864608640625 0.6101197625 0.582422521875 0.606912809375 0.5802108640625 0.610483784375 0.5767279078125 0.640101465625 0.5756732625 0.7202713421875 0.5792445453124999 0.7482264640625 0.5829124609375 0.762407321875 0.58306715 0.7625 0.586747821875 0.7625