1 0.151360059375 0.0346350265625 0.149280846875 0.03808081875 0.1421875 0.0859722109375 0.1421875 0.211905834375 0.1467811234375 0.23879530624999998 0.1717449625 0.3203125 0.2127806015625 0.3203125 0.2127806015625 0.11904709218750001 0.18357614375 0.0308839453125 0.151360059375 0.0346350265625
1 0.14756000625000001 0 0.1476533125 0.0251158015625 0.1294386125 0.11163757968750002 0.128125 0.12502456875 0.128125 0.2311933296875 0.14441549375 0.31303329999999996 0.1523332703125 0.3265625 0.18372509374999998 0.3265625 0.1881439453125 0.3180099984375 0.20153108749999998 0.2554259015625 0.21026305 0.187149859375 0.20843289999999998 0.143570721875 0.20643036874999998 0.129621215625 0.20385313749999998 0.12491581249999999 0.20190986249999998 0.10078111875 0.1825437609375 0.027057090625000002 0.18187161406250002 0 0.14756000625000001 0
1 0.273175303125 0 0.2732737078125 0.00153559375 0.2603254484375 0.0838369453125 0.259375 0.10753414218749999 0.259375 0.10962771093749998 0.26151878906250003 0.14308105625 0.2702740921875 0.19033660937500002 0.2845344078125 0.24225209374999998 0.29132502968749996 0.25478694062499996 0.29511143125 0.25625 0.31694367031250004 0.25625 0.31694367031250004 0.04990618125 0.306692759375 0.019316053125 0.30235462343749997 0 0.273175303125 0
1 0.35283305781249996 0 0.346875 0.030323770312499998 0.346875 0.10595042187499999 0.35314499375 0.1415346625 0.364912778125 0.183872259375 0.37294760781249997 0.19875690625 0.381607115625 0.2015625 0.39290330625 0.2015625 0.39290330625 0.0168772984375 0.3872743078125 0 0.35283305781249996 0
1 0.1921875 0 0.1921875 0.0330150921875 0.19323121875 0.038596665625 0.2119996015625 0.09955811406250001 0.21694228437500002 0.12197440156249999 0.2218814796875 0.1591812453125 0.2228838359375 0.1878849484375 0.2254273015625 0.1953125 0.22696050781250002 0.1953125 0.22880700625 0.19370734375 0.23331690156249998 0.1756387671875 0.23331690156249998 0.0457798484375 0.2208223109375 0 0.1921875 0
1 0.0838330046875 0 0.08381991250000001 0.000639440625 0.07985422812500001 0.024458423437499998 0.075 0.037133587499999995 0.075 0.23286133750000002 0.0796046796875 0.2453125 0.1080968421875 0.2453125 0.1132364015625 0.23518201875 0.1162434671875 0.149070909375 0.1266785125 0.0895659671875 0.12716352343749998 0.07567707968750001 0.11618322343750001 0.0311381953125 0.111828646875 0 0.0838330046875 0
1 0 0 0 0.3622930953125 0.010083046875 0.3640625 0.037477657812499995 0.3640625 0.0414560890625 0.3533879265625 0.046091459375 0.32687619687499997 0.051260175 0.2698089140625 0.0522298984375 0.21425335625000003 0.0456655296875 0.17199147812499999 0.020473159375 0.06144735 0.0189033671875 0.0019755140625000002 0.0190087109375 0 0 0
1 0.0417641140625 0 0.03355961875 0.04556345 0.0330461515625 0.0584718234375 0.034653746875 0.072415303125 0.058543096875 0.14850713124999998 0.0693224765625 0.190625 0.07776636875000001 0.190625 0.07776636875000001 0.0326210546875 0.06770200781249999 0 0.0417641140625 0
1 1 0 0.97498000625 0 0.9774918812500001 0.0339826140625 0.957885965625 0.1426132171875 0.9578125 0.17104707187499998 0.9578125 0.205632071875 0.9607365484375 0.2265625 0.9620984390625 0.2265625 1 0.20319901875 1 0
1 0.8672880453125 0 0.86856368125 0.060081537500000004 0.85 0.12965055781249998 0.85 0.35844446093750004 0.8521821921875 0.3721351296875 0.8609751781250001 0.38956706875 0.8846069156249999 0.3921875 0.8847979515625 0.3921875 0.88924568125 0.3876962265625 0.8924087171874999 0.34199043906250004 0.8999682468750001 0.305000621875 0.9112400203125001 0.2738852234375 0.928029046875 0.24182735000000002 0.9293385750000001 0.20432735000000002 0.9266448515625001 0.1692862625 0.90450118125 0.063015090625 0.9088343218749999 0 0.8672880453125 0
1 0.829083225 0 0.82875328125 0.0189024 0.8125 0.0871922359375 0.8125 0.2646979 0.8227355124999999 0.318838628125 0.8317702984374999 0.3265625 0.8416841500000001 0.3265625 0.8492252828125 0.3251735734375 0.8412563859375 0.24385274375 0.8428861453125001 0.195305403125 0.84993616875 0.14998225468749998 0.8702134875 0.06401280312499999 0.8640065046875 0.016216625000000002 0.8638338703125001 0 0.829083225 0
1 0.734787925 0 0.73384130625 0.054231759375 0.7137821765625001 0.1284677546875 0.7125 0.1380744359375 0.7125 0.279682259375 0.7240627453124999 0.34570742499999996 0.7304245734375 0.36195023125 0.7319020359375 0.3625 0.769301996875 0.3625 0.7730875515625 0.358824046875 0.7866057625 0.30100004999999996 0.79646015625 0.22912799687500002 0.7961098140624999 0.15961988437500002 0.771438278125 0.0502042125 0.7707000468749999 0.0029183234374999998 0.7709135984375 0 0.734787925 0
1 0.6129478125000001 0 0.6156597453125 0.0341645234375 0.6093186609375 0.0698662015625 0.602241865625 0.0875123203125 0.6015625 0.0953763859375 0.6015625 0.20388905 0.6080253921875001 0.2485824890625 0.6267064078125 0.3244013578125 0.6346093234375 0.33659587812499997 0.6403932234375 0.3375 0.6673129890625 0.3375 0.6729699375 0.3309836953125 0.67375479375 0.32621149531250004 0.67375479375 0.1041417546875 0.6520955296875 0.0291444296875 0.6495847640625 0 0.6129478125000001 0
0 1 0.45 1 0.2101734703125 0.9811360734375001 0.2140216578125 0.944974915625 0.247676303125 0.9227886734374999 0.298055284375 0.9125 0.3563190265625 0.9125 0.40427046093749996 0.9165222671875 0.431788878125 0.9211589890624999 0.45 1 0.45
1 0.26431556093749997 0.859375 0.26431556093749997 0.732292021875 0.258943953125 0.71544444375 0.25718150156249997 0.6456582453124999 0.25091294999999997 0.631519190625 0.245998703125 0.629151515625 0.2390625 0.6320775640624999 0.2390625 0.6833274984375001 0.24276445 0.7196575828125 0.2390625 0.752680065625 0.2390625 0.8097565328125 0.2409978765625 0.8233239156250001 0.2526858984375 0.859375 0.26431556093749997 0.859375
1 0.316560003125 0.7644428125 0.30442361875 0.7015791 0.30869348125 0.6391927609375 0.3052384578125 0.6286738 0.29979395000000003 0.624348009375 0.29118404062500003 0.6268757328125 0.28681848125 0.6385562625000001 0.2895637078125 0.70392496875 0.2796875 0.7567965375 0.2796875 0.8213494890625 0.28480094375 0.85103353125 0.2876580953125 0.85625 0.30335527500000004 0.85625 0.306651703125 0.8558366953124998 0.316333753125 0.8033317015625 0.316560003125 0.7644428125
1 0.19474935 0.8640625 0.212349925 0.8640625 0.212349925 0.7404135390625 0.2028810265625 0.7027351968750001 0.20313811093749998 0.6458134765625 0.20086357656249998 0.634693275 0.1944256765625 0.6256314078124999 0.1836661828125 0.6283455546875001 0.1796875 0.6439898140625 0.1796875 0.6449070906250001 0.1877900484375 0.710977625 0.1796875 0.7847096515625 0.1796875 0.7892527546875 0.1864254140625 0.83592308125 0.1944554953125 0.8637372234375 0.19474935 0.8640625
1 0.1610724578125 0.8671875 0.1610724578125 0.7384617640625001 0.15233730625 0.70722813125 0.151776009375 0.6436352390625 0.14567811875 0.628667109375 0.1417960046875 0.62617566875 0.139281284375 0.62617566875 0.1324939890625 0.62904960625 0.13125 0.632684028125 0.13125 0.6790107046875 0.1353397625 0.7197554296875 0.13125 0.7519314625 0.13125 0.8195356671875 0.1332445203125 0.8342636125 0.14456535625 0.8671875 0.1610724578125 0.8671875
1 0.10387651093750001 0.8516699093749999 0.10387651093750001 0.7476118515625 0.094383578125 0.7111283109375 0.09493802031250001 0.63766275 0.0855413859375 0.6254387375 0.07704464062500001 0.62781625625 0.070132025 0.6420539109375 0.0760215859375 0.7213661265625 0.0671875 0.7729501546875 0.0671875 0.797665046875 0.07052667343749999 0.8320405875000001 0.0778436953125 0.8628872421875 0.0824947546875 0.86875 0.09972773593749999 0.86875 0.102110946875 0.8654041375 0.10387651093750001 0.8516699093749999
1 0.0446354875 0.80867001875 0.045896515625 0.77255890625 0.0348463125 0.707585878125 0.0401538625 0.6453409703124999 0.03328975 0.62876290625 0.0317264515625 0.6286352953125001 0.025194807812499997 0.6286352953125001 0.019205615625 0.6394524359375 0.017955051562499998 0.7201355390625 0.009375 0.7483655890625001 0.009375 0.8478973296875001 0.0095382046875 0.848983340625 0.014107067187499999 0.863981196875 0.014439423437500001 0.8640625 0.025993592187499998 0.8640625 0.0317579453125 0.8633327546875 0.0446354875 0.80867001875
0 0 1 0.0991252 1 0.094288809375 0.9802614671875001 0.0777277140625 0.9497574078125 0.058662553125 0.9325751468749999 0.042232060937499996 0.9319503906249998 0.009734721875000001 0.9515342140625 0 0.9779316953125001 0 1
1 0.8362096578125 0.45 0.8367075312499999 0.45798532343750004 0.8265625 0.5200857703125 0.8265625 0.583127278125 0.8272789359375 0.5930957703125 0.8269408765625 0.67891889375 0.84242158125 0.7400445890625 0.8504250484375 0.7609375 0.889878309375 0.7609375 0.889878309375 0.5055132062500001 0.8891509124999999 0.5028216640625 0.885648 0.4984654375 0.872124196875 0.4548867671875 0.8718786765625 0.45 0.8362096578125 0.45
1 0.7146857765625001 0.45 0.70257914375 0.495547584375 0.6984375 0.524682221875 0.6984375 0.6553283578125 0.715095609375 0.761697503125 0.7210447921875 0.7688162249999999 0.7397324453125 0.771875 0.767245521875 0.771875 0.7777141171874999 0.743145696875 0.796401171875 0.66497240625 0.8052031640624999 0.5846593265625 0.8054832796875001 0.536511178125 0.802047534375 0.5002939843750001 0.791389721875 0.45 0.7146857765625001 0.45
1 0.5890625 0.45 0.5890625 0.8031169078125 0.5915930703125001 0.8047018921875001 0.618282753125 0.809375 0.65125799375 0.809375 0.6572708109375001 0.8018444609375 0.6656697046875 0.7550315968750001 0.6656697046875 0.45 0.5890625 0.45