1 0.509375 0.066877325 0.5025785953125 0.0604883875 0.49159261093750006 0.06548385 0.486312471875 0.08322975625 0.4844590703125 0.10834815625000001 0.4876380671875 0.17055215937499998 0.4765625 0.22081433125 0.4765625 0.240625 0.509375 0.240625 0.509375 0.1734733703125 0.5087156562499999 0.17034265625 0.509375 0.1601901359375 0.509375 0.066877325
1 0.49330935 0.0441954671875 0.47075834375000003 0.042806578125 0.466874365625 0.047667690624999995 0.4641502625 0.135167690625 0.4578125 0.15777664062500002 0.4578125 0.2390625 0.45975845781249997 0.2390625 0.47619697656250004 0.1823899125 0.48138230625 0.1448899109375 0.4805281234375 0.1046121359375 0.4859684859375 0.07405657812500001 0.494157415625 0.058778801562500003 0.49330935 0.0441954671875
2 0.509375 0.24846885468750002 0.363150365625 0.2430911546875 0.1310787046875 0.24305218593750003 0.1234375 0.2510073484375 0.1234375 0.30432853125000003 0.1242834 0.34519233437499997 0.13278961875 0.355561275 0.17896419375 0.3580708875 0.20063713125 0.3509991796875 0.20512256875 0.3440274625 0.2714884078125 0.3422522328125 0.509375 0.34774641875 0.509375 0.24846885468750002
1 0.9573337390625 0.233184146875 0.9634335296875001 0.129871521875 0.9482101125 0.105312478125 0.9334471921875 0.111328784375 0.9259373906249999 0.12536635000000002 0.9295559656249999 0.23528902031249999 0.9140625 0.294540321875 0.9140625 0.4073603171875 0.9229926671875 0.440625 0.9570818093749999 0.440625 0.96150255 0.436120253125 0.9770069843750001 0.36637845625 0.9776629390625 0.3100059109375 0.9573337390625 0.233184146875
1 0.8543910390624999 0.45 0.861263546875 0.44892769687499995 0.8835465890625 0.3704963234375 0.8851074453125 0.3067708328125 0.8703284296875001 0.24304534375000003 0.8828450828125 0.14255514687499998 0.871497525 0.1125 0.86735291875 0.1125 0.854752153125 0.11436887343749999 0.84437229375 0.132751225 0.8409166656250001 0.24304534375000003 0.834375 0.2645749125 0.834375 0.45 0.8543910390624999 0.45
1 0.8156142171875 0.45 0.8218468218750001 0.4100269515625 0.8218468218750001 0.31980821875 0.8211285265624999 0.3134225015625 0.7997377765625 0.2522620671875 0.8015731359375 0.14684139062499998 0.7869354265625 0.1211869015625 0.76910420625 0.12619343125 0.763848803125 0.1421580734375 0.7719599953125 0.252423675 0.7546875 0.330727828125 0.7546875 0.3314047234375 0.7675047921875 0.4363042390625 0.7726615640625 0.45 0.8156142171875 0.45
1 0.72301385 0.45 0.7337928921875 0.3998774515625 0.7337928921875 0.3435049015625 0.7141850484375001 0.26507352968750003 0.6970281859374999 0.261397059375 0.6978451796874999 0.2454656859375 0.6880412578125 0.24301470625000002 0.6953942 0.23443627500000003 0.6986621734374999 0.24424019531250002 0.7092830875 0.2307598046875 0.7158190359375001 0.18664215625 0.7158190359375001 0.1498774515625 0.6986621734374999 0.1290441171875 0.6782373359375 0.1547794125 0.6847732843750001 0.26017156875 0.6635314546875 0.338602940625 0.6667994281249999 0.421936275 0.6753744546875 0.45 0.72301385 0.45
1 0.6194858953125 0.45 0.6341196890624999 0.375367646875 0.632485703125 0.3263480390625 0.6096098859375 0.250367646875 0.6145118468749999 0.142524509375 0.5989889703125 0.1192401953125 0.5826491015624999 0.1265931375 0.575296159375 0.142524509375 0.5818321078124999 0.24056372499999998 0.5622242640625 0.3361519609375 0.5638582515625 0.3974264703125 0.5788792609375 0.45 0.6194858953125 0.45
1 0.509375 0.45 0.5139581062499999 0.45 0.5197406046874999 0.44399509843749996 0.5344464875 0.3729166671875 0.5328125 0.31164215624999997 0.5115706703125 0.24056372499999998 0.51647263125 0.1376225484375 0.509375 0.117512596875 0.509375 0.45
1 0.5834660953124999 0.11801470624999999 0.577747140625 0.1020833328125 0.5638582515625 0.1131127453125 0.5605902781250001 0.127818628125 0.567126225 0.21850490156250002 0.5458843953125 0.3091911765625 0.54915236875 0.377818628125 0.5654922390625 0.4390931375 0.5703942 0.43174019531249996 0.5622242640625 0.3876225484375 0.5622242640625 0.3287990203125 0.5801981203125 0.252818628125 0.5736621734375 0.142524509375 0.5834660953124999 0.11801470624999999
1 0.6693865750000001 0.45 0.6733353765625 0.446446078125 0.6635314546875 0.40232843125000006 0.6635314546875 0.3337009796875 0.6831392968750001 0.25526960781249997 0.6782373359375 0.1498774515625 0.69457720625 0.127818628125 0.692126225 0.116789215625 0.6774203437499999 0.109436275 0.65862949375 0.1327205875 0.6651654406249999 0.24056372499999998 0.6439236109375 0.3263480390625 0.647191584375 0.3876225484375 0.6641336078125 0.45 0.6693865750000001 0.45
1 0.7762765515625001 0.1204656859375 0.76402165 0.1020833328125 0.7476817812500001 0.109436275 0.7419628265625 0.125367646875 0.7484987750000001 0.216053921875 0.7288909312499999 0.3067401953125 0.7354268796875 0.3974264703125 0.7468647875000001 0.4390931375 0.7583026953124999 0.4390931375 0.7468647875000001 0.341053921875 0.76647263125 0.252818628125 0.7615706703124999 0.14497549062499998 0.7762765515625001 0.1204656859375
0 0.6759673140625 0.9056250718750001 0.6799328203125 0.9002364796875 0.68214544375 0.8889675031250001 0.680755328125 0.8742710875 0.6766533078125 0.8690312625000001 0.68050385 0.8511624078125 0.6779427796874999 0.847656034375 0.678028971875 0.8402486265625001 0.6705792421875 0.8320245921874999 0.66277751875 0.8316906609375 0.6496489421875 0.84193658125 0.6392825984374999 0.860761734375 0.6390625 0.8618247499999999 0.6390625 0.9045851875 0.6452920171875001 0.903323959375 0.657378925 0.8931569703125 0.6617683015625 0.8960622468749999 0.6565058203125 0.9109375 0.6682260265625001 0.9109375 0.6759673140625 0.9056250718750001