1 0.459375 0 0.3930812796875 0 0.393201334375 0.015822965624999998 0.396866096875 0.035950754687499996 0.3989575828125 0.069991690625 0.3946561328125 0.1541539171875 0.3877531265625 0.19045909375 0.376443278125 0.223278890625 0.36875563125 0.255577309375 0.36875563125 0.609375 0.44706630937499997 0.609375 0.459375 0.5588114296875 0.459375 0.20700276093749997 0.45698349531250004 0.1946159015625 0.45298946406249996 0.1514369984375 0.45895327343750003 0.0727332953125 0.459375 0.0698995546875 0.459375 0
0 0.2671875 0.609375 0.2671875 0.3900911453125 0.266136409375 0.386513303125 0.2424412609375 0.3450702140625 0.219883565625 0.3152042265625 0.1967456390625 0.298283021875 0.18024899375 0.2934655140625 0.16149899375000001 0.2932473375 0.1437609640625 0.2995167078125 0.1165885421875 0.318627825 0.103859128125 0.3360567875 0.093719034375 0.356753759375 0.08219315625 0.4038002265625 0.07787800624999999 0.43612884999999996 0.0774488796875 0.46480225 0.0809866984375 0.504623125 0.0868777296875 0.5342951796875 0.09919955312499999 0.5732931578125 0.1147398265625 0.609375 0.2671875 0.609375
1 0.3370529109375 0.44463323906249996 0.340227384375 0.483522128125 0.34614894218750003 0.5175628671875 0.3599822921875 0.5734375 0.3609375 0.5734375 0.3609375 0.43992960625000005 0.35972633906249996 0.42721716875000004 0.360651196875 0.393628896875 0.3609375 0.3917859578125 0.3609375 0.1708328390625 0.358943028125 0.160945546875 0.3542651484375 0.110056040625 0.353001346875 0.1077987515625 0.3419924578125 0.1077987515625 0.3359645234375 0.113663775 0.3303988875 0.1256931 0.328407628125 0.139800509375 0.347951934375 0.29580852812499997 0.337381353125 0.4101554625 0.3370529109375 0.44463323906249996
1 0.354062015625 0.609375 0.3433929703125 0.53174265 0.3414373953125 0.4940467 0.34294885 0.44136905156250006 0.3474050609375 0.4004948046875 0.3552019890625 0.35571659375000003 0.370740471875 0.2938378234375 0.38279346875 0.256166634375 0.3890625 0.227240503125 0.3890625 0.10528893749999998 0.38824462656250003 0.082392946875 0.3890625 0.070473071875 0.3890625 0.0280871359375 0.379211496875 0.0280871359375 0.369820365625 0.0379113640625 0.3637314328125 0.048909965625 0.3558096328125 0.0780141875 0.3535815265625 0.09845130937499999 0.3559500765625 0.1379657359375 0.354836025 0.1481842984375 0.3581582828125 0.15350621874999998 0.3586606578125 0.162698725 0.35880110468750004 0.2226502734375 0.3578843109375 0.2383910140625 0.3549565703125 0.244113453125 0.35712930468750004 0.251353978125 0.3556562046875 0.2588281375 0.3462982203125 0.2769547546875 0.3319865171875 0.3353008 0.3319865171875 0.609375 0.354062015625 0.609375
1 0.7539305796875 0.609375 0.7517995515625 0.56997463125 0.7392790343750001 0.557042946875 0.7377212140625 0.557042946875 0.7312541203125 0.563728815625 0.727366421875 0.57866725 0.7345198484375001 0.609375 0.7539305796875 0.609375
1 0.8594993078125001 0.609375 0.8657212515625 0.5592348375 0.8630734312499999 0.5427008265625 0.8518450359375 0.541580415625 0.84316198125 0.5553318 0.8441289140624999 0.609375 0.8594993078125001 0.609375
1 0.7953125 0.609375 0.7953125 0.5424003671875 0.79403105 0.5375372859375 0.7953125 0.5250182328124999 0.7953125 0.47748712343750005 0.79161506875 0.47112054218750005 0.7906727953124999 0.47112054218750005 0.7811032234375 0.478866425 0.7803453328125001 0.54533283125 0.773314678125 0.5637837609374999 0.773314678125 0.609375 0.7953125 0.609375
1 0.89375 0.609375 0.89375 0.5327243265625 0.893307575 0.5314431796875 0.8928434031249999 0.4686243140625 0.8877480953125 0.4609375 0.883228153125 0.4609375 0.87843575625 0.46450164687499995 0.8759472625000001 0.4741939859375 0.880026325 0.5325273187499999 0.8736706359374999 0.55399838125 0.8728722453125 0.5987616890624999 0.8755643515625 0.609375 0.89375 0.609375
1 0.82078375625 0.56875 0.8328125 0.56875 0.8328125 0.483045396875 0.8311150421875 0.4770759125 0.8309668015625 0.4451360125 0.821140559375 0.4429958640625 0.8169447156249999 0.44644308749999995 0.8186150421875 0.4770031890625 0.8114491421875 0.499179959375 0.8117590312499999 0.5366754140625 0.8205010171874999 0.5686653109375001 0.82078375625 0.56875
1 0.967522321875 0.609375 0.96640625 0.597222221875 0.9734375 0.54305555625 0.9703125 0.5319444437499999 0.962109375 0.5229166671875001 0.95 0.5416666671875 0.9485079171875 0.5982155640625 0.9422336453125 0.609375 0.967522321875 0.609375
2 0.459375 0.6247934359375 0.1157493671875 0.63224819375 0 0.63167031875 0 0.771875 0.44603367499999996 0.771875 0.459375 0.771707265625 0.459375 0.6247934359375
1 0.459375 0.609375 0.459375 0.8853250750000001 0.46062271250000003 0.8846428828124999 0.4671246203125 0.8758117390625 0.49063739218749997 0.81180770625 0.510414928125 0.74042050625 0.51517625625 0.7033683171875 0.51550415625 0.617284478125 0.5143638203124999 0.609375 0.459375 0.609375
1 0.5624106156249999 0.609375 0.565722540625 0.659565425 0.56936505 0.6706401750000001 0.578331965625 0.7289007828124999 0.5853814546875 0.7403991 0.6026295984375001 0.74375 0.6063007796875001 0.74375 0.612139684375 0.7386980984375 0.61875 0.7142479421875001 0.61875 0.609375 0.5624106156249999 0.609375
1 0.7911681859374999 0.609375 0.7886187890625 0.6185812687500001 0.78099066875 0.6323691515625 0.7800236265625 0.6539437859375 0.7744329375 0.68317386875 0.7598783265625 0.7200088890625 0.7378170468749999 0.763078146875 0.70940585625 0.8413818609374999 0.7081347765625 0.8589441499999999 0.7009942062500001 0.8745879234375 0.6953864375000001 0.8967253015625 0.693043996875 0.920750890625 0.686294703125 0.9484256406250001 0.68247069375 0.9872357453125 0.682082734375 1 0.8899943468749999 1 0.8900133140625 0.999826925 0.8889474921874999 0.92395554375 0.8722002015625 0.730412784375 0.8726887234374999 0.688788540625 0.8802100093749999 0.609375 0.7911681859374999 0.609375