1 0 0 0 0.0800996953125 0.00309585 0.1243724015625 0 0.142184259375 0 0.36299626093750004 0.016455634375 0.42705927343749994 0.0225245265625 0.434375 0.0453125 0.434375 0.0453125 0.1572052515625 0.03785933125 0.1303279484375 0.0331004234375 0.062272392187500004 0.0343517390625 0 0 0
1 0.0667380546875 0 0.077074078125 0.09824702187499999 0.0798521453125 0.1593717703125 0.0632352265625 0.2500313765625 0.06555778125 0.35704400625 0.0714863703125 0.39169804375 0.0906174796875 0.46505005625000007 0.099218628125 0.471875 0.125 0.471875 0.125 0.1887408453125 0.11845696875 0.1642591234375 0.11360335625 0.08092579062500001 0.116321725 0.033608112499999995 0.11375363593750001 0 0.0667380546875 0
1 0.1566706140625 0 0.152699328125 0.0180591328125 0.1540547296875 0.048628325 0.16632620468749998 0.13463034062499998 0.16845857343749998 0.17631064531250001 0.1526007609375 0.2739283328125 0.152469359375 0.361537428125 0.163089784375 0.42392833281250003 0.18327516562499999 0.5000581234375 0.1886582421875 0.50625 0.2125 0.50625 0.2125 0.20591096874999998 0.20868651875 0.1922954734375 0.2027621625 0.1075732515625 0.2045403328125 0.054700015625 0.2020151984375 0.018588904687499998 0.193776234375 0 0.1566706140625 0
1 0.2120137546875 0.4125 0.212073 0.4125 0.212513725 0.40641391406249994 0.2186613375 0.37759770000000004 0.2385750984375 0.3287992546875 0.2631305765625 0.29907623125 0.2859375 0.2894624984375 0.2859375 0.262201640625 0.27794464375 0.2172634109375 0.2859375 0.09484098125 0.2859375 0.0359047421875 0.28465250468750003 0.0299136046875 0.2706034640625 0.0116262953125 0.25175648281249996 0.014591407812500002 0.24405983125000003 0.025921346875 0.23895208281250002 0.043676515625 0.23664606875 0.0755208296875 0.241996328125 0.14819363593749998 0.2407679109375 0.2009714125 0.2120137546875 0.3217168875 0.2120137546875 0.4125
1 0.3 0 0.293092896875 0 0.288716159375 0.0177656875 0.2862943359375 0.106738984375 0.2862943359375 0.27886128593750004 0.3 0.2800240140625 0.3 0
1 0.20639442031250002 0 0.206081528125 0.026889946874999997 0.2101064203125 0.08413478125 0.20784898749999997 0.143756871875 0.1965091015625 0.1794455515625 0.1965091015625 0.213523609375 0.2146201828125 0.2984375 0.2178894078125 0.2984375 0.239918075 0.20974848281249997 0.242030053125 0.162626390625 0.23616240937500002 0.0621758046875 0.2412216171875 0.030531751562499997 0.2484375 0.0157873875 0.2484375 0 0.20639442031250002 0
0 0.3 0.56875 0.3 0.2804247734375 0.2693935515625 0.29456893125 0.253286878125 0.3115810921875 0.2342272640625 0.341833153125 0.221762575 0.376974303125 0.221762575 0.532082646875 0.23444825468750002 0.560192203125 0.2434276015625 0.56875 0.3 0.56875
0 0.715051134375 0.16214865625 0.7211623359375 0.171875 0.7301037234375001 0.171875 0.7323062390625 0.1558732296875 0.7357916328125 0.1499001625 0.7408028671875 0.1545843375 0.74375 0.1537754875 0.74375 0.10399340937499998 0.737506484375 0.0925594234375 0.72605100625 0.08502474531250001 0.7140718406250001 0.08488535625 0.701763225 0.094919028125 0.6976217890624999 0.11383687499999999 0.7060451015625 0.1338261 0.720301840625 0.1367675078125 0.72287220625 0.14003552187499999 0.7167488421875 0.14921599375 0.715051134375 0.16214865625
1 0 1 0.038395121875 1 0.034205996875 0.9752281953124999 0.033912457812500005 0.9253045609375 0.0377771734375 0.9008968328125 0.0484375 0.8759814437500001 0.0484375 0.8139583703125 0.041227090625000004 0.801291153125 0.0366990359375 0.80324251875 0.0138635265625 0.7920718859375 0 0.7920718859375 0 1
1 0.151620896875 1 0.1574138578125 0.9929037968750001 0.1609375 0.9789381359375 0.1609375 0.9053616109375 0.1560410984375 0.8958685890625 0.1384285953125 0.8775396125 0.1210231359375 0.8682931625 0.106052228125 0.86483191875 0.0866481375 0.8660903125000001 0.0646422328125 0.8759384984375 0.055467007812500004 0.885045246875 0.0470947421875 0.9057745734375 0.045575657812499996 0.9288194687499999 0.048954759375000004 0.9609347796875 0.0579027734375 1 0.151620896875 1
1 0.08687009531249999 0.8585717546874999 0.08913943125 0.8614606453124999 0.11783487343750002 0.8605896171874999 0.1354621734375 0.8655757296875001 0.14501167343750002 0.8734375 0.1572305671875 0.8734375 0.159765371875 0.8317721625000001 0.1609375 0.825437828125 0.1609375 0.7680146203125 0.16033769375 0.7656094640625 0.1457387171875 0.746680890625 0.1330204875 0.73874438125 0.116679559375 0.73505191875 0.0998954875 0.73758763125 0.081242165625 0.750984453125 0.0741422515625 0.7644725484375 0.07252185 0.7731570718749999 0.074074315625 0.8050538953124999 0.08687009531249999 0.8585717546874999
1 0.158276059375 0.8764337765625001 0.1671787796875 0.9033980296875 0.17253148437500002 0.964431178125 0.17461642500000002 0.9671875 0.184062796875 0.9671875 0.1853494375 0.966414553125 0.2009489859375 0.9633150109375 0.216563078125 0.9627154703125 0.23594535 0.9655470375 0.23998784999999997 0.9624411531250001 0.24244058124999998 0.9545202281249999 0.2558196953125 0.8918926328125 0.25625 0.8838135234375001 0.25625 0.82874929375 0.25479108125 0.8224666140625001 0.248486540625 0.8125814281249999 0.23122086406250003 0.7977409265625 0.219324046875 0.7930215781250001 0.20307041093749997 0.7910701031249999 0.18372813593749998 0.7951135359375 0.167251084375 0.8084490499999999 0.159845625 0.82408683125 0.1568878859375 0.8525817390625001 0.158276059375 0.8764337765625001
1 0.3 0.7405882984375001 0.2901571578125 0.7405882984375001 0.266319059375 0.7449110421875 0.25154188906249997 0.760771078125 0.2451201984375 0.7772248125 0.24236266093749997 0.8016252796875 0.2483080953125 0.8119701453125 0.25074576406250004 0.8268173437499999 0.2476836609375 0.8618173453125 0.23898890781249998 0.9113706125000001 0.2382369828125 0.913278228125 0.2382369828125 0.97188318125 0.24557142187499997 0.9765625 0.25491373125 0.9765625 0.2551224671875 0.9761042734375 0.25841094062500003 0.9242802078124999 0.265434115625 0.9009514734374999 0.2841564921875 0.875589103125 0.3 0.8662797281250001 0.3 0.7405882984375001
1 0.626041571875 1 0.6250101 0.9981125984375 0.6243088484375 0.9489520921875 0.6012730296875001 0.9432075890625 0.5898537953125 0.9513096765625001 0.59644495625 1 0.626041571875 1
1 0.86875 1 0.86875 0.9918355734375 0.8556411796875001 0.9597048546875 0.8647295984374999 0.921661996875 0.8421841046874998 0.9088052046874999 0.8279717078125 0.9228178328125001 0.831842253125 0.961691140625 0.8142165953125 0.9904084375 0.812701728125 1 0.86875 1
1 0.7125 1 0.7125 0.9582581609374999 0.6975521125 0.9297317187499999 0.7027450390625 0.8927010781250001 0.693014165625 0.8836377453125 0.6822757984375001 0.8836377453125 0.6797298984375 0.8837118234375 0.67034763125 0.893643746875 0.676198896875 0.9373777078125001 0.6600230406250001 0.9694594109375 0.6608807437499999 0.9940208140625 0.6634430484375 1 0.7125 1
0 0.6546875 0.885566396875 0.6402239984375 0.869860634375 0.6039674046875 0.8660935828125 0.5753579328124999 0.8856147125 0.572021678125 0.9000597984375001 0.572021678125 0.9195835640624999 0.58682785 0.9359375 0.624717796875 0.9359375 0.6503489124999999 0.9140254359375 0.6546875 0.887557490625 0.6546875 0.885566396875