1 0.1392410640625 0 0.137678828125 0.0008650953124999999 0.1348546453125 0.007692817187500001 0.13616026875 0.053105632812500005 0.128541696875 0.08612063125 0.12711925625 0.1101310375 0.13273069843750002 0.1453125 0.1487159328125 0.1453125 0.1515625 0.1331099046875 0.1515625 0.08001927812500001 0.1476509234375 0.0591280796875 0.1494379828125 0.0082870421875 0.1435694015625 0 0.1392410640625 0
1 0.2745177953125 0.1494962140625 0.25864103437499997 0.2122546359375 0.25864103437499997 0.3182629796875 0.26312193125 0.3421875 0.2890616328125 0.3421875 0.29078892343749996 0.34043121875 0.29541359843750004 0.324374746875 0.3046270671875 0.275634603125 0.30625 0.25622786875000003 0.30625 0.21145607656249998 0.2957911375 0.1506558703125 0.2984851890625 0.11164858281250001 0.3030470390625 0.0798908359375 0.3031189234375 0.05955993281250001 0.29908249374999996 0.0464694703125 0.2936645453125 0.041947096875 0.2888199609375 0.041947096875 0.28197581875 0.04499408125 0.2744730890625 0.061730584374999994 0.2745177953125 0.1494962140625
1 0.348647453125 0.35 0.3640072 0.35 0.3693198890625 0.34485610312500004 0.380958178125 0.304370359375 0.387911825 0.27160775312499996 0.3905693109375 0.24101273281250002 0.39036649843750004 0.2216866875 0.38083629218750004 0.15793746250000001 0.38135141250000004 0.1431621171875 0.39200421093750004 0.0797255578125 0.3921875 0.07476257343750001 0.3921875 0.0629706109375 0.3866859015625 0.048353375 0.38384450625 0.0477135296875 0.3755357890625 0.0477135296875 0.3704105734375 0.0514286828125 0.36393824375 0.066194934375 0.361669240625 0.0912344015625 0.3622748203125 0.1418445953125 0.3605885390625 0.15855072812499998 0.348647453125 0.1953622921875 0.348647453125 0.35
1 0.655747096875 0 0.6497429546875 0.00140335 0.63810634375 0.02397619375 0.6449597921875 0.146642965625 0.641078359375 0.18304211875 0.6210514984375 0.258519603125 0.6180918656250001 0.2774723859375 0.61819565625 0.2953125 0.6255936828124999 0.2953125 0.6727542171875001 0.2630104984375 0.6828125 0.2139352265625 0.6828125 0.170835859375 0.6796492078125 0.12898307343749998 0.6828125 0.071125309375 0.6828125 0.0165650765625 0.6820446312499999 0.0130509578125 0.6696407843750001 0 0.655747096875 0
1 0.824320553125 0 0.8196635359375 0.01598008125 0.825035896875 0.14723753281250002 0.822902134375 0.1854708953125 0.8009966859375 0.2717667875 0.8009966859375 0.3456260640625 0.81321060625 0.3781499734375 0.8211272234375 0.42196704062499996 0.8219949140625001 0.459375 0.8837298656249999 0.459375 0.8844538546875 0.45682642968750004 0.890625 0.3961424984375 0.890625 0.2802012390625 0.8697537453125002 0.1898522921875 0.8803762953125001 0.0002753046875 0.8801865 0 0.824320553125 0
1 0.69519173125 0 0.690407884375 0.0048832921875 0.6839561203125 0.0243489890625 0.6810924843749999 0.15265946875 0.6748895890625001 0.17873783906250001 0.6748895890625001 0.2566790953125 0.6966842578125 0.2578125 0.71872344375 0.2578125 0.7271556734375 0.22191345624999997 0.7191206875 0.1766616828125 0.7191858625 0.1466101234375 0.7328125 0.050361948437500005 0.7328125 0.0009951109375 0.73211758125 0 0.69519173125 0
1 0.7597610703125 0 0.75257826875 0.0203757921875 0.75844810625 0.131162540625 0.7568510890625 0.1805186921875 0.7400626875 0.2519203296875 0.7400626875 0.2647585109375 0.7704437375 0.286794078125 0.7929868093750001 0.3109375 0.7968666859375 0.3109375 0.8078125 0.2542520234375 0.8078125 0.2173106609375 0.8008078734375002 0.182210528125 0.8000988187499999 0.1552550734375 0.8078125 0.05910862812499999 0.8078125 0.0034843718750000004 0.805718784375 0 0.7597610703125 0
1 0.8888310046874999 0 0.8836713187499999 0.007306551562499999 0.8775300703125 0.18261675156249998 0.8846948593749999 0.22663084531250002 0.9082363140624998 0.310835221875 0.9020950640625 0.45434892031249996 0.9054834343749999 0.459375 0.9115430828125 0.459375 0.9164246453124999 0.45334689843750003 0.9194952671875001 0.432464453125 0.9143775609375 0.3278938609375 0.925 0.2497308140625 0.925 0.21766675000000002 0.9164246453124999 0.178307153125 0.915401103125 0.15453135 0.9225658937500001 0.025254504687500002 0.91284225 0.001292159375 0.9071230124999999 0 0.8888310046874999 0
1 0.950446490625 0 0.9402427718750002 0.0249056046875 0.9443369374999999 0.172759340625 0.9228425671875 0.263379371875 0.9146542343749999 0.33333167656249996 0.9187484000000001 0.4112331078125 0.92727178125 0.459375 0.9887561078125 0.459375 0.990396303125 0.45415838593749996 0.990396303125 0.347640103125 0.999608175 0.26655902187499997 0.999608175 0.24748112031249997 0.9852785953125001 0.182298290625 0.995514009375 0.0280852546875 0.9842741593749998 0 0.950446490625 0
0 0.83584154375 0.459375 0.83584154375 0.45097873593750004 0.82970029375 0.40169415781250006 0.8174177968749999 0.3603587046875 0.7882468656249999 0.30709956250000003 0.7411639578125 0.267353934375 0.710457715625 0.259404809375 0.6777043890625001 0.260994634375 0.6469981453125 0.2768928859375 0.6214096078125 0.2991504375 0.59019159375 0.347640103125 0.5768855546875 0.38261625625 0.5686972234375001 0.42077205937500006 0.5671756203125 0.459375 0.83584154375 0.459375
1 0.2330152140625 1 0.2366575453125 0.9754358671875 0.2514924140625 0.9299652953125002 0.2546875 0.9064985968750001 0.2546875 0.9037245046875 0.2537733984375 0.8872937703125 0.2469239140625 0.875 0.23177824062500002 0.875 0.22528921406250002 0.883908865625 0.22123925625 0.8980740203125 0.21738682968749998 0.9233108171875 0.2144503046875 0.9706514390625 0.20914314531249997 0.9923029328125 0.20511756874999998 1 0.2330152140625 1
1 0.312129565625 1 0.316683784375 0.978870215625 0.338600675 0.9173431734375 0.3390625 0.9107387703125 0.3390625 0.89405008125 0.33302051875 0.8823067546875001 0.32969669375 0.8799757875 0.32047645 0.8799757875 0.3107260921875 0.89366683125 0.2945469375 0.9768635671875 0.2899299 0.9910287203125 0.284329165625 1 0.312129565625 1
1 0.4 0.8840757531250001 0.3935649078125 0.8840757531250001 0.3871069265625 0.893478578125 0.3833210296875 0.9057705578124999 0.37643535625 0.9608372296875001 0.36990522812500004 0.9853483453125002 0.361268484375 1 0.39000579687500003 1 0.3928326703125 0.9828199312500001 0.4 0.9599463171875 0.4 0.8840757531250001
1 0.1302083328125 0.80225694375 0.13125 0.7818865734375 0.1359375 0.754108796875 0.1359375 0.730034721875 0.1338541671875 0.7179976859374999 0.1247395828125 0.7101273140625001 0.1130208328125 0.7217013890625 0.1098958328125 0.73836805625 0.1098958328125 0.754108796875 0.1140625 0.7679976859375 0.1140625 0.785590278125 0.10729166718750001 0.8328125 0.1067708328125 0.8587384265625 0.109375 0.873553240625 0.1130208328125 0.8809606484374999 0.12265625 0.8712384265625002 0.13671875 0.8749421296875 0.1385416671875 0.867071759375 0.1375 0.848553240625 0.1302083328125 0.80225694375
1 0.1833333328125 0.8531828703125001 0.1911458328125 0.7957754625 0.1921875 0.7744791671875 0.1901041671875 0.76429398125 0.1856770828125 0.7564236109375 0.18046875 0.7536458328125001 0.17526041718750002 0.754571759375 0.16875 0.7624421296875 0.1651041671875 0.7846643515625 0.165625 0.798553240625 0.17239583281249998 0.8105902781250001 0.1744791671875 0.8217013890625001 0.1734375 0.8439236109374999 0.1630208328125 0.9096643515625 0.171875 0.9994791671875 0.184375 0.9661458328125001 0.1901041671875 0.930034721875 0.1895833328125 0.9059606484374999 0.1838541671875 0.8698495375 0.1833333328125 0.8531828703125001
1 0.22291666718749997 0.7004050921875 0.21770833281250002 0.7263310187500001 0.2166666671875 0.748553240625 0.2166666671875 0.76429398125 0.22291666718749997 0.8124421296875 0.2296875 0.7828125 0.2296875 0.760590278125 0.2260416671875 0.7291087968750001 0.23177083281250002 0.6846643515624999 0.23072916718749997 0.6652199078125001 0.22526041718749998 0.6582754625 0.21901041718749997 0.661053240625 0.21510416718749997 0.6689236109375 0.22291666718749997 0.6902199078125 0.22291666718749997 0.7004050921875
1 0.10298904687499999 1 0.1041666671875 0.9976273140625 0.1078125 0.9717013890625001 0.1067708328125 0.9124421296874999 0.1109375 0.880034721875 0.10625 0.8587384265625 0.10625 0.8439236109374999 0.1140625 0.7754050921875 0.109375 0.7559606484375 0.1013020828125 0.7499421296875 0.0919270828125 0.7554976859375 0.0880208328125 0.7679976859375 0.08645833281250001 0.8513310187500001 0.0744791671875 0.8818865734374999 0.07291666718749999 0.8967013890625001 0.0739583328125 0.9198495375 0.0828125 0.96429398125 0.082375878125 1 0.10298904687499999 1
1 0.0822227765625 1 0.08333333281250001 0.9717013890625001 0.0791666671875 0.9429976859375 0.071875 0.9142939812499999 0.071875 0.8726273140625 0.0760416671875 0.8578125 0.0796875 0.817071759375 0.07369791718749999 0.799016203125 0.060677082812500005 0.792534721875 0.05390625 0.798090278125 0.0479166671875 0.8133680562500001 0.0489583328125 0.9031828703125001 0.0338541671875 0.95133101875 0.0296875 0.9754050921874999 0.028150318749999997 1 0.0822227765625 1
1 0.1314388015625 1 0.1317708328125 0.9911458328125 0.1442708328125 0.9161458328125001 0.1442708328125 0.8976273140625001 0.13723958281249998 0.87679398125 0.1299479171875 0.8712384265625002 0.12317708281249999 0.8712384265625002 0.1130208328125 0.8818865734374999 0.1078125 0.90225694375 0.1067708328125 0.9846643515625001 0.1052083328125 0.9976273140625 0.10430078125 1 0.1314388015625 1
1 0.1689096109375 1 0.1697916671875 0.9939236109374999 0.1692708328125 0.9652199078125001 0.1625 0.9124421296874999 0.1739583328125 0.8374421296874999 0.1739583328125 0.8198495375 0.1708333328125 0.8087384265625 0.1622395828125 0.799016203125 0.1549479171875 0.7999421296875 0.1486979171875 0.8064236109374999 0.1447916671875 0.8161458328125001 0.1432291671875 0.8281828703125 0.1421875 0.860590278125 0.1453125 0.9152199078125001 0.1354166671875 0.9679976859374999 0.1321006375 1 0.1689096109375 1
1 0.0440104171875 0.711053240625 0.0390625 0.7254050921874999 0.0390625 0.7967013890625 0.0265625 0.8513310187500001 0.0369791671875 0.9031828703125001 0.0380208328125 0.9179976859375 0.0421875 0.9207754625 0.0473958328125 0.9078125 0.0489583328125 0.8967013890625001 0.0473958328125 0.817071759375 0.05 0.805034721875 0.058854167187499994 0.7892939812499999 0.0614583328125 0.742071759375 0.059375 0.71429398125 0.050260417187499996 0.7064236109375 0.0440104171875 0.711053240625
1 0 0.8766062937499999 0.0080729171875 0.8684606484374999 0.0169270828125 0.8684606484374999 0.021614582812499998 0.8712384265625002 0.028125 0.8837384265625001 0.0317708328125 0.9068865734374999 0.0260416671875 0.9587384265625001 0.0265625 0.980034721875 0.0375 0.936516203125 0.0375 0.9152199078125001 0.025520832812499998 0.8531828703125001 0.0286458328125 0.7661458328125 0.02265625 0.7508680562500001 0.014322917187500001 0.7462384265625 0.00625 0.7559606484375 0.0010416671875 0.7883680562500001 0 0.7905285515625 0 0.800187228125 0.0028645828125 0.798090278125 0.0057291671875 0.8087384265625 0.0036458328125000003 0.8161458328125001 0.0041666671875 0.8513310187500001 0 0.8708596390625001 0 0.8766062937499999
1 0.1364583328125 0.748553240625 0.1302083328125 0.7939236109375 0.1307291671875 0.8105902781250001 0.1380208328125 0.8513310187500001 0.1385416671875 0.8689236109374999 0.1369791671875 0.8726273140625 0.140625 0.87633101875 0.14375 0.8198495375 0.1473958328125 0.8078125 0.1546875 0.7967013890625 0.1510416671875 0.7717013890625 0.15572916718750002 0.6994791671874999 0.1481770828125 0.686053240625 0.1403645828125 0.6879050921875 0.1354166671875 0.7022569437499999 0.1364583328125 0.748553240625
1 0.1989583328125 0.7892939812499999 0.2046875 0.7596643515625 0.20572916718749998 0.7328125 0.20182291718749998 0.7212384265624999 0.1950520828125 0.716608796875 0.18984375 0.7184606484375 0.184375 0.7272569437499999 0.1817708328125 0.7467013890625 0.1822916671875 0.7531828703125 0.1895833328125 0.76336805625 0.1921875 0.773553240625 0.1911458328125 0.7957754625 0.1833333328125 0.8476273140625 0.1833333328125 0.8661458328125 0.1916666671875 0.92633101875 0.1953125 0.9198495375 0.20416666718749998 0.879108796875 0.20416666718749998 0.860590278125 0.1979166671875 0.8096643515625 0.1989583328125 0.7892939812499999
1 0.1963541671875 0.7161458328125001 0.20078125 0.7193865734375 0.20625 0.7337384265625 0.2046875 0.7587384265624999 0.1984375 0.7883680562500001 0.1973958328125 0.8133680562500001 0.203125 0.8504050921874999 0.2036458328125 0.8726273140625 0.20677083281250003 0.8744791671875 0.2140625 0.83929398125 0.21354166718749998 0.817071759375 0.2088541671875 0.7809606484375 0.21614583281250002 0.710590278125 0.21119791718749997 0.6962384265624999 0.20338541718749997 0.6943865734375001 0.19583333281249998 0.7050347218749999 0.1963541671875 0.7161458328125001
1 0.221875 0.6828125 0.21484375 0.673090278125 0.20625 0.6809606484375 0.2046875 0.6948495375 0.21171875 0.698090278125 0.215625 0.711516203125 0.2109375 0.748553240625 0.20677083281250003 0.7596643515625 0.2088541671875 0.767071759375 0.20833333281250002 0.7883680562500001 0.21510416718749997 0.835590278125 0.2208333328125 0.81429398125 0.2208333328125 0.7939236109375 0.21614583281250002 0.7531828703125 0.2166666671875 0.7254050921874999 0.22135416718749998 0.7124421296875 0.22291666718749997 0.6883680562500001 0.221875 0.6828125
1 0 1 0.024979656250000003 1 0.0244791671875 0.9976273140625 0.0239583328125 0.9818865734374999 0.0317708328125 0.8994791671875 0.025520832812499998 0.87725694375 0.0153645828125 0.8684606484374999 0 0.8748341046875 0 1
1 0.08151041718749999 0.6804976859374999 0.07473958281250001 0.6851273140625 0.0713541671875 0.6948495375 0.0713541671875 0.7587384265624999 0.0635416671875 0.7883680562500001 0.06484375 0.792534721875 0.0731770828125 0.7971643515625 0.0802083328125 0.817071759375 0.075 0.86336805625 0.075 0.8717013890625 0.07760416718749999 0.8726273140625 0.08541666718749999 0.8513310187500001 0.0869791671875 0.83836805625 0.0875 0.7661458328125 0.0921875 0.7272569437499999 0.09114583281250001 0.6902199078125 0.08671875 0.6823495375 0.08151041718749999 0.6804976859374999
1 0 0.861168984375 0.0036458328125000003 0.8457754625 0.0041666671875 0.7568865734375001 0.0096354171875 0.7480902781250001 0.0184895828125 0.7462384265625 0.02265625 0.75179398125 0.0244791671875 0.7476273140625 0.0270833328125 0.698553240625 0.0229166671875 0.6809606484375 0.0169270828125 0.67679398125 0.010677082812499999 0.679571759375 0.0057291671875 0.68929398125 0.0026041671875 0.7198495375 0 0.7283371937500001 0 0.7731323640625 0.0026041671875 0.7828125 0 0.7908371921875 0 0.861168984375
1 0.0328125 0.67725694375 0.0364583328125 0.7337384265625 0.0338541671875 0.736516203125 0.029166667187500002 0.7568865734375001 0.0286458328125 0.7828125 0.0322916671875 0.8096643515625 0.0348958328125 0.8133680562500001 0.0395833328125 0.7837384265624999 0.0390625 0.7226273140625 0.0450520828125 0.7092013890625 0.05234375 0.7054976859375 0.053125 0.70133101875 0.053125 0.6707754625 0.04609375 0.6527199078125 0.0348958328125 0.6679976859375 0.0328125 0.67725694375
1 0.0625 0.7892939812499999 0.0703125 0.7661458328125 0.07083333281250001 0.7004050921875 0.07552083281250001 0.67725694375 0.0744791671875 0.65225694375 0.0684895828125 0.641608796875 0.06171875 0.6434606484375001 0.058333332812500006 0.6494791671875 0.056770832812500005 0.6661458328125001 0.0578125 0.7059606484375001 0.061979167187499996 0.7244791671874999 0.059375 0.7865162031249999 0.0625 0.7892939812499999
1 0.10833333281249999 0.7494791671875 0.10729166718750001 0.73929398125 0.11041666718750001 0.7198495375 0.11145833281249999 0.6781828703125 0.1098958328125 0.6689236109375 0.1049479171875 0.6619791671874999 0.09765625 0.6619791671874999 0.0927083328125 0.673553240625 0.0927083328125 0.7337384265625 0.0895833328125 0.7559606484375 0.09713541718749999 0.7499421296875 0.10833333281249999 0.7494791671875
1 0.11536458281249999 0.648090278125 0.1109375 0.6633680562500001 0.1109375 0.730034721875 0.1130208328125 0.730034721875 0.1140625 0.7207754625 0.125 0.7087384265625 0.1270833328125 0.6967013890625 0.1291666671875 0.6587384265624999 0.12421875 0.6453125 0.11536458281249999 0.648090278125
1 0.250441984375 1 0.2502604171875 0.9564236109375 0.24375 0.9679976859374999 0.23802083281250003 0.9929976859374999 0.23802083281250003 1 0.250441984375 1
1 0.2510416671875 0.8818865734374999 0.2546875 0.8744791671875 0.2588541671875 0.8476273140625 0.259375 0.8244791671874999 0.25234375 0.8092013890625 0.24140625 0.8064236109374999 0.2338541671875 0.8133680562500001 0.23072916718749997 0.82633101875 0.228125 0.8448495375 0.22916666718749998 0.8754050921874998 0.2299479171875 0.8786458328125001 0.24348958281250002 0.8758680562500001 0.2510416671875 0.8818865734374999
1 0.4 0.8453125 0.3994791671875 0.8374421296874999 0.3908854171875 0.8249421296874999 0.38203125 0.8249421296874999 0.37447916718749996 0.83836805625 0.3697916671875 0.8902199078125002 0.3661458328125 0.9068865734374999 0.3619791671875 0.9189236109374999 0.3447916671875 0.9494791671874999 0.340625 0.9624421296874999 0.3380208328125 0.9781828703125001 0.3416666671875 0.98929398125 0.3413124234375 1 0.3627278640625 1 0.3708333328125 0.985590278125 0.3770833328125 0.960590278125 0.384375 0.90133101875 0.3958333328125 0.880034721875 0.39895833281250004 0.8661458328125 0.4 0.857503853125 0.4 0.8453125
1 0.353125 0.8179976859375 0.3411458328125 0.8439236109374999 0.3328125 0.8698495375 0.3317708328125 0.880034721875 0.3411458328125 0.8948495375000001 0.3572916671875 0.8652199078125001 0.365625 0.7976273140625001 0.36875 0.7865162031249999 0.37578125 0.779571759375 0.3796875 0.7679976859375 0.378125 0.754108796875 0.37265625 0.7453125 0.36380208281250004 0.7462384265625 0.359375 0.754108796875 0.353125 0.8179976859375
1 0.3825520828125 0.7814236109375 0.37421875 0.7804976859374999 0.3682291671875 0.7883680562500001 0.35885416718749996 0.860590278125 0.3416666671875 0.8939236109375 0.3416666671875 0.9198495375 0.3296875 0.9624421296874999 0.3296875 0.980034721875 0.3322916671875 0.9902199078125001 0.3416666671875 0.9550347218749999 0.3635416671875 0.9142939812499999 0.3661458328125 0.905034721875 0.3739583328125 0.83836805625 0.37734375 0.8304976859375 0.3875 0.8189236109374999 0.3895833328125 0.7957754625 0.3825520828125 0.7814236109375
1 0.28125 0.8568865734375001 0.2770833328125 0.886516203125 0.278125 0.9004050921874999 0.28177083281250004 0.8976273140625001 0.29635416718749996 0.867071759375 0.3005208328125 0.8513310187500001 0.3067708328125 0.7846643515625 0.3114583328125 0.7744791671875 0.3049479171875 0.7647569437499999 0.2994791671875 0.7883680562500001 0.2932291671875 0.8031828703125001 0.2958333328125 0.8133680562500001 0.2947916671875 0.8226273140625 0.28125 0.8568865734375001
1 0.24973958281250003 0.7286458328125001 0.24583333281250003 0.73836805625 0.2442708328125 0.7661458328125 0.24609375 0.7684606484375001 0.24973958281250003 0.7629050921875 0.25859375 0.7619791671874999 0.26614583281250004 0.7689236109375 0.2677083328125 0.7402199078125 0.265625 0.7337384265625 0.2580729171875 0.7249421296875 0.24973958281250003 0.7286458328125001
1 0.2606770828125 0.7629050921875 0.24921875 0.7629050921875 0.24479166718749998 0.7689236109375 0.23697916718749998 0.8031828703125001 0.2518229171875 0.8082754624999999 0.2580729171875 0.8203125 0.2619791671875 0.8198495375 0.265625 0.8124421296875 0.2677083328125 0.7976273140625001 0.2671875 0.7744791671875 0.2606770828125 0.7629050921875
1 0.26614583281250004 0.735590278125 0.2697916671875 0.7309606484375 0.2703125 0.71429398125 0.2669270828125 0.7064236109375 0.2580729171875 0.70086805625 0.25052083281250004 0.7124421296875 0.2494791671875 0.7281828703125 0.26015625 0.7267939812499999 0.26614583281250004 0.735590278125
1 0.27395833281250004 0.7152199078125 0.2755208328125 0.7078125 0.27395833281250004 0.68929398125 0.2674479171875 0.6823495375 0.26171875 0.6842013890625 0.2578125 0.692071759375 0.2567708328125 0.70133101875 0.26640625 0.7054976859375 0.27395833281250004 0.7152199078125
1 0.2770833328125 0.9133680562500001 0.27291666718749996 0.9439236109374999 0.27395833281250004 0.9661458328125001 0.2822916671875 0.9448495375 0.2942708328125 0.923553240625 0.3010416671875 0.9004050921874999 0.30520833281250004 0.8439236109374999 0.3114583328125 0.81429398125 0.30911458281250004 0.7832754625 0.3005208328125 0.8522569437499999 0.296875 0.860590278125 0.29635416718749996 0.8689236109374999 0.2859375 0.8874421296874999 0.2770833328125 0.9133680562500001
1 0.31015625 0.711053240625 0.3046875 0.7198495375 0.303125 0.742071759375 0.30520833281250004 0.7457754624999999 0.3122395828125 0.7351273140625001 0.3205729171875 0.73975694375 0.3244791671875 0.736516203125 0.325 0.7263310187500001 0.31953125 0.7119791671875 0.31015625 0.711053240625
1 0.15625 0.630034721875 0.15182291718750002 0.6221643515624999 0.14401041718750002 0.624016203125 0.1416666671875 0.6318865734375001 0.140625 0.6855902781250001 0.14921875 0.6842013890625 0.1546875 0.667071759375 0.15625 0.630034721875
1 0.175 0.7198495375 0.178125 0.73929398125 0.18020833281249998 0.742071759375 0.184375 0.7263310187500001 0.1927083328125 0.7124421296875 0.1885416671875 0.7050347218749999 0.1921875 0.6531828703125 0.1901041671875 0.642071759375 0.1872395828125 0.63883101875 0.1799479171875 0.6406828703125 0.1760416671875 0.6494791671875 0.18020833281249998 0.6624421296875 0.18020833281249998 0.67725694375 0.175 0.7198495375
1 0.16458333281249998 0.736516203125 0.1651041671875 0.7531828703125 0.16875 0.7596643515625 0.17734375 0.7536458328125001 0.1796875 0.748553240625 0.1760416671875 0.7281828703125 0.1760416671875 0.7068865734375 0.1807291671875 0.6781828703125 0.18020833281249998 0.6624421296875 0.1736979171875 0.65086805625 0.16744791718750002 0.6527199078125 0.1630208328125 0.6633680562500001 0.16875 0.6828125 0.16458333281249998 0.736516203125
1 0.1515625 0.77633101875 0.1541666671875 0.7957754625 0.1630208328125 0.7976273140625001 0.16458333281249998 0.7957754625 0.1671875 0.7624421296875 0.1651041671875 0.7328125 0.1697916671875 0.6837384265625 0.1658854171875 0.6693865734375001 0.1575520828125 0.667534721875 0.1526041671875 0.6726273140625001 0.1505208328125 0.6828125 0.15625 0.7059606484375001 0.1515625 0.754108796875 0.1515625 0.77633101875
1 0.10859375 0.617534721875 0.1013020828125 0.6156828703125 0.0958333328125 0.6281828703125 0.096875 0.6615162031249999 0.1088541671875 0.6624421296875 0.1130208328125 0.6467013890625 0.11145833281249999 0.6254050921875 0.10859375 0.617534721875
1 0.1244791671875 0.6429976859375 0.1286458328125 0.6568865734375 0.1260416671875 0.7078125 0.13333333281249998 0.71336805625 0.14114583281249998 0.67725694375 0.1421875 0.654108796875 0.14010416718750002 0.635590278125 0.1325520828125 0.6314236109375 0.12734375 0.6351273140625 0.1244791671875 0.6429976859375
1 0.0671875 0.6152199078125 0.0671875 0.6309606484375 0.0692708328125 0.6411458328124999 0.07369791718749999 0.649016203125 0.07760416718749999 0.648553240625 0.078125 0.635590278125 0.0828125 0.62633101875 0.0828125 0.610590278125 0.0799479171875 0.604571759375 0.0744791671875 0.6013310187500001 0.0739583328125 0.5874421296875 0.06901041718749999 0.5851273140625001 0.0640625 0.5939236109375 0.0645833328125 0.6096643515625 0.0671875 0.6152199078125
1 0.09713541718749999 0.5934606484375 0.0908854171875 0.5943865734375 0.08645833281250001 0.6068865734375001 0.0869791671875 0.6244791671875001 0.09375 0.6402199078125 0.1015625 0.61429398125 0.1010416671875 0.6004050921874999 0.09713541718749999 0.5934606484375
1 0.03828125 0.624016203125 0.03359375 0.6249421296875 0.0296875 0.6309606484375 0.0276041671875 0.6568865734375 0.0239583328125 0.6707754625 0.0265625 0.6846643515624999 0.0244791671875 0.7374421296875 0.0260416671875 0.7531828703125 0.028125 0.754108796875 0.0307291671875 0.75225694375 0.0359375 0.7263310187500001 0.0348958328125 0.6689236109375 0.0393229171875 0.6582754625 0.0447916671875 0.654108796875 0.0458333328125 0.6457754625 0.0442708328125 0.6309606484375 0.03828125 0.624016203125