1 0.06261784375 0.4296875 0.06317700781249999 0.4366847015625 0.06120695 0.45152786562499997 0.05438523125 0.4790015890625 0.0535754703125 0.48842656250000005 0.05419883125 0.5041547109375 0.0551958890625 0.5138307906249999 0.057758353124999995 0.5244397359375 0.0693163828125 0.5567568171875 0.070576203125 0.5578125 0.07978460312499999 0.5578125 0.08898883125 0.5563434468749999 0.09135631250000001 0.5530482171875 0.0921875 0.5487889515625 0.0921875 0.4645892015625 0.081759196875 0.43917181406249994 0.080861553125 0.4296875 0.06261784375 0.4296875
1 0.10346797187500001 0.4296875 0.104076646875 0.4406835765625 0.0993575 0.45906734374999997 0.0961959625 0.47803109062499993 0.0988519625 0.49263180625 0.0993975984375 0.5160745390625 0.10524676718749999 0.5351841734375 0.1092908796875 0.54375 0.1273500515625 0.54375 0.1293429484375 0.542164484375 0.1296875 0.540296959375 0.1296875 0.462384096875 0.1224719859375 0.44598382187499996 0.11906056406250001 0.4320978078125 0.11900446406250001 0.4296875 0.10346797187500001 0.4296875
1 0.16367789531250002 0.4296875 0.1650206484375 0.4360956015625 0.16453671875 0.4465312609375 0.16097501875 0.46216545625 0.1646909 0.474060090625 0.16652000312499998 0.48437452968750005 0.1668321421875 0.5149174249999999 0.171286409375 0.5265625 0.1859375 0.5265625 0.1859375 0.45868984687500003 0.17811653125 0.44011069999999997 0.177283403125 0.4296875 0.16367789531250002 0.4296875
1 0.130441134375 0.4296875 0.13071647656250002 0.43320306718749996 0.128906646875 0.44593360625 0.128455290625 0.44715748906249997 0.128455290625 0.534375 0.1428849640625 0.534375 0.14432225625 0.5308671515625 0.1512009421875 0.506391321875 0.153125 0.48994979687499995 0.153125 0.4737296578125 0.15080676875000001 0.4608693671875 0.14445256875 0.441156840625 0.14408065 0.4331253140625 0.1445904890625 0.4296875 0.130441134375 0.4296875
1 0.0792989671875 0.4296875 0.0794580484375 0.43359162187500006 0.082546628125 0.4462728171875 0.090625 0.4638285640625 0.090625 0.4296875 0.0792989671875 0.4296875
1 0.041126940625000004 0.4296875 0.0426106296875 0.44391683750000005 0.042026696875000005 0.451895921875 0.0349245890625 0.47743358750000003 0.0340760796875 0.49609040000000004 0.0368100296875 0.514350065625 0.046636418750000005 0.54375 0.0546875 0.54375 0.0546875 0.515298109375 0.052868503125 0.498851628125 0.0536936296875 0.479190125 0.0546875 0.4751935484375 0.0546875 0.4296875 0.041126940625000004 0.4296875
1 0 0.4296875 0 0.553125 0.0092834109375 0.553125 0.0094078 0.5529245312500001 0.0171875 0.527225946875 0.0171875 0.4711290359375 0.0113668 0.45222529062500005 0.01001809375 0.4394049875 0.01147279375 0.4296875 0 0.4296875
0 0.268373596875 0.4296875 0.265375225 0.4311526703125 0.2522680546875 0.44119955624999996 0.2431444359375 0.45241857812499997 0.237233359375 0.4641399453125 0.2320932921875 0.4792102734375 0.23055127187500002 0.49562018593749996 0.23029426874999998 0.51571395625 0.2323502953125 0.529779596875 0.23633384687499998 0.5343006953125 0.24558596718749998 0.537984553125 0.24751349218750002 0.540496275 0.25085453593749996 0.55087805625 0.25727962031249996 0.5622645265624999 0.27231431562499997 0.5795116796875 0.2854214859375 0.5868793953125 0.2905615515625 0.5885538765625 0.2989141609375 0.5887213250000001 0.3067527625 0.5875491875 0.3183179125 0.583530434375 0.3273130296875 0.575492925 0.3342521203125 0.5724788593750001 0.3390066828125 0.5669530734375 0.3390066828125 0.4296875 0.268373596875 0.4296875
1 0.823775959375 0.6057152953125 0.8217437484375001 0.6111948546875 0.8197880062499999 0.6230509125 0.8122308421875 0.636207971875 0.7971929859375 0.6688985953125 0.7937829796875 0.6825099453125001 0.7916115984375 0.700086175 0.7921982937500001 0.7309504984374999 0.7945476671875 0.7462749093750001 0.7996952390625001 0.7658182796874999 0.8016359124999999 0.7831790078124999 0.804264865625 0.7890859171875 0.8093090203125 0.794362528125 0.8186276859375001 0.7984375 0.8269300921875 0.7984375 0.8308684640624999 0.7975982546875 0.8373223843750001 0.792894409375 0.8521941249999999 0.7644101953125 0.8610764312500001 0.7421166515625 0.8625 0.736702625 0.8625 0.6550673781249999 0.8549222343749999 0.6296050046875 0.8544884796875 0.6114936734375 0.8556619234375 0.6043800375 0.8553811046875 0.5990216984375 0.8579386109374999 0.5888131875 0.8581717984375 0.583427909375 0.8625 0.5648841609375 0.8625 0.5074846203125001 0.8576616625 0.5033490374999999 0.838224484375 0.5033490374999999 0.8361241140625 0.5044912640625 0.8297084265624999 0.51238335625 0.8267359578125 0.5195912734375 0.8240856734375 0.5378642328125001 0.8252866593749999 0.5804499234375 0.8249782421875 0.5942345421875 0.8232556875 0.600705321875 0.823775959375 0.6057152953125
1 0.7296875 0.9082817406250001 0.73143104375 0.90756230625 0.73853048125 0.90190866875 0.74750514375 0.8823142203125001 0.7492063734375 0.8735710328125 0.749554384375 0.8253056093750001 0.7533139609374999 0.7471536750000001 0.7524838265625 0.733092521875 0.7495589984375 0.7244300812500001 0.74867428125 0.7090293437499999 0.749211040625 0.6969551375 0.7528272953124999 0.672092071875 0.755854484375 0.664331140625 0.75625 0.6585783296875001 0.75625 0.599873221875 0.7512978375 0.5935297562499999 0.7462919593749999 0.590600925 0.7381087921875 0.591749165625 0.73057381875 0.589869884375 0.7296875 0.590160740625 0.7296875 0.9082817406250001
1 0.903125 1 0.903125 0.93170794375 0.9013250890625001 0.9251280296874999 0.8920786953125 0.8995496703124999 0.89032910625 0.8781163124999999 0.8914009890625 0.86619180625 0.894457853125 0.8503967750000001 0.903125 0.8224104046875 0.903125 0.7568946046875 0.898680309375 0.7502243453125 0.89093746875 0.7430652765625 0.8867980781250001 0.7424668656250001 0.8833913921875001 0.74458056875 0.8792793390625 0.744317053125 0.877524103125 0.7400402671874999 0.8757579015625 0.7387610828125 0.867386140625 0.7395571734375 0.8555037484374999 0.747457465625 0.8512822640625 0.7536832546875 0.8478043718749999 0.7674524421875001 0.846721521875 0.782374546875 0.846858046875 0.7997068015625001 0.8495261390625 0.8355242203125 0.8476721156250001 0.866054690625 0.8421819046875001 0.8833595125 0.8400930578124999 0.8843916562499998 0.8280082546875001 0.9007741578124999 0.817284996875 0.9197424968749999 0.8079615078125 0.946462853125 0.8057959703125 0.9606492859374999 0.8053582484374999 0.9866064937499999 0.806901659375 1 0.903125 1
1 1 0.616072509375 0.9965440296875 0.61428081875 0.9923050921875 0.616051009375 0.9900184515625 0.6140625 0.980902840625 0.6140625 0.9769610234374999 0.615405228125 0.9685371343749999 0.621618796875 0.9615680640625 0.6306401 0.955673159375 0.6474925812500001 0.9506604734374999 0.6730164734375 0.94777994375 0.697487821875 0.9441726921875 0.7146213625 0.9414282546875 0.7203684359375 0.9390741734375 0.7311210046875 0.9308154828124999 0.748697115625 0.927977375 0.7506018515624999 0.9114835078125001 0.7702083203125 0.8954671968750001 0.7919766562499999 0.8936102546875 0.7955612453125 0.8936102546875 0.940138859375 0.8970643203125 0.9418755125 0.9012510171875 0.9421875 0.9074150812500001 0.9421875 0.9109425 0.9415524937499999 0.9173897265625 0.937725071875 0.9413269875000001 0.90791619375 0.9597259906250001 0.878403371875 0.9682130734375001 0.8578131953125 0.971953678125 0.8456911328124999 0.97499940625 0.8325823265625001 0.976883765625 0.81448596875 0.9765279921874999 0.7920957796874999 0.9732339718749999 0.761082034375 0.9721519703125001 0.7584327734375 0.974731209375 0.741323159375 0.9796742328124999 0.723489915625 0.9880598062499999 0.704239325 0.9901347421875 0.6971706140625 0.99865366875 0.6829315015625 1 0.6798455171875 1 0.616072509375