2 0.51875 0.4554488109375 0.3296253328125 0.44846734218749995 0.0366404234375 0.439307559375 0 0.438957421875 0 0.53125 0.51875 0.53125 0.51875 0.4554488109375
1 0.1697056859375 0.4317920296875 0.17555612812500002 0.4092280546875 0.178125 0.37986570625 0.178125 0.356647165625 0.1697214265625 0.2898300828125 0.17801926562499998 0.22156947656249998 0.1581415640625 0.22057837187499998 0.152875578125 0.22057837187499998 0.1497034171875 0.2350728546875 0.1464576140625 0.2987566921875 0.1396967375 0.3206357125 0.1396967375 0.434375 0.144581590625 0.434375 0.1697056859375 0.4317920296875
1 0.1993087109375 0.4275114109375 0.1993087109375 0.42982869062500006 0.2002548765625 0.43125 0.253125 0.43125 0.253125 0.3835273484375 0.23822954531249999 0.313038978125 0.2418555234375 0.2270369921875 0.2391494296875 0.22208039531249998 0.2149306796875 0.2212346578125 0.21217610625 0.22461139531250002 0.2121114640625 0.23572250625 0.2163707046875 0.3094973078125 0.200341690625 0.3783961140625 0.1993087109375 0.4275114109375
1 0.41299467500000003 0.4328125 0.4625 0.4328125 0.4625 0.3974188234375 0.446745753125 0.3203233515625 0.45090803125 0.23004557343749998 0.4465505546875 0.21962890625 0.4262380546875 0.21962890625 0.42122053125000003 0.23004557343749998 0.4248869125 0.32310112968750004 0.40894932187500005 0.403656684375 0.40911092812499994 0.43143446250000006 0.41299467500000003 0.4328125
1 0.51875 0.21945277968750002 0.4970427375 0.21998311718750002 0.49506489687500005 0.231693184375 0.504736621875 0.30963465625 0.494254075 0.37717185625 0.4967659734375 0.4285334625 0.4981080359375 0.43125 0.51875 0.43125 0.51875 0.21945277968750002
1 0.092097159375 0.6296875 0.09530338125 0.6579046843749999 0.0907037953125 0.6843902546875 0.051578403125000005 0.76441124375 0.051578403125000005 0.845945459375 0.0871757921875 0.908744146875 0.090264290625 0.9109375 0.143493703125 0.9109375 0.18302870468750002 0.8615266281249999 0.1965947515625 0.8220699203124999 0.196875 0.7738993234375 0.196875 0.7686745687500001 0.1573704609375 0.687106709375 0.157680746875 0.6337733765625 0.159260865625 0.6296875 0.092097159375 0.6296875
1 0.51875 0.73242498125 0.5072157625 0.7569135171875 0.4548273265625 0.8011907421875 0.442120834375 0.8222240031249999 0.442120834375 1 0.4829036765625 1 0.5083570953125001 0.9707193015625 0.51875 0.964127003125 0.51875 0.73242498125
1 0.3006944453125 0.6296875 0.300590278125 0.629965278125 0.300590278125 0.6788541671875 0.3139236109375 0.7232986109375 0.33836805625 0.74774305625 0.3717013890625 0.7455208328125 0.3939236109375 0.72774305625 0.420590278125 0.68774305625 0.43836805625 0.634409721875 0.4380048078125 0.6296875 0.3006944453125 0.6296875
1 0.5891122609374999 1 0.5832601687500001 0.973903703125 0.5857932203125 0.9352617500000001 0.592095328125 0.9100283000000001 0.590770365625 0.873268365625 0.5820161328125 0.8571077078125 0.565886009375 0.8523720171875 0.5581699796875 0.8561360515625001 0.5484567421875 0.8725638281249999 0.5524909375 0.9726499531249999 0.5440294999999999 1 0.5891122609374999 1
1 0.8486286328125001 1 0.8407533046874999 0.961610609375 0.8546875 0.87467109375 0.8546875 0.8641687359375 0.8500257484375 0.852240978125 0.8298027234375001 0.852240978125 0.8223360453125 0.8580191015625 0.815435315625 0.8758194515625 0.8115225359375 0.964167971875 0.7975069749999999 0.9979612625 0.7975069749999999 1 0.8486286328125001 1
1 0.9547464296874999 1 0.95625 0.9381600234375 0.95625 0.8593628890625 0.9541982515625002 0.8540785249999999 0.9426419984375001 0.8567336984375 0.9344790828124999 0.8712324812500001 0.9370163296874999 0.9641024171874999 0.9244239421875001 1 0.9547464296874999 1
1 0.8019145406250001 1 0.7883810109375 0.9514997828125 0.79402483125 0.8638341374999999 0.7843175234374999 0.84803393125 0.771228740625 0.8459951968749999 0.7608945359374999 0.8546598234375 0.757119546875 0.8668922406250001 0.7621856484375 0.9443642109375 0.7584581046875 0.9647515703125 0.746250303125 1 0.8019145406250001 1
1 0.7421875 1 0.7421875 0.99867264375 0.7324389765625 0.9688946171874999 0.731560446875 0.931231725 0.735115990625 0.9028774531250001 0.7323217125 0.8712501859374999 0.7193861140625 0.8550336203125 0.705474634375 0.85353073125 0.6981089484374999 0.8583589515625001 0.6923870359375 0.8708727234375001 0.6931855828125 0.8953106921874999 0.7026856140625 0.9597189109375 0.7016844046874999 0.980025684375 0.6953444203125 1 0.7421875 1
1 0.6760276265625 1 0.6665632546875 0.9606389375 0.674899896875 0.8671078328125 0.6671670015625 0.8519978874999999 0.6603388296875 0.847638321875 0.644859309375 0.85108891875 0.636414634375 0.8665600125000001 0.6381966203125 0.955401746875 0.62437880625 1 0.6760276265625 1
1 0.51875 1 0.5438667796875001 1 0.5348798078125 0.9692342 0.5341105765624999 0.9549630484375001 0.5356490390624999 0.9243820078125001 0.541033653125 0.9070527515624999 0.541802884375 0.8693361359375 0.5337259609375 0.8494584609375 0.51875 0.844948046875 0.51875 1
1 0.6243764421875 1 0.6271875 0.9875828234374999 0.6148798078125 0.9396725281249999 0.621033653125 0.8571037203125 0.6144951921875 0.8433422531250001 0.5998798078124999 0.83926478125 0.5929567312499999 0.8433422531250001 0.5864182687499999 0.8540456171875 0.5918028843750001 0.8754523453124999 0.592572115625 0.896859071875 0.5841105765625 0.9743310390625 0.5909471156249999 1 0.6243764421875 1