1 0.14685937031250001 0.176051996875 0.14898257343750002 0.20880083593749998 0.1466663046875 0.2262185375 0.1421803703125 0.24979621718749997 0.132771296875 0.2808841671875 0.1320059578125 0.28711312499999997 0.1320059578125 0.393067896875 0.135883509375 0.41565089375 0.1373105046875 0.4171875 0.1612652671875 0.4171875 0.1650771171875 0.4140461046875 0.175799203125 0.3675316046875 0.1796875 0.33999938749999997 0.1796875 0.296163709375 0.1766920515625 0.267055825 0.1715063796875 0.246275659375 0.16774458125 0.21504476874999998 0.174452709375 0.1454912203125 0.170504071875 0.1221241 0.161447403125 0.11622541718749999 0.15468228906249998 0.11863373906250001 0.15112960625 0.1225750453125 0.146730934375 0.13071621718749998 0.14685937031250001 0.176051996875
1 0.218265821875 0.1810936703125 0.217982009375 0.2218131890625 0.21392308125 0.2401619296875 0.202234803125 0.289673815625 0.20240179687499998 0.3183775203125 0.20629542656250002 0.36111866875 0.2159397734375 0.40779696562499995 0.2177359578125 0.409375 0.242466575 0.409375 0.24405938593749998 0.40801704687499996 0.2515625 0.3712819734375 0.2515625 0.267690246875 0.24447539687500003 0.2442150109375 0.239792365625 0.21159341406249998 0.24083757343749998 0.1780954796875 0.24399504843750003 0.128451084375 0.235871796875 0.113962196875 0.22896927968749997 0.11164058750000001 0.221707690625 0.1133850546875 0.2173706453125 0.12443024843749999 0.2143668 0.1374265953125 0.218265821875 0.1810936703125
1 0.2829621484375 0.1204208328125 0.28278976875 0.1500504640625 0.286241675 0.18363873749999998 0.28554846093749997 0.213231946875 0.2711465875 0.2705819359375 0.26875 0.3033560125 0.26875 0.316975846875 0.270205578125 0.3427677390625 0.2792896859375 0.3934233015625 0.2819753625 0.3984375 0.3067900796875 0.3984375 0.3116513828125 0.38364431718750003 0.320254059375 0.3379307453125 0.321875 0.30060915625 0.321875 0.29479052499999997 0.3185855171875 0.2664887671875 0.30639795625 0.2119109796875 0.3065595625 0.1841332015625 0.310941703125 0.14738752500000002 0.31107637499999996 0.12423937656249999 0.3090469109375 0.1148344359375 0.303113890625 0.1046933828125 0.29322882968749997 0.102149546875 0.2866780125 0.1086387375 0.2829621484375 0.1204208328125
1 0.0879702875 0.10901751875000001 0.0824397734375 0.114334765625 0.078287759375 0.1243732953125 0.0777669265625 0.14660157812500002 0.08193359375 0.20766420624999998 0.0773860328125 0.2344487703125 0.06839192656250001 0.269858815625 0.06526692656250001 0.29582110625 0.06474609375 0.3245308671875 0.06839192656250001 0.3624514109375 0.076725259375 0.40309517968749997 0.082312309375 0.4078125 0.100224378125 0.4078125 0.10537109375 0.4027618546875 0.1140625 0.36037270781249997 0.1140625 0.2666114421875 0.114001828125 0.2662886203125 0.105038584375 0.2337881125 0.10223095156249999 0.2085934703125 0.10223095156249999 0.19969688593749998 0.10380859375 0.17129855624999998 0.10656425 0.1428601984375 0.105801409375 0.12575483125 0.10246403906249998 0.11528789843750001 0.09550322343749999 0.1082520765625 0.0879702875 0.10901751875000001
1 0 0.3635310796875 0.022403248437500002 0.364416959375 0.027014051562500002 0.3671875 0.0355515796875 0.3671875 0.0378432609375 0.36117621718750004 0.0421875 0.338372415625 0.0421875 0.252966759375 0.03267434375 0.202842884375 0.03934455 0.1176577 0.034752229687500004 0.102379921875 0.030194034375 0.09682436718750001 0.0239655859375 0.0958984421875 0.0186926 0.0986762171875 0.0118912421875 0.1111762171875 0.0122756390625 0.20654658750000002 0 0.2531927625 0 0.3635310796875
0 0 0.4890625 0.066326146875 0.4890625 0.06875 0.460278071875 0.06875 0.45385345624999995 0.06843025781249999 0.444482071875 0.063644303125 0.4210336703125 0.053370740625 0.397761628125 0.033518346875 0.372595725 0.016519490625 0.36706533750000003 0.004427140625 0.3692153125 0 0.3723279796875 0 0.4890625
1 0.3390625 0.4890625 0.4109375 0.4890625 0.4109375 0.3988471203125 0.40981482500000005 0.38881375937499996 0.391805840625 0.3101198703125 0.39934921875 0.18502895156250002 0.3927104078125 0.1818325234375 0.35827161093750004 0.1818325234375 0.35247421875 0.1861199796875 0.35219133125 0.1958422015625 0.3573231921875 0.260956325 0.355868340625 0.3109563234375 0.3390625 0.37530503125000003 0.3390625 0.4890625
1 0.48533365625 0.4515625 0.4916014437499999 0.42257585000000003 0.5066620921875 0.39333549218749997 0.52762655625 0.37197277500000003 0.553125 0.3574361015625 0.553125 0.33409045625 0.5392066703125 0.28149397187499997 0.541000959375 0.1871450265625 0.538238303125 0.1821724984375 0.505425803125 0.1808354921875 0.500375959375 0.185489684375 0.5055967625 0.27734735312500003 0.4820082765625 0.38469384687499997 0.48073666875 0.43463018125 0.48420834062499996 0.4515625 0.48533365625 0.4515625
1 0.5655061625 0.2508998703125 0.56626049375 0.2855402046875 0.5650266703125 0.30502559218749997 0.5578323578125 0.3350918296875 0.5578323578125 0.3575694125 0.58500785 0.36848297812499997 0.6002772562500001 0.382941884375 0.6159661859375 0.4125 0.6282124328125 0.4125 0.63125 0.4084174171875 0.63125 0.4080173046875 0.6274405046875 0.372501553125 0.6027206296875001 0.2947269671875 0.59929928125 0.27409835312499997 0.6045578468749999 0.1822679109375 0.592857240625 0.1780404984375 0.5809244359375001 0.1780404984375 0.5589355390625 0.1811908890625 0.5578323578125 0.1910785265625 0.5578323578125 0.19708228125 0.5655061625 0.2508998703125
1 0.865625 0.4890625 0.865625 0.42107677812500005 0.860127175 0.38757083593749997 0.8402671734375 0.308372671875 0.8406146265625001 0.2486504484375 0.8464631499999999 0.18375508437500002 0.8015533968749999 0.17853050625 0.7987422609375 0.1915337453125 0.8069562328125001 0.25741245468749996 0.8066734234374999 0.3060235671875 0.7898469968749999 0.377098553125 0.7882741656250001 0.393615528125 0.7882741656250001 0.4061431015625 0.8004047203125001 0.44314115468750004 0.805466909375 0.4890625 0.865625 0.4890625
1 1 0.4890625 1 0.32950320624999996 0.9828125 0.268592090625 0.98125 0.19916582968750002 0.98359375 0.1755274453125 0.945703125 0.17249612187500002 0.94296875 0.18433349375000002 0.9484375 0.23149208125 0.94921875 0.268982990625 0.9265625 0.374802175 0.925 0.44982035624999994 0.9296875 0.4872658125 0.930092815625 0.4890625 1 0.4890625
0 0.6375 0.4890625 0.6375 0.48519971875 0.6270684109375 0.435542259375 0.6042937078125 0.390495434375 0.578270040625 0.3681605125 0.5501127171875 0.363744640625 0.5182915625 0.3799345890625 0.504439159375 0.397171096875 0.4926126046875 0.42077135937500004 0.4843744 0.4508263890625 0.4837246171875 0.4890625 0.6375 0.4890625
1 0.1427986390625 1 0.14176250937499998 0.993547090625 0.14266950625000002 0.970441390625 0.1484375 0.9266585468749999 0.1484375 0.8848164546875001 0.14788153125 0.8817859468750001 0.13767410625 0.8725758140625001 0.1267635421875 0.8767597734375 0.121882959375 0.888132234375 0.11989120312499998 0.9037880859375 0.1198498015625 0.9861742718750002 0.11551176875 1 0.1427986390625 1
1 0.6841068625 0.69375 0.7003853515625 0.69375 0.707511725 0.66948775625 0.709375 0.64762743125 0.709375 0.6379863218749999 0.701504378125 0.580798890625 0.7054242171875 0.5265776734375 0.7021712734375 0.5176317203125 0.6951804359375 0.5164064875000001 0.6873342296875 0.5311625656250001 0.6890447906249999 0.5797009421875 0.6815186640625 0.6112092312499999 0.6815186640625 0.6809579218749999 0.6833872125 0.693644384375 0.6841068625 0.69375
1 0.6443737921875 0.70625 0.66174865 0.70625 0.6671875 0.6937335390625 0.6671875 0.6286701953125 0.6655682359374999 0.6159666296874999 0.65919703125 0.594878625 0.6581248890625 0.5448467953125 0.6549190859375 0.5308305718749999 0.6498288406249999 0.5285403171875 0.6424756484375 0.5400434546875 0.6459238609375 0.59572634375 0.63753211875 0.6300984 0.6369851984375 0.6703443453125 0.6443737921875 0.70625
1 0.6194815499999999 0.690625 0.625 0.6745398765624999 0.625 0.610040778125 0.6198787234375001 0.584952690625 0.6227989468749999 0.5265374703125 0.6189363890624999 0.516828278125 0.6116556484375 0.516828278125 0.6055791203125 0.52882711875 0.6082892828124999 0.5800112890625 0.598436065625 0.6189647703125 0.598436065625 0.6589558671875 0.603035284375 0.690625 0.6194815499999999 0.690625
1 0.5868264671875 0.6859375 0.59375 0.6590791140625 0.59375 0.61302036875 0.5855791703125 0.5746444937499999 0.5882542140625 0.5178639406250001 0.5777517796874999 0.5094875421875 0.5710424734374999 0.5208287390625 0.5746497500000001 0.5724907796875 0.564859134375 0.612329109375 0.564859134375 0.6479395859375 0.57166765625 0.6820491109375 0.574322890625 0.6859375 0.5868264671875 0.6859375
1 0.540222459375 0.671875 0.5545590218750001 0.671875 0.560400390625 0.6533454187500001 0.5609375 0.6489468078125 0.5609375 0.6017146640625001 0.553369140625 0.5575939 0.557275390625 0.5144928921874999 0.555322265625 0.5068767296875001 0.541259765625 0.5070403625 0.539306640625 0.521646421875 0.542431640625 0.5632767265624999 0.533056640625 0.5994969250000001 0.532275390625 0.630061571875 0.539306640625 0.6702575328125 0.540222459375 0.671875
1 0.7515625 0.6054509984375 0.745000284375 0.5708333328124999 0.74866943125 0.5138888890625 0.74463334375 0.5078125 0.73738508125 0.5078125 0.732198528125 0.5166666671875 0.7332168796875 0.5736111109375 0.7242014875 0.6099232062500001 0.7242014875 0.6555989640625001 0.728351646875 0.68194444375 0.74098656875 0.6859375 0.741784096875 0.6859375 0.7455068203125 0.6833333328125 0.7515625 0.6567524234375 0.7515625 0.6054509984375
1 0.796875 0.6712372531249999 0.796875 0.58329101875 0.7918593015625001 0.5627490671875 0.7936050875 0.5114966859375001 0.778330309375 0.5071371625000001 0.7765630375 0.522995628125 0.7809218015625 0.5621120296875001 0.771282709375 0.6059649406250001 0.7724195046875 0.6365659984375001 0.7803691578125 0.671875 0.7964151734375 0.671875 0.796875 0.6712372531249999
1 0.7140625 0.64625268125 0.7140625 0.59028968125 0.7098177671875 0.5665453171875 0.7140625 0.515476653125 0.7140625 0.5110378421874999 0.700838246875 0.5083127453125 0.6996592984375 0.510209471875 0.6996592984375 0.5129594015625 0.703929425 0.518913659375 0.704925996875 0.532884434375 0.6999334312500001 0.57855399375 0.706772803125 0.622059928125 0.7071205781250001 0.66875 0.7077126796875 0.66875 0.7140625 0.64625268125
1 0.66796875 0.6347222218749999 0.66640625 0.6833333328125 0.67109375 0.684722221875 0.67890625 0.627777778125 0.675 0.5986111109375 0.66875 0.5791666671875 0.6703125 0.51944444375 0.666796875 0.5104166671875 0.659765625 0.5076388890625 0.6546875 0.5138888890625 0.653125 0.5263888890625 0.65859375 0.55 0.6578125 0.5875 0.66796875 0.6347222218749999
1 0.6359375 0.64444444375 0.64140625 0.6083333328125 0.63359375 0.565277778125 0.6359375 0.5111111109375 0.622265625 0.5076388890625 0.61875 0.515277778125 0.62421875 0.5361111109375 0.621875 0.5833333328125 0.6359375 0.64444444375
1 0.358905996875 0.5389418890625001 0.3625 0.565277778125 0.35625 0.5916666671875 0.3546875 0.627777778125 0.36171875 0.6708333328125 0.365234375 0.67569444375 0.375 0.675 0.3796875 0.6666666671875 0.38203125 0.627777778125 0.3805795953125 0.5878498624999999 0.3765625 0.565277778125 0.37734375 0.5263888890625 0.373828125 0.5076388890625 0.365234375 0.50625 0.35859375 0.5138888890625 0.358905996875 0.5389418890625001
0 0.387109375 0.96875 0.400390625 0.9798611109375 0.41171875 0.98055555625 0.422265625 0.97430555625 0.43515625 0.9541666671875 0.44296875 0.9138888890625001 0.43984375 0.8888888890625001 0.426171875 0.865972221875 0.403515625 0.8576388890625001 0.392578125 0.86319444375 0.3765625 0.8861111109375 0.37109375 0.9277777781250001 0.37421875 0.94305555625 0.387109375 0.96875