1 0.4390625 0.1274588703125 0.4344240078125 0.1209047375 0.4248223453125 0.119151346875 0.42224402968749997 0.119151346875 0.41257885781250003 0.1310994078125 0.40879699687500004 0.1507895125 0.418012696875 0.247766075 0.42822484375 0.2484375 0.4390625 0.2484375 0.4390625 0.1274588703125
1 0.5028421046875 0.46875 0.503125 0.466802746875 0.503125 0.451104734375 0.5010855234375 0.41913876562499996 0.49000785156250004 0.354338365625 0.4974781703125 0.2723711875 0.47382010625 0.2709811796875 0.4691184328125 0.31766834843749997 0.4691184328125 0.46875 0.5028421046875 0.46875
2 0 0.34644698281249997 0.050457889062500004 0.346875 0.17974976250000002 0.346875 0.2143040546875 0.3426206265625 0.22708032031249997 0.346875 0.2673184296875 0.346875 0.3955473515625 0.3452812125 0.4375 0.3360139421875 0.4375 0.231486890625 0.43721601562499995 0.23085925624999998 0.406828090625 0.23541163593749997 0.31830436406249996 0.23222009843750002 0.31892396562499997 0.22661903906249997 0.32546355937500004 0.222760046875 0.3244398328125 0.21447221718749998 0.3218762515625 0.2109206484375 0 0.2109206484375 0 0.34644698281249997
1 0.8484375 0.46875 0.8484375 0.3858036171875 0.8402551515625 0.3554757734375 0.8395684640625 0.329522553125 0.841748025 0.29785000156249997 0.839979871875 0.25988703750000003 0.83275788125 0.2449504578125 0.8298404234374999 0.244293015625 0.8198187015624999 0.244293015625 0.81713288125 0.24576932812500002 0.813072365625 0.25387171249999996 0.8085075906250001 0.279171965625 0.8088924000000001 0.2986437046875 0.8146115921874999 0.33175867187499997 0.8166418234374999 0.364138784375 0.8051635375 0.43156973125000003 0.8042842406249999 0.46875 0.8484375 0.46875
1 0.627269525 0.46875 0.6319968296875 0.44926091875 0.634375 0.42012713437500004 0.634375 0.41193782343749996 0.6331882875 0.3901077421875 0.626475171875 0.345040465625 0.6288938171875 0.31541083593749997 0.634375 0.2860251546875 0.634375 0.23841552031250002 0.6321974671875 0.2335648984375 0.621385871875 0.23304049531249998 0.6202584609375 0.23304049531249998 0.6105286015625 0.2475894359375 0.607362375 0.280011996875 0.6055827468749999 0.333639928125 0.5963827890625 0.3660511 0.5963827890625 0.46875 0.627269525 0.46875
1 0.710677415625 0.46875 0.7171875 0.45374630781249997 0.7171875 0.39768960937500003 0.704188946875 0.344679334375 0.7069455875 0.26011672343750003 0.70456589375 0.2500528796875 0.6956354984375 0.240705865625 0.6898258265624999 0.240705865625 0.68272230625 0.2434414140625 0.6766833703125 0.2600243078125 0.682313946875 0.3459534078125 0.6700565390625 0.40880949375000003 0.66800920625 0.44602853906249995 0.6701646890624999 0.46875 0.710677415625 0.46875
1 0.7708333328125001 0.2820023140625 0.7703125 0.24959490781250002 0.76640625 0.2398726859375 0.7544270828125 0.23524305625 0.7458333328125001 0.24311342656249998 0.7390625 0.27366898125 0.7432291671875 0.3532986109375 0.7317708328125 0.4070023140625 0.728125 0.43663194375 0.7299479171875001 0.43987268593750006 0.7419270828125001 0.4380208328125 0.75859375 0.44265046249999995 0.76796875 0.4500578703125 0.7778645828125 0.46579861093749997 0.7817708328125 0.46626157343749997 0.7822916671875 0.43848379687500005 0.7791666671874999 0.40422453750000004 0.7671875 0.3505208328125 0.7671875 0.3218171296875 0.7708333328125001 0.2820023140625
1 0.917712053125 0.46875 0.9182291671874999 0.46070601875 0.9130208328125 0.41070601875 0.9020833328125001 0.3662615734375 0.9015625 0.326446759375 0.9052083328125 0.295891203125 0.9036458328125001 0.2625578703125 0.8986979171874999 0.24265046250000002 0.8919270828125001 0.23709490781250003 0.88671875 0.23709490781250003 0.8765625 0.2468171296875 0.8739583328125 0.2625578703125 0.8734375 0.2940393515625 0.8776041671874999 0.34774305625 0.8755208328125 0.3671875 0.8677083328125 0.3931134265625 0.8640625 0.41440972187499997 0.8620581453125 0.46875 0.917712053125 0.46875
1 0.9835063734375 0.46875 0.984375 0.439409721875 0.9807291671874999 0.4088541671875 0.96875 0.35978009218749996 0.96875 0.31811342656249997 0.971875 0.294965278125 0.971875 0.2625578703125 0.9684895828125001 0.251909721875 0.9622395828125001 0.2445023140625 0.9575520828125 0.2435763890625 0.9486979171875 0.24820601875 0.9421875 0.264409721875 0.9416666671874999 0.28015046250000003 0.9453125 0.3171875 0.9453125 0.36070601875 0.93125 0.42274305625 0.9302083328125 0.46626157343749997 0.930505246875 0.46875 0.9835063734375 0.46875
1 0.35620244687499997 0.46875 0.3521744296875 0.49222959062499994 0.353980721875 0.547826090625 0.35457727656250004 0.5484375 0.3921875 0.5484375 0.3921875 0.46875 0.35620244687499997 0.46875
2 0.5390625 0.53905490625 0.3774274921875 0.54375800625 0.3286622390625 0.53963456875 0.0530035 0.5387247953125 0 0.5387247953125 0 0.6337186562499999 0.021746423437500002 0.6330859 0.041802667187499996 0.6359375 0.5007587515624999 0.6359375 0.5091206828125 0.6299894765625 0.5390625 0.6309272765625 0.5390625 0.53905490625
1 1 1 1 0.7331653265625 0.9977819140624999 0.7327739125 0.9802847796874999 0.7327739125 0.9673769109375 0.7443355328125 0.9618546578124999 0.76028808125 0.9754163515624998 0.8833161453125001 0.9488967015625001 0.9865163875 0.9489627500000001 1 1 1
1 0.9159974343750001 1 0.9162477046875 0.9976797312500001 0.9286838015625 0.9599069468749999 0.9222423531249999 0.92424223125 0.9390625 0.8092625171875 0.9390625 0.7997500656250001 0.9354115171874999 0.7820092671875 0.9235661125 0.7723818640625 0.906664246875 0.7723818640625 0.902646815625 0.7728304953125 0.88582610625 0.7974811546874999 0.8852205859375001 0.90037883125 0.8644931124999999 0.9650820109375001 0.8644931124999999 1 0.9159974343750001 1
1 0.8706076390625 1 0.884375 0.95234375 0.88125 0.91640625 0.8890625 0.83359375 0.88125 0.80078125 0.87109375 0.79375 0.85703125 0.79375 0.84375 0.80546875 0.8390625 0.82265625 0.846875 0.91796875 0.8247395828125 1 0.8706076390625 1
1 0.826118259375 1 0.834375 0.96171875 0.8296875 0.89921875 0.8359375 0.83203125 0.83125 0.82109375 0.81484375 0.809375 0.79921875 0.8140625 0.790625 0.83046875 0.796875 0.93671875 0.77526676875 1 0.826118259375 1