1 0.2313624546875 0.509375 0.23084625937499997 0.5063585578125 0.23420868125 0.48145405781250006 0.24488532031250002 0.4498916171875 0.24740989687499998 0.426344171875 0.238996978125 0.40235105937500004 0.23987969062499997 0.3710851421875 0.2301540828125 0.3985127515625 0.2222849921875 0.39958330468750003 0.21438207812500001 0.41108644375000003 0.2090954953125 0.4832131640625 0.20546115937499998 0.49558582968750003 0.1956580234375 0.509375 0.2313624546875 0.509375
1 0.16628090625 0.3644536359375 0.161555275 0.35162348906249996 0.1640930578125 0.281081253125 0.158250653125 0.2662614015625 0.1534175765625 0.2632653 0.142625653125 0.26553365625 0.1395103640625 0.27300880156249996 0.1418056609375 0.3465471390625 0.1340853734375 0.3628135453125 0.1328125 0.3705982359375 0.1328125 0.4280838625 0.139889034375 0.45868326562500006 0.1515624015625 0.4734375 0.15448405781250002 0.4734375 0.1622735546875 0.46942432968750003 0.16628090625 0.4527039046875 0.16628090625 0.3644536359375
1 0.103803540625 0.509375 0.103803540625 0.5018823640625001 0.0928089953125 0.4635243421875 0.0967420703125 0.41030015625000005 0.09523339374999999 0.385363928125 0.089852175 0.375361784375 0.0748871875 0.37240680312499996 0.06636755625 0.3891124140625 0.072415671875 0.4624046609375 0.0625 0.495883484375 0.0625 0.509375 0.103803540625 0.509375
1 0.0171875 0.3869562625 0.01953125 0.414230915625 0.02734375 0.44125753124999995 0.0328125 0.4486483875 0.04131728125 0.45 0.04185545625 0.45 0.0453125 0.44550208593749996 0.0546875 0.409087871875 0.0546875 0.393142359375 0.05234375 0.3544093765625 0.04375 0.33009676250000003 0.0453125 0.26494653125 0.040234375 0.2499486734375 0.036235775 0.2484375 0.03446926875 0.2484375 0.026953125 0.2502534234375 0.0234375 0.26177200156249997 0.0265625 0.32313820312499997 0.0203125 0.3379057984375 0.0171875 0.369872928125 0.0171875 0.3869562625
1 0.098446896875 0.35625 0.11180240781249999 0.35625 0.11333859531249998 0.353170528125 0.11333859531249998 0.25612820625 0.10998588281249999 0.2397045546875 0.1095110390625 0.1895770078125 0.103532953125 0.17752341875 0.099638425 0.1492744015625 0.0971697671875 0.17525582343749999 0.0921875 0.186401096875 0.0921875 0.2068286484375 0.0951421328125 0.2409162390625 0.0942021546875 0.25632156250000004 0.0921875 0.260963584375 0.0921875 0.33286972187499997 0.0933629703125 0.35114864375 0.098446896875 0.35625
1 0.069288221875 0.17663824687500002 0.0704088578125 0.1474397421875 0.059121134374999995 0.1444291078125 0.056346357812500004 0.1480127453125 0.0567559015625 0.1799253609375 0.0515625 0.19786037812499999 0.0515625 0.2562301609375 0.054666145312500004 0.271875 0.0656523703125 0.271875 0.0697679234375 0.26963013125 0.07717088125 0.23739918906250002 0.0774941046875 0.209621409375 0.069288221875 0.17663824687500002
1 0 0.19678430625 0.0045391390625 0.232179690625 0.001092728125 0.2667109421875 0.0027914953125 0.29587760625000004 0.0082347203125 0.32240290781250003 0.015536098437500001 0.3375 0.024449224999999998 0.3375 0.024449224999999998 0.24985744531249998 0.019006106249999998 0.2396152109375 0.016013046875 0.1882263203125 0.0076066046875 0.1643696734375 0.0034043859374999997 0.138754596875 0.003244578125 0.138754596875 0.0008435578125000001 0.1419564765625 0.00221875 0.1655675921875 0 0.17059269375 0 0.19678430625
1 0.8204472671874999 0 0.8182811453125 0.0156651921875 0.8212404984375 0.0454646 0.8205236546875 0.06305719374999999 0.816311890625 0.076797525 0.8109375 0.086139215625 0.8109375 0.15629963593750001 0.8296207156250001 0.15988404843749998 0.848260725 0.1609375 0.859565975 0.1609375 0.8625841281250001 0.1575173515625 0.8645616421875001 0.1473958328125 0.8640251828124998 0.10934798125 0.8591637734375001 0.0878182390625 0.8464972312499999 0.0529859765625 0.85027835 0.0114042 0.8495048796875 0 0.8204472671874999 0
2 1 0.16784536249999998 0.9442233812499999 0.1609375 0.35 0.1609375 0.35 0.23425053906249999 0.9807123046874999 0.269387 1 0.270208109375 1 0.16784536249999998
1 0.15745647499999998 0.509375 0.1500341671875 0.5237050859375 0.194821271875 0.7985611374999999 0.10644594999999998 1 0.35 1 0.35 0.8294239765625001 0.3426435484375 0.8171362156249999 0.347594275 0.525113165625 0.3310252171875 0.509375 0.15745647499999998 0.509375
1 0.79222971875 1 0.78484654375 0.9652913812499999 0.7927179765625 0.8617362328125001 0.788837959375 0.84812991875 0.778303278125 0.8388833296874999 0.777003890625 0.8388833296874999 0.7654381875 0.8462489874999999 0.7599054765625 0.8603992265624999 0.75877361875 0.8881770046874999 0.76143114375 0.9253838203125 0.7609259374999999 0.9633892281249998 0.7569331796875 0.984558190625 0.7546875 0.9923086999999999 0.7546875 1 0.79222971875 1
1 0.7276175984375 1 0.723771625 0.9866579968749999 0.72111565625 0.9458929999999999 0.7227104625 0.897012990625 0.7203456515625 0.8618035484375 0.7135068671875 0.8453208734375 0.7069632406249999 0.839784434375 0.692585015625 0.839784434375 0.6899723156249999 0.842377403125 0.6828941796875 0.86098288125 0.6829686015625 0.8822306624999999 0.6924213 0.943632871875 0.6945564328125 0.9843736125 0.692041453125 1 0.7276175984375 1
1 0.6473196171875 1 0.6407429406249999 0.9721489375000001 0.6404104625 0.871010434375 0.6339493984375 0.8552956546875 0.628085525 0.8511336953124999 0.621314690625 0.85168639375 0.6156932921875 0.8558577640625 0.6140625 0.8605275125 0.6140625 0.8714451562499999 0.615643996875 0.8990196062500001 0.6154763171875001 1 0.6473196171875 1
1 0.6098958328125 1 0.6098958328125 0.9440876843750001 0.6140625 0.8944278062500001 0.6130208328125001 0.8610094374999999 0.6098958328125 0.8487173109375 0.60234375 0.8365267640624999 0.59689174375 0.8342868234375 0.5831640671875 0.8342868234375 0.5763020828125001 0.83903063125 0.56875 0.862025275 0.56875 0.8944326828125 0.5760416671874999 0.9792871515625 0.575717615625 1 0.6098958328125 1
1 0.55433801875 1 0.5534011031249999 0.9969885234374999 0.551446584375 0.9618458531249999 0.5534249921875001 0.907802028125 0.5521422203125 0.8763205468749999 0.5490098531250001 0.8635701609374999 0.5448206390625 0.8569445796874999 0.5340644140624999 0.8494615515625 0.5223116203125 0.8559949578125 0.515625 0.87431154375 0.515625 0.8958392703125 0.5235405875 0.9566917562499999 0.525276103125 0.9992843484375001 0.5252054359375 1 0.55433801875 1
1 0.4923290015625 1 0.48676867812499997 0.9816525984375 0.48717809531250006 0.9464674140625 0.4914380546875 0.8935410796875001 0.49059031875 0.8769168578125001 0.48529934218750004 0.8618619140625 0.47546815625 0.8567095828125 0.467612559375 0.8607316218750001 0.461445203125 0.8762534562500001 0.4605795953125 0.9059043078125001 0.46374059531250006 0.9474224187499999 0.4638412359375 0.9835123078125001 0.4600992578125 1 0.4923290015625 1
1 0.464972153125 1 0.46485401875 0.9983429609375001 0.466412190625 0.9180056609375 0.46213478593749996 0.8624137296875001 0.455901796875 0.8446392578124999 0.44819643750000004 0.8328196484374999 0.4376132984375 0.8266663796875001 0.43237756406249994 0.8266663796875001 0.41938881562499997 0.8290415359375001 0.41012239375000004 0.84396465 0.4078125 0.854220875 0.4078125 0.8901994500000001 0.40804194843749997 0.8974864734375 0.422764746875 1 0.464972153125 1
1 0.410159853125 1 0.410159853125 0.9438848140625 0.4095413921875 0.92483014375 0.40355865625 0.866551375 0.393146065625 0.8497400328125 0.3812667578125 0.8445846109375001 0.36880722499999996 0.8524467156250001 0.36459601406250003 0.862341725 0.3640625 0.8663180203125 0.3640625 0.900610921875 0.3787149828125 0.9797524375 0.380016296875 1 0.410159853125 1
1 0.35 1 0.35859990625 1 0.35979345625 0.9767403125000002 0.3571563796875 0.888045384375 0.362002125 0.8611207984375 0.3563982265625 0.8552416875000001 0.35 0.858596725 0.35 1