1 0.0671875 0.6296875 0.0671875 0.381512628125 0.0598170296875 0.3589524359375 0.0541945703125 0.2950089171875 0.056323909375 0.2205552203125 0.051664798437500006 0.1898357734375 0.0413648765625 0.1718464140625 0.0146971328125 0.16860009375 0.008169829687500001 0.17988666250000002 0.005736990625 0.1990579546875 0.017415120312499997 0.2813848109375 0.0226773046875 0.3508292546875 0.010751990625000001 0.41907183281249993 0.0080195765625 0.4548005328125 0.00836761875 0.5004153421875001 0.0139900796875 0.5643588625 0.030797303124999998 0.6296875 0.0671875 0.6296875
1 0.141069303125 0.6296875 0.1472079609375 0.592580084375 0.1515625 0.5078662671874999 0.1515625 0.4970993265625 0.14792431718750002 0.462152075 0.13067739218750002 0.3775715109375 0.1335975078125 0.2996661890625 0.140792990625 0.24498933906249998 0.1413263421875 0.21443378281249997 0.13283894999999998 0.1866949484375 0.1272365953125 0.18210111874999999 0.1083504390625 0.18210111874999999 0.10080769999999999 0.18930963750000002 0.0913748265625 0.21573747031249998 0.0905990453125 0.2601819140625 0.0951223125 0.3139021703125 0.09407985937499999 0.3736243921875 0.0665046171875 0.4785066765625 0.0658211515625 0.4858871921875 0.0658211515625 0.626846009375 0.06636969375 0.6296875 0.141069303125 0.6296875
1 0.19616719375 0.6296875 0.21320148906249997 0.6121887265625 0.23077712031250003 0.603655396875 0.23477790937499998 0.5931978234375 0.2359375 0.57686834375 0.2359375 0.534417103125 0.23521077968749998 0.5168452984374999 0.2179933546875 0.417099834375 0.2246712359375 0.324017009375 0.23259815156250002 0.271175596875 0.23324004843749999 0.2406291328125 0.22945818906249998 0.22123923125 0.2161300484375 0.20444495312500002 0.2144493859375 0.20444495312500002 0.196023665625 0.2098291203125 0.18434474218750002 0.2342574 0.181165028125 0.268997803125 0.18321027343750002 0.3592028546875 0.1801002359375 0.40921194375000003 0.15839988124999999 0.482594484375 0.15839988124999999 0.6296875 0.19616719375 0.6296875
1 0.2375 0.18903454375 0.234375 0.2015527234375 0.23984375 0.35013201875 0.228125 0.4196446390625 0.25 0.5236840421875 0.25234375 0.59867040625 0.272707159375 0.6 0.291977003125 0.6 0.2953125 0.5928648671875 0.3 0.5553375953125 0.3015625 0.4872729484375 0.29609375 0.444249209375 0.2765625 0.36102950625 0.28203125 0.199886578125 0.27890625 0.187404759375 0.272265625 0.178415615625 0.246484375 0.175787828125 0.2375 0.18903454375
1 0.3921875 0.6296875 0.3921875 0.4245083890625 0.38309589375 0.3938850453125 0.380234234375 0.2637390125 0.3768218921875 0.2289712875 0.37243396562500003 0.212122609375 0.3650040140625 0.20131917187499998 0.3473955390625 0.19476255781250001 0.3370895 0.202458853125 0.3293761296875 0.2289734046875 0.33080499531249996 0.25809456875 0.34351940625 0.3335040921875 0.3470531484375 0.390403034375 0.3288049 0.49857816718750003 0.33188927968750004 0.5803406015625 0.3363379046875 0.6082548859375 0.3558997671875 0.6296875 0.3921875 0.6296875
1 0.4841657453125 0.6296875 0.49614976562499996 0.5843756124999999 0.5037973578125 0.5384286203124999 0.5064173265624999 0.496784684375 0.5020307828125 0.43594635937500004 0.4915076140625 0.373901 0.5109375 0.2119266640625 0.5109375 0.21088035624999998 0.5060256703125 0.1912734765625 0.47807175312499994 0.18958984375000001 0.47487470781249996 0.18958984375000001 0.465722240625 0.2028381125 0.46167788125 0.22373964218750003 0.4593114546875 0.32911334062500003 0.45512898437500005 0.3708027390625 0.44066993437499996 0.4156245890625 0.44066993437499996 0.6296875 0.4841657453125 0.6296875
1 0.4150312109375 0.6296875 0.424462890625 0.5868914546874999 0.43125 0.540544825 0.43125 0.44972253906250004 0.429150390625 0.4311448984375 0.410400390625 0.345797790625 0.417431640625 0.1885668453125 0.41322785156249997 0.18356424375 0.3868183140625 0.18356424375 0.374853515625 0.184051771875 0.370556640625 0.20019907812499999 0.375244140625 0.22917474375000002 0.376025390625 0.3402540203125 0.369775390625 0.3696753546875 0.369775390625 0.39606424218749997 0.390087890625 0.48690324062499996 0.394775390625 0.5269900171875 0.394775390625 0.5797677953125 0.3886288203125 0.6296875 0.4150312109375 0.6296875
1 0.1827805578125 0.2513888890625 0.1856146578125 0.22638888906250001 0.1890625 0.21507595781250002 0.1890625 0.1756476625 0.1885242359375 0.17430555625 0.1549998546875 0.171875 0.1500454328125 0.171875 0.1452537484375 0.18194444375000002 0.15299057656249998 0.309722221875 0.1510023734375 0.34027777812500004 0.1398815859375 0.3916666671875 0.165398765625 0.509375 0.165555934375 0.509375 0.1890625 0.4097134484375 0.1890625 0.35022324375 0.18320074687500001 0.2875 0.1827805578125 0.2513888890625
1 0.891011821875 0.6296875 0.879443359375 0.6027617234375 0.877099609375 0.5861086921875 0.878662109375 0.52915515625 0.866552734375 0.514642275 0.858740234375 0.5216321703125 0.853662109375 0.5362450484375 0.860693359375 0.5834263640625 0.860693359375 0.604259696875 0.8538634171874999 0.6296875 0.891011821875 0.6296875
1 0.9984375 0.6296875 0.9984375 0.5852419609374999 0.9943055109374999 0.57310411875 0.9956697562500001 0.5192559734375 0.9913807343750001 0.5025099843749999 0.9800283875 0.5006029046875 0.9726977765625 0.51376973125 0.9793565187500001 0.5708506812499999 0.9711361968750001 0.6296875 0.9984375 0.6296875
1 0.9234375 0.537021003125 0.9234375 0.5122614875 0.9198638031249999 0.4971799578125 0.9234375 0.4687890078125 0.9234375 0.43867746093750004 0.9187218171874999 0.43001206875 0.908332634375 0.43793510781249995 0.9060156828124999 0.5045108453125 0.9007105515625 0.517495225 0.9007105515625 0.6079426796875 0.9074654109375 0.609375 0.9095274359375001 0.609375 0.9141456296874999 0.6054223624999999 0.9182909953125 0.5928314328125001 0.9234375 0.537021003125
1 0.9555906265624999 0.528125 0.959912109375 0.5241075953125 0.9640625 0.5054923 0.9640625 0.452948896875 0.959130859375 0.43386165312499997 0.959912109375 0.4018853703125 0.950146484375 0.40019995625 0.945849609375 0.4038472640625 0.946630859375 0.4343709875 0.938818359375 0.45691154375 0.938037109375 0.494443375 0.945849609375 0.5260694890625001 0.9538931140625 0.528125 0.9555906265624999 0.528125
1 0 1 0.04375 1 0.04375 0.88011894375 0.0365993890625 0.8542353578125 0.0327307046875 0.832720540625 0.0324466765625 0.7948304171875 0.035319978125 0.7580847421875 0.0343499578125 0.7303069640625 0.028900865625 0.7156091203125 0.0166306921875 0.7064381234375 0.0054956984375 0.7148961375 0.0015374578125 0.7280124906250001 0.008804703125 0.8319711359374999 0 0.8711414796875001 0 1
1 0.1203125 1 0.1203125 0.8654158765625001 0.11708544531250001 0.8540267171875 0.113998296875 0.8132859765625 0.11561757343750001 0.7526119078125 0.1129621703125 0.7312427703125 0.1034509234375 0.7116967765625 0.0984126109375 0.7067393640625 0.0884466140625 0.7051214546875 0.0801537484375 0.7119097171875 0.0753920078125 0.727694590625 0.0775373484375 0.7628433546875 0.0854226265625 0.812208790625 0.087988940625 0.8529131109375001 0.07589360625 0.925748896875 0.07670847343750001 0.9911982765625 0.0781540359375 1 0.1203125 1
1 0.15445431406250001 1 0.1580539875 0.9595752578125 0.17243607968750002 0.9103217125 0.1796875 0.8775030484374999 0.1796875 0.8254857953125001 0.1787648234375 0.7563204015625 0.1796875 0.7360309359375 0.1796875 0.7172058515625 0.1782142765625 0.7133711328125 0.1762325015625 0.71223898125 0.1640108578125 0.71223898125 0.15996895 0.71578509375 0.153696525 0.7324777234375001 0.15453902656250001 0.8331910718750001 0.147186359375 0.867077103125 0.13893747812499999 0.89271483125 0.1379052515625 0.9014082796875 0.1379052515625 0.9952384796875 0.13878164375 1 0.15445431406250001 1
1 0.2203125 1 0.2203125 0.9624475953125 0.2191366796875 0.9560583296875 0.2173054515625 0.9283169171875001 0.20908819374999998 0.8812159015625 0.210119884375 0.8478886296875 0.2203125 0.77124108125 0.2203125 0.721903040625 0.21639301249999998 0.70761388125 0.2048451015625 0.6984940140625 0.1905669734375 0.7032872765625 0.18247581875000002 0.714949228125 0.1787901859375 0.7270226234375 0.17619599218749998 0.7603680796875001 0.178033871875 0.8103195984375 0.1748856984375 0.8779121875 0.154077328125 0.94733774375 0.154077328125 1 0.2203125 1
1 0.2921875 1 0.2921875 0.9503793484375 0.2894205734375 0.9221112999999999 0.2779622390625 0.87773351875 0.27535807343749996 0.8592301499999999 0.27535807343749996 0.8166375578125 0.2810872390625 0.7517894109375 0.2800455734375 0.7342028796875 0.27249348906250004 0.7161912593750001 0.2610211515625 0.7109375 0.260226290625 0.7109375 0.25009765625 0.7190993328124999 0.24619140625 0.7260665046875 0.24358723906250002 0.7390446171875 0.24358723906250002 0.7705260984375 0.24775390625 0.8242055609375001 0.24723307343749998 0.8593937765625 0.23160807343749998 0.9187439390625001 0.23056640625 0.9298611109374999 0.23785807343749998 0.975189059375 0.24006281562499998 1 0.2921875 1
1 0.337102375 1 0.3375 0.9980642390625001 0.3375 0.8372765609374999 0.3359246375 0.8116208531250001 0.3364131609375 0.77016653125 0.3336471265625 0.740506565625 0.3264998625 0.724879934375 0.3184067140625 0.7207212046875 0.3089318546875 0.7257003937500001 0.30462078593749997 0.740659653125 0.30484204375 0.75726565 0.3124871375 0.8102557734375001 0.3151533109375 0.8454409578125001 0.306881984375 0.8799891078125001 0.30377852656250004 0.9074635328125 0.31260561249999996 0.962366178125 0.3154573328125 1 0.337102375 1
1 0.371802753125 1 0.364325796875 0.9567226156249999 0.361703765625 0.912460028125 0.36450856875 0.8717344406249999 0.38125 0.7714967796875 0.38125 0.70742634375 0.3730686484375 0.6936679796874999 0.3584156734375 0.690887890625 0.35543852187499997 0.690887890625 0.34419606875 0.6972792671875 0.3362200359375 0.709057928125 0.3295756296875 0.7268020671875 0.3239990046875 0.78238793125 0.32367331250000003 0.8627616296875 0.31990242343749997 0.9025916 0.30973036875000004 0.9444552796875 0.302594334375 0.9640953109374999 0.302594334375 1 0.371802753125 1
1 0.446875 1 0.446875 0.9505090015625001 0.43968183281249995 0.933719896875 0.429293928125 0.8897100546875001 0.427717090625 0.8443123874999999 0.43467475312500004 0.763294934375 0.4336582421875 0.7419713421875 0.43018842343749997 0.726992753125 0.42501421875 0.717011221875 0.411820978125 0.708921421875 0.40049195156249995 0.7138764734375 0.3917760625 0.7305284265624999 0.3915712859375 0.7887798734375 0.3963772796875 0.8611658671875 0.395375109375 0.8851580562500001 0.3879684765625 0.9245361375 0.3946027921875 0.9637252796875 0.4042714390625 1 0.446875 1
1 0.46654292656249996 1 0.4671875 0.9904790625000001 0.4671875 0.9528564484375 0.46546223906249995 0.9319680187499999 0.46129557343750005 0.9080637234375001 0.45139973906249997 0.8742076875 0.44775390625 0.8410229140624998 0.44775390625 0.8317636531249999 0.45452473906249996 0.7963025796875 0.45712890625 0.7591594296874999 0.4560872390625 0.7406833578125 0.45009765625 0.72564963125 0.43759765625 0.7196774890625 0.4316080734375 0.7259400625 0.4347330734375 0.7526645828125 0.42639973906249995 0.8418930281250001 0.42587890625 0.8826549890625 0.4316080734375 0.9148289515625001 0.44150390625 0.9486849890624999 0.4482747390625 0.9928535421875001 0.448461909375 1 0.46654292656249996 1
1 0.4819472078125 1 0.4822609703125 0.9986617499999999 0.4828125 0.9952454546875 0.4828125 0.9012269546875 0.4700558 0.8449580453125 0.471611203125 0.7995876749999999 0.4754115484375 0.76810619375 0.47516374375000003 0.746809896875 0.46793317187500005 0.7296802671875 0.45643174374999995 0.7259765640625 0.45312713281250006 0.7329210078124999 0.45700999531250003 0.7532913796875 0.455443821875 0.797735825 0.44953859218750003 0.8273654546875001 0.44919014375 0.8421802671874999 0.4515536078125 0.86625434375 0.457595221875 0.8931061937500001 0.4623689140625 0.9005136031250001 0.469721553125 0.950513603125 0.4708026375 0.9986617499999999 0.47060106562500004 1 0.4819472078125 1
2 1 0.641182425 0.9944319515625001 0.6409050875 0.9780704921875 0.6457225906249999 0.9400065312500001 0.6470909296875 0.9366194531249998 0.6415777968749999 0.9318888265624998 0.6425582671875001 0.928415496875 0.6388969859375 0.9013321640624999 0.6392121296875 0.8833650765625001 0.644973740625 0.8270686234374999 0.6354491421875 0.7676505 0.637065959375 0.709011959375 0.6331211609375 0.64273675 0.636668615625 0.6392634218750001 0.633007334375 0.6044107125 0.6324874578124999 0.5954271703125 0.6353682640625 0.5919538390625 0.6317069828124999 0.5331427984375 0.6314658875 0.5296875 0.6309909203124999 0.5296875 0.7371357375 0.633219171875 0.7404268625 0.9595229203125001 0.7421825203125 1 0.7443572234375 1 0.641182425