1 0.09375 0.4890625 0.09375 0.48307607187499996 0.0854696171875 0.452920178125 0.0886329703125 0.40759232343749996 0.0905190453125 0.4021643140625 0.0915806109375 0.365968175 0.0859060953125 0.35108488125 0.08033871718749999 0.347839434375 0.0728852625 0.350022 0.06685025624999999 0.3592978109375 0.06495727968750001 0.36752228593749997 0.06495727968750001 0.41162635937500003 0.066110821875 0.41691779531249995 0.0660554515625 0.4448231171875 0.06495727968750001 0.44966628281250004 0.06495727968750001 0.4890625 0.09375 0.4890625
1 0.32387661093750003 0.4890625 0.3265625 0.46153819062499996 0.3265625 0.42166865937500003 0.3246073171875 0.41264579375 0.315560746875 0.40267351875 0.304752625 0.40513304687499996 0.29791211562500003 0.420191084375 0.29725857968749997 0.42849410624999995 0.299932371875 0.4859015140625 0.30033266875 0.4890625 0.32387661093750003 0.4890625
1 0.2581542796875 0.4890625 0.258671646875 0.48401032656250004 0.2559957140625 0.4504859234375 0.2625 0.409832390625 0.2625 0.3632910921875 0.2604723875 0.3593777546875 0.2538093203125 0.35531920625 0.24482044531249997 0.359484809375 0.238961040625 0.37262413125 0.23601545625 0.45593016718749996 0.2259430546875 0.4795919421875 0.2259430546875 0.4890625 0.2581542796875 0.4890625
1 0.344333165625 0.4890625 0.3404203609375 0.46367533749999995 0.339962353125 0.447934596875 0.3453125 0.4053196625 0.3453125 0.37531595 0.343347590625 0.367746184375 0.33710206249999997 0.3585660578125 0.326739278125 0.3597503796875 0.32053869218750003 0.36998132031250003 0.3192994921875 0.38099230156249997 0.3198652671875 0.4004367484375 0.3269863421875 0.41290767968750003 0.3299946359375 0.42696345 0.32957262656249997 0.4481929953125 0.32413087812499997 0.475570253125 0.32288756093750004 0.4890625 0.344333165625 0.4890625
1 0.03533165 0.4890625 0.031970671875 0.421903821875 0.0284684875 0.40870405937500004 0.02271685 0.3985674390625 0.012767132812500002 0.395965728125 0.0039623796875 0.4059232125 0.001187621875 0.41772345624999996 0.0022472890625 0.4362814390625 0.00486945625 0.45495782343749996 0.00886553125 0.467271125 0.011368971875 0.4890625 0.03533165 0.4890625
1 0.1329776875 0.4890625 0.13229166718750002 0.446950584375 0.1348958328125 0.41467965468749995 0.1317708328125 0.405256621875 0.1247395828125 0.3960918328125 0.11796875 0.3948110625 0.11171875 0.3981872171875 0.1057291671875 0.41222516875000004 0.1057291671875 0.44926220624999996 0.1088541671875 0.48183338750000004 0.108749821875 0.4890625 0.1329776875 0.4890625
1 0.1486543984375 0.42075268593750004 0.1565064453125 0.402382934375 0.15855378125 0.44416800156249997 0.1536542984375 0.4734375 0.16468365000000001 0.4734375 0.1695486984375 0.47229187499999997 0.1711544234375 0.4734375 0.1765625 0.4734375 0.1765625 0.356617159375 0.1754505046875 0.3533999609375 0.1655223484375 0.349872321875 0.1613880046875 0.35233436875 0.1555438734375 0.3643805046875 0.154315371875 0.39296580937500003 0.15125501562500002 0.3982845671875 0.1519051390625 0.40943514375 0.14829162812500002 0.4119366578125 0.1486543984375 0.42075268593750004
1 0.2205408609375 0.4890625 0.22079191874999998 0.4731447609375 0.2256377 0.456211084375 0.2265625 0.44746268437500003 0.2265625 0.40399596875 0.2255765296875 0.40034275937499997 0.21896039531249997 0.395466315625 0.21083281875 0.395466315625 0.198765109375 0.4145282734375 0.1969541375 0.45897271718750005 0.197795859375 0.4890625 0.2205408609375 0.4890625
1 0.4878028953125 0.4890625 0.5021609140625001 0.465690178125 0.5146352015625 0.398614075 0.5265625 0.373825621875 0.5265625 0.35188862187500003 0.5251643140625 0.3480511046875 0.5172500484375 0.3480511046875 0.515820165625 0.34827394218749996 0.5108427328125 0.3563763265625 0.4996043546875 0.420620059375 0.48537165 0.450392846875 0.48537165 0.4890625 0.4878028953125 0.4890625
1 0.573966459375 0.4890625 0.5806924203125 0.44973314374999995 0.5886740953125 0.43551354218749994 0.5890625 0.434075803125 0.5890625 0.399976103125 0.5856021484375 0.3948318703125 0.5771394375 0.396929403125 0.5717387015625001 0.40624773125 0.562294075 0.46310244218749996 0.555903865625 0.47665799687500005 0.555903865625 0.4890625 0.573966459375 0.4890625
1 0.6 0.4890625 0.6 0.43650378125 0.5990776359375001 0.4350028109375 0.58982130625 0.43652728124999995 0.5854370828125 0.44515079062499996 0.5817136265625 0.4890625 0.6 0.4890625
1 0.1983717859375 0.4890625 0.1987311984375 0.48331229374999995 0.1977630484375 0.41938703750000006 0.2010981546875 0.40740454687499994 0.20969008437499997 0.39273519375 0.2109375 0.3802145765625 0.2109375 0.31357067031249997 0.20931367500000003 0.309833003125 0.203096 0.30787205625 0.19626051875 0.3114575765625 0.191142896875 0.32109343125 0.189736796875 0.4016489859375 0.1788863390625 0.4427428375 0.1788863390625 0.476337775 0.1820493640625 0.4890625 0.1983717859375 0.4890625
1 0.224703565625 0.4234375 0.2294813015625 0.4234375 0.23480455312499998 0.368292421875 0.237600103125 0.3579615578125 0.24375 0.3076394046875 0.24375 0.29456096875000004 0.2421633375 0.2889982859375 0.23464902968749998 0.285201625 0.233859415625 0.285201625 0.2258880140625 0.2919791625 0.223058659375 0.2990874984375 0.22002412031250002 0.3647189796875 0.21777986718750003 0.3712353296875 0.21777986718750003 0.3998061765625 0.2192895296875 0.40116558125 0.224703565625 0.4234375
1 0.2751150015625 0.48125 0.27967898281250003 0.48125 0.2859375 0.47445571875 0.2859375 0.3213539421875 0.2811959890625 0.315039065625 0.2714296515625 0.3168909171875 0.26748816875000003 0.3238353609375 0.26605230625 0.3330946203125 0.267214896875 0.3571686953125 0.27189096875 0.386798325 0.268419378125 0.4414279546875 0.2702970421875 0.46827980625 0.27309259375 0.47846499062500003 0.2751150015625 0.48125
1 0.3513545296875 0.4890625 0.3543903609375 0.47649634687500003 0.349605840625 0.41400698125 0.3506007984375 0.39359714375 0.3575835390625 0.361642065625 0.359375 0.341805990625 0.359375 0.336515778125 0.3578600984375 0.32742227343749997 0.3498604609375 0.31875 0.3489173203125 0.31875 0.3405091609375 0.3245777296875 0.3359375 0.3411231421875 0.3359375 0.3569296328125 0.34139460312500003 0.3647173765625 0.343783259375 0.37377930312499996 0.34270209375 0.39789284375 0.3359375 0.4360194359375 0.3359375 0.4738462296875 0.33726445156249996 0.4890625 0.3513545296875 0.4890625
1 0.0448583140625 0.4664447734375 0.0526708140625 0.4662629359375 0.0624339296875 0.4734375 0.06243783125 0.4734375 0.0640625 0.4649111828125 0.0640625 0.40703108749999994 0.06386952031250001 0.40630432499999997 0.062727234375 0.38226661875 0.0640625 0.3447435640625 0.0640625 0.32216693125 0.06232840625 0.31563631875 0.0539205203125 0.305188190625 0.0449208953125 0.31372760624999996 0.0419027703125 0.3225905796875 0.0414017453125 0.35129428281249997 0.0452488171875 0.399333328125 0.0351745609375 0.4451096671875 0.0351745609375 0.4734375 0.036853821875 0.4734375 0.0448583140625 0.4664447734375
1 0.14375 0.4890625 0.14375 0.4233398765625 0.13917685468750002 0.405424740625 0.1384656640625 0.3748691859375 0.1422444109375 0.3582267640625 0.1412925546875 0.3397052140625 0.1383004671875 0.3230233953125 0.134482225 0.3155947765625 0.1304574453125 0.31047945781249997 0.12420744531250001 0.310443096875 0.1168385453125 0.31826953125 0.1144929921875 0.329365490625 0.11910502187500001 0.3932725625 0.1283165859375 0.39749225625 0.13509639375 0.40910420625 0.135551971875 0.4890625 0.14375 0.4890625
1 0.0893819703125 0.478125 0.09096623125 0.4736733328125 0.0940225171875 0.41085605000000003 0.09745809375 0.4004887640625 0.106102003125 0.38975727656250003 0.100556984375 0.3625258015625 0.1078125 0.2923471953125 0.1078125 0.2907277015625 0.1040117984375 0.2789662375 0.0982976 0.27728531093750003 0.09592081875 0.27728531093750003 0.08875234374999999 0.28509680625 0.08600465625 0.294457496875 0.08600465625 0.3623136046875 0.086049234375 0.3626196421875 0.08600465625 0.3630922234375 0.08600465625 0.478125 0.0893819703125 0.478125
1 0.0809907203125 0.296902228125 0.08017190468749999 0.27552404375 0.076799165625 0.26004155 0.07061383437499999 0.2578621484375 0.065455746875 0.2636213578125 0.061421904687499994 0.274541396875 0.0613318796875 0.3070033984375 0.064457215625 0.334375 0.0767234125 0.334375 0.0809907203125 0.296902228125
1 0.040625 0.4719775828125 0.040625 0.35560363906250003 0.038818595312499996 0.3453703703125 0.037151170312499995 0.2916666671875 0.030867349999999998 0.28125 0.0242484265625 0.28125 0.0189749125 0.2865740734375 0.0164687515625 0.2953703703125 0.0178196140625 0.315740740625 0.023638971875 0.34351851875 0.025510667187500002 0.3638888890625 0.0209510859375 0.3925925921875 0.030424090625 0.40138888906250003 0.035322782812499995 0.4129629625 0.039707559375 0.46944444374999994 0.040625 0.4719775828125
2 1 0.41359121249999997 0.8289387687499999 0.39962760625 0.808410553125 0.40167321562499997 0.6 0.3846608125 0.6 0.4890625 0.9463887859375 0.4890625 0.9471458765625 0.4860288375 0.952498259375 0.4794882875 0.9620350468750001 0.477475784375 0.9830145953125001 0.4317415953125 1 0.43234216875 1 0.41359121249999997
1 0.7203125 0.3671875 0.7203125 0.3193806953125 0.7136211046875001 0.29654342499999997 0.7094013875 0.2561974484375 0.6948180546875 0.2557731171875 0.6916267031250001 0.2598412796875 0.6917461046875 0.2959069265625 0.682095725 0.3455583671875 0.6803972 0.3649270390625 0.6813021984375001 0.3671875 0.7203125 0.3671875
1 0.7230553000000001 0.365625 0.7625 0.365625 0.7625 0.3216179953125 0.7572612750000001 0.29759223281249997 0.7593806093750001 0.2606097890625 0.7566642046875 0.2553670703125 0.7410122625 0.2554741234375 0.7385742171875 0.25859203124999997 0.7374696078125 0.296554996875 0.7235416984375 0.3449739734375 0.7230553000000001 0.348166484375 0.7230553000000001 0.365625
1 0.815625 0.3504168734375 0.8147524078125 0.34569333125 0.8031503078125001 0.3042850578125 0.8028987718749999 0.259907365625 0.8004337843750001 0.25559050625 0.7809698890625001 0.256653703125 0.78182308125 0.3038425453125 0.770590984375 0.3640625 0.815625 0.3640625 0.815625 0.3504168734375
2 0.6 0.9223585203125001 0.2525009625 0.8972748187499999 0.1507766796875 0.8917621234374999 0.145065246875 0.8954823796875001 0.1047638203125 0.886610634375 0.034289534375 0.883648853125 0.030840959374999997 0.8889493171874999 0.024133284375 0.88281980625 0 0.878835115625 0 0.9984375 0.6 0.9984375 0.6 0.9223585203125001
1 0.325 0.8703125 0.325 0.780880865625 0.3088406140625 0.729359975 0.3095174265625 0.6433852546875001 0.30655664374999997 0.638444584375 0.273808828125 0.638878725 0.282213428125 0.7271981953125 0.26793192499999996 0.8058420265624999 0.266230075 0.8363066531250001 0.268577515625 0.8703125 0.325 0.8703125
0 1 0.7775206109375 0.9905754 0.7900517703125 0.9872167859375001 0.8010519687500001 0.9872167859375001 0.82641983125 0.9889206140625 0.8364330984375 0.996687259375 0.8515625 1 0.8515625 1 0.7775206109375
1 0.9462018828125001 0.6671875 0.9484375 0.66065378125 0.9484375 0.6070033109375 0.9449039656250001 0.58950065625 0.946486275 0.5607242 0.9445421421875 0.5538434156250001 0.9382598171875 0.5522098171875001 0.9344747796874999 0.559290671875 0.9371076234375 0.5906994015625 0.931863321875 0.618677246875 0.931681890625 0.6381398796875 0.9371729078125 0.6671875 0.9462018828125001 0.6671875
1 0.96875 0.6056768546875 0.9670798375 0.5993819968749999 0.96875 0.5821318296875 0.96875 0.5650100546875 0.968633278125 0.56346821875 0.9619477406250001 0.55695636875 0.9572018859375 0.5635258828125 0.9608028953125001 0.5979824734375 0.9542655968750001 0.6233558703125001 0.9543644234374999 0.6446127015625 0.959806290625 0.6708938234375 0.960363021875 0.671875 0.96875 0.671875 0.96875 0.6056768546875
1 0.9812995453125 0.678125 0.9915304953125 0.678125 0.99375 0.672785390625 0.99375 0.6222654484375 0.9923451796875 0.6065168265625 0.993209078125 0.5760158625 0.9915980953125001 0.5676006421875 0.9871359984375001 0.561350109375 0.9817130374999999 0.568933875 0.9829647921875001 0.605099578125 0.9768602375000001 0.629772028125 0.975920921875 0.6473100296875 0.9807808015624999 0.6771853203125 0.9812995453125 0.678125
1 0.990541415625 0.5528533796875 0.9873258374999999 0.5559166984375 0.98662385 0.5623435890625 0.992608596875 0.5774313609374999 0.9930712265625001 0.6060804734375 0.996875 0.64119058125 0.996875 0.556456178125 0.9963676328125001 0.5550054828125 0.990541415625 0.5528533796875