1 0.14050206406250002 0.3 0.16705555156250002 0.2045298625 0.1750030875 0.15570049531250002 0.17636111875 0.1168116078125 0.173274153125 0.0711419640625 0.1700737859375 0.0622369546875 0.1607957875 0.059786559375000006 0.07954578749999999 0.062623871875 0.0719593921875 0.0899390984375 0.071875 0.09137415 0.071875 0.1922743 0.08089124375 0.28106013124999996 0.08894916875 0.3 0.14050206406250002 0.3
1 0.0046875 0.1609375 0.0241946453125 0.1609375 0.0316637484375 0.137780259375 0.0387736921875 0.0970880828125 0.0401319203125 0.06375475 0.0359309859375 0.042611771874999996 0.0046875 0.0477378921875 0.0046875 0.1609375
1 0.359375 0.3 0.359375 0.07203166718750001 0.305217065625 0.0767698734375 0.3002032296875 0.09047694687499999 0.2984375 0.10989675000000002 0.2984375 0.124221071875 0.30137020937500003 0.169985365625 0.3086388265625 0.20985304062500001 0.33264006562500004 0.29015707343749997 0.34415025 0.3 0.359375 0.3
1 0.6953715609375 0.3 0.6897905796874999 0.2795435578125 0.6895317406249999 0.1600582046875 0.6824129046875 0.14256754375 0.6688688968750001 0.1387014015625 0.6659673500000001 0.1387014015625 0.6605379046875 0.1421857140625 0.6578125 0.1487345875 0.6578125 0.21935095 0.6607818875 0.24013647031250002 0.6614473890625 0.291552634375 0.6597534734374999 0.3 0.6953715609375 0.3
1 0.5909002843750001 0.3 0.579427990625 0.26567260937500004 0.5780333296875 0.1491969171875 0.5672629671875 0.1336202796875 0.5602317171875 0.13386581875 0.5530549640625 0.13827801875 0.5484375 0.147845834375 0.5484375 0.2015851171875 0.5538355125 0.23882241406250002 0.5536952421875 0.265184021875 0.5484375 0.2935455828125 0.5484375 0.3 0.5909002843750001 0.3
1 0.7434978515624999 0.3 0.741355446875 0.2800446859375 0.7285617203125 0.23280058593750003 0.7319891015625 0.1205739875 0.7238541062499999 0.1067766859375 0.7136978562499999 0.10766524375 0.70625 0.12025399375000001 0.70625 0.3 0.7434978515624999 0.3
1 1 0.3 1 0.09875417343750001 0.9932370171875 0.08374557656250001 0.983062428125 0.08374557656250001 0.975996278125 0.0886722015625 0.9702775500000002 0.09496295625 0.9693359375 0.12067034843749999 0.9759097390625 0.16042535 0.9758015921875 0.182054475 0.977132459375 0.20244753593749998 0.9731033374999999 0.23478004375 0.9672080187500001 0.2619729921875 0.9671875 0.262206484375 0.9671875 0.3 1 0.3
1 0.8859156765625 0.3 0.89249846875 0.2909071171875 0.8911650328124999 0.2561848953125 0.873371521875 0.19646267343749999 0.8705564109375 0.15896267343749998 0.8730349875 0.100629340625 0.86389575625 0.0791015625 0.8505336812500002 0.08187934062499999 0.8484375 0.086972140625 0.8484375 0.1880785640625 0.8490719468750001 0.1992404515625 0.8484375 0.2034499296875 0.8484375 0.3 0.8859156765625 0.3
1 0.10222211562500001 0.6823729921874999 0.0828125 0.7643376796875 0.0828125 0.9126563078124998 0.0892179359375 0.9498201265624999 0.09689488125 0.9726462234375 0.1072304109375 0.978125 0.12216256875 0.978125 0.1323277109375 0.9723384984375001 0.1363551765625 0.9654622374999999 0.15446026875000002 0.8833457484375 0.1582479140625 0.84543733125 0.1583089171875 0.8120949078125002 0.152523971875 0.755495240625 0.1394150359375 0.70062015 0.1367587375 0.6737137515625 0.1393232875 0.6163336171875 0.14473808125 0.5747487703124999 0.14481524375 0.5404804203125 0.140907171875 0.5255928765625001 0.13253161093750002 0.512942871875 0.122570959375 0.509375 0.12048089687500001 0.509375 0.115376434375 0.5107910109375 0.103407171875 0.5249383109375 0.0989495875 0.5415322484375 0.098335428125 0.5767174328125 0.10301405781249999 0.637002621875 0.10222211562500001 0.6823729921874999
1 0.220400728125 0.7738439484375 0.21690261249999998 0.710155125 0.2053656546875 0.6532206015625001 0.20506767187500002 0.631960684375 0.2130890671875 0.5512232484374999 0.21298508906250002 0.524407771875 0.21122509687500002 0.5152212640625 0.2040771859375 0.5039109156249999 0.197435690625 0.5004436546875001 0.18907002343749998 0.5016605875 0.177370928125 0.516403478125 0.1738255859375 0.52854964375 0.1727262296875 0.560031125 0.1759656734375 0.6311273546875 0.17460415468749999 0.655219615625 0.165625 0.6908304218750001 0.165625 0.900435765625 0.16805364843749998 0.90625 0.193481075 0.90625 0.1989953796875 0.9026757953125 0.2026556375 0.8946872031249999 0.21936952812500002 0.8182702046875001 0.220400728125 0.7738439484375
1 0.262906959375 0.6332446484375 0.262010065625 0.61305654375 0.27137093437500004 0.5413045796875 0.2724679734375 0.5135723671875001 0.2694692875 0.5027802265625001 0.2634711984375 0.4945535171875 0.24998345937500002 0.494812334375 0.24071559687500002 0.5071382625 0.23672773125000002 0.52222648125 0.23563069374999998 0.5499586921875 0.23749686875 0.5801952781249999 0.23499767500000002 0.6320015625 0.23125 0.6460108390625 0.23125 0.8515625 0.2479063984375 0.8515625 0.25000018125 0.8503970609374999 0.254364828125 0.8421849390624999 0.271753915625 0.7660457609375 0.27416370625 0.7068776375 0.2736797875 0.6884958203125 0.262906959375 0.6332446484375
1 0.8341448390625 0.3 0.83307640625 0.3612105109375 0.8364243671875 0.36701782656250004 0.8356218343750001 0.4129948375 0.8296875 0.43159040781249997 0.8296875 0.4630566 0.8567816718749999 0.48522515312500003 0.873406609375 0.5140625 0.8821482640625 0.5140625 0.8825935828125001 0.488550140625 0.8633083578124999 0.40772923125 0.8682692296875001 0.3 0.8341448390625 0.3
1 0.7510018374999999 0.3 0.7498769078125 0.4272275671875 0.7375 0.46456944843750003 0.7375 0.6318530015625 0.7382542765625 0.6359375 0.7481320046875 0.6359375 0.7400064203125 0.6112560296874999 0.7460637203125 0.5364229703125 0.7667351375 0.48691010468750007 0.7898513578124999 0.4660124546875 0.780911390625 0.42614381874999996 0.78874925 0.3 0.7510018374999999 0.3
1 0.393527296875 0.3 0.384330715625 0.321596503125 0.3882146796875 0.3727172671875 0.384532628125 0.4359356609375 0.375 0.466840890625 0.375 0.65 0.40568845312499996 0.65 0.427888465625 0.5750885453125 0.43190524999999996 0.506123025 0.41345776250000005 0.41053367500000004 0.41724077031249995 0.4044848640625 0.414127228125 0.399039421875 0.417910234375 0.3929906109375 0.4263794890625 0.306482028125 0.42267325468749994 0.3 0.393527296875 0.3
1 0.6656069656250001 0.3 0.664866328125 0.325454034375 0.6617383968749999 0.43295403437499996 0.6515625 0.48815789375000007 0.6515625 0.6330207859375 0.668399509375 0.6625 0.672012265625 0.6625 0.6898934921875 0.6578948171875 0.6989322437500001 0.643527 0.7107820890625 0.5918028625 0.7162370578124999 0.52283734375 0.707564471875 0.4653660796875 0.6949419390625 0.4251361953125 0.7019958359375 0.3 0.6656069656250001 0.3
1 0.4953125 0.3 0.4953125 0.3396320953125 0.504304934375 0.42232685 0.4953125 0.5004225531250001 0.4953125 0.5695584921875 0.49932513125 0.6042171375000001 0.5070672265625 0.6514170406249999 0.516108684375 0.659375 0.5429258875 0.659375 0.5429258875 0.4707288890625 0.5313714328125 0.437227790625 0.52634898125 0.3049033765625 0.523502459375 0.3 0.4953125 0.3
1 0.585424203125 0.3 0.584375 0.3010356078125 0.584375 0.302517790625 0.59142949375 0.370490003125 0.5940767671875 0.45474471406249994 0.584375 0.5190218671875 0.584375 0.5467021171875001 0.586869525 0.5856286546874999 0.6001586171875 0.6355398515624999 0.6104384546875 0.6624315109375 0.6379727781250001 0.6671875 0.6384032921875 0.6671875 0.6384032921875 0.4734364703125 0.622556371875 0.423142559375 0.6224553640625 0.314469746875 0.6168465234375 0.3 0.585424203125 0.3
1 0.57447186875 0.3 0.5709240250000001 0.3084855921875 0.581633765625 0.41719873906250005 0.565625 0.496570165625 0.565625 0.5605232640625 0.57871461875 0.6305657968749999 0.5822797390625001 0.6359375 0.5851370656249999 0.6359375 0.5772296796875 0.5584835921875 0.57464543125 0.5109409125 0.58909283125 0.448352075 0.5847822593750001 0.3778381703125 0.5825834953125 0.3148738875 0.6019451968749999 0.3 0.57447186875 0.3
0 0.8488682359374999 0.684375 0.86948325625 0.6725352765625 0.8880026078124998 0.6443406015625 0.8880026078124998 0.52228525625 0.8731450890625 0.5041708734375 0.8669679796875001 0.4894111171875 0.834793259375 0.461771421875 0.7956805265625 0.461771421875 0.7834056031250001 0.4716457890625 0.7696968140625 0.49633203125 0.7640625 0.53370791875 0.7640625 0.5966563609375 0.7712397046875 0.616499096875 0.7681933078125 0.6219849296875 0.8005177390625 0.6673093828125 0.820487953125 0.6831143203125001 0.8267237484375001 0.684375 0.8488682359374999 0.684375