1 1 0.025015567187499997 0.996666596875 0.023976843749999997 0.98983696875 0.023976843749999997 0.9796875 0.037204035937500005 0.9796875 0.102375103125 0.98721251875 0.14189349843750002 0.9976975750000001 0.2350309015625 0.984571440625 0.3342670125 0.984553575 0.378575046875 0.9881296015625001 0.410546771875 0.9925565671874998 0.4210862046875 1 0.4247976390625 1 0.025015567187499997
1 0.9315547468750001 0 0.9272576921875 0.00550538125 0.9236961828125001 0.017950834375 0.923538809375 0.17915740156249998 0.9078125 0.237316396875 0.9078125 0.415625 0.9395602140625 0.415625 0.9444266828125001 0.34212105312499996 0.9699392640625 0.2383362140625 0.9606455671875 0.1686872203125 0.9713039312500001 0.020171565625000002 0.968615440625 0.00761701875 0.9637526421875 0 0.9315547468750001 0
1 0.8560159203125 0.5232264234375 0.8647120562499999 0.4941143 0.8815305062500001 0.461577678125 0.9046463453125 0.43485731562499996 0.9046463453125 0.3072988234375 0.8783652453125 0.2081213640625 0.8762586000000001 0.1511723734375 0.8815442046874999 0.0762132796875 0.880084096875 0.04704206875 0.8696880984375 0.019901920312499998 0.8585566374999999 0.011504954687500001 0.841498446875 0.0169605171875 0.8351002718749999 0.0273385484375 0.8323631921875 0.043987034375 0.8323901093749999 0.0787047109375 0.8424600734375 0.209301175 0.8242488109374999 0.29946077656250003 0.81875 0.361049221875 0.81875 0.362981034375 0.82325196875 0.42443805 0.8321959046874999 0.473094615625 0.8458919968749999 0.5245562265625 0.8499632828125 0.528125 0.8512807796875 0.528125 0.8560159203125 0.5232264234375
1 0.7534901671875 0.4337819515625 0.7612648328125 0.3693602671875 0.758247446875 0.293267375 0.734443375 0.1923839828125 0.7341469609375 0.15077651875 0.7416252109375 0.044747365625 0.739523878125 0.024091631250000002 0.7314742843750001 0.0115187796875 0.7001919625 0.01666454375 0.6933170000000001 0.037306628125000005 0.6976761421875001 0.19933303125 0.6813238875 0.263017021875 0.6796875 0.2730470671875 0.6796875 0.44833095156249997 0.6872510421875 0.49153249531250004 0.693258625 0.5118922312499999 0.693897478125 0.5125 0.730589475 0.5125 0.7378060359375 0.507128965625 0.7534901671875 0.4337819515625
1 0.5931979796875 0.13032382343749999 0.6080520359375 0.034449584374999995 0.60773665 0.019180896875 0.603836584375 0.014344784374999999 0.5670044609375 0.015947296875 0.561302778125 0.0236157296875 0.5558628875 0.1763526 0.5484375 0.2029315703125 0.5484375 0.484375 0.5662011640625 0.484375 0.5785892234375 0.47191322343750003 0.6047332703125 0.36209100625 0.6092558625 0.316253128125 0.6087508328125 0.27460918749999996 0.5920271359375 0.17336574375 0.5931979796875 0.13032382343749999
1 0.8246575765624999 0.4682874953125 0.8308202140625 0.471875 0.8374860999999999 0.471875 0.8374860999999999 0.40391065781249996 0.8367026281250001 0.3997545671875 0.8333204750000001 0.3469767890625 0.8354268578124999 0.30656261875 0.8374860999999999 0.2934044328125 0.8374860999999999 0.11389564062499999 0.8337158546874999 0.047797378125 0.8365342703125 0.01849431875 0.8312138484375 0.002647121875 0.7937138484374999 0.0037382609375 0.7890625 0.0101001046875 0.7890625 0.0103768578125 0.8061249484375 0.166875875 0.7928932 0.25353255468749997 0.7905395921875 0.302302790625 0.7952172328125 0.3508684390625 0.807549153125 0.40895171875 0.8246575765624999 0.4682874953125
0 1 0.5390625 1 0.46294277343749995 0.9959543343749999 0.4562666078125 0.9643837031250001 0.431182890625 0.9238556750000001 0.4272826796875 0.889117028125 0.4495166859375 0.8731768656250001 0.4682089125 0.855858765625 0.49875444062499996 0.84347375 0.5390625 1 0.5390625
1 0.4642597171875 0.5390625 0.46575281874999996 0.576488134375 0.43816538125 0.6985297359375 0.4359375 0.7376672921875 0.4359375 0.8269145921875 0.4584814296875 0.9663696828125001 0.46380461874999995 0.98125 0.5131285921875001 0.98125 0.5225984765625 0.9657634671875 0.5390625 0.8667701031250001 0.5390625 0.6814364890625 0.5109562249999999 0.5675989828125 0.5120525859375 0.5390625 0.4642597171875 0.5390625
1 0.2929535046875 0.5390625 0.26875 0.657009890625 0.26875 0.7167431484375 0.2754412953125 0.80100395625 0.293074221875 0.8789694593749999 0.3018653578125 0.8859375 0.3356919296875 0.8859375 0.34924241093749997 0.86949860625 0.3709835171875 0.7376303234374999 0.3709835171875 0.6706521484375 0.3697993109375 0.644721746875 0.3446463328125 0.5390625 0.2929535046875 0.5390625
1 0.1621241625 0.5390625 0.1421875 0.6315727625 0.1421875 0.6878227625 0.15 0.7422829421875 0.1640625 0.8106237640625 0.17182194374999998 0.8171875 0.20602235000000002 0.8171875 0.215625 0.8028734484375001 0.2375 0.6834869515625 0.2359375 0.602282415625 0.2202491109375 0.5390625 0.1621241625 0.5390625
1 0.42244668281250003 0.5390625 0.4125 0.6102087671875001 0.4125 0.6292746984375001 0.4288876109375 0.734587025 0.44644554999999997 0.7928360359375001 0.45696146875 0.8015625 0.45855067656250004 0.8015625 0.45855067656250004 0.5390625 0.42244668281250003 0.5390625
1 0.5390625 0.5390625 0.5390625 0.8265625 0.55353950625 0.8265625 0.5715393875 0.8217016703125001 0.5864021671875 0.7494553140625 0.5864021671875 0.6341456703125 0.55940144375 0.5464526859375 0.559848259375 0.5390625 0.5390625 0.5390625
1 0.7347964874999999 0.5390625 0.735059715625 0.5468101515625 0.7109375 0.6330887703125 0.7109375 0.6982309953125 0.736362840625 0.784375 0.7377198265625 0.784375 0.77301055625 0.7768272640625 0.7901039515624999 0.7111738921875 0.7901039515624999 0.63100111875 0.76802675 0.5495012265625 0.7685838171875 0.5390625 0.7347964874999999 0.5390625
1 0.6285498 0.5390625 0.629642075 0.5543432234375001 0.6125 0.62651440625 0.6125 0.7145286875 0.61499005625 0.749364146875 0.6396131640625 0.8109375 0.6484817406250001 0.8109375 0.6772611234375 0.8016062984375001 0.6992391453125 0.7090749109375001 0.6992391453125 0.6496154515625 0.6735981203125 0.5530642328125001 0.6743559921875 0.5390625 0.6285498 0.5390625
1 0.82285465 0.5390625 0.8247893656249999 0.5554356296874999 0.8140625 0.6323324234375 0.8140625 0.6633669296875 0.839001178125 0.7671875 0.8647757781250001 0.7671875 0.8647757781250001 0.57922856875 0.8536204828124999 0.5510535437499999 0.85240615625 0.5390625 0.82285465 0.5390625