1 0.1 0 0.1 0.0264284515625 0.100150475 0.027405654687499996 0.1 0.028292740625 0.1 0.08098818125 0.10016406093750001 0.0815632296875 0.102345184375 0.084375 0.10963088437499999 0.084375 0.110360725 0.0830112078125 0.111380875 0.07820534375 0.111380875 0.049517015625 0.11079167031249999 0.044131409375 0.1089462859375 0.034400095312500004 0.10640047500000001 0.0274420140625 0.106238821875 0.021886459375 0.1083400953125 0.0135667625 0.1079453453125 0 0.1 0
1 0.071814134375 0 0.071562253125 0.000496240625 0.07433815625 0.02134775625 0.07285654999999999 0.0227184640625 0.0703125 0.0365944125 0.0703125 0.053181526562500005 0.071458 0.0657285640625 0.0744488984375 0.0768669484375 0.0769544359375 0.0796719984375 0.0770447515625 0.0796875 0.08250317812499999 0.0796875 0.0835546140625 0.079054825 0.08383979531249999 0.07784158125 0.08383979531249999 0.0299044390625 0.08231244374999999 0.024216440625 0.08058815625 0.02142048125 0.081799396875 0.0020033078124999998 0.0812014546875 0 0.071814134375 0
1 0.048855303125 0 0.0477506671875 0.0014390546875 0.0485804 0.0097542046875 0.0478314703125 0.01532794375 0.04375 0.028984465625 0.04375 0.0589764453125 0.044191871875 0.061252196875 0.0442241921875 0.06680775156249999 0.045688421875 0.071875 0.055687040624999996 0.071875 0.0598007109375 0.058110743750000006 0.060484996874999995 0.0414258921875 0.0588578546875 0.030351148437499996 0.0548627203125 0.0151642890625 0.0555631671875 0.0012572171875 0.054547171875 0 0.048855303125 0
1 0.091283778125 0 0.090625 0.0011887828125 0.090625 0.001777578125 0.0912244390625 0.00282653125 0.091127471875 0.0111598671875 0.090625 0.0130236296875 0.090625 0.071875 0.0946780609375 0.071875 0.0951200390625 0.07058169843749999 0.0943549515625 0.06924287500000001 0.0945650484375 0.05118731875 0.098713715625 0.0301036609375 0.098794521875 0.02315921875 0.096596221875 0.0108094109375 0.09636384375 0 0.091283778125 0
1 0.1139920453125 0 0.11328125 0.0013008859374999998 0.11484375 0.0081634453125 0.11484375 0.0206634453125 0.11328125 0.023523109375 0.109375 0.0390056046875 0.11015625 0.068131328125 0.11171875 0.0763827734375 0.11307888125000001 0.078125 0.11953974062499999 0.078125 0.1203125 0.0773212828125 0.11953125 0.0648622265625 0.121875 0.049461620312499996 0.121875 0.042517175000000004 0.125 0.03540895625 0.12109375 0.0175581171875 0.12109375 0.009224784375 0.1232898375 0 0.1139920453125 0
1 0.1996858640625 0.69138423125 0.188063615625 0.6491014984375 0.1850770515625 0.6267517312499999 0.18687685 0.5578174671875 0.18509676875 0.530039690625 0.18046313125 0.5199896859375001 0.15287693125 0.5199896859375001 0.15123600625 0.523130790625 0.1620153546875 0.6428303265624999 0.152363484375 0.68625440625 0.1484375 0.730342203125 0.1484375 0.742816309375 0.1541040609375 0.7983079953125 0.16616896875 0.8531761609374999 0.17314089375 0.8710155703125 0.17475190625 0.871875 0.1996858640625 0.871875 0.1996858640625 0.69138423125
1 0.2662159375 0.9015625 0.2734375 0.8943819625 0.28515625 0.840624525 0.290625 0.7908154984375 0.28671875 0.736512421875 0.2703125 0.66371728125 0.27578125 0.5500193640625 0.268359375 0.5310101875 0.262109375 0.526625265625 0.248828125 0.5289392515625 0.240625 0.54879168125 0.24453125 0.6642058687500001 0.2265625 0.7491894953125 0.2265625 0.8210783859375 0.22890625 0.8386602312499999 0.23828125 0.8862098359375 0.243359375 0.8981927234375 0.2484375 0.9004533890624999 0.263339528125 0.9015625 0.2662159375 0.9015625
1 0.3842307265625 0.8314916546875001 0.3842307265625 0.7933314421875 0.382354134375 0.7583012890624999 0.36474645781250004 0.685278546875 0.3679820421875 0.5701827046875 0.36122425156250004 0.5497345234375001 0.35340292500000003 0.5436030890625 0.3493196453125 0.5436030890625 0.3416849234375 0.547435953125 0.3351048984375 0.5575433265624999 0.3321011046875 0.5782311124999999 0.3381677984375 0.6812636 0.3244608328125 0.7417197390625001 0.321875 0.7830516171874999 0.321875 0.7918096625000001 0.326774803125 0.8709591812500002 0.3319044875 0.8890625 0.33627085156250003 0.8890625 0.35833058281249996 0.8578495343749999 0.3816792 0.843663375 0.3842307265625 0.8314916546875001
1 0.3336469640625 0.68023285 0.330874671875 0.5702376124999999 0.3358530890625 0.5538439625 0.3478142703125 0.5406376125 0.3438931640625 0.5188595703125001 0.328814909375 0.5179813624999999 0.3176541296875 0.5179813624999999 0.3137059453125 0.52335771875 0.3119010140625 0.537155603125 0.31557577187499997 0.6402519 0.3015625 0.7028342343749999 0.3015625 0.8377085125000001 0.3069366390625 0.8663677734374999 0.31127407812499996 0.871875 0.3185153046875 0.871875 0.3149376140625 0.8112217390625001 0.31661585937500003 0.7598783546875 0.3336469640625 0.68023285
0 0.3890625 1 0.3890625 0.8453017765624999 0.36416809843750003 0.854752090625 0.3478588109375 0.8718006171875 0.3327981625 0.9020163125 0.325 0.9518708468749999 0.325 0.9611529375 0.3270410640625 0.9868840046875 0.3309695375 1 0.3890625 1
1 0.575869003125 0.695269903125 0.573543671875 0.66301105625 0.5665308375 0.63094320625 0.56394140625 0.6051658328125 0.5492297046875001 0.6025299328125 0.5458106890625001 0.62901431875 0.5396214171875 0.653300615625 0.5375 0.6576146078124999 0.5375 0.7673010328125001 0.538400259375 0.772596509375 0.5399019984375 0.775 0.5588405140624999 0.775 0.5647060265625 0.7650539078125 0.5722387984375 0.7333177609374999 0.575869003125 0.695269903125
1 0.5954047 0.6021812890625 0.5923587984375001 0.6252748718750001 0.5859375 0.6475163125 0.5859375 0.7484375 0.602937625 0.7484375 0.6038566125 0.7472441203125 0.6157962515625 0.6994051671875 0.616831346875 0.666961384375 0.6094276265625 0.6277269249999999 0.6083727921875 0.59938615 0.5954047 0.6021812890625
1 0.636196328125 0.7212376562499999 0.6409449171875 0.7265625 0.6488170421875 0.7265625 0.65286946875 0.726425696875 0.655717353125 0.7226966515625 0.655717353125 0.6461625671875 0.6456715093750001 0.6139181218750001 0.6444713156249999 0.6009521296875 0.63995361875 0.596875 0.63960605 0.596875 0.631971315625 0.60087940625 0.6326021515625 0.6129164421875 0.6265625 0.6509676015625001 0.6265625 0.666802803125 0.6296778 0.6962073546875001 0.636196328125 0.7212376562499999
1 0.68282504375 0.704174321875 0.68282504375 0.6412861125 0.6708570015624999 0.597582953125 0.6613105890625001 0.598185309375 0.6609375 0.6007474296875 0.6609375 0.6801619953125 0.662213865625 0.693130528125 0.6662289078125 0.7072745078125 0.6714682578125 0.7109375 0.6794575249999999 0.7109375 0.6823747390625 0.70859248125 0.68282504375 0.704174321875
1 0.5253580734375001 0.6629776203125 0.5159830734375 0.626539128125 0.513899740625 0.6051700796875 0.51103515625 0.600903378125 0.49983724062499996 0.602827153125 0.498274740625 0.622217034375 0.4921875 0.6468945109375 0.4921875 0.7226831218750001 0.49619140625 0.7415887265625 0.5014533812499999 0.746875 0.5145020609375 0.746875 0.51806640625 0.7423526203125 0.52744140625 0.696383703125 0.5253580734375001 0.6629776203125
1 0.47312249375000004 0.5994894000000001 0.46221879374999997 0.6031029921875 0.4605325140625 0.61978785 0.45625 0.6321023703125 0.45625 0.728125 0.4685904984375 0.728125 0.4728754125 0.71818896875 0.4794405765625 0.691173428125 0.481641978125 0.6596919453125001 0.47478925624999996 0.6165189984375 0.4748482890625 0.6008146328125 0.47312249375000004 0.5994894000000001
1 0.45611082343750003 0.6364235625 0.4457310171875 0.597524603125 0.43819240156249994 0.5994876734375 0.4296875 0.6441041578125 0.4296875 0.677032703125 0.43568689374999997 0.70582360625 0.4385190125 0.7109375 0.4507210578125 0.7109375 0.45492540468750003 0.7011656046875 0.4541998703125 0.6659561609375 0.45611082343750003 0.6364235625
1 1 0.6504343875 0.997937509375 0.6516748203125 0.994935546875 0.6593783453125 0.9935544765625 0.6787621203125 0.9962915859375 0.7011663515625 0.9957744 0.7307959828125 0.9875 0.7559723515625001 0.9875 0.8333101921875 0.9925993375000001 0.8529575375 1 0.8561175046875 1 0.6504343875
1 0.9919673421875 0.8238936671874999 0.9891296421875001 0.7979556203125 0.9894438812499999 0.7729616796875 0.9963828046875001 0.743944646875 0.9963828046875001 0.7063341624999999 0.9939605531249999 0.67763373125 0.995424228125 0.65634955625 0.9918098078125 0.648459490625 0.9859728734375001 0.6447224546875 0.9797498156250001 0.6456120203125 0.9765395187500001 0.6516108421875 0.9783176703125 0.7127219531250001 0.971875 0.7571807890625 0.971875 0.78060609375 0.9720588484375 0.783969765625 0.976324340625 0.8052872750000001 0.9825654 0.8229131984375 0.98611276875 0.825 0.9891577546875 0.825 0.9919673421875 0.8238936671874999
1 0.9735097390625 0.796875 0.9777561234375 0.796875 0.9786749078125 0.79658321875 0.9786749078125 0.7877925671874999 0.9759507546874999 0.7665848078125 0.9786749078125 0.7258369375 0.9786749078125 0.6540524109375 0.9780453328124998 0.6416938937500001 0.9729625937499999 0.6393215046874999 0.9652040234375001 0.6401565265625 0.9640625 0.6432105671875 0.9640625 0.6681977078125 0.9668595281249999 0.699857534375 0.9640625 0.7138779828125 0.9640625 0.7681302546875 0.9640794453125 0.7682972671874999 0.9700612421875 0.7905740328124999 0.9735097390625 0.796875
1 0.9269921875 0.7674636125000001 0.9237540640624999 0.7480919015625 0.9141905234374998 0.7159027 0.9154082625000001 0.6566070734375 0.91198244375 0.6497414265625 0.9005025640625 0.6463044203124999 0.89460725 0.66264753125 0.89752385625 0.71629061875 0.8921875 0.7394033234374999 0.8921875 0.7628506078124999 0.8985456687500001 0.8023896125000001 0.9059821515625 0.828125 0.9173639578125 0.828125 0.9190090015625 0.8278427578125 0.9255912953125 0.7952777546875 0.9269921875 0.7674636125000001