1 0 0 0 0.0765625 0.0079063625 0.0765625 0.009010409375 0.0747689546875 0.0094307515625 0.0627319171875 0.017695928125 0.0501783921875 0.0226709453125 0.0272486078125 0.0232571390625 0 0 0
1 0.0453125 0 0.0453125 0.090625 0.05697029687500001 0.090625 0.0566301109375 0.073959465625 0.0693938375 0.05278784843749999 0.071549696875 0.043419328125000003 0.073118815625 0.002751428125 0.072509309375 0 0.0453125 0
1 0.0376007046875 0 0.039860725 0.0199806171875 0.0475323046875 0.047858396875 0.05194569375 0.05625 0.05616296093749999 0.05625 0.05616296093749999 0.051032671875000005 0.053005339062500004 0.0368563796875 0.0515809046875 0.016486009375 0.05352558281250001 0 0.0376007046875 0
1 0.1109375 0 0.1109375 0.067351165625 0.11196679843749999 0.07670492500000001 0.11987099999999999 0.1051417890625 0.1212005890625 0.1078125 0.1363025625 0.1078125 0.1363025625 0 0.1109375 0
1 0.140625 0 0.140625 0.07873386875 0.1451001125 0.090625 0.1624394078125 0.090625 0.1653898171875 0.0852944953125 0.17334608437500001 0.045066817187500004 0.17420821875 0.0154371875 0.17264679375 0 0.140625 0
1 0.1890625 0 0.1890625 0.0053991921875000005 0.1925581234375 0.0334433109375 0.1995886875 0.06236533749999999 0.2051157984375 0.0734375 0.216650359375 0.0734375 0.216650359375 0 0.1890625 0
1 0.2296875 0 0.2296875 0.01992685 0.23066602656250002 0.025800737499999997 0.2378389078125 0.0516963609375 0.2427958765625 0.0578125 0.2612527140625 0.0578125 0.2612527140625 0 0.2296875 0
0 0.0977072578125 0.24667771093750002 0.1015676609375 0.22100728749999998 0.1015676609375 0.211949875 0.1002504546875 0.196513934375 0.09273253125 0.17745163125000002 0.0829193421875 0.1626788234375 0.07345815 0.155762740625 0.0572907671875 0.1547570546875 0.045886304687500004 0.159987190625 0.0358862796875 0.17394538125 0.0296875 0.1922688234375 0.0296875 0.25266027343749997 0.030052795312500002 0.254855784375 0.0457675375 0.28414315 0.053111195312500005 0.2875 0.0754855203125 0.2875 0.0903868203125 0.2669809046875 0.0977072578125 0.24667771093750002
2 1 0.253066978125 0.9708275343749999 0.25277816875000003 0.61875 0.255612446875 0.61875 0.3734375 0.6349904015625001 0.3734375 1 0.370090953125 1 0.253066978125
1 0.9484938062499999 0.009088642187499999 0.9371601015625 0.0080133453125 0.914478221875 0.0080133453125 0.91282568125 0.0106979328125 0.9145061125 0.097054703125 0.8953125 0.1592073296875 0.8953125 0.2421155984375 0.905043275 0.2421875 0.9564073109375 0.2421875 0.958379278125 0.20788559687500002 0.9563213046874999 0.1771662671875 0.9411171156249999 0.09705789687500001 0.9484938062499999 0.009088642187499999
0 0.4046458796875 1 0.40554349062500006 0.9732193140625001 0.40091699375 0.9399768937499999 0.38696398125 0.9041203359375001 0.36792567656249997 0.8762205140624999 0.34152479687500004 0.8674249046875001 0.3117403234375 0.87349865625 0.29745155625 0.8867070828125 0.27952685625 0.9143264515624999 0.2724974296875 0.9292594515625 0.26875 0.9433320296875 0.26875 1 0.4046458796875 1
1 0.9425822734375 0.6040914984375 0.9347536109375 0.60515379375 0.9295875062500001 0.617740159375 0.9286626203124999 0.6408974000000001 0.9312057859374999 0.674176184375 0.9203125 0.7234201203125 0.9203125 0.7390625 0.9559949281250001 0.7390625 0.9548445234375 0.7218970468749999 0.9465721921875 0.6887182656249999 0.9452682859374999 0.6739307265625 0.9498353578125001 0.6210893078125 0.9474251375 0.6100236515625 0.9425822734375 0.6040914984375
1 0.9738402531249999 0.596333471875 0.9674788296875001 0.6066677203124999 0.967004284375 0.6650829390624999 0.9625 0.68220804375 0.9625 0.7421875 0.9872703390625001 0.7421875 0.9880455749999999 0.7199876578125 0.9855314343749999 0.6873891796875 0.9815876171875001 0.665847221875 0.9856433265625 0.609474921875 0.9821089187500001 0.5986220546875 0.9738402531249999 0.596333471875
1 1 0.5966009515625 0.9963493765625 0.6049941703125 0.9951692281250001 0.6557744125 0.99375 0.6603985296875 0.99375 0.7390625 1 0.7390625 1 0.5966009515625
1 0.91295979375 0.692373559375 0.90746795 0.6740362187500001 0.9059930546875 0.6157483421875 0.899194134375 0.60406971875 0.8915111249999998 0.6057852031250001 0.8890625 0.6135666687500001 0.8890625 0.62823461875 0.8939262843750001 0.6737998484375 0.8907927140625 0.6959402484374999 0.8890625 0.6994183640625 0.8890625 0.7421875 0.91295979375 0.7421875 0.91295979375 0.692373559375
1 0.8375459812500001 0.7421875 0.8639852093750001 0.7421875 0.8639852093750001 0.6980568484375 0.8571727546875 0.678397396875 0.8570702812500001 0.6356592578125 0.855146196875 0.6171649953125 0.8465065953125 0.6031648890625 0.8389747453125 0.607232465625 0.8359375 0.6178454296875 0.8359375 0.6186941515625 0.8427000484375 0.68743421875 0.8366820781250001 0.7183779078125 0.8359375 0.7316193546875001 0.8359375 0.7352117609375 0.8368736406250001 0.741598828125 0.8375459812500001 0.7421875
1 0.8165388968749999 0.740625 0.8187364046875001 0.740625 0.8217497312500001 0.7331702546875001 0.8225040984374999 0.707244328125 0.8153292578125001 0.6667980515625 0.8186429687500001 0.6067312656249999 0.8172690609375 0.600131384375 0.8134703625 0.5953125 0.8091865640625 0.5953125 0.8051237734375001 0.595963184375 0.8002790921875 0.6099795703125 0.8007728671875001 0.664767065625 0.796875 0.678189228125 0.796875 0.7387808828125 0.8165388968749999 0.740625
1 0.78203125 0.65390625 0.001513671875 0.001513671875
1 0.795487240625 0.7390625 0.795487240625 0.6620358718749999 0.7924150921875001 0.6537301921875001 0.7912304859375 0.6037150437500001 0.785926371875 0.592166725 0.7832520421875 0.5912559484375001 0.7796875 0.5925797453125 0.7796875 0.6461563031249999 0.7805060875 0.6547258125 0.7796875 0.6584723328125 0.7796875 0.73065866875 0.7822033734375 0.7390123421875 0.7822735421875 0.7390625 0.795487240625 0.7390625
1 0.9358290484375 0.602036046875 0.9311696359375 0.5908124296875 0.925375721875 0.592105496875 0.9196184671875001 0.6039966484375 0.9182702078125 0.6529372140625 0.9140625 0.66656089375 0.9140625 0.7171875 0.9141429609374999 0.7171875 0.914388240625 0.7158668015625 0.9242078984375001 0.68666245 0.9275214249999999 0.66893635 0.9276985265625001 0.621914390625 0.92925816875 0.6144402265625 0.9358290484375 0.602036046875
1 0.8660208171875 0.7375 0.8691700171875001 0.7296165453125 0.870968509375 0.701685028125 0.870968509375 0.6993474671875 0.862483678125 0.654762015625 0.8632182937499999 0.6019599921875 0.8608287562499999 0.594144175 0.8530000937500001 0.5915482328125 0.8515625 0.5947151156249999 0.8515625 0.6124287890625 0.8550034734375 0.6225243234375 0.852115496875 0.6633378015625 0.8527386781249999 0.6809182687499999 0.8612605515624999 0.7131317171875 0.8647218890625 0.7375 0.8660208171875 0.7375
2 1 0.7480902781250001 0.9346354171875 0.7480902781250001 0.9221354171874999 0.7453125 0.88984375 0.7480902781250001 0.87734375 0.7453125 0.83984375 0.7471643515624999 0.82890625 0.7434606484375 0.8075520828125 0.7462384265625 0.79765625 0.7434606484375 0.69140625 0.742534721875 0.6875 0.7494791671875 0.6825520828125 0.7999421296875 0.6622395828125 0.80179398125 0.6520833328125 0.811516203125 0.6520833328125 0.82633101875 0.6598958328125 0.8504050921874999 0.6716145828125 0.8619791671874999 0.67890625 0.86383101875 0.6955729171875 0.8592013890625001 0.7106770828125 0.83883101875 0.7153645828124999 0.8249421296874999 0.72109375 0.8221643515625001 0.9080729171874999 0.8221643515625001 0.9815104171875 0.82679398125 1 0.8266072187500001 1 0.7480902781250001