1 0.4265625 0.43194444374999996 0.428125 0.4263888890625 0.4270833328125 0.39027777812500003 0.4205729171875 0.3759259265625 0.41484375 0.3731481484375 0.4075520828125 0.3759259265625 0.40208333281249997 0.3856481484375 0.40052083281249995 0.3949074078125 0.40052083281249995 0.428240740625 0.4046875 0.44305555625000004 0.40625 0.47083333281249995 0.4010416671875 0.5023148140625 0.4046875 0.521759259375 0.40416666718750005 0.6078703703125 0.40625 0.61898148125 0.41171875 0.63055555625 0.42083333281249996 0.6328703703125 0.42864583281249996 0.628240740625 0.4296875 0.5921296296875 0.43385416718750003 0.56898148125 0.43958333281249995 0.5513888890625 0.44114583281249997 0.5356481484375 0.4380208328125 0.5125 0.42604166718750003 0.4773148140625 0.4265625 0.43194444374999996
1 0.6388020828125 0.43148148124999997 0.63125 0.446759259375 0.6302083328125 0.4550925921875 0.6302083328125 0.5125 0.6328125 0.5449074078125 0.6213541671875 0.6078703703125 0.6192708328125 0.6356481484375001 0.6244791671875001 0.6625 0.62734375 0.6666666671875 0.63125 0.666203703125 0.6497395828125 0.659259259375 0.6572916671875 0.628240740625 0.6567708328124999 0.5958333328125 0.65 0.54305555625 0.6619791671875 0.459722221875 0.6583333328125 0.4384259265625 0.6497395828125 0.42870370312499995 0.6388020828125 0.43148148124999997
1 0.5989583328125 0.38935185156249996 0.5955729171875 0.38333333281250004 0.5888020828125 0.3796296296875 0.5799479171875 0.384259259375 0.5744791671875 0.3976851859375 0.5739583328125 0.48101851875 0.5635416671875 0.5078703703125 0.5609375 0.5263888890625 0.5614583328125 0.5449074078125 0.5703125 0.5930555562500001 0.5697916671875001 0.6347222218749999 0.5721354171875 0.6398148140625 0.5796875 0.6393518515625 0.5890625 0.6319444437499999 0.5942708328124999 0.6106481484375 0.59375 0.5578703703125 0.5973958328125 0.5078703703125 0.59375 0.47453703750000004 0.6015625 0.4143518515625 0.6015625 0.3986111109375 0.5989583328125 0.38935185156249996
1 0.6796875 0.40416666718750005 0.6770833328125 0.39305555625 0.67109375 0.384259259375 0.6606770828124999 0.3861111109375 0.6541666671875 0.396759259375 0.6526041671875 0.4078703703125 0.6526041671875 0.42731481406249994 0.659375 0.4393518515625 0.6619791671875 0.45324074062499997 0.6609375 0.47453703750000004 0.6546875 0.5023148140625 0.65 0.541203703125 0.6578125 0.60694444375 0.6572916671875 0.6208333328125 0.659375 0.6263888890625 0.6645833328124999 0.6171296296875 0.6739583328125 0.5875 0.6776041671875 0.5606481484375 0.6770833328125 0.534722221875 0.6713541671875001 0.4893518515625 0.6713541671875001 0.47361111093749997 0.6791666671875001 0.42268518593750004 0.6796875 0.40416666718750005
1 0.7278645828125 0.50555555625 0.71484375 0.5120370375000001 0.7098958328125 0.5226851859375 0.70625 0.5513888890625 0.703125 0.608796296875 0.7 0.6245370375 0.684375 0.6550925921874999 0.6877604171875 0.6583333328125 0.7223958328125 0.6578703703125 0.725 0.6560185187500001 0.7244791671875 0.6291666671875 0.7270833328124999 0.6106481484375 0.7421875 0.546759259375 0.7416666671875001 0.5291666671875 0.7375 0.515277778125 0.73359375 0.5083333328124999 0.7278645828125 0.50555555625
1 0.7973958328124999 0.528240740625 0.7875 0.609722221875 0.784375 0.621759259375 0.76875 0.6486111109375 0.7682291671875 0.6550925921874999 0.7697916671875 0.6560185187500001 0.80625 0.646759259375 0.8083333328125001 0.621759259375 0.8286458328125 0.5458333328125 0.828125 0.5300925921874999 0.81953125 0.5129629625 0.80703125 0.5120370375000001 0.80234375 0.5166666671875 0.7973958328124999 0.528240740625
1 0.3385416671875 0.4328703703125 0.33541666718749996 0.44490740781250004 0.3359375 0.46342592656250003 0.3380208328125 0.48194444374999995 0.3416666671875 0.49398148124999997 0.3447916671875 0.5300925921874999 0.3447916671875 0.5449074078125 0.3359375 0.5976851859375001 0.33541666718749996 0.61898148125 0.33984375 0.6416666671875 0.3692708328125 0.6560185187500001 0.3760416671875 0.628240740625 0.3765625 0.6023148140625 0.3682291671875 0.5458333328125 0.3661458328125 0.446759259375 0.3630208328125 0.43379629687500004 0.3575520828125 0.4240740734375 0.34765625 0.42222222187499997 0.3385416671875 0.4328703703125
1 0.2947916671875 0.5199074078125 0.2927083328125 0.503240740625 0.2888020828125 0.49444444374999996 0.28046875 0.48703703750000005 0.27291666718749996 0.4893518515625 0.28203125 0.4981481484375 0.28828125 0.4981481484375 0.28854166718749996 0.5097222218749999 0.2947916671875 0.5199074078125
1 0.2953125 0.5634259265625 0.29635416718749996 0.5930555562500001 0.3067708328125 0.6208333328125 0.3067708328125 0.5875 0.29765625 0.5601851859375 0.2953125 0.5634259265625
1 0.2760416671875 0.6263888890625 0.2765625 0.5930555562500001 0.2627604171875 0.5416666671875 0.2578125 0.5708333328124999 0.25729166718749996 0.6152777781250001 0.26015625 0.6296296296875 0.2703125 0.63101851875 0.2760416671875 0.6263888890625
1 0.3692708328125 0.5458333328125 0.378125 0.6134259265625001 0.3703125 0.6560185187500001 0.37578125 0.6611111109375 0.38333333281250004 0.6606481484375 0.4114583328125 0.64305555625 0.403125 0.6050925921875 0.4036458328125 0.515277778125 0.3981770828125 0.4990740734375 0.3888020828125 0.49259259218749996 0.3752604171875 0.4981481484375 0.3682291671875 0.5171296296875 0.3692708328125 0.5458333328125
1 0.4692708328125 0.4393518515625 0.4661458328125 0.43009259218749996 0.45911458281249995 0.42129629687500003 0.45234375 0.4203703703125 0.44609375 0.4240740734375 0.4401041671875 0.4384259265625 0.4401041671875 0.4754629625 0.44322916718750005 0.5078703703125 0.4427083328125 0.54398148125 0.43385416718750003 0.571759259375 0.4302083328125 0.5921296296875 0.42864583281249996 0.6300925921875 0.43255208281249996 0.6416666671875 0.44609375 0.64444444375 0.45807291718750004 0.652777778125 0.4713541671875 0.6523148140624999 0.47734375 0.6481481484375 0.48072916718750003 0.640277778125 0.4838541671875 0.6263888890625 0.4838541671875 0.6143518515624999 0.48125 0.5930555562500001 0.46770833281249996 0.5356481484375 0.46666666718750005 0.471759259375 0.4692708328125 0.4393518515625
1 0.5229166671875001 0.5449074078125 0.5229166671875001 0.5319444437499999 0.5182291671875 0.5143518515625 0.5122395828124999 0.503703703125 0.5028645828125 0.49629629687500004 0.4859375 0.5041666671875 0.4796875 0.5236111109375 0.4770833328125 0.54398148125 0.4770833328125 0.5625 0.4828125 0.5875 0.484375 0.6125 0.4838541671875 0.6300925921875 0.4796875 0.64305555625 0.48151041718750004 0.646296296875 0.4890625 0.6458333328125 0.5127604171875 0.64444444375 0.515625 0.641203703125 0.5125 0.628240740625 0.5130208328125 0.5986111109375 0.5177083328125 0.559722221875 0.5223958328125 0.558796296875 0.5208333328125 0.5513888890625 0.5229166671875001 0.5449074078125
1 0.48854166718750003 0.41898148125 0.48541666718750004 0.42453703750000005 0.4859375 0.4356481484375 0.48229166718750005 0.4384259265625 0.48255208281249995 0.447222221875 0.490625 0.428240740625 0.4921875 0.4699074078125 0.48645833281249995 0.5023148140625 0.5028645828125 0.497222221875 0.5151041671875001 0.5050925921875 0.5140625 0.4671296296875 0.5171875 0.4375 0.5166666671875 0.396759259375 0.51015625 0.377777778125 0.5002604171875 0.375 0.49609375 0.377777778125 0.49010416718750005 0.39027777812500003 0.48854166718750003 0.41898148125
1 0.29375 0.5050925921875 0.28515625 0.48981481406249994 0.28046875 0.48703703750000005 0.27109375 0.4888888890625 0.26510416718749996 0.49583333281249997 0.2609375 0.5106481484375001 0.2630208328125 0.515277778125 0.2619791671875 0.5300925921874999 0.2640625 0.5486111109375 0.27291666718749996 0.5856481484375 0.2755208328125 0.6134259265625001 0.27291666718749996 0.6291666671875 0.2763020828125 0.6351851859375001 0.3114583328125 0.6393518515625 0.31302083281250004 0.6347222218749999 0.303125 0.6115740734374999 0.3020833328125 0.6004629625 0.2989583328125 0.5976851859375001 0.3005208328125 0.5856481484375 0.29739583281250004 0.5800925921875 0.2984375 0.5643518515625 0.29375 0.5050925921875
1 0.1815104171875 0.48703703750000005 0.1744791671875 0.503240740625 0.1739583328125 0.5236111109375 0.1916666671875 0.5958333328125 0.1927083328125 0.6236111109375 0.19921875 0.627777778125 0.228125 0.6291666671875 0.21770833281250002 0.6050925921875 0.2125 0.583796296875 0.2088541671875 0.5513888890625 0.20833333281250002 0.516203703125 0.203125 0.49398148124999997 0.19973958281249998 0.4879629625 0.19296875 0.48425925937500003 0.1815104171875 0.48703703750000005
1 0.1846354171875 0.590740740625 0.18802083281249998 0.6208333328125 0.1927083328125 0.621759259375 0.1895833328125 0.5939814812499999 0.18828125 0.5898148140624999 0.1846354171875 0.590740740625
1 0.2364583328125 0.6273148140625 0.2364583328125 0.6023148140625 0.23177083281250002 0.5736111109375 0.21171875 0.5259259265625 0.209375 0.5356481484375 0.20989583281250002 0.5523148140624999 0.21614583281250002 0.5976851859375001 0.22890625 0.6259259265625 0.2364583328125 0.6273148140625
1 0.1770833328125 0.48101851875 0.18046875 0.4861111109375 0.1934895828125 0.48333333281249996 0.2015625 0.48842592656250006 0.2036458328125 0.4865740734375 0.20572916718749998 0.47453703750000004 0.2015625 0.43379629687500004 0.1924479171875 0.42129629687500003 0.1815104171875 0.42314814843750004 0.1765625 0.43194444374999996 0.1739583328125 0.44490740781250004 0.1770833328125 0.48101851875
1 0.0994791671875 0.4921296296875 0.096875 0.5106481484375001 0.1010416671875 0.5356481484375 0.1125 0.5726851859375001 0.115625 0.60601851875 0.1252604171875 0.6120370375 0.1510416671875 0.616203703125 0.1520833328125 0.6143518515624999 0.1375 0.5865740734375 0.13125 0.5449074078125 0.1302083328125 0.5171296296875 0.12552083281249998 0.4921296296875 0.11484375 0.4796296296875 0.1049479171875 0.48333333281249996 0.0994791671875 0.4921296296875
1 0.12890625 0.42592592656250006 0.12317708281249999 0.42129629687500003 0.11484375 0.42222222187499997 0.1067708328125 0.4393518515625 0.1088541671875 0.4606481484375 0.1125 0.4773148140625 0.1236979171875 0.48703703750000005 0.1276041671875 0.4995370375 0.1307291671875 0.516203703125 0.134375 0.5699074078125 0.1380208328125 0.5865740734375 0.1622395828125 0.6296296296875 0.1697916671875 0.6319444437499999 0.17135416718750002 0.6291666671875 0.17135416718750002 0.6023148140625 0.1692708328125 0.583796296875 0.1609375 0.5541666671875001 0.1421875 0.5143518515625 0.1395833328125 0.503240740625 0.134375 0.440277778125 0.12890625 0.42592592656250006
1 0.1458333328125 0.358796296875 0.1388020828125 0.3481481484375 0.1315104171875 0.3490740734375 0.12552083281249998 0.35972222187499997 0.125 0.3754629625 0.1364583328125 0.396759259375 0.1385416671875 0.44120370312499996 0.1442708328125 0.47268518593750003 0.1578125 0.4986111109375 0.165625 0.5208333328125 0.1692708328125 0.51805555625 0.1708333328125 0.5041666671875 0.1692708328125 0.4754629625 0.1515625 0.4254629625 0.1526041671875 0.41898148125 0.14791666718750002 0.3976851859375 0.14895833281249998 0.39027777812500003 0.1458333328125 0.358796296875
1 0.32734375 0.375 0.321875 0.38101851875000003 0.3171875 0.3976851859375 0.3177083328125 0.4171296296875 0.3265625 0.47453703750000004 0.3182291671875 0.5300925921874999 0.3182291671875 0.5523148140624999 0.3255208328125 0.5930555562500001 0.3338541671875 0.609722221875 0.34427083281250004 0.5449074078125 0.34375 0.516203703125 0.3348958328125 0.45324074062499997 0.3380208328125 0.4328703703125 0.34427083281250004 0.4236111109375 0.3447916671875 0.403240740625 0.3346354171875 0.3759259265625 0.32734375 0.375
1 0.6111979171875 0.5009259265625 0.6013020828125 0.5101851859375001 0.5958333328125 0.5254629625 0.5942708328124999 0.6143518515624999 0.5921875 0.6273148140625 0.5838541671875 0.6504629625 0.5856770828125 0.6537037031249999 0.6033854171875 0.6564814812499999 0.621875 0.666203703125 0.6244791671875001 0.6615740734375 0.61875 0.6347222218749999 0.6192708328125 0.6208333328125 0.6317708328125 0.5449074078125 0.6317708328125 0.5254629625 0.6296875 0.516203703125 0.6236979171875 0.50555555625 0.6111979171875 0.5009259265625
1 0.5528645828125 0.42314814843750004 0.5466145828125 0.42314814843750004 0.5348958328125 0.4421296296875 0.5348958328125 0.4865740734375 0.5375 0.5245370375 0.5359375 0.5375 0.5192708328125 0.5912037031249999 0.5166666671875 0.6356481484375001 0.5184895828125 0.6425925921875 0.5221354171875 0.64444444375 0.565625 0.6486111109375 0.5697916671875001 0.6347222218749999 0.5703125 0.5976851859375001 0.5604166671875 0.54398148125 0.559375 0.5023148140625 0.5635416671875 0.48564814843750004 0.5661458328125 0.4458333328125 0.5611979171875 0.4296296296875 0.5528645828125 0.42314814843750004
1 0.8588541671875 0.6143518515624999 0.8421875 0.6421296296875 0.84453125 0.646296296875 0.86328125 0.6555555562500001 0.8708333328125001 0.6560185187500001 0.8765625 0.6486111109375 0.88125 0.616203703125 0.8958333328125001 0.565277778125 0.8947916671874999 0.5310185187500001 0.8903645828125001 0.515740740625 0.88203125 0.5166666671875 0.8744791671875 0.528240740625 0.8588541671875 0.6143518515624999
1 0.8401041671874999 0.4486111109375 0.8234375 0.48842592656250006 0.8213541671875 0.5097222218749999 0.828125 0.5254629625 0.8458333328125001 0.49398148124999997 0.8536458328125001 0.42731481406249994 0.8661458328125 0.3976851859375 0.8666666671875 0.391203703125 0.86015625 0.3759259265625 0.8513020828125001 0.3768518515625 0.846875 0.384722221875 0.8401041671874999 0.4486111109375
1 0.9122395828125001 0.42129629687500003 0.9072916671875 0.43101851875 0.9005208328125001 0.48842592656250006 0.8921875 0.508796296875 0.8927083328125001 0.515277778125 0.9010416671874999 0.5300925921874999 0.9026041671874999 0.5513888890625 0.9072916671875 0.54398148125 0.9119791671874999 0.5245370375 0.9182291671874999 0.47361111093749997 0.9255208328125001 0.458796296875 0.9291666671875 0.4421296296875 0.9265625 0.4263888890625 0.9205729171874999 0.41851851875 0.9122395828125001 0.42129629687500003
1 0.9705729171874999 0.46851851875 0.9645833328125001 0.4875 0.9609375 0.5226851859375 0.9645833328125001 0.5375 0.9640625 0.553240740625 0.9489583328125001 0.5995370375 0.9473958328125001 0.6106481484375 0.94765625 0.6138888890625 0.9536458328125 0.6143518515624999 0.96953125 0.6111111109375 0.971875 0.60694444375 0.971875 0.558796296875 0.9890625 0.49305555625 0.9885416671874999 0.4754629625 0.9815104171875 0.46481481406249997 0.97578125 0.46388888906250003 0.9705729171874999 0.46851851875
1 0.9848958328125 0.6023148140625 0.9877604171875 0.6083333328125 0.9927083328125 0.6078703703125 0.99765625 0.6074074078125 1 0.603240740625 0.9997395828125001 0.5203703703125 0.9916666671875 0.5310185187500001 0.984375 0.5699074078125 0.9833333328125 0.5875 0.9875 0.5930555562500001 0.9848958328125 0.6023148140625
1 0.9302083328125 0.58194444375 0.9317708328125001 0.5930555562500001 0.9276041671874999 0.5995370375 0.928125 0.6050925921875 0.9330729171875 0.6129629624999999 0.9416666671874999 0.616203703125 0.9604166671875 0.566203703125 0.9640625 0.5504629624999999 0.9630208328125001 0.5319444437499999 0.9591145828125001 0.522222221875 0.9528645828125001 0.5166666671875 0.9434895828125001 0.51944444375 0.9375 0.5310185187500001 0.9302083328125 0.58194444375
1 0.9416666671874999 0.47453703750000004 0.93359375 0.4601851859375 0.92421875 0.4620370375 0.9192708328125001 0.47083333281249995 0.909375 0.5375 0.8979166671875 0.571759259375 0.90234375 0.5824074078125 0.9057291671875 0.584722221875 0.9072916671875 0.5930555562500001 0.90625 0.6134259265625001 0.90234375 0.6120370375 0.8989583328125 0.61898148125 0.8997395828125001 0.6231481484375 0.9036458328125001 0.6236111109375 0.9174479171875 0.621296296875 0.9234375 0.6125 0.9260416671874999 0.5939814812499999 0.9239583328125001 0.58194444375 0.9239583328125001 0.5578703703125 0.9385416671875 0.5078703703125 0.9421875 0.48842592656250006 0.9416666671874999 0.47453703750000004
1 0.5489583328125 0.3449074078125 0.54453125 0.3351851859375 0.53828125 0.3333333328125 0.5315104171875 0.33703703749999997 0.5265625 0.346759259375 0.5265625 0.42731481406249994 0.5140625 0.478240740625 0.5145833328125 0.49305555625 0.5244791671875 0.5300925921874999 0.5260416671875 0.5523148140624999 0.5302083328125 0.5504629624999999 0.5359375 0.5319444437499999 0.5369791671875 0.508796296875 0.5348958328125 0.44490740781250004 0.5380208328125 0.4328703703125 0.5463541671875001 0.41805555625 0.55 0.3736111109375 0.5489583328125 0.3449074078125
1 0.559375 0.3921296296875 0.5515625 0.4199074078125 0.5611979171875 0.42870370312499995 0.56875 0.45324074062499997 0.5729166671875 0.4550925921875 0.5744791671875 0.396759259375 0.5765625 0.3865740734375 0.5796875 0.3273148140625 0.5763020828125 0.31759259218749997 0.56796875 0.3129629625 0.56015625 0.31944444375000003 0.5578125 0.3263888890625 0.559375 0.3921296296875
1 0.61640625 0.3416666671875 0.6065104171875 0.34351851875 0.6020833328124999 0.35046296250000003 0.6 0.35972222187499997 0.5994791671875 0.383796296875 0.6020833328124999 0.41342592656250005 0.5947916671875 0.46805555625000006 0.5947916671875 0.49490740781250003 0.596875 0.5050925921875 0.6005208328125 0.5106481484375001 0.61015625 0.5009259265625 0.62421875 0.5046296296875 0.6255208328124999 0.5004629625 0.6234375 0.466203703125 0.6177083328124999 0.4356481484375 0.6244791671875001 0.358796296875 0.6223958328125 0.35046296250000003 0.61640625 0.3416666671875
1 0.68359375 0.34629629687499996 0.6747395828125 0.3518518515625 0.6703125 0.36898148124999997 0.6708333328125 0.383796296875 0.6765625 0.3921296296875 0.6791666671875001 0.40138888906250003 0.6786458328125 0.4254629625 0.6708333328125 0.4754629625 0.6791666671875001 0.5513888890625 0.6833333328125 0.5449074078125 0.6921875 0.5050925921875 0.6859375 0.4421296296875 0.6864583328125 0.42175925937500003 0.6927083328125 0.39027777812500003 0.6942708328125 0.3671296296875 0.6921875 0.35601851875 0.68359375 0.34629629687499996
1 0.4 0.3513888890625 0.3973958328125 0.3421296296875 0.3888020828125 0.33148148125 0.3799479171875 0.3398148140625 0.3770833328125 0.34861111093749997 0.3770833328125 0.3773148140625 0.3817708328125 0.4254629625 0.3708333328125 0.4791666671875 0.3708333328125 0.4995370375 0.3734375 0.5004629625 0.3825520828125 0.49259259218749996 0.3903645828125 0.49259259218749996 0.40026041718750005 0.5 0.4046875 0.47453703750000004 0.40416666718750005 0.4458333328125 0.40052083281249995 0.4328703703125 0.39895833281250004 0.408796296875 0.4 0.3513888890625
1 0.4734375 0.34861111093749997 0.46979166718750004 0.34120370312500004 0.46588541718750004 0.3361111109375 0.4596354171875 0.3361111109375 0.45208333281249996 0.34398148125 0.44947916718750003 0.3550925921875 0.4526041671875 0.41898148125 0.46171875 0.42314814843750004 0.4682291671875 0.434722221875 0.46666666718750005 0.5236111109375 0.46875 0.54305555625 0.475 0.55694444375 0.47760416718750004 0.5310185187500001 0.484375 0.5023148140625 0.48229166718750005 0.47361111093749997 0.47239583281249997 0.43101851875 0.47239583281249997 0.40046296249999996 0.4765625 0.383796296875 0.4760416671875 0.365277778125 0.4734375 0.34861111093749997
1 0.4309895828125 0.3046296296875 0.42395833281249995 0.3125 0.4213541671875 0.32453703749999996 0.425 0.3625 0.4244791671875 0.3763888890625 0.42760416718750005 0.39027777812500003 0.4265625 0.471759259375 0.43541666718750005 0.50601851875 0.43958333281249995 0.5097222218749999 0.44166666718750003 0.5023148140625 0.43958333281249995 0.4393518515625 0.4421875 0.4291666671875 0.45 0.41898148125 0.4421875 0.391203703125 0.44375 0.31990740781250004 0.4388020828125 0.30740740781250003 0.4309895828125 0.3046296296875
1 0.4010416671875 0.36064814843750004 0.41302083281249996 0.36157407343750003 0.41614583281249995 0.321759259375 0.4145833328125 0.30046296250000004 0.4106770828125 0.2851851859375 0.40442708281249995 0.2833333328125 0.3994791671875 0.2893518515625 0.3958333328125 0.30046296250000004 0.396875 0.3328703703125 0.4010416671875 0.36064814843750004
1 0.30130208281250004 0.3101851859375 0.29296875 0.3148148140625 0.290625 0.31990740781250004 0.290625 0.3421296296875 0.296875 0.39305555625 0.290625 0.4328703703125 0.2901041671875 0.4606481484375 0.2958333328125 0.49305555625 0.3072916671875 0.51805555625 0.3109375 0.516203703125 0.31197916718749996 0.46805555625000006 0.3166666671875 0.446759259375 0.3182291671875 0.42731481406249994 0.3125 0.391203703125 0.3109375 0.32824074062499997 0.3078125 0.316203703125 0.30130208281250004 0.3101851859375
1 0.3596354171875 0.30740740781250003 0.35390625 0.3129629625 0.35104166718749996 0.321759259375 0.3515625 0.3421296296875 0.35625 0.36990740781250003 0.3572916671875 0.39027777812500003 0.3515625 0.41898148125 0.3606770828125 0.427777778125 0.3651041671875 0.4393518515625 0.3671875 0.49583333281249997 0.3692708328125 0.5023148140625 0.3713541671875 0.47453703750000004 0.3802083328125 0.4393518515625 0.38125 0.41805555625 0.375 0.3986111109375 0.3713541671875 0.371759259375 0.371875 0.31805555625 0.3658854171875 0.30740740781250003 0.3596354171875 0.30740740781250003
1 0.2591145828125 0.371296296875 0.2502604171875 0.378703703125 0.24583333281250003 0.391203703125 0.2421875 0.43379629687500004 0.24322916718749998 0.47453703750000004 0.24635416718749997 0.4800925921875 0.24739583281250002 0.490277778125 0.2515625 0.496759259375 0.25 0.4513888890625 0.2520833328125 0.434722221875 0.2591145828125 0.42222222187499997 0.2716145828125 0.42222222187499997 0.275 0.4125 0.27291666718749996 0.3856481484375 0.2674479171875 0.3759259265625 0.2591145828125 0.371296296875
1 0.13125 0.43101851875 0.1369791671875 0.45324074062499997 0.1380208328125 0.4699074078125 0.1369791671875 0.403240740625 0.1309895828125 0.384259259375 0.1216145828125 0.38055555625 0.1135416671875 0.3921296296875 0.1130208328125 0.41342592656250005 0.11536458281249999 0.42129629687500003 0.1263020828125 0.42314814843750004 0.13125 0.43101851875
1 0.0625 0.4171296296875 0.0721354171875 0.4268518515625 0.0760416671875 0.4356481484375 0.08333333281250001 0.49398148124999997 0.0875 0.49490740781250003 0.08645833281250001 0.508796296875 0.09036458281250001 0.5046296296875 0.0947916671875 0.508796296875 0.09322916718749999 0.4865740734375 0.0958333328125 0.48194444374999995 0.08854166718749999 0.4513888890625 0.084375 0.3976851859375 0.0763020828125 0.38333333281250004 0.06953125 0.38333333281250004 0.061979167187499996 0.3958333328125 0.0625 0.4171296296875
1 0.05859375 0.4240740734375 0.052604167187499995 0.43379629687500004 0.051041667187499994 0.44768518593750006 0.065625 0.5097222218749999 0.06770833281250001 0.5625 0.07291666718749999 0.5828703703125 0.0841145828125 0.6 0.1119791671875 0.60694444375 0.1140625 0.5930555562500001 0.10833333281249999 0.5606481484375 0.0848958328125 0.5097222218749999 0.08072916718749999 0.48472222187499997 0.078125 0.4486111109375 0.0739583328125 0.43009259218749996 0.06796875 0.42222222187499997 0.05859375 0.4240740734375
1 0.0317708328125 0.5097222218749999 0.0375 0.534722221875 0.0442708328125 0.5513888890625 0.0447916671875 0.5615740734375 0.05208333281250001 0.590277778125 0.0791666671875 0.6004629625 0.07864583281250001 0.5930555562500001 0.07291666718749999 0.5828703703125 0.06875 0.566203703125 0.0578125 0.4893518515625 0.0497395828125 0.478703703125 0.0393229171875 0.48055555625 0.0322916671875 0.49398148124999997 0.0317708328125 0.5097222218749999
1 0.0010416671875 0.446759259375 0.0166666671875 0.516203703125 0.0166666671875 0.56898148125 0.02578125 0.5870370375 0.0473958328125 0.5893518515625 0.0489583328125 0.5856481484375 0.0442708328125 0.5578703703125 0.0322916671875 0.5171296296875 0.0244791671875 0.4384259265625 0.017447917187500002 0.4240740734375 0.0080729171875 0.4240740734375 0.0026041671875 0.4328703703125 0.0010416671875 0.446759259375