1 0.25708524062500004 0 0.2544171609375 0.007747321875 0.26341970625 0.0954064875 0.26420311875 0.1356206 0.2518415484375 0.20439654218749997 0.2526803328125 0.2723247640625 0.25868981562500004 0.3085950421875 0.27528770156250004 0.3660806546875 0.279908234375 0.3703125 0.3046875 0.3703125 0.3046875 0.170904640625 0.29671973125 0.14525910625 0.2928368390625 0.07859244062500001 0.29372234218750004 0.013505662500000001 0.288525725 0 0.25708524062500004 0
1 0.398576528125 0 0.3927832296875 0.0593471421875 0.377672953125 0.09729217500000001 0.377672953125 0.2421875 0.3911860828125 0.2421875 0.39923957187500003 0.23151970624999998 0.41252298437499996 0.19213475 0.41820889375 0.1618980578125 0.4156821609375 0.0570298921875 0.42491344375000006 0 0.398576528125 0
2 0 0.61875 0.37170933125 0.61875 0 0.44435609062500003 0 0.61875
1 0.9535356187499999 0 0.9535356187499999 0.0734375 0.966834215625 0.0734375 0.9764205953125 0.0448760703125 0.978125 0.024874960937500003 0.978125 0.0104445609375 0.9766047312499999 0 0.9535356187499999 0
1 0.7682619109375001 0 0.7679370515625 0.0017305500000000002 0.7673982203125 0.0225957140625 0.7755208312499999 0.065625 0.7891169796874999 0.065625 0.7953125 0.0412901796875 0.7953125 0 0.7682619109375001 0
1 0.9150703124999999 0 0.91171875 0.0135416671875 0.91015625 0.034375 0.91875 0.0857638890625 0.93125 0.087152778125 0.93515625 0.0829861109375 0.93828125 0.06770833281250001 0.940625 0.027430556249999998 0.9359103734375 0 0.9150703124999999 0
1 0.8013671875 0 0.79921875 0.009375 0.7984375 0.034375 0.80703125 0.07743055625 0.81875 0.07881944375 0.82265625 0.074652778125 0.82890625 0.045486110937500004 0.83046875 0.017708332812499998 0.8263671875 0 0.8013671875 0
1 0.8361505687499999 0 0.8328125 0.016319443750000003 0.83203125 0.041319443750000004 0.83984375 0.0857638890625 0.85 0.08854166718749999 0.85546875 0.084375 0.8625 0.053819443749999994 0.8640625 0.02881944375 0.858388671875 0 0.8361505687499999 0
1 0.8730664062500001 0 0.865625 0.044097221874999995 0.871875 0.08854166718749999 0.876171875 0.09618055625000001 0.884375 0.096875 0.890234375 0.093402778125 0.89375 0.081597221875 0.89765625 0.034375 0.89013671875 0 0.8730664062500001 0
1 0.8578269671874998 0 0.8609375 0.01493055625 0.86015625 0.0329861109375 0.85703125 0.03993055625 0.85859375 0.06770833281250001 0.86171875 0.069097221875 0.86640625 0.0607638890625 0.865625 0.0260416671875 0.871484375 0 0.8578269671874998 0
1 0.890234375 0 0.89765625 0.0329861109375 0.89921875 0.06631944375 0.90625 0.034375 0.90546875 0.012152778125 0.9028758078125 0 0.890234375 0
1 0.9368443078125 0 0.93984375 0.01493055625 0.93984375 0.062152778124999995 0.9421875 0.06493055625000001 0.94921875 0.0329861109375 0.95 0.0052083328125 0.9488098140625001 0 0.9368443078125 0
0 0.85703125 0.194097221875 0.86171875 0.21493055625 0.869921875 0.2322916671875 0.881640625 0.240625 0.89296875 0.24131944375 0.905859375 0.23368055625 0.91171875 0.22048611093749998 0.92109375 0.19548611093749999 0.92109375 0.171875 0.9140625 0.14826388906250001 0.902734375 0.13229166718750002 0.883203125 0.12673611093749998 0.86328125 0.14826388906250001 0.8578125 0.1704861109375 0.85703125 0.194097221875
0 0.3328125 0.734375 0.3328125 0.659582215625 0.331234253125 0.65698143125 0.3139928234375 0.6553551671875 0.3031099734375 0.669229515625 0.299393196875 0.6857051828125 0.3002021328125 0.699594071875 0.3055552375 0.7201342203125 0.31101548125 0.7291321296875 0.3157399125 0.734375 0.3328125 0.734375
2 0.5890625 1 1 1 1 0.900144425 0.5890625 0.900144425 0.5890625 1