1 0.0830379046875 0 0.081835003125 0.011224709375 0.082583959375 0.065793734375 0.0792665671875 0.10005905468750001 0.069548609375 0.129841753125 0.069548609375 0.3265553921875 0.06993195468749999 0.3265625 0.0789002171875 0.3265625 0.0876851046875 0.3252099046875 0.09096539218750001 0.3200839796875 0.10127211875 0.28943751875 0.112191753125 0.2449082265625 0.1172475484375 0.1893466109375 0.1143905234375 0.154228090625 0.1061987359375 0.10159576249999999 0.108844128125 0.06918835625 0.1187385859375 0.0117203453125 0.11875 0.011532646875 0.11875 0 0.0830379046875 0
1 0.023790221875 0 0.023562973437500002 0.0053521828125 0.025501253125 0.0238343390625 0.022817940624999998 0.07382827812500001 0.0148584140625 0.0996377703125 0.0148584140625 0.2765625 0.029856934374999998 0.2765625 0.0355815265625 0.2726053921875 0.0475079765625 0.2326814875 0.053336053125000005 0.2067070796875 0.05625 0.1777772578125 0.05625 0.1354395359375 0.04780475 0.0818646515625 0.047145481249999996 0.059666671875 0.056151320312499996 0.00034680625 0.056173545312499996 0 0.023790221875 0
1 0 0 0 0.210638490625 0.0055576796875 0.23066249375 0.0116486546875 0.2359375 0.015625 0.2359375 0.015625 0.057595275 0.0145643109375 0.05409548125 0.012917448437500001 0 0 0
2 0 0.4390625 0.6390625 0.4390625 0.6390625 0.356151375 0 0.34202899375 0 0.4390625
1 0.1209442546875 1 0.124581753125 0.9652115734375 0.1328125 0.9216868375 0.1328125 0.8621194890625 0.131564215625 0.8573624140625 0.1197444625 0.8491745296875 0.11170521250000001 0.852043215625 0.104329715625 0.8595294093749999 0.0961942734375 0.8795125718750001 0.09347330000000001 0.9128459046875002 0.09377700156249999 0.9664950640625001 0.0902577078125 1 0.1209442546875 1
1 0.06618843125 1 0.06335840000000001 0.983426634375 0.0658505140625 0.9445377453125001 0.073208134375 0.9028165343750001 0.075 0.88033205625 0.075 0.8665717359375 0.0705117015625 0.8514973421875001 0.06317389062499999 0.8441808406250001 0.0574447234375 0.84424750625 0.04933554375 0.8489680421875001 0.041503256249999995 0.8615498578124999 0.0394067359375 0.8699013734375001 0.0362421125 0.968013159375 0.031693048437499996 0.9902717437499999 0.0283445203125 1 0.06618843125 1
1 0.03125 1 0.03125 0.9597877171875 0.02941824375 0.9333776125 0.0300553421875 0.887135859375 0.02778711875 0.8612099328125 0.0248937046875 0.8519264328125 0.0170118703125 0.8421223937499999 0.007914679687499999 0.8392415906250001 0 0.8476036171875 0 0.8947307265625 0.0078901515625 0.9608766109375001 0.0021516671875000002 1 0.03125 1
1 0.3236002609375 1 0.3236002609375 0.9818208015625001 0.3298502609375 0.9190033078125002 0.3293294265625 0.8856578515625 0.32021484375 0.8646123750000001 0.30458984375 0.85776721875 0.29990234375 0.8595099656249999 0.29287109375 0.8699944593750001 0.2892252609375 0.8856503421875 0.2876627609375 0.9152436046875 0.28974609375 0.9495513562500001 0.29287109375 0.9625870515624999 0.29287109375 1 0.3236002609375 1
1 0.4031519390625 1 0.4010416671875 0.978240740625 0.4078125 0.9143518515625001 0.40833333281249995 0.883796296875 0.40078125 0.8629629624999999 0.3934895828125 0.8583333328125 0.3856770828125 0.8583333328125 0.378125 0.8652777781250001 0.371875 0.8856481484375 0.371875 0.9143518515625001 0.3760416671875 0.9726851859375 0.375 0.9958333328125001 0.3739375 1 0.4031519390625 1
1 0.4653261125 1 0.46197916718750004 0.98194444375 0.46302083281249995 0.9328703703125001 0.46666666718750005 0.9087962968750001 0.46666666718750005 0.8763888890625001 0.46119791718750003 0.8629629624999999 0.4486979171875 0.8574074078125001 0.4408854171875 0.8629629624999999 0.43541666718750005 0.8800925921874999 0.4348958328125 0.9013888890625001 0.43854166718750004 0.959722221875 0.4375 0.98101851875 0.432345546875 1 0.4653261125 1
1 0.22184374999999998 1 0.22239583281250003 0.9754629625 0.23020833281250003 0.9236111109374999 0.22916666718749998 0.89305555625 0.2234375 0.866203703125 0.21119791718749997 0.8574074078125001 0.20078125 0.859259259375 0.19192708281249998 0.865740740625 0.1828125 0.890277778125 0.1822916671875 0.9300925921874998 0.1859375 0.965277778125 0.187158203125 1 0.22184374999999998 1
1 0.17103413750000002 1 0.1651041671875 0.9708333328125001 0.16458333281249998 0.9384259265625001 0.1692708328125 0.89398148125 0.1692708328125 0.8671296296875 0.16328125 0.8509259265625001 0.15286458281249998 0.8444444437499999 0.14505208281249998 0.8490740734374999 0.1385416671875 0.8634259265625002 0.14114583281249998 0.8856481484375 0.14114583281249998 0.9578703703125001 0.1354166671875 0.9893518515625 0.1351444125 1 0.17103413750000002 1
1 0.23693647499999998 1 0.2359375 0.9958333328125001 0.2348958328125 0.9606481484374999 0.240625 0.8819444437499999 0.23463541718749997 0.859259259375 0.22734375 0.8518518515625001 0.21953125 0.8509259265625001 0.2125 0.8578703703125001 0.2234375 0.8736111109374999 0.22552083281250002 0.8819444437499999 0.228125 0.9393518515625001 0.221875 0.9800925921874999 0.22171502968749998 1 0.23693647499999998 1
1 0.755077384375 0.5244449578125 0.75253986875 0.588996471875 0.746724553125 0.6075438281250001 0.746724553125 0.65 0.7703125 0.65 0.7703125 0.599688278125 0.767509359375 0.5777217296874999 0.7703125 0.5582587968749999 0.7703125 0.521725771875 0.755077384375 0.5244449578125
2 0.6390625 0.725395128125 0.66875 0.726909721875 0.912890625 0.7206597218749999 0.928125 0.707465278125 0.928125 0.6588541671874999 0.6390625 0.657205325 0.6390625 0.725395128125