1 0.065266928125 0.4 0.065266928125 0.3859237984375 0.062141928125 0.36753261406250004 0.0611002609375 0.3333158 0.06266276093749999 0.31010398437500003 0.065625 0.3029616796875 0.065625 0.29055406875 0.06453048125000001 0.2890625 0.0626721609375 0.2890625 0.055631510937499996 0.29326085625 0.050162760937499995 0.30505776562500003 0.0486002609375 0.31530661718749997 0.050938184374999994 0.4 0.065266928125 0.4
1 0.14984845156249998 0.4 0.151787565625 0.3775037125 0.15625 0.355263984375 0.15625 0.306413446875 0.1483857171875 0.296235140625 0.1351868765625 0.2986340515625 0.1257788984375 0.3192324875 0.1229155515625 0.4 0.14984845156249998 0.4
1 0.28270446875 0.4 0.2840897703125 0.353465125 0.2818432078125 0.3238112359375 0.2725568859375 0.3026019015625 0.258224740625 0.2973173 0.25120272187500003 0.301607315625 0.24676713125 0.310173159375 0.24393023125000002 0.3238922390625 0.2451890578125 0.3544235375 0.251482425 0.4 0.28270446875 0.4
1 0.30611325625 0.4 0.3123858609375 0.33226104375 0.3119855796875 0.316593146875 0.30457291249999996 0.30095395156250004 0.2984361 0.2986132171875 0.28887245625 0.303898409375 0.28181497499999997 0.3177795921875 0.28008513437500004 0.4 0.30611325625 0.4
1 0.341166671875 0.4 0.34091948906249997 0.389677178125 0.34478987656250004 0.338921028125 0.34416669375 0.3213072140625 0.339146053125 0.308605603125 0.3292178984375 0.3026468203125 0.32299483281249997 0.307021784375 0.3170995203125 0.32298143125 0.3206608578125 0.3981087640625 0.3206052921875 0.4 0.341166671875 0.4
1 1 0.0484375 0.9986979171874999 0.047858796875 0.99375 0.0538773140625 0.9927083328125 0.060358796874999995 0.9947916671874999 0.1057291671875 0.9875 0.1390625 0.9869791671874999 0.161284721875 0.9927083328125 0.1964699078125 0.9955729171875 0.20063657343750002 1 0.20039807812500002 1 0.0484375
2 0 1 0.41601465937500004 1 0.4137531796875 0.9629625859375001 0 0.9629625859375001 0 1
1 0.35 0.9255031562500001 0.3328125 0.8498146046875 0.33125 0.817933828125 0.3359375 0.783020603125 0.33515625 0.7580524359374999 0.33026253437499997 0.746875 0.3197411421875 0.746875 0.314453125 0.7470904703125 0.3078125 0.7605554984375 0.31171875 0.8534518875 0.2984375 0.9192708343749999 0.2984375 0.9609375 0.3019305015625 0.965625 0.3032112390625 0.965625 0.34375 0.9646467140624999 0.35 0.9588364890625 0.35 0.9255031562500001
1 0.803125 0.7008764375000001 0.803125 0.6854099421875001 0.8006259546875001 0.6747713296875 0.802381571875 0.658489359375 0.7990882218750001 0.6504707156249999 0.794423803125 0.652552146875 0.7952306609375001 0.6747755515625 0.7912557859375 0.6999656875 0.7933571031250001 0.7136632578125 0.7941303734374999 0.7140625 0.800863359375 0.7140625 0.803125 0.7008764375000001
1 0.7578125 0.6647875421875 0.7578125 0.6521190062500001 0.7550092875 0.6475481890625 0.7509104890625 0.6525343265625001 0.7527619734375 0.674827990625 0.75099665 0.6858124 0.7513287390625 0.701190903125 0.7541236078125 0.709375 0.7578125 0.709375 0.7578125 0.6677587468749999 0.757783009375 0.667630246875 0.7578125 0.6647875421875
1 0.8296875 0.7041292609375001 0.8296875 0.6818161921874999 0.8271769156250001 0.6673734093749999 0.8284027046875 0.65205013125 0.8242472734374999 0.6474392828125 0.8213310421875001 0.6538485421875 0.8212673953125 0.677365346875 0.8191893546875001 0.6902767953125 0.8191893546875001 0.7061880593750001 0.8199577 0.709375 0.827613021875 0.709375 0.8296875 0.7041292609375001
1 0.840625 0.6656924109375 0.840625 0.6498040296875001 0.8406241515625 0.64976483125 0.8376771187500001 0.6459536437500001 0.8354668359375002 0.6504117390624999 0.8349756703125 0.670961509375 0.832275390625 0.688355996875 0.8346105218750001 0.70625 0.840625 0.70625 0.840625 0.671029046875 0.84037856875 0.670304559375 0.840625 0.6656924109375
1 0.784921025 0.672544753125 0.7859375 0.663088071875 0.7859375 0.6537301281250001 0.782542684375 0.6508509921875 0.77913583125 0.652895721875 0.7797192875000001 0.6682189624999999 0.7757759640625 0.6886888296875 0.7757759640625 0.7128213046875 0.778628134375 0.7140625 0.782550909375 0.7140625 0.7859375 0.70067480625 0.7859375 0.6816914765625001 0.784921025 0.672544753125
1 0.7703125 0.6557313515625001 0.7703125 0.651863975 0.765029740625 0.6505518671875 0.7639330234375 0.6570924843749999 0.7650786890625 0.6758921984375 0.7618011156250001 0.692272315625 0.7618011156250001 0.7014631343750001 0.7629957953125001 0.709375 0.7703125 0.709375 0.7703125 0.67247108125 0.7700403093749999 0.6713251125 0.7703125 0.6557313515625001
1 0.815625 0.709375 0.815625 0.660286309375 0.8155581296874999 0.6565915546875 0.8099333734374999 0.6491688765625 0.807579271875 0.650801715625 0.8077241265625 0.6616989171875 0.81059585625 0.673158740625 0.8070480859375 0.6795277750000001 0.8079095796875 0.699174075 0.8109289671875001 0.709375 0.815625 0.709375
1 0.5240142140625 0.6768021671875 0.52109375 0.699652778125 0.524609375 0.7128472218749999 0.52890625 0.712152778125 0.53203125 0.7038194437499999 0.53203125 0.684375 0.52890625 0.6704861109375 0.5296875 0.65381944375 0.524609375 0.6489583328125 0.5240142140625 0.6768021671875
1 0.5125 0.71493055625 0.5171875 0.6954861109375 0.51328125 0.6760416671874999 0.51328125 0.65381944375 0.5082966625 0.65496200625 0.5080510796875 0.6794229796875 0.5046875 0.706597221875 0.508203125 0.715625 0.5125 0.71493055625
1 0.4957717453125 0.65801963125 0.492578125 0.6545138890625 0.48984375 0.659375 0.49110559531250003 0.6781125734375 0.4875 0.7079861109375 0.491015625 0.718402778125 0.496875 0.7177083328125 0.50078125 0.709375 0.49945554531249997 0.6890326546875001 0.4952805609375 0.6772389640625001 0.4957717453125 0.65801963125
1 0.4796875 0.6785929546875 0.48128212656249997 0.6903430593750001 0.48005419375 0.70344715625 0.4796875 0.719097221875 0.4875 0.706597221875 0.48914089374999997 0.69383748125 0.4847203453125 0.6763653546875 0.48619386093749994 0.658893225 0.481640625 0.653125 0.4796875 0.656597221875 0.4796875 0.6785929546875
1 0.49552616250000003 0.6558356156249999 0.4967540953125 0.6602036484375 0.4977364265625 0.66719249375 0.49798202812500003 0.6737445421875 0.4962629109375 0.6807333859375 0.49749084374999997 0.68553823125 0.4992099625 0.6907798734374999 0.50019229375 0.70082634375 0.49945554531249997 0.713930440625 0.5004378953125 0.7143672375 0.502402578125 0.7130568640625 0.5033849296875 0.7095624078125 0.504121696875 0.7043208 0.5043672796875 0.69776871875 0.5055952125000001 0.69121666875 0.504121696875 0.684227825 0.5026481625 0.6789861828125 0.5016658296875 0.6737445421875 0.5019114124999999 0.6685028984375 0.5031393468750001 0.66326125625 0.5026481625 0.65496200625 0.49936043281250003 0.6498961046874999 0.49552616250000003 0.6558356156249999
1 0.9881319078124999 0.6693765078125 0.984375 0.6885416671875 0.9859375 0.7038194437499999 0.99375 0.706597221875 0.996875 0.6857638890625 0.9925524750000001 0.6641348671875 0.9940259906249999 0.6470995515625 0.990234375 0.643402778125 0.9875 0.646875 0.9881319078124999 0.6693765078125
1 0.9671875 0.7024305562500001 0.969921875 0.7114583328125 0.97578125 0.7107638890625 0.9785540234375001 0.69383748125 0.9760981546874999 0.6807333859375 0.9726599562499999 0.67287093125 0.9731511218750001 0.66064044375 0.9719231890625 0.6505939734374999 0.9699584890625002 0.64797314375 0.96796875 0.649652778125 0.9677482234374999 0.6602036484375 0.969221740625 0.671560525 0.966520290625 0.685975028125 0.9671875 0.7024305562500001
1 0.95078125 0.646875 0.9463821703124999 0.6436051125000001 0.94296875 0.646875 0.9441718859375001 0.66981330625 0.9407336875000001 0.683354215625 0.940625 0.7024305562500001 0.95 0.706597221875 0.953125 0.696875 0.951048321875 0.6816069953125 0.9488380375000001 0.6610772421875 0.95078125 0.646875
1 0.92354261875 0.6899062640625 0.9203499859375001 0.66719249375 0.921875 0.6621527781250001 0.92265625 0.6482638890625 0.917578125 0.6447916671874999 0.91347355 0.6497203640625 0.9151926671874999 0.66719249375 0.9125 0.6954861109375 0.9164206015625 0.6942742953125001 0.9191220515625 0.69121666875 0.9215779187500001 0.6925270765625 0.92354261875 0.6899062640625
1 1 0.6441922171875 0.9982009578125 0.6475363484375001 0.9991833078125001 0.66457168125 0.9972186265625 0.675054946875 0.996875 0.699652778125 1 0.703125 1 0.6441922171875
1 0.9677482234374999 0.6754917609375 0.96529235625 0.6685028984375 0.9657835218749999 0.6501571609375001 0.9618541390625002 0.644041925 0.959375 0.65243055625 0.9608717875 0.6676292890625 0.9574335703125 0.6802965890625 0.95703125 0.6954861109375 0.959765625 0.7072916671874999 0.9671875 0.7079861109375 0.9650467546874999 0.6903430593750001 0.9677482234374999 0.6754917609375
1 0.9758525718750001 0.6593300390625 0.9758525718750001 0.6505939734374999 0.9751158234374999 0.644478721875 0.971272196875 0.6455293937500001 0.9729055390625 0.6497203640625 0.9736422890625 0.6558356156249999 0.9733967046875 0.67287093125 0.9751158234374999 0.6772389640625001 0.9785540234375001 0.68946945 0.97904520625 0.683354215625 0.977571690625 0.67287093125 0.9763437578125 0.67025011875 0.9758525718750001 0.6650084765625 0.9758525718750001 0.6593300390625
1 0.6890625 0.6677083328125001 0.6859375 0.6954861109375 0.68828125 0.7079861109375 0.69375 0.709375 0.69765625 0.687152778125 0.69375 0.6677083328125001 0.69453125 0.6510416671874999 0.690234375 0.64618055625 0.6875 0.65243055625 0.6890625 0.6677083328125001
1 0.60546875 0.6677083328125001 0.60234375 0.699652778125 0.605859375 0.7114583328125 0.6109375 0.7107638890625 0.61328125 0.7010416671874999 0.61015625 0.669097221875 0.61171875 0.6552083328125 0.606640625 0.64618055625 0.60390625 0.65243055625 0.60546875 0.6677083328125001
1 0.634561253125 0.6625944968749999 0.6348068359375001 0.652548034375 0.6296875 0.6552083328125 0.630877453125 0.67569859375 0.62734375 0.7024305562500001 0.630859375 0.715625 0.63671875 0.71493055625 0.63971856875 0.7071484296875 0.63701711875 0.688365878125 0.6348068359375001 0.67526178125 0.634561253125 0.6625944968749999
1 0.643893534375 0.6774457968750001 0.640625 0.7052083328125001 0.644140625 0.7170138890625 0.65078125 0.71631944375 0.6515067375 0.69054989375 0.6495420375000001 0.677882609375 0.6515625 0.65381944375 0.647331753125 0.6512376124999999 0.64296875 0.656597221875 0.643893534375 0.6774457968750001
1 0.6623125359375 0.6529848234375001 0.65859375 0.65243055625 0.6591199203125 0.674824984375 0.657400803125 0.6870554703125 0.65625 0.7052083328125001 0.658203125 0.7128472218749999 0.665625 0.7135416671874999 0.6703125 0.6927083328125001 0.6652595875 0.673514578125 0.6652595875 0.6608472781250001 0.6623125359375 0.6529848234375001
1 0.68046875 0.6510416671874999 0.676171875 0.6475694437499999 0.6734375 0.6510416671874999 0.6748374734375 0.673077765625 0.6703125 0.696875 0.67265625 0.709375 0.678125 0.712152778125 0.68203125 0.706597221875 0.68359375 0.687152778125 0.6790124390625 0.6704569515625 0.68046875 0.6510416671874999
1 0.6375082843750001 0.6473063765625 0.633534434375 0.65098778125 0.6352980015625 0.6547320515624999 0.6357891859375 0.6665257171875 0.6348068359375001 0.6791930171875 0.63701711875 0.687492284375 0.6404553359375 0.6988491609375 0.641192084375 0.6896763 0.64070091875 0.6826874390625 0.639227403125 0.673951375 0.63873621875 0.6643416999999999 0.6394729859374999 0.6556056437500001 0.6375082843750001 0.6473063765625
1 0.616387834375 0.6861818609375 0.614668734375 0.69404433125 0.6156510671875 0.7075852250000001 0.618352534375 0.7145740703125 0.6240010171875 0.7141372734375 0.6259657171875 0.708022021875 0.62694806875 0.6984123656250001 0.6271936515625 0.69098670625 0.62522895 0.686618675 0.6242466 0.6800666265624999 0.6227730828125 0.67264096875 0.623755434375 0.6660889187500001 0.623755434375 0.6538584249999999 0.6203319578125 0.6515336203125 0.6166334171875001 0.6547320515624999 0.6181069328125 0.6621576843750001 0.6188437 0.6704569515625 0.6181069328125 0.6765722046875 0.616387834375 0.6861818609375