1 0.17474069375 0.4890625 0.1813873640625 0.4617785171875 0.184375 0.43793802499999995 0.184375 0.3422058890625 0.17385927031249998 0.2810081859375 0.1730794234375 0.24176011874999997 0.17223353125000002 0.23058523593750002 0.1748009875 0.13500699375 0.16881636875 0.11300091875 0.148471546875 0.1057872671875 0.1410860328125 0.111431425 0.1349572375 0.1317545765625 0.1384943359375 0.20284300000000002 0.13907072812500001 0.2756473453125 0.12052812500000001 0.33603467343750004 0.1193534828125 0.4025737953125 0.135313775 0.4890625 0.17474069375 0.4890625
1 0.2227059125 0.365387434375 0.23753919687499997 0.3204018203125 0.2431325171875 0.22725076406250003 0.265625 0.1446034765625 0.265625 0.10005226406250001 0.2608811703125 0.0953125 0.25026645 0.0953125 0.24810649375 0.095984846875 0.2402238578125 0.1094817109375 0.22486229687499998 0.19193549062499998 0.21793328125000003 0.211634603125 0.18884349218750002 0.2627487765625 0.1837261203125 0.2796703640625 0.1837261203125 0.4078125 0.192906765625 0.4078125 0.2031582625 0.4001633 0.2227059125 0.365387434375
1 0.2506624515625 0.23003445312499998 0.2506624515625 0.3456977875 0.252571146875 0.3601996515625 0.25871735625 0.3671875 0.2773189921875 0.3671875 0.28057491093750003 0.3643663171875 0.2865690234375 0.34631076250000004 0.2955938984375 0.30464409375 0.296875 0.2877813 0.296875 0.23780539531249997 0.2879298140625 0.19214409375 0.29502865625 0.0824218734375 0.2873306859375 0.06506076250000001 0.27721485 0.0636718734375 0.26612240625 0.0824218734375 0.2656778671875 0.09769965 0.2719816921875 0.12269965000000001 0.2706346671875 0.14214409374999998 0.263913128125 0.18519965 0.2506624515625 0.23003445312499998
1 0.0896462296875 1 0.11875 0.909063596875 0.11875 0.8127991453125001 0.0945809703125 0.675043403125 0.1041717421875 0.5602285874999999 0.09934059375 0.5472656234375 0.0701739265625 0.5472656234375 0.056147309374999996 0.563932290625 0.0590565390625 0.6787471046875 0.031109740625 0.7781127156250001 0.031109740625 0.9162089625000001 0.0435385984375 0.997265625 0.044997121875000004 1 0.0896462296875 1
1 0.3121178140625 1 0.328125 0.9301504625 0.33645833281250004 0.8153356484375 0.32271070625 0.7487446921875 0.3000442828125 0.68370575625 0.3004419390625 0.53948898125 0.2645833328125 0.5320023140625 0.2552083328125 0.54866898125 0.2614583328125 0.7005208328125001 0.23854166718749997 0.7968171296875 0.234375 0.889409721875 0.254550253125 1 0.3121178140625 1
1 0.6984368562500001 0.4890625 0.6822949234375 0.5498311265625 0.6776813500000001 0.61584364375 0.6855141046875 0.6736514359375001 0.705708271875 0.75 0.7549887171874999 0.75 0.7705570390625001 0.6879699984375 0.7734375 0.669078546875 0.7734375 0.5716261421875 0.7541851125 0.4890625 0.6984368562500001 0.4890625
1 0.5739387390624999 0.4890625 0.5622287765625 0.5317712515624999 0.5622287765625 0.6705668734375 0.5710343375 0.718297603125 0.5765358671875 0.725 0.5948409859375 0.725 0.60327661875 0.7243534031250001 0.6147199078125001 0.71835994375 0.627322925 0.6791561578125 0.6390625 0.6280640500000001 0.6390625 0.5416216125 0.6255869234375 0.4890625 0.5739387390624999 0.4890625
1 0.4890625 0.4890625 0.4890625 0.7046875 0.5105923265625 0.7046875 0.510934540625 0.7046730859375 0.5223455921875 0.6991380296875 0.5362413921875 0.65116755 0.5450835046875 0.6050420890625 0.5453125 0.5971720671874999 0.5453125 0.5602196234375001 0.529304603125 0.4890625 0.4890625 0.4890625
1 0.8086194203125 0.4890625 0.7946875 0.5420952484375 0.7909375 0.61036093125 0.8146875 0.7173720015624999 0.8228125000000001 0.7238295671875 0.8521875 0.7229070578125001 0.8596875 0.7155269828125 0.8734375 0.6620214484375 0.8821875 0.5808406359375 0.8734375 0.5254900828125 0.8618235296875 0.4890625 0.8086194203125 0.4890625
1 0.9044937125000001 0.4890625 0.8921875 0.53287015625 0.8884375 0.595600784375 0.9096875000000001 0.6933867625 0.9203125 0.6998443265625001 0.9421875 0.6989218171875 0.9521875 0.69154174375 0.9684375 0.6214310421875 0.9684375 0.54025023125 0.9549902734375 0.4890625 0.9044937125000001 0.4890625
1 1 0.4890625 0.9791796875 0.4890625 0.9696875 0.5254900828125 0.9709375 0.6066708953125 0.9871874999999999 0.671246540625 0.9953125 0.6777041046875001 1 0.6774809171875 1 0.4890625
1 0.7898136890625 0.4890625 0.7746875 0.5494753234374999 0.7796875 0.6214310421875 0.7934375 0.674936578125 0.8021874999999999 0.6786266140625 0.7909375 0.6158959875 0.7909375 0.5623904515625 0.809297384375 0.4890625 0.7898136890625 0.4890625
1 0.633251790625 0.4890625 0.6509375000000001 0.555010378125 0.6559375000000001 0.6214310421875 0.6596875 0.5476303046875 0.6434549 0.4890625 0.633251790625 0.4890625