2 0.347048796875 0 0.3594550484375 0.0406619796875 0.3637118375 0.046908009375 0.381922546875 0.038740815625 0.40135516875 0.042640990625 0.5572844781249999 0.09970765625 0.6390625 0.1326259953125 0.6390625 0.031263946875 0.5453155203125 0 0.347048796875 0
1 0.318276646875 0 0.31460804531250003 0.027592601562500003 0.30625 0.06733209531249999 0.30625 0.168109009375 0.309946840625 0.19210432187499998 0.3202560375 0.2340286203125 0.3238839609375 0.24107156718749997 0.32721672812499997 0.24375 0.34865097968750003 0.24375 0.35218854374999997 0.2395826828125 0.3595671484375 0.2055257859375 0.3595671484375 0.068597478125 0.3450820296875 0.006279660937500001 0.3451737140625 0 0.318276646875 0
1 0.8769299953124999 0 0.8768908375000001 0.0002854203125 0.8801993749999999 0.050330884374999996 0.9347827265624999 0.183035734375 0.9343859125 0.26106980625 0.9168561609375001 0.3401662734375 0.921657503125 0.340625 0.9292617156249999 0.340625 0.9353879062499999 0.33446184218749997 0.952391865625 0.2850074125 0.9538923015625 0.2780819578125 0.9538923015625 0.11828296875 0.9526398609375001 0.11331426874999999 0.910194409375 0.015302665625 0.9106172140625001 0 0.8769299953124999 0
1 0.80625 0 0.80625 0.05078125 0.7703125 0.14140625 0.7609375 0.18671875 0.7625 0.24921875 0.7828125 0.32265625 0.803125 0.37109375 0.828125 0.37578125 0.87265625 0.375 0.8828125 0.36796875 0.9125 0.28671875 0.921875 0.21171875 0.91875 0.17421875 0.8703125 0.05078125 0.872777609375 0 0.80625 0
1 0.68156090625 0 0.6796875 0.03671875 0.7171875 0.12421875 0.725 0.16015625 0.7234375 0.24453125 0.7046875 0.32578125 0.72109375 0.3265625 0.73125 0.31796875 0.7515625 0.26015625 0.7640625 0.13359375 0.7171875 0.01015625 0.7177056765625001 0 0.68156090625 0
1 0.6390625 0 0.6390625 0.361586334375 0.67734375 0.3609375 0.69375 0.34609375 0.721875 0.23671875 0.71875 0.13984375 0.678125 0.03828125 0.6800390625 0 0.6390625 0
1 0.544474353125 1 0.544474353125 0.9662861109375 0.5238065953125 0.9056417078125 0.5201685484375 0.883282975 0.5173095875 0.8208284765625 0.5233125796875 0.73674329375 0.5201577312500001 0.6825766265625 0.5132328968750001 0.6572581093750001 0.5040994953125 0.64080810625 0.485258584375 0.62440149375 0.4645799765625 0.62440149375 0.453156459375 0.6350726609375 0.445802715625 0.649178215625 0.44375 0.6592177296875 0.44375 0.7013416218749999 0.44510668750000004 0.730804140625 0.4644549546875 0.8357443531250001 0.468148371875 0.8857898546874999 0.46747570156249996 0.900976628125 0.44703342656249995 0.99114170625 0.44613971875 1 0.544474353125 1
1 0.315625 0.55 0.315625 0.5559271015625 0.33121444843750003 0.6462030624999999 0.3337417359375 0.6962257953125001 0.3188770546875 0.7845918468749999 0.3188128546875 0.8498014296875 0.3277356453125 0.904172684375 0.34271443437500004 0.953170240625 0.3606727171875 0.9980920578125 0.36295891406249997 1 0.39872684375 1 0.40538412187499995 0.9828452296875 0.40538412187499995 0.766546528125 0.375395725 0.6821755484375001 0.3701366765625 0.620973509375 0.3730296375 0.5697210125 0.3718979828125 0.55 0.315625 0.55
1 0.6390625 0.55 0.5900219296875 0.55 0.59609375 0.6269097218749999 0.59453125 0.6713541671875001 0.56796875 0.7671875 0.56015625 0.8185763890625001 0.56015625 0.8796875 0.5765625 0.9713541671874999 0.587890625 0.9998263890625001 0.588228665625 1 0.6227432046875 1 0.6390625 0.9584729031249999 0.6390625 0.7010550203125 0.6359375 0.6880208328124999 0.63515625 0.67413194375 0.63515625 0.6435763890625 0.6390625 0.614164625 0.6390625 0.55
1 0.4649780265625 0.55 0.46484375 0.551909721875 0.45 0.6046875 0.44375 0.644965278125 0.447265625 0.6484375 0.473828125 0.626215278125 0.490234375 0.62899305625 0.498828125 0.6373263890625 0.51484375 0.6685763890625 0.51796875 0.6921875 0.5171875 0.7296875 0.521875 0.726909721875 0.52265625 0.7157986109375 0.52265625 0.6477430562500001 0.515625 0.6088541671875001 0.4984375 0.551909721875 0.49834798124999996 0.55 0.4649780265625 0.55
1 0.2488400828125 0.55 0.24921875 0.5532986109375 0.2375 0.6435763890625 0.2359375 0.7046875 0.240625 0.7407986109375 0.25546875 0.7935763890625 0.269140625 0.8248263890625 0.278125 0.8282986109374999 0.294140625 0.8248263890625 0.3015625 0.81024305625 0.315625 0.7255208328125 0.31484375 0.6699652781250001 0.30625 0.62274305625 0.28671875 0.5657986109375 0.278125 0.5546875 0.277795409375 0.55 0.2488400828125 0.55
1 0.1875 0.55 0.1875 0.5963541671875 0.20546875 0.6796875 0.21875 0.701909721875 0.234375 0.7005208328125 0.2359375 0.6463541671875 0.24609375 0.5810763890625 0.24743840156250002 0.55 0.1875 0.55
1 0.540625 0.55 0.540625 0.6032986109375 0.54453125 0.6380208328125 0.55625 0.6866319437499999 0.56484375 0.6907986109375 0.587890625 0.6873263890625 0.59453125 0.651909721875 0.59453125 0.6088541671875001 0.5901895484375 0.55 0.540625 0.55
1 0.3678172140625 0.55 0.36640625 0.62274305625 0.375 0.6838541671875 0.39140625 0.6963541671875 0.408984375 0.69288194375 0.4171875 0.6713541671875001 0.4265625 0.6102430562500001 0.4265625 0.5588541671875 0.42547978906250006 0.55 0.3678172140625 0.55
0 0.8951214046875 0.855865771875 0.9023584218749999 0.8419841124999999 0.90252831875 0.8409786328125 0.90252831875 0.8111493875000001 0.899518640625 0.8021389624999999 0.894058396875 0.793054484375 0.8853165624999999 0.78675524375 0.8773801578124999 0.78675524375 0.8702079203124999 0.7935109203125 0.865625 0.8113897 0.865625 0.8278784359374999 0.8658816312500001 0.8306317328125001 0.8702285406250001 0.8428811140625001 0.880179025 0.85776383125 0.8802853890625 0.8578125 0.893208825 0.8578125 0.8951214046875 0.855865771875