1 0.2653234296875 0.4558991375 0.2653234296875 0.478125 0.28854609375 0.478125 0.2921875 0.4732390546875 0.2921875 0.4255174109375 0.28845686875 0.410795978125 0.287673778125 0.3885130859375 0.29016653125 0.353449240625 0.28690501562500004 0.3426039140625 0.2822498375 0.3395531203125 0.275414359375 0.3447143203125 0.27404224374999997 0.350657 0.2744266890625 0.407199153125 0.26565161718749997 0.4446767546875 0.2653234296875 0.4558991375
1 0.3474964015625 0.47333944375000003 0.349417440625 0.478125 0.371875 0.478125 0.371875 0.42108310937500004 0.369281721875 0.4086579546875 0.36927285312499997 0.3484788296875 0.3657662203125 0.341514690625 0.3594838953125 0.3396264765625 0.3541201984375 0.345613178125 0.3532078296875 0.35301452499999997 0.3557400546875 0.40857917187500004 0.3480208796875 0.443715875 0.3474964015625 0.47333944375000003
0 0.20751844218749999 0.475 0.2078125 0.4747488140625 0.2078125 0.44417316093750003 0.2050455734375 0.43266789531249994 0.1964518234375 0.41979268125 0.18855325625 0.4151255140625 0.1811590578125 0.4151255140625 0.1745768234375 0.416564865625 0.1652018234375 0.42457305156249997 0.15764974062499998 0.441260715625 0.15556640625 0.467320146875 0.1571420234375 0.475 0.20751844218749999 0.475
2 0 0.5515625 0.11936302968750001 0.5515625 0.509375 0.5419038703125 0.509375 0.480763859375 0 0.480763859375 0 0.5515625
1 0.8284055625000001 0.19797794062500002 0.828125 0.208422309375 0.828125 0.2364819828125 0.833772084375 0.27426788750000003 0.8369718796875001 0.278125 0.8551877749999999 0.278125 0.8587936328125 0.27387212031249997 0.865625 0.21425709531249998 0.865625 0.21201896250000002 0.8629098515625 0.188868946875 0.8554744453125 0.1560065125 0.8547990984375 0.124464359375 0.8504743703125 0.1154102171875 0.8452660375000001 0.11510686562500001 0.842715740625 0.11032556093749998 0.8418321359375 0.119076353125 0.8391740984375 0.12355430781250001 0.8388077781250001 0.15503578906249998 0.8284055625000001 0.19797794062500002
1 0.7828167765625 0.272806865625 0.7908555453125 0.2858152828125 0.791065653125 0.29785231875 0.791403925 0.2984375 0.80682455 0.2984375 0.808236990625 0.2970263859375 0.809375 0.29155037031250003 0.809375 0.19060882343750002 0.8039232875 0.1692364875 0.8041891734375 0.12479810468750001 0.787742521875 0.12238783906249999 0.7854553390625 0.12561494374999999 0.7855523078125 0.1311705 0.7884473953125 0.14785231875 0.7888029578125 0.16822268906249999 0.7780880828125 0.21074862031250002 0.77824605625 0.249634478125 0.7828167765625 0.272806865625
1 0.7377037828125 0.3171875 0.7409497921874999 0.3171875 0.74775390625 0.3164245484375 0.7529622390625 0.308683375 0.75712890625 0.28526821406249997 0.7578125 0.26942579375000003 0.7578125 0.2296109859375 0.74931640625 0.1848429359375 0.75244140625 0.12538341875 0.74991820625 0.121875 0.7421695843749999 0.121875 0.73759765625 0.1221679828125 0.7316080734374999 0.12579255312499998 0.7357747390625 0.175525540625 0.7347330734374999 0.1867034046875 0.7237955734375 0.22629320156250002 0.72275390625 0.2671006953125 0.72431640625 0.276259825 0.7357747390625 0.2958959109375 0.7342122390625001 0.314514559375 0.7377037828125 0.3171875
1 0.75253755625 0.2796875 0.75781584375 0.2796875 0.7620213578125 0.27093179218749996 0.7685587734375 0.2429205703125 0.7703125 0.218643825 0.7703125 0.2017837046875 0.7622640687500001 0.1553183859375 0.76260536875 0.125709978125 0.754626746875 0.12279818437500001 0.75112009375 0.12710279687499998 0.7517306921875 0.141875165625 0.74733003125 0.1601142890625 0.74733003125 0.1810832625 0.756687375 0.2397049796875 0.7560946562499999 0.2600753515625 0.75253755625 0.2796875
1 0.7052083328125 0.26817129687499996 0.703125 0.23854166718749997 0.6927083328125 0.1885416671875 0.696875 0.1616898140625 0.6963541671875 0.1292824078125 0.69296875 0.125115740625 0.68046875 0.125115740625 0.6760416671875 0.1292824078125 0.6744791671875 0.13761574062499998 0.678125 0.17557870312499999 0.678125 0.2042824078125 0.66875 0.2478009265625 0.6677083328125 0.274652778125 0.6703125 0.300578703125 0.6765625 0.32835648125 0.6815104171875 0.3353009265625 0.690625 0.3357638890625 0.6955729171875 0.334375 0.6984375 0.32743055625 0.7041666671875 0.2987268515625 0.7052083328125 0.26817129687499996
1 0.6505208328125 0.18576388906250002 0.6510416671875 0.1672453703125 0.6578125 0.12743055625 0.65078125 0.125115740625 0.63671875 0.1260416671875 0.6328125 0.1292824078125 0.6364583328125 0.18668981406250001 0.6286458328125 0.2116898140625 0.625 0.23946759218749997 0.625 0.26909722187499996 0.6317708328125 0.3098379625 0.6361979171875001 0.318634259375 0.6447916671875 0.319097221875 0.6518229171875001 0.3167824078125 0.6578125 0.30243055625 0.6645833328124999 0.2579861109375 0.6640625 0.2320601859375 0.6536458328125 0.19131944375 0.6505208328125 0.18576388906250002
1 0.6135416671875 0.12743055625 0.5950520828125 0.1269675921875 0.5927083328125 0.131134259375 0.5947916671875 0.1700231484375 0.590625 0.18391203750000001 0.5901041671875 0.196875 0.5854166671875001 0.2200231484375 0.5854166671875001 0.26076388906250003 0.5921875 0.2950231484375 0.59609375 0.3010416671875 0.6067708328125 0.300578703125 0.6111979171875 0.2991898140625 0.6161458328125 0.287615740625 0.6208333328125 0.25891203749999997 0.6223958328125 0.2228009265625 0.615625 0.1820601859375 0.6130208328125 0.1765046296875 0.6135416671875 0.12743055625
1 0.5427083328125 0.20335648125 0.5432291671875 0.24224537031249999 0.5473958328124999 0.2672453703125 0.5518229171875 0.280671296875 0.5697916671875001 0.2839120375 0.5765625 0.274652778125 0.5817708328125 0.2487268515625 0.584375 0.2200231484375 0.5833333328125 0.20243055625 0.5723958328125 0.1552083328125 0.5723958328125 0.12743055625 0.5565104171875 0.1269675921875 0.553125 0.13298611093749999 0.5536458328125 0.1552083328125 0.5427083328125 0.20335648125
1 0.696875 0.15706018593749999 0.6932291671875 0.1922453703125 0.6947916671875001 0.20243055625 0.7010416671875 0.21076388906250001 0.7015625 0.225578703125 0.7052083328125 0.22928240781250003 0.7072916671875 0.25243055625 0.7046875 0.294097221875 0.70625 0.2987268515625 0.7098958328125 0.2959490734375 0.715625 0.2709490734375 0.7192708328124999 0.225578703125 0.7067708328125 0.16817129687500001 0.7072916671875 0.12743055625 0.69765625 0.125115740625 0.6942708328125 0.12835648125000002 0.696875 0.15706018593749999
1 0.6557291671875001 0.20983796250000003 0.6625 0.225578703125 0.6645833328124999 0.23946759218749997 0.6640625 0.26817129687499996 0.6666666671875 0.2728009265625 0.6677083328125 0.2487268515625 0.6755208328125 0.21909722187499997 0.6770833328125 0.1894675921875 0.66875 0.162615740625 0.665625 0.12743055625 0.6611979171875 0.125115740625 0.6578125 0.1292824078125 0.653125 0.1487268515625 0.6505208328125 0.18391203750000001 0.6557291671875001 0.20983796250000003
0 0.7294270828125 0.37789351875 0.7200520828125 0.3853009265625 0.7104166671875001 0.400578703125 0.703125 0.4200231484375 0.7015625 0.44131944375 0.70625 0.47002314843750004 0.7138020828125 0.48993055625000004 0.7294270828125 0.5103009265625 0.7432291671875 0.512615740625 0.75859375 0.5047453703125 0.7739583328125 0.474652778125 0.7786458328125001 0.444097221875 0.7770833328125001 0.421875 0.7671875 0.39409722187499996 0.75703125 0.380671296875 0.7455729171875 0.3760416671875 0.7294270828125 0.37789351875
1 0.33437300937500003 0.9313220546875 0.33842674375000004 0.9583879984375001 0.34343036875 0.976283946875 0.34224703437500004 0.9921875 0.36354546249999997 0.9921875 0.3610740578125 0.98287089375 0.35929949843750003 0.9114229234375 0.36433176875 0.8820663078125 0.36875 0.8719790984374999 0.36875 0.836130675 0.36558524531250003 0.8191336781249999 0.3685628296875 0.7424031671875 0.3665764640625 0.7339484921875 0.35963679531250003 0.7256686015625 0.3491878046875 0.727839675 0.3446368203125 0.7382299734375 0.34525119531250004 0.8198024640625 0.3353913609375 0.8609230968749999 0.33437300937500003 0.8690728546875001 0.33437300937500003 0.9313220546875
1 0.388027759375 0.8576955640625 0.4002694703125 0.859375 0.4027315921875 0.859375 0.409375 0.8566017359375 0.409375 0.7390611953125 0.40855869375 0.736068115625 0.40244789531249997 0.7290888234375 0.392568225 0.729957178125 0.3862921578125 0.7433452265625 0.3903024265625 0.82391593125 0.3850419609375 0.8507344531250001 0.381020753125 0.8590435453125 0.381671634375 0.859375 0.3862921171875 0.859375 0.388027759375 0.8576955640625
1 0.43505859375 0.822201590625 0.42724609375 0.8588133499999999 0.43974609375 0.8848641656249999 0.438704428125 0.944190178125 0.43349609375 0.9685980171875 0.43297526093750005 0.9806684296875 0.43485190312500005 0.9859375 0.45379418437499996 0.9859375 0.45901692812499995 0.970666271875 0.4640625 0.9402296781249999 0.4640625 0.8705218078125 0.46162109375 0.8556845734374999 0.454329428125 0.8274481421875001 0.454329428125 0.7857814750000001 0.45693359375 0.7448738515625 0.45198567812499996 0.731765003125 0.44519053125 0.727886078125 0.44428415 0.727886078125 0.43583984375 0.7337256 0.43193359375 0.7455499984375 0.43505859375 0.822201590625
0 0.3603868328125 0.9102901624999999 0.3603868328125 0.9666129109374999 0.3619984515625 0.9759171234374999 0.3732726609375 0.9907173984375 0.38406258437499996 0.9953125 0.40465622031250004 0.9953125 0.4226979453125 0.990553128125 0.42675237499999996 0.9853013687499999 0.4328125 0.9520699718750001 0.4328125 0.8738683015625 0.4304478578125 0.8672352015625 0.422437825 0.8564636484375001 0.4161034359375 0.8522578187500001 0.408180434375 0.8522578187500001 0.393791990625 0.8576308765625 0.381372815625 0.855362434375 0.376604490625 0.8583312124999999 0.368113978125 0.8730120109375001 0.3610287859375 0.9019703828125 0.3603868328125 0.9102901624999999
1 0.87121398125 0.609375 0.8705681640625 0.6106917828125 0.8688422265625 0.6361641328125 0.87407814375 0.6776080624999999 0.8742752703125 0.7220941109375 0.8704452640625 0.7441083203125001 0.85185116875 0.8064015937500001 0.85080159375 0.8195840609375 0.85080159375 0.86956953125 0.85496035 0.90776231875 0.8685866875 0.965261034375 0.868995496875 0.965625 0.9028602375 0.965625 0.905832975 0.9585354703125001 0.9200896406249999 0.9004370265624999 0.921875 0.8887397171875 0.921875 0.8097604437499999 0.9199022484375 0.7936871562500001 0.9034575531249999 0.7326886984375001 0.9030664921875001 0.7048693171875 0.9102707984375 0.638577071875 0.9098150921875 0.6163132484375 0.907184434375 0.609375 0.87121398125 0.609375
1 0.6005055015625 0.609375 0.6050114468750001 0.666665003125 0.593007665625 0.7154790906249999 0.5911202484375 0.771018025 0.6066472093749999 0.8422122484375001 0.6130940578125 0.85 0.6271295375 0.85 0.6356630546875 0.8473805500000001 0.640625 0.8350613765624999 0.640625 0.70249571875 0.6292583734375 0.664584071875 0.6295932125 0.609375 0.6005055015625 0.609375
1 0.6752308078125 0.609375 0.6753710921875 0.6152579312500001 0.6817996625 0.6692904140625 0.680371090625 0.6871597390625 0.6646568046875 0.7448334234375 0.6617996640625 0.7927942953125 0.67751395 0.8751206093749999 0.6820415734375 0.8828125 0.7019400953125 0.8828125 0.7085853765625 0.8792405734375001 0.7146568046875 0.8616292765625 0.7234375 0.8152118500000001 0.7234375 0.7516488171875 0.7210853765625 0.7345506484375 0.7060853765624999 0.6866230046874999 0.7046568046875 0.654492328125 0.7089425203124999 0.6131065765625 0.7089425203124999 0.609375 0.6752308078125 0.609375
1 0.751371284375 0.609375 0.7527337078125 0.6389647953125001 0.7511465109375 0.6689939015624999 0.7375 0.71040724375 0.7375 0.8 0.7383235609375 0.8 0.743886434375 0.771390753125 0.7612495515625 0.714083778125 0.76397435 0.6939964625 0.7614281953125 0.609375 0.751371284375 0.609375
1 0.7631270296875 0.609375 0.7683928578125 0.6994791671875 0.7483928578125 0.7861458328125 0.747678571875 0.835034721875 0.7541071421875 0.8728125 0.7669642859375 0.9205902781249999 0.7730357140624999 0.9244791671874999 0.792678571875 0.9239236109375 0.7991071421875 0.91725694375 0.8133928578124999 0.8539236109375 0.8162499999999999 0.7917013890625 0.812678571875 0.76836805625 0.7955357140625 0.7039236109375 0.799295378125 0.609375 0.7631270296875 0.609375
1 0.83908281875 0.609375 0.8426785718750001 0.6717013890625 0.8412499999999999 0.68725694375 0.8262499999999999 0.7394791671875 0.8233928578124999 0.7594791671875 0.8241071421875 0.8017013890625 0.8355357140624999 0.860590278125 0.8416071421875 0.8789236109375 0.8519642859375001 0.8805902781249999 0.8541071421875 0.87725694375 0.8519642859375001 0.8539236109375 0.8533928578125 0.8150347218749999 0.8755357140625 0.7217013890625 0.86625 0.6717013890625 0.869845753125 0.609375 0.83908281875 0.609375
1 0.9383147328125 0.609375 0.9433928578125 0.6883680562500001 0.9405357140625 0.7128125 0.924821428125 0.7661458328124999 0.9226785718749999 0.7883680562500001 0.927678571875 0.8117013890625 0.9291071421874999 0.8683680562500001 0.93625 0.9028124999999999 0.94375 0.9167013890625 0.96125 0.9183680562500001 0.9719642859375 0.9139236109375 0.9855357140625 0.8528125 0.9883928578125001 0.8328125 0.9883928578125001 0.7894791671875 0.9841071421875001 0.7561458328125 0.9691071421874999 0.7061458328125 0.9683928578125001 0.67836805625 0.9741071421874998 0.6261458328125 0.9741071421874998 0.609375 0.9383147328125 0.609375
1 0.9095610125 0.609375 0.9119642859375 0.620590278125 0.9055357140625 0.7194791671875 0.9091071421875 0.7428125 0.92125 0.77725694375 0.9391071421875001 0.710590278125 0.9255357140625 0.6639236109375 0.92764818125 0.609375 0.9095610125 0.609375