1 0.0858086328125 0.4796875 0.0875 0.45430107187499996 0.0875 0.43815715781250003 0.0855058265625 0.415624853125 0.0719891921875 0.35527802343750003 0.0720501953125 0.3219719859375 0.0765041328125 0.27548461875 0.0770051578125 0.24678091562499999 0.0708099015625 0.22906655625 0.062710190625 0.22490303906250003 0.059642896875 0.22490303906250003 0.05153906875000001 0.23007649687499998 0.044713490625000005 0.24847324999999998 0.047037678124999996 0.3538104390625 0.030297493749999998 0.4185182 0.0300123671875 0.4208753703125 0.0300123671875 0.4796875 0.0858086328125 0.4796875
1 0.1609375 0.4796875 0.1609375 0.43233493125000005 0.14903800312499998 0.372369859375 0.1500263140625 0.3353388828125 0.1577247328125 0.2741671671875 0.1578526515625 0.245475584375 0.1556635 0.23532070156249998 0.151036275 0.22750790625 0.1378988203125 0.2234375 0.13625843124999998 0.2234375 0.1260514578125 0.23381429531250003 0.120647115625 0.25146143125 0.12110164375000002 0.36806749375000003 0.10434284375 0.43037832343750004 0.10434284375 0.4796875 0.1609375 0.4796875
1 0.296875 0.4796875 0.296875 0.464442234375 0.295248353125 0.45900025468749994 0.281517975 0.39846651093749996 0.28002724218749997 0.3651180234375 0.28412190625 0.2912258046875 0.2829095296875 0.2495591390625 0.27716236250000004 0.23088907343749998 0.27039599999999997 0.2219033421875 0.2557048984375 0.21777530781249999 0.24956266562499999 0.2212971546875 0.2423473546875 0.2326514859375 0.23874646249999998 0.2519746921875 0.23977024687499998 0.28715987656249997 0.24667590781249998 0.34564475781250004 0.247807459375 0.38453364687499997 0.24598460156250002 0.411309725 0.23433779375000002 0.45815307968749996 0.2307305890625 0.4796875 0.296875 0.4796875
1 0.2097955578125 0.4796875 0.23239474375000002 0.3991035859375 0.22530045156249998 0.3563503421875 0.234375 0.2634232484375 0.234375 0.24813415 0.2325048859375 0.23867271875 0.22391671875000002 0.22988690156249997 0.2170425515625 0.22988690156249997 0.2100670015625 0.23635546562499998 0.2037490515625 0.25300558125 0.2013906453125 0.35738011875 0.1880290453125 0.4025961234375 0.1880290453125 0.4796875 0.2097955578125 0.4796875
1 0.3484375 0.4796875 0.3484375 0.42202353437499995 0.33801138124999996 0.3798494265625 0.3370953625 0.34836794375 0.3411002609375 0.2894089375 0.34073201875 0.25888067656249997 0.3372298359375 0.245753940625 0.330930421875 0.2347918921875 0.317801821875 0.23040579375 0.3096301390625 0.23552461875000003 0.303645084375 0.2532389796875 0.30972473125 0.3728199015625 0.3071385640625 0.3911746453125 0.29681178125 0.4294630265625 0.295868940625 0.4506774375 0.303253859375 0.4796875 0.3484375 0.4796875
1 0.3875 0.4796875 0.3875 0.363520165625 0.3861538390625 0.3588702625 0.3838200875 0.3329594921875 0.38507599375 0.283749025 0.38306883593749996 0.255045321875 0.376531759375 0.23992666875 0.3672891109375 0.23462874375 0.358237846875 0.23953115781249998 0.3524691640625 0.2577913015625 0.3623249984375 0.36141923125000003 0.353909778125 0.405271153125 0.3548162359375 0.4182341171875 0.36437405 0.4504293578125 0.3686616390625 0.47442765937500003 0.3689724484375 0.4796875 0.3875 0.4796875
1 0.4625 0.4796875 0.4625 0.4595019265625 0.45605793281249996 0.4337152140625 0.45213476249999995 0.394817234375 0.451035909375 0.334704778125 0.45261031718750006 0.30514787656250003 0.4490693140625 0.24684181875000002 0.44396533437499996 0.2301115125 0.43567846093749996 0.21563692968749998 0.42505355468749995 0.207130865625 0.4170790390625 0.20514264531249998 0.406465571875 0.208655434375 0.39842148593750004 0.2177601421875 0.3914536125 0.242138084375 0.3932934515625 0.2809997 0.407725259375 0.37462731250000003 0.4117060921875 0.4320165375 0.40441043906249996 0.4796875 0.4625 0.4796875
1 0.4895089875 0.4796875 0.47543192031250003 0.4043818296875 0.47784655000000004 0.3451225703125 0.480903459375 0.3340872328125 0.47912195625000004 0.32661920625 0.48258651406249997 0.31837680156250003 0.487590575 0.28514955 0.4889488046875 0.25181621718749997 0.48735594375 0.23971856093750002 0.48083402968750005 0.2270139734375 0.4669979015625 0.22104924218750002 0.4530789484375 0.229914478125 0.44654230000000006 0.24316612499999998 0.44215015625 0.31256510625 0.44343382187499997 0.34504828593750003 0.4413587484375 0.3959742125 0.438333203125 0.405520959375 0.438333203125 0.4796875 0.4895089875 0.4796875
1 0.5 0.2497151734375 0.49545260156250004 0.238426484375 0.48786978124999997 0.23236104531250001 0.48574439687500004 0.23636382031249997 0.490687475 0.251469996875 0.49246997812500004 0.275580490625 0.4881383796875 0.331552090625 0.488905115625 0.375887275 0.4918489609375 0.38255085625 0.4904449875 0.3953681375 0.4960674265625 0.42343727812500004 0.5 0.43692646718750006 0.5 0.2497151734375
1 0.283804253125 0.4796875 0.28374675625 0.486031240625 0.2650400171875 0.5739690375000001 0.26478142656250003 0.588783853125 0.2692650765625 0.585311096875 0.27358710625 0.5910976015625 0.2728238390625 0.6050137875 0.23540671875000002 0.751287046875 0.2255216296875 0.8048436500000001 0.2255216296875 1 0.41383379062500003 1 0.4257626796875 0.935577484375 0.4265625 0.916469515625 0.4265625 0.87357596875 0.424447834375 0.8320375515624999 0.410568340625 0.7328564234374999 0.3896396109375 0.620168546875 0.3850454375 0.5852563203125 0.3837055625 0.542772909375 0.3847076109375 0.48536550156249997 0.385308221875 0.4796875 0.283804253125 0.4796875
1 0.1101049078125 0.4796875 0.10902753750000001 0.48488616249999994 0.10902753750000001 0.6679564046875 0.11786173124999999 0.7040190749999999 0.1256311546875 0.7140625 0.139337440625 0.7140625 0.1496854734375 0.7087389500000001 0.1539501453125 0.6998971984375 0.1671875 0.6248796015625 0.1671875 0.5265649984375 0.16525488125 0.5118918140625001 0.1560254109375 0.4796875 0.1101049078125 0.4796875
1 0.0028715984375 0.4796875 0.006918046875 0.5196700015625 0.0068193375 0.5520470953125 0 0.6374231640625 0 0.7165120734375 0.004278470312499999 0.750878696875 0.00859784375 0.774132928125 0.024770739062499998 0.8291868906250001 0.051441125 0.887321721875 0.0758440546875 0.9301257359375 0.077518875 0.93125 0.1096718046875 0.93125 0.1109375 0.9304988187500001 0.1109375 0.6608426859375001 0.10871431875 0.6558524171875 0.097552221875 0.6120459578124999 0.0678466046875 0.5390205390625 0.0586241953125 0.5082225046875 0.05459690625 0.4796875 0.0028715984375 0.4796875
1 0.6824403 1 0.6695815859375001 0.9284921390624999 0.6410942578125 0.9281295046875 0.62118115 1 0.6824403 1
2 0.9792416296875001 1 0.9796875 0.9994025687499999 0.9796875 0.9047570875 0.9673993234375 0.8906289968750001 0.9717231109375 0.8782653890625 0.9690020578125 0.81157599375 0.9660050015625 0.8024686531249999 0.5 0.7906521171875001 0.5 0.93750274375 0.6163824796874999 0.9393932546875 0.8562262328125 0.9463719953125 0.8639916140625001 0.9583935046875001 0.8775827515625 0.9962572171874999 0.8799240109375 1 0.9792416296875001 1