1 0.3051408453125 0 0.31036464375 0.0295900359375 0.3166405421875 0.0498694890625 0.3209431109375 0.082231440625 0.33133067656250004 0.096415109375 0.33788340156249996 0.0984375 0.3648708640625 0.0984375 0.3704837515625 0.09248798124999999 0.3804733640625 0.054315925 0.3826324765625 0.040003884375 0.3826324765625 0 0.3051408453125 0
2 0.6296875 0 0.6296875 0.0428731171875 0.750390625 0.0392361109375 0.769921875 0.040625 0.773828125 0.07534722187500001 0.778125 0.059375 0.775 0.05243055625 0.77578125 0.037152778125 0.782421875 0.0322916671875 0.802734375 0.03506944375 0.816796875 0.043402778125 0.81953125 0.048263889062499996 0.8171875 0.059375 0.824609375 0.0795138890625 0.84765625 0.084375 0.876171875 0.08506944375 0.883984375 0.0795138890625 0.8890625 0.06770833281250001 0.8919921875 0 0.6296875 0
1 0.394231265625 0.9417026671875 0.403517175 0.9515625 0.4344432625 0.9515625 0.43613567187499996 0.949228540625 0.43613567187499996 0.71086204375 0.4167901828125 0.641034465625 0.4134419078125 0.577145578125 0.4158535375 0.5187167859375 0.41454334218750005 0.4937167859375 0.4095549765625 0.48059734531250003 0.376034015625 0.482572615625 0.3703125 0.4865566640625 0.3703125 0.5229690609375 0.377213253125 0.5722173140625 0.3820706640625 0.6499814546875 0.3703125 0.7203647265625 0.3703125 0.7888152265625 0.3806005890625 0.8905046953125 0.394231265625 0.9417026671875
1 0.2890625 0.8102570015625 0.2991362546875 0.9017526265625001 0.32036339375 0.9828125 0.35405218125000004 0.9828125 0.35405218125000004 0.7125366703125 0.342104865625 0.6776527640625 0.338940290625 0.652780309375 0.3355086359375 0.5134450109375 0.3296640859375 0.49577209218749996 0.3216636828125 0.48735015624999994 0.296060440625 0.49223244062500005 0.2890625 0.51425291875 0.2890625 0.5276732125 0.290255496875 0.5548351546875 0.3024489796875 0.6348167578125 0.3039126171875 0.6821665234375001 0.2914423328125 0.7571806390625 0.2890625 0.78521896875 0.2890625 0.8102570015625
1 0.25419921875 1 0.2671875 0.92586805625 0.27109375 0.8703125 0.265625 0.7953125 0.2421875 0.7022569437499999 0.240625 0.6578125 0.2453125 0.535590278125 0.236328125 0.5098958328125 0.225390625 0.5015625 0.207421875 0.5085069437499999 0.20078125 0.5189236109375 0.19609375 0.5383680562500001 0.203125 0.63836805625 0.203125 0.7092013890625 0.19921875 0.7342013890625 0.1890625 0.76336805625 0.18046875 0.8272569437499999 0.18359375 0.910590278125 0.1890625 0.9522569437499999 0.1998046875 1 0.25419921875 1
1 0.1546875 0.5536458328125 0.15625 0.573090278125 0.153125 0.6425347218749999 0.15546875 0.660590278125 0.1515625 0.6703125 0.14921875 0.698090278125 0.1578125 0.7564236109375 0.17734375 0.8328125 0.1890625 0.7578125 0.1984375 0.730034721875 0.20078125 0.7119791671875 0.1890625 0.6592013890625 0.18828125 0.6425347218749999 0.1875 0.6036458328125 0.19296875 0.5064236109375 0.189453125 0.49184027812500003 0.161328125 0.49184027812500003 0.148828125 0.49600694375 0.146875 0.505034721875 0.14765625 0.5342013890625 0.1546875 0.5536458328125
1 0.1714381171875 1 0.175 0.9828125 0.18046875 0.9217013890625001 0.178125 0.848090278125 0.15078125 0.730034721875 0.1484375 0.6883680562500001 0.15546875 0.5689236109375 0.147265625 0.536284721875 0.130859375 0.5251736109375 0.116015625 0.5321180562500001 0.1046875 0.5619791671875001 0.1046875 0.5967013890625 0.11328125 0.6786458328125 0.1125 0.7369791671874999 0.09453125 0.817534721875 0.0875 0.8814236109374999 0.08828125 0.923090278125 0.09453125 0.9772569437499999 0.09911740937499999 1 0.1714381171875 1
1 0.0926478796875 1 0.09609375 0.9967013890625 0.0875 0.930034721875 0.08671875 0.8730902781250001 0.0921875 0.8244791671874999 0.109375 0.7467013890625 0.10859375 0.723090278125 0.1 0.6911458328125001 0.09765625 0.667534721875 0.10234375 0.5244791671875 0.09609375 0.50225694375 0.089453125 0.49600694375 0.064453125 0.498784721875 0.059375 0.505034721875 0.05390625 0.52586805625 0.05390625 0.5578125 0.06015625 0.610590278125 0.0609375 0.6883680562500001 0.03984375 0.780034721875 0.03671875 0.8119791671875 0.03828125 0.8744791671875 0.04375 0.9147569437499999 0.0609375 0.9939236109374999 0.06708984375 1 0.0926478796875 1
1 0 1 0.019483278125 1 0.02890625 0.9522569437499999 0.03515625 0.8842013890625001 0.0296875 0.8064236109374999 0.00625 0.717534721875 0.00390625 0.692534721875 0.003125 0.6633680562500001 0.009375 0.5911458328125 0.00859375 0.542534721875 0.000390625 0.5223958328125 0 0.522109884375 0 1
1 0.6960563078125 0.9327898015624999 0.6939968999999999 0.9269397390624998 0.6931686890625001 0.87134781875 0.689128175 0.8589069109375 0.6812186234375 0.8571914265625 0.6796875 0.8611977812500001 0.6796875 0.8965021109375 0.6809501671875 0.906778465625 0.680976065625 0.92716701875 0.6796875 0.9332646703125 0.6796875 0.94375 0.6960563078125 0.94375 0.6960563078125 0.9327898015624999
1 0.667217178125 0.9278887203124999 0.6648833562500001 0.91522454375 0.6633735734374999 0.8753246984375 0.66103970625 0.86341520625 0.65720926875 0.8567471125000001 0.6497989296875 0.8554904734375001 0.6484375 0.8574070062499999 0.6484375 0.9021694937500001 0.6536294125000001 0.9356893562499999 0.65074175625 0.9396481484375 0.6505769406249999 0.94524621875 0.6512850375 0.946875 0.667217178125 0.946875 0.667217178125 0.9278887203124999
2 0.6296875 1 0.8513435125000001 1 0.8515625 0.9957175921874999 0.8455729171874999 0.9461805562500001 0.82578125 0.94710648125 0.82265625 0.944328703125 0.8018229171875 0.94710648125 0.7278645828125 0.944328703125 0.69296875 0.9489583328125001 0.6731770828125 0.9461805562500001 0.6580729171875 0.9508101859375 0.6296875 0.9475333703125 0.6296875 1