1 0.16818954218749999 0 0.16440735625 0.075000003125 0.1450593921875 0.126388890625 0.14375 0.1317113828125 0.14375 0.2633296765625 0.1442223875 0.2640625 0.164160565625 0.2640625 0.1668969359375 0.263888890625 0.1719076578125 0.2361111125 0.1806953421875 0.21944444375 0.187268565625 0.1916666671875 0.18941286875000002 0.1416666671875 0.18307655 0.08194444375 0.19708995468749999 0 0.16818954218749999 0
1 0.91953315 0.4890625 0.9202567390624999 0.485329859375 0.922336396875 0.44088541562500005 0.9185791484374999 0.40570023125 0.9080941593750002 0.3668113421875 0.9027097671875 0.3371817125 0.9037693046874999 0.290885415625 0.907846103125 0.253848378125 0.9080939078124999 0.2325520828125 0.90232519375 0.2135706015625 0.8941747 0.20625 0.8872284468749999 0.20625 0.8759638546874999 0.21866319375 0.8721564078124999 0.2325520828125 0.8723109203125 0.2640335640625 0.8761974609374998 0.2881076375 0.876071846875 0.34366319375 0.8640625 0.388299096875 0.8640625 0.4890625 0.91953315 0.4890625
1 0.846875 0.4890625 0.846875 0.4749421296875 0.8427083328125 0.4406828703125 0.821875 0.3573495375 0.8223958328125001 0.30179398125 0.8270833328125 0.2582754625 0.8260416671874999 0.2314236109375 0.8200520828125001 0.21614583281250002 0.8106770828125001 0.2078125 0.80390625 0.2078125 0.7966145828125 0.21336805625 0.7916666671875 0.2193865734375 0.7880208328125 0.2304976859375 0.7869791671875 0.26290509218749997 0.7932291671875 0.3351273140625 0.7927083328125 0.36383101875 0.7760416671875 0.43975694374999996 0.7729166671875001 0.4703125 0.7733752265625 0.4890625 0.846875 0.4890625
1 0.7600956359375 0.4890625 0.7609375 0.4832754625 0.7614583328125 0.4443865734375 0.7567708328125 0.41012731406249997 0.740625 0.3471643515625 0.7432291671875 0.2434606484375 0.73515625 0.2244791671875 0.7247395828125 0.22077546250000002 0.7135416671875 0.23234953749999998 0.7114583328124999 0.2453125 0.7119791671875 0.28234953749999997 0.7171875 0.3499421296875 0.709375 0.391608796875 0.7330799546875 0.4890625 0.7600956359375 0.4890625
1 0.7325565734375 0.4890625 0.7317708328125 0.4832754625 0.7083333328125 0.3934606484375 0.7072916671875 0.3499421296875 0.7109375 0.27586805625 0.7098958328125 0.23234953749999998 0.7057291671875 0.2193865734375 0.6981770828125 0.2087384265625 0.6841145828124999 0.205034721875 0.67421875 0.2124421296875 0.6677083328125 0.2249421296875 0.6645833328124999 0.23883101875 0.6651041671875 0.279571759375 0.6723958328124999 0.342534721875 0.6729166671875 0.392534721875 0.6572916671875 0.4684606484375 0.655093840625 0.4890625 0.7325565734375 0.4890625
1 0.654631025 0.4890625 0.659375 0.4453125 0.6395833328125 0.36475694375 0.6385416671874999 0.32586805625 0.6421875 0.2749421296875 0.6411458328125 0.2453125 0.6361979171875 0.23096064843750003 0.62265625 0.2226273140625 0.6106770828125001 0.23096064843750003 0.6046875 0.25086805624999997 0.6046875 0.274016203125 0.6114583328125001 0.32586805625 0.6125 0.3712384265625 0.6020833328125 0.4221643515625 0.6010416671875 0.4369791671875 0.5973958328125001 0.4471643515625 0.5954719390625 0.4890625 0.654631025 0.4890625
1 0.5956524890624999 0.4890625 0.5947916671875 0.46938657343749995 0.603125 0.41012731406249997 0.5942708328125 0.3814236109375 0.5880208328125001 0.35086805625 0.5895833328125001 0.2554976859375 0.58203125 0.23836805625 0.57109375 0.23466435156249998 0.5614583328125 0.2443865734375 0.5583333328125001 0.2573495375 0.5583333328125001 0.2777199078125 0.5630208328125 0.31290509218749996 0.5651041671874999 0.35827546250000003 0.5552083328125 0.4064236109375 0.5526041671874999 0.4332754625 0.5546875 0.44901620312499996 0.5670130703125 0.4890625 0.5956524890624999 0.4890625
1 0.5652400359375 0.4890625 0.5572916671874999 0.46197916718750004 0.5515625 0.43512731406249994 0.5489583328125001 0.40920138906250003 0.5484375 0.3601273140625 0.553125 0.2851273140625 0.5510416671874999 0.23790509218749997 0.5403645828125001 0.2124421296875 0.5341145828125 0.2059606484375 0.52265625 0.20318287031249999 0.5143229171874999 0.2059606484375 0.5065104171874999 0.21336805625 0.5 0.22679398125 0.496875 0.2453125 0.49947916718749996 0.30827546250000004 0.5083333328125 0.3823495375 0.5072916671875 0.4342013890625 0.49906249999999996 0.4890625 0.5652400359375 0.4890625
1 0.4985107421875 0.4890625 0.49947916718749996 0.4851273140625 0.5072916671875 0.43049768593750004 0.5036458328125001 0.35642361093749997 0.4958333328125001 0.267534721875 0.49739583281250005 0.236053240625 0.49609375 0.230034721875 0.48723958281250007 0.2244791671875 0.47473958281250006 0.2281828703125 0.4671875 0.23975694375 0.4645833328125001 0.25086805624999997 0.4645833328125001 0.2906828703125 0.4734375 0.35086805625 0.4723958328125001 0.40086805625000005 0.4572916671874999 0.46938657343749995 0.455001796875 0.4890625 0.4985107421875 0.4890625
1 0.4535860078124999 0.4890625 0.4572916671874999 0.46197916718750004 0.45989583281250007 0.4573495375 0.47135416718749995 0.40086805625000005 0.4729166671874999 0.3721643515625 0.4729166671874999 0.3573495375 0.46666666718749994 0.3203125 0.46354166718749995 0.2814236109375 0.4640625 0.25271990781250003 0.46666666718749994 0.23883101875 0.46380208281250007 0.23651620312500002 0.45234375 0.24114583281250002 0.4458333328125 0.2564236109375 0.4458333328125 0.28883101875 0.45 0.3193865734375 0.45260416718749996 0.3851273140625 0.43958333281249995 0.44160879687500004 0.4359375 0.48883101875 0.43595610156250003 0.4890625 0.4535860078124999 0.4890625
1 0.43645833281249996 0.4890625 0.43645833281249996 0.46383101875 0.43854166718750004 0.4406828703125 0.4484375 0.4027199078125 0.45260416718749996 0.36938657343750003 0.45104166718749994 0.36475694375 0.45208333281250007 0.33234953749999996 0.44895833281249997 0.3221643515625 0.4447916671875 0.2749421296875 0.4458333328125 0.25179398124999997 0.4408854171875 0.2457754625 0.4361979171875 0.2457754625 0.42604166718750003 0.2564236109375 0.42291666718750004 0.274016203125 0.4302083328125 0.366608796875 0.4265625 0.3906828703125 0.41979166718750005 0.41475694374999994 0.415625 0.46383101875 0.41831010625000004 0.4890625 0.43645833281249996 0.4890625
1 0.21328125 0.52586805625 0.1940104171875 0.52679398125 0.1901041671875 0.5318865734375 0.1854166671875 0.5531828703125 0.1828125 0.5744791671875 0.1833333328125 0.61429398125 0.19375 0.6754050921875 0.1989583328125 0.6846643515624999 0.21588541718749998 0.6851273140625 0.22265625 0.6814236109375 0.2338541671875 0.629108796875 0.2364583328125 0.6031828703125 0.2364583328125 0.573553240625 0.234375 0.55225694375 0.22682291718749997 0.5304976859375 0.21328125 0.52586805625
1 0.1565104171875 0.5286458328125 0.12421875 0.5286458328125 0.1208333328125 0.5328125 0.1166666671875 0.5531828703125 0.11510416718750001 0.5929976859374999 0.11822916718750001 0.6198495375 0.128125 0.667071759375 0.134375 0.6744791671875 0.1533854171875 0.673090278125 0.15677083281249998 0.6652199078125001 0.1640625 0.6281828703125 0.1677083328125 0.5967013890625 0.1671875 0.5633680562500001 0.16354166718750002 0.5392939812499999 0.1565104171875 0.5286458328125
1 0.1 0.5383680562500001 0.0955729171875 0.5314236109375 0.05859375 0.529571759375 0.053125 0.5392939812499999 0.0515625 0.5809606484375001 0.0546875 0.610590278125 0.06510416718749999 0.6596643515625 0.0734375 0.6633680562500001 0.08671875 0.6629050921874999 0.09114583281250001 0.6578125 0.0994791671875 0.6161458328125 0.10260416718750001 0.5661458328125 0.1 0.5383680562500001
2 0.25 0.4890625 0.0192708328125 0.4890625 0.0192708328125 0.4957754625 0.0140625 0.50225694375 0.0166666671875 0.5309606484375 0.0223958328125 0.5337384265625 0.051302082812500004 0.5342013890625 0.05390625 0.5286458328125 0.06119791718749999 0.5249421296875 0.1169270828125 0.5323495375 0.12213541718750001 0.5277199078125 0.1403645828125 0.5249421296875 0.14401041718750002 0.5212384265625001 0.16328125 0.529571759375 0.1872395828125 0.529571759375 0.21328125 0.524016203125 0.22786458281250002 0.5277199078125 0.25 0.5277199078125 0.25 0.4890625
1 0.49078299062499997 0.9078016484375 0.50049205 0.9126627593750001 0.499306771875 0.9473849812499999 0.4936925703125 0.9598849812499999 0.4909177921875 0.9633572031250001 0.4878735984375 0.9564127593750001 0.4831860984375 0.9564127593750001 0.478051409375 0.9612738703125 0.4767906484375001 0.9689127593750001 0.4677497078125 0.9737738703125001 0.47233342656250005 0.975 0.49522149843749996 0.975 0.5030352484374999 0.9626627593750001 0.513983396875 0.8946072031250001 0.514355103125 0.8626627593749999 0.5101524390625001 0.820996090625 0.489101659375 0.750162759375 0.48696800468750007 0.732107203125 0.48664991562500004 0.6251627578125 0.47943005625 0.607801646875 0.46621345000000003 0.6022460921875 0.45556152812500006 0.61127386875 0.453125 0.620161896875 0.453125 0.662177446875 0.458320334375 0.70988498125 0.46009844218749996 0.758496090625 0.453125 0.7927809031249999 0.453125 0.90753395 0.4555620953125 0.9133572031250001 0.49078299062499997 0.9078016484375
1 0.35625 0.7168402781250001 0.35625 0.7348958328125 0.3453125 0.7973958328125 0.3453125 0.8307291671874999 0.34921875 0.8682291671875 0.35625 0.8973958328125 0.36875 0.9348958328125001 0.375 0.9404513890625001 0.387890625 0.9383680562500001 0.39765625 0.9265625 0.40625 0.8821180562500001 0.40703125 0.8182291671874999 0.396875 0.77100694375 0.38046875 0.7265625 0.37734375 0.616840278125 0.368359375 0.5994791671875 0.355078125 0.598090278125 0.34609375 0.6085069437499999 0.34375 0.6182291671875 0.35625 0.7168402781250001
1 0.510546875 0.5703125 0.503515625 0.57586805625 0.4984375 0.5904513890625 0.5078125 0.6960069437499999 0.49921875 0.7654513890625 0.5140625 0.823784721875 0.51875 0.8876736109374999 0.52578125 0.891840278125 0.539453125 0.8897569437499999 0.54609375 0.8765625 0.553125 0.8265625 0.55390625 0.7876736109375 0.5484375 0.748784721875 0.53125 0.6960069437499999 0.5296875 0.5904513890625 0.522265625 0.573090278125 0.510546875 0.5703125
1 0.784765625 0.52586805625 0.770703125 0.5217013890625 0.7609375 0.5390625 0.765625 0.6348958328125 0.753125 0.6960069437499999 0.755859375 0.7050347218749999 0.769140625 0.7119791671875 0.784375 0.7362847218749999 0.791796875 0.735590278125 0.803125 0.7196180562500001 0.803125 0.7029513890625 0.78671875 0.6279513890625 0.7890625 0.5390625 0.784765625 0.52586805625
1 0.678515625 0.542534721875 0.666015625 0.5411458328125 0.65703125 0.55711805625 0.659375 0.6571180562500001 0.6484375 0.7015625 0.646875 0.7279513890625 0.665234375 0.7675347218749999 0.6859375 0.7821180562500001 0.696875 0.7348958328125 0.696875 0.7223958328125001 0.68125 0.6404513890625 0.68515625 0.561284721875 0.678515625 0.542534721875
0 0.769140625 0.71336805625 0.745703125 0.70086805625 0.708203125 0.717534721875 0.69140625 0.7571180562500001 0.68828125 0.816840278125 0.69453125 0.84600694375 0.710546875 0.8842013890625001 0.73203125 0.8932291671874999 0.754296875 0.8911458328125 0.773046875 0.8717013890625 0.78671875 0.84600694375 0.7953125 0.80850694375 0.7953125 0.7765625 0.784375 0.7376736109375 0.769140625 0.71336805625