1 0.5813876640625 0.41875 0.58170319375 0.3993947078125 0.5715235015625 0.3428139765625 0.5716587890625 0.301192771875 0.5667670171875 0.2680412953125 0.5784954765625 0.15255893125 0.5657346140625 0.1210236625 0.5446408640625 0.121637428125 0.5371568703125 0.1329531265625 0.5315072921875 0.1567006328125 0.5325728468750001 0.245453128125 0.5258935453125 0.3136223421875 0.5125 0.351727453125 0.5125 0.41875 0.5813876640625 0.41875
1 0.41699136562500005 0.41875 0.41699136562500005 0.30556249062499996 0.40304320625 0.2536635421875 0.39904748125 0.1175797 0.39534028125 0.10504333749999999 0.384178865625 0.0917261703125 0.3656876203125 0.09706355 0.35920373125 0.1171160765625 0.36088563125 0.153227190625 0.3697878625 0.210244359375 0.3703600828125 0.256059509375 0.3589498140625 0.3128403234375 0.35625 0.3433248578125 0.35625 0.355462215625 0.35762611718750004 0.385008003125 0.362986634375 0.41875 0.41699136562500005 0.41875
1 0.24956955937499997 0.41875 0.2666418015625 0.342525628125 0.2665907578125 0.2896751140625 0.25161723281250004 0.19753566875 0.25948943125 0.089238703125 0.2517589046875 0.06750181250000001 0.2437785703125 0.0650950734375 0.24028486718750003 0.0650950734375 0.2321467625 0.06843610781250001 0.22355193125 0.08840225 0.22556777968750003 0.174677015625 0.22330275937500002 0.21356590312499998 0.221875 0.219049828125 0.221875 0.41875 0.24956955937499997 0.41875
1 0.3022745171875 0.2860769296875 0.3070411625 0.23619532968749998 0.30569624375000004 0.208180753125 0.2943236515625 0.1528892921875 0.3011769625 0.045944849999999995 0.293997384375 0.02935103125 0.2919108328125 0.0289036609375 0.281314509375 0.0289036609375 0.2781943765625 0.030944818750000002 0.271875 0.044096546874999996 0.271875 0.07763141875 0.27241900625 0.11494299375000001 0.271875 0.1234320921875 0.271875 0.340625 0.2845248078125 0.340625 0.28804386718749997 0.3366370234375 0.3022745171875 0.2860769296875
1 0.3989044828125 0.38125 0.40251428437500003 0.38125 0.4042524703125 0.3789819953125 0.41503034687499996 0.342032709375 0.42055446874999997 0.3145052578125 0.4224150203125 0.282560809375 0.420692896875 0.24481048749999998 0.4109709640625 0.182848275 0.4207292359375 0.06915964375 0.41571924375 0.054200824999999994 0.405283075 0.0467101171875 0.40116697187500006 0.0467101171875 0.390625 0.0568759984375 0.390625 0.0955637640625 0.392925646875 0.10222972968749999 0.3942177796875 0.12043548125 0.390625 0.1552555125 0.390625 0.289602275 0.39523089375 0.3184587390625 0.3989044828125 0.38125
1 0.451627609375 0.26509127499999996 0.451627609375 0.189958775 0.4358555984375 0.12192079062500001 0.4374775234375 0.0355911578125 0.4313635953125 0.0214175515625 0.422721359375 0.0192407078125 0.415625 0.025910840624999997 0.415625 0.054294595312500006 0.423996859375 0.0699078359375 0.4229325265625 0.1881819140625 0.43730471875 0.24975319843750002 0.4432243953125 0.3015625 0.44467364062500003 0.3015625 0.451627609375 0.26509127499999996
1 0.12341739375 0.3765625 0.142620153125 0.3765625 0.1466298265625 0.3747419953125 0.155710140625 0.3539318953125 0.1627634921875 0.3155214625 0.1665331140625 0.2614914953125 0.1644267859375 0.23621809374999997 0.14744221562499998 0.1720093296875 0.1510752109375 0.063607646875 0.1424255453125 0.046213717187499996 0.1260526109375 0.046213717187499996 0.123459546875 0.048647028125000005 0.1203125 0.058180071874999996 0.1203125 0.09614144375 0.1235740734375 0.14204433593750002 0.1221592515625 0.17676655937500002 0.1203125 0.184274815625 0.1203125 0.370982015625 0.1204862484375 0.3717578078125 0.12341739375 0.3765625
1 0.9820165484375 0.41875 0.9802083328125001 0.40214120312499996 0.9833333328125 0.34288194375000003 0.97890625 0.32945601875 0.9736979171875 0.3257523140625 0.9669270828125001 0.32853009218749996 0.9598958328125 0.34103009218749997 0.9598958328125 0.36232638906250003 0.9630208328125001 0.3836226859375 0.9625613187500001 0.41875 0.9820165484375 0.41875
1 0.9326497390625 0.41875 0.9286458328125 0.40214120312499996 0.9307291671875 0.3382523140625 0.928125 0.3243634265625 0.9221354171874999 0.31741898125 0.9153645828125001 0.3192708328125 0.9109375 0.33084490781250003 0.9135416671875 0.401215278125 0.9080620671874999 0.41875 0.9326497390625 0.41875
1 0.8991063921875 0.41875 0.8989583328125 0.4160300921875 0.8911458328125 0.3873263890625 0.8927083328125001 0.3252893515625 0.88828125 0.3118634265625 0.88359375 0.3090856484375 0.8783854171875 0.3118634265625 0.8739583328125 0.3243634265625 0.8765625 0.3817708328125 0.871875 0.3975115734375 0.8693150109375001 0.41875 0.8991063921875 0.41875
1 0.869431965625 0.41875 0.8708333328125001 0.40214120312499996 0.8635416671874999 0.36232638906250003 0.8651041671874999 0.3160300921875 0.8630208328125001 0.307696759375 0.8591145828125001 0.3035300921875 0.8528645828125001 0.30538194375 0.8489583328125001 0.314178240625 0.8505208328125 0.364178240625 0.8416666671874999 0.41510416718750004 0.8418449953125 0.41875 0.869431965625 0.41875
1 1 0.41875 1 0.3028987796875 0.9986979171874999 0.3035300921875 0.9958333328125001 0.31140046250000003 0.9979166671874999 0.36047453749999997 0.9895833328125001 0.407696759375 0.9901485546875 0.41875 1 0.41875
1 0.9453125 0.41875 0.9453125 0.40862268593750006 0.9369791671875 0.3632523140625 0.9380208328125 0.3151041671875 0.93359375 0.3035300921875 0.9278645828125001 0.3026041671875 0.921875 0.3123263890625 0.9231770828125001 0.3183449078125 0.928125 0.3234375 0.9307291671875 0.3382523140625 0.9286458328125 0.3975115734375 0.933270328125 0.41875 0.9453125 0.41875
1 0.6390625 0.41875 0.623759659375 0.41875 0.6234833156249999 0.4279177640625 0.6284670625000001 0.5609480062500001 0.6247392984375 0.6396668640625001 0.6186558421874999 0.674062515625 0.59375 0.75673734375 0.59375 1 0.634999371875 1 0.6390625 0.8994600078125 0.6390625 0.41875
1 0.46742002656250004 0.41875 0.4762519140625 0.49488410937499994 0.4808896390625 0.516222828125 0.487683646875 0.5838578453125 0.491999540625 0.6653453859375 0.49042706562499994 0.69864235625 0.48294627187500005 0.7503790593749999 0.4600428046875 0.8509837828125001 0.4515625 0.9119521234375 0.4515625 1 0.605200809375 1 0.605200809375 0.8271831593750001 0.5781327187499999 0.737605290625 0.5682070609375 0.692144015625 0.56402386875 0.6023292015624999 0.564647578125 0.5486618609375 0.57110665625 0.43028273281249996 0.570666290625 0.41875 0.46742002656250004 0.41875
1 0.21625077187500003 0.41875 0.21450022343750003 0.45161843749999997 0.21859017656250002 0.5425773859375 0.21862131875 0.6315875 0.2112884109375 0.7306252046875 0.20643768125 0.7601821 0.192785271875 0.8154952046874999 0.175972390625 0.8623901187499999 0.1726486890625 0.883637925 0.171875 0.8844788343750001 0.171875 1 0.34115995 1 0.341123275 0.99974813125 0.3397779328125 0.9691198421875 0.32832248750000004 0.9150767078125 0.32756892187500003 0.9011514500000001 0.3230077359375 0.8899191140625 0.317387871875 0.8610456937500001 0.30534064375000003 0.7902995265625 0.301965896875 0.7586968203125 0.30115984687499997 0.7188092703125 0.3096068078125 0.6095984984375 0.33643059218750004 0.426640965625 0.33678563906250003 0.41875 0.21625077187500003 0.41875
1 0.2037266640625 0.41875 0.202671440625 0.4464850875 0.20595459374999997 0.5667583265625 0.20374596875 0.6093903859375 0.1994078671875 0.6444177046874999 0.1895054125 0.684605915625 0.175 0.7297622703125001 0.175 0.8727459781250001 0.1929995296875 0.81792105 0.2067390125 0.7668585265625 0.2117627640625 0.73746569375 0.21979289062500001 0.6366581671875 0.220445634375 0.5529696375 0.21753164531250002 0.4922713890625 0.2185173078125 0.41875 0.2037266640625 0.41875
1 0.0019553828125 0.41875 0 0.4339611625 0 1 0.095677875 1 0.09590962812500001 0.9970274124999999 0.095713809375 0.9644864999999999 0.09383061875000001 0.9160379640624999 0.0892169484375 0.8785670296875001 0.0593223859375 0.7186563859375 0.0568814484375 0.68875974375 0.057063135937499995 0.64973735 0.0628860296875 0.576689328125 0.0844276515625 0.4312274484375 0.085266265625 0.41875 0.0019553828125 0.41875
1 0.970134415625 1 0.970296596875 0.9998075468749998 0.9738366109375001 0.98953143125 0.98860769375 0.9206643546875 0.9914980609375 0.8752636765624999 0.9893917328124999 0.850354603125 0.9733278296875 0.7722116234375 0.974474421875 0.718538228125 0.9796293984375 0.681395109375 0.9792742125 0.6518109453125 0.9734995046874999 0.633944821875 0.9685175421875 0.6285408140625 0.9607050421875 0.628768134375 0.9478806656250001 0.6434761218749999 0.9447482984375 0.6565148578125 0.9437296265625001 0.6815148578125 0.9473459921874999 0.7332000078125 0.9456482062500001 0.7748666734375 0.9359375 0.8118462609374999 0.9359375 0.9968495234375 0.9376086234375001 1 0.970134415625 1
1 0.9006769968749999 0.9531225921875001 0.9056570578125 0.95625 0.92459248125 0.95625 0.9304059812500001 0.9491390796874999 0.9304059812500001 0.7961501359375001 0.9172310109375001 0.749721909375 0.915283703125 0.7302653453125 0.9157415625 0.6506841984375 0.9113625921875 0.6349010359375 0.9071329 0.6279111374999999 0.9007103953125 0.6241347078125 0.8904231062499999 0.6267912765625001 0.886276340625 0.6327582828125 0.884375 0.6396500749999999 0.884375 0.676951115625 0.89119599375 0.7272087875000001 0.8918395562500001 0.7522027265625 0.884375 0.793121221875 0.884375 0.88999810625 0.8939128125 0.930833703125 0.9006769968749999 0.9531225921875001
1 0.8489413750000001 0.72132195 0.8557704640624999 0.6398889578125 0.8511376140625 0.6254098203125 0.8448849515625 0.6217266828125 0.8390357453125 0.6217266828125 0.8322258265624999 0.6277511859375 0.8261723640625 0.646617503125 0.8274254203125 0.723602703125 0.8234375 0.7413911265625 0.8234375 0.915625 0.8406054812499999 0.915625 0.844656753125 0.91129435625 0.8541055828124999 0.8744270359375002 0.8601612062499999 0.8152283890625001 0.858977653125 0.78182231875 0.8500000562500001 0.7389630328125 0.8489413750000001 0.72132195