1 1 0.0205853171875 0.9953125 0.028125 0.99140625 0.04618055625 0.9984375 0.162847221875 0.99765625 0.22256944375 0.984375 0.27118055625 0.97578125 0.33506944375000003 0.97890625 0.42118055625000006 0.984375 0.44618055625 1 0.42308818593749997 1 0.0205853171875
1 0.9719075515625001 0.46875 0.97578125 0.415625 0.9734375 0.35590277812500004 0.94609375 0.237847221875 0.94375 0.19618055625 0.95078125 0.11006944375000001 0.95078125 0.07256944374999999 0.942578125 0.044097221874999995 0.926953125 0.0329861109375 0.911328125 0.03993055625 0.9 0.07118055625 0.90078125 0.115625 0.90859375 0.187847221875 0.9078125 0.24479166718749998 0.88984375 0.325347221875 0.8828125 0.3864583328125 0.88359375 0.4295138890625 0.8882131171874998 0.46875 0.9719075515625001 0.46875
1 0.88649961875 0.46875 0.88359375 0.44756944374999996 0.88203125 0.3795138890625 0.8875 0.3322916671875 0.9046875 0.2545138890625 0.90390625 0.230902778125 0.8953125 0.1989583328125 0.89296875 0.1767361109375 0.89765625 0.030902778125000002 0.89140625 0.01006944375 0.884765625 0.0038194437499999997 0.859765625 0.006597221875000001 0.85390625 0.0142361109375 0.85 0.0295138890625 0.84921875 0.06423611093750001 0.85625 0.137847221875 0.85546875 0.19756944375000002 0.83515625 0.287847221875 0.83203125 0.32118055624999997 0.83359375 0.380902778125 0.8390625 0.42256944374999994 0.84936355 0.46875 0.88649961875 0.46875
1 0.9757812593749999 0 0.948828125 0.0010416671875 0.94296875 0.005902778125 0.9421875 0.012847221875 0.9421875 0.03506944375 0.95078125 0.06423611093750001 0.95234375 0.09756944375 0.9484375 0.150347221875 0.95078125 0.16840277812499999 0.946875 0.178125 0.94453125 0.20590277812500002 0.94921875 0.24618055625 0.97265625 0.340625 0.984375 0.2670138890625 0.9953125 0.228125 0.99453125 0.20729166718749997 0.984375 0.1670138890625 0.9828125 0.12673611093749998 0.98828125 0.012847221875 0.984858140625 0 0.9757812593749999 0
1 0.8225054828125 0.46875 0.82421875 0.46006944375 0.8296875 0.40868055625000005 0.8296875 0.36006944375 0.825 0.315625 0.8015625 0.22534722187499998 0.79921875 0.1989583328125 0.7984375 0.17256944375 0.8046875 0.09895833281250001 0.80390625 0.0517361109375 0.795703125 0.0302083328125 0.783984375 0.0204861109375 0.768359375 0.024652778125 0.7578125 0.050347221875 0.75625 0.078125 0.76328125 0.22534722187499998 0.74375 0.3114583328125 0.7390625 0.350347221875 0.74140625 0.43506944374999995 0.7464583328125001 0.46875 0.8225054828125 0.46875
1 0.7447963171875001 0.46875 0.7390625 0.42118055625000006 0.7375 0.3614583328125 0.74375 0.3045138890625 0.7546875 0.262847221875 0.7625 0.212847221875 0.76171875 0.18923611093749998 0.7578125 0.17534722187500001 0.75546875 0.10729166718750001 0.75546875 0.05729166718749999 0.7609375 0.0295138890625 0.758203125 0.012152778125 0.719921875 0.012152778125 0.71484375 0.0197916671875 0.721875 0.11701388906250001 0.721875 0.1822916671875 0.70546875 0.24618055625 0.6984375 0.315625 0.70078125 0.365625 0.7171875 0.45868055625000004 0.720659021875 0.46875 0.7447963171875001 0.46875
1 0.680410571875 0.46875 0.684375 0.450347221875 0.69296875 0.37256944375 0.69140625 0.315625 0.6640625 0.2045138890625 0.66328125 0.137847221875 0.66875 0.0489583328125 0.66328125 0.02256944375 0.657421875 0.016319443750000003 0.626953125 0.019097221875 0.6203125 0.0364583328125 0.61953125 0.0739583328125 0.625 0.12673611093749998 0.6265625 0.2045138890625 0.6078125 0.28090277812500003 0.60078125 0.340625 0.603125 0.3947916671875 0.6109375 0.44756944374999996 0.6155406609374999 0.46875 0.680410571875 0.46875
1 0.5 0.46875 0.5454640359375 0.46875 0.5578125 0.4017361109375 0.56171875 0.36284722187499996 0.5625 0.330902778125 0.5578125 0.28090277812500003 0.534375 0.18506944375 0.5328125 0.13368055625 0.5390625 0.050347221875 0.53828125 0.028125 0.534765625 0.0232638890625 0.502734375 0.0232638890625 0.5 0.0245241765625 0.5 0.46875
1 0.4049099796875 0.46875 0.4044730484375 0.5146657609374999 0.3984375 0.5395938203125 0.3984375 0.659375 0.41911073749999994 0.659375 0.42046238750000003 0.65770839375 0.43092370156250004 0.6113243453124999 0.43350487343750005 0.5862242156249999 0.43240616718749997 0.5558188562499999 0.4232230484375 0.513464209375 0.42571037812499996 0.46875 0.4049099796875 0.46875
1 0.356297971875 0.46875 0.35859375 0.526909721875 0.3453125 0.589409721875 0.3484375 0.6380208328125 0.35625 0.6755208328125001 0.3609375 0.6796875 0.376171875 0.6789930562500001 0.3796875 0.67413194375 0.3859375 0.6532986109375 0.390625 0.6157986109375 0.38984375 0.5755208328125 0.3765625 0.5185763890625 0.37871845 0.46875 0.356297971875 0.46875
1 0.30402922499999996 0.46875 0.30703125 0.5407986109375 0.29765625 0.5755208328125 0.2921875 0.6157986109375 0.3015625 0.682465278125 0.3078125 0.6935763890625 0.323046875 0.6942708328125 0.3265625 0.6894097218749999 0.33359375 0.6671875 0.3390625 0.6171875 0.3375 0.5907986109375 0.325 0.53524305625 0.32787710312499996 0.46875 0.30402922499999996 0.46875
1 0.2596073546875 0.46875 0.253125 0.4782986109375 0.25546875 0.54913194375 0.240625 0.62274305625 0.25625 0.6630208328125 0.259375 0.6810763890625 0.25859375 0.7046875 0.26171875 0.7088541671874999 0.272265625 0.7095486109375 0.27734375 0.7032986109375 0.2875 0.639409721875 0.2859375 0.6032986109375 0.2734375 0.5505208328125 0.2765625 0.47274305625 0.273888578125 0.46875 0.2596073546875 0.46875
1 0.191046696875 0.46875 0.190625 0.48524305625 0.1953125 0.5060763890625 0.1953125 0.53524305625 0.18046875 0.6060763890625 0.18203125 0.6421875 0.202734375 0.620659721875 0.22578125 0.6157986109375 0.22421875 0.5880208328125 0.2125 0.53524305625 0.21590021250000002 0.46875 0.191046696875 0.46875
1 0.130546875 0.46875 0.1328125 0.5241319437499999 0.11953125 0.582465278125 0.12109375 0.6310763890625 0.12734375 0.6657986109375 0.13359375 0.6782986109375 0.150390625 0.6789930562500001 0.15390625 0.67413194375 0.1640625 0.614409721875 0.16328125 0.5782986109375 0.15 0.5213541671875 0.1534142125 0.46875 0.130546875 0.46875
1 0.0721034453125 0.46875 0.0734375 0.5130208328125 0.0625 0.5588541671875 0.0609375 0.594965278125 0.0703125 0.6560763890625 0.074609375 0.663715278125 0.0828125 0.664409721875 0.090234375 0.663715278125 0.09609375 0.6532986109375 0.10390625 0.61163194375 0.1046875 0.5685763890625 0.09140625 0.507465278125 0.0930498234375 0.46875 0.0721034453125 0.46875
1 0.2435084296875 0.46875 0.2453125 0.5296875 0.23515625 0.5671875 0.23125 0.6032986109375 0.23359375 0.62274305625 0.2375 0.6269097218749999 0.240625 0.6255208328124999 0.25546875 0.54913194375 0.2515625 0.47690972187499997 0.258447265625 0.46875 0.2435084296875 0.46875
1 0.294307915625 0.46875 0.29765625 0.49913194375 0.2859375 0.5505208328125 0.28359375 0.5755208328125 0.28829359375 0.638119125 0.2990637234375 0.6629999234375 0.29453125 0.63524305625 0.2921875 0.614409721875 0.29609375 0.5810763890625 0.30703125 0.53663194375 0.30414946875000004 0.46875 0.294307915625 0.46875
1 0.184322415625 0.46875 0.1859375 0.5060763890625 0.17421875 0.5630208328124999 0.171875 0.589409721875 0.1734375 0.6157986109375 0.1796875 0.632465278125 0.18125 0.601909721875 0.1953125 0.53524305625 0.19277674843749998 0.46875 0.184322415625 0.46875
0 0.205078125 0.6192708328125 0.189453125 0.633159721875 0.178125 0.66163194375 0.17421875 0.6880208328125 0.17734375 0.719965278125 0.184375 0.7407986109375 0.195703125 0.7567708328125 0.2140625 0.7685763890625 0.227734375 0.7664930562500001 0.247265625 0.7442708328125001 0.2546875 0.72413194375 0.25859375 0.694965278125 0.2578125 0.67413194375 0.25078125 0.6477430562500001 0.242578125 0.633159721875 0.224609375 0.6178819437499999 0.205078125 0.6192708328125
1 0.5485717546875 0.46875 0.548586309375 0.47450424375000005 0.5453125 0.48873887031249996 0.5453125 0.666871934375 0.5487477203125 0.680897971875 0.553025790625 0.6859375 0.5780983046875 0.6859375 0.583847378125 0.680033946875 0.5964937156250001 0.61827199375 0.599312309375 0.5682219296875 0.59670769375 0.5365278109375 0.579427403125 0.46875 0.5485717546875 0.46875
1 0.8466796875 0.46875 0.84375 0.4982638890625 0.84375 0.531597221875 0.85 0.569097221875 0.85625 0.5954861109375 0.86484375 0.606597221875 0.881640625 0.6072916671875 0.88984375 0.5982638890625 0.903125 0.521875 0.9010156640625 0.47518590312500003 0.8994178609375 0.46875 0.8466796875 0.46875