1 0.4952544875 0.45157948281250004 0.4952544875 0.3968066421875 0.48378420625 0.3493274921875 0.48512773124999997 0.27704465625 0.48234577968750003 0.26692008437500003 0.4767558171875 0.2601029265625 0.46692463125000006 0.26403695781250003 0.46320424375 0.274776025 0.46656438125 0.3478756828125 0.4588452078125 0.383254828125 0.45625 0.4064234015625 0.45625 0.413679265625 0.4566737734375 0.43795719375 0.45904802499999997 0.45457537031250006 0.4669861734375 0.49144269218750003 0.468370659375 0.4953125 0.48811258593750007 0.4953125 0.4952544875 0.45157948281250004
1 0.4381416625 0.475 0.4400114109375 0.475 0.4415292609375 0.46661623125 0.4415292609375 0.39088142812500004 0.4398486046875 0.3818597578125 0.4305723125 0.3500350734375 0.4305272515625 0.2767412453125 0.4246678484375 0.26369773125 0.41625369062499995 0.261502678125 0.40945144375 0.269864721875 0.4078125 0.278362453125 0.4078125 0.2818500984375 0.4122084375 0.3466801515625 0.4078125 0.3773639203125 0.4078125 0.3878602859375 0.41747077343749994 0.40198076718750003 0.43091372968749997 0.43351408906250005 0.4381416625 0.475
1 0.3716617734375 0.2600971671875 0.3609375 0.26350595 0.3609375 0.323306603125 0.36358694687500004 0.3502832359375 0.3627481328125 0.365625 0.38128909843750003 0.365625 0.38128909843750003 0.2777778640625 0.3781369625 0.2666927609375 0.3716617734375 0.2600971671875
1 0.3290413015625 0.3974439265625 0.332150940625 0.39421233125 0.332150940625 0.365308290625 0.326889340625 0.3432666484375 0.327621621875 0.2748754640625 0.32407627968749997 0.26271109375 0.316802521875 0.255480146875 0.30807769218750003 0.25882307187500003 0.3025569515625 0.27200494062499997 0.30725934375 0.347089828125 0.2984375 0.39451375 0.2984375 0.4370155828125 0.298675253125 0.4438239359375 0.307934521875 0.4828125 0.31150465 0.4828125 0.3128024171875 0.44624879375 0.3186679015625 0.4205987578125 0.3290413015625 0.3974439265625
1 0.2678754 0.35053380624999997 0.27222871875 0.28007250781250004 0.27032316875 0.269947940625 0.2624199546875 0.260460615625 0.25351730156249996 0.26349602499999997 0.24836735937499999 0.2752140703125 0.247099421875 0.2882073421875 0.24914156250000002 0.3501534515625 0.2421875 0.3787695453125 0.2421875 0.4863157921875 0.24487338125 0.4984375 0.26606615 0.4984375 0.274790115625 0.46138728437500004 0.278399978125 0.4335185828125 0.27750012343749997 0.3956010828125 0.2678754 0.35053380624999997
1 0.2142733609375 0.49100203125 0.217764290625 0.496875 0.22855045000000002 0.496875 0.22855045000000002 0.36431485 0.22375413281249998 0.34882621875000003 0.220560509375 0.2765312609375 0.214356965625 0.2622945734375 0.2083037703125 0.2587242171875 0.201775959375 0.26165958749999996 0.2015625 0.2621720875 0.2015625 0.30631793125 0.20296749531249997 0.3140531984375 0.2060458 0.34923838125 0.2015625 0.377192496875 0.2015625 0.44281165937500006 0.20213264999999997 0.44767747187499995 0.2142733609375 0.49100203125
1 0.17585905468750002 0.375039415625 0.1705375875 0.3551253546875 0.1680045734375 0.336670503125 0.1684477109375 0.2754108359375 0.16222681249999998 0.26128181875 0.15739373437499998 0.2586950421875 0.1493030296875 0.2636642296875 0.1464271328125 0.2735243953125 0.151386434375 0.33827554531250004 0.14947457656250002 0.36155102656250004 0.1453125 0.3814635125 0.1453125 0.44131177031249996 0.1473266359375 0.4599962875 0.15532356249999998 0.493074953125 0.15785465468749998 0.4953125 0.17461585468750002 0.4953125 0.17585905468750002 0.4936227609375 0.17585905468750002 0.375039415625
0 0.4239952953125 0.55 0.4246814453125 0.5486982765625 0.43252991406249996 0.5211629734375001 0.434287221875 0.5085593609375 0.434287221875 0.47101514843750003 0.4300983078125 0.441503034375 0.423476578125 0.42002488125 0.41371368906250006 0.397529875 0.40709821875 0.39132192187500003 0.40115894374999994 0.379118184375 0.38799265312500003 0.37040598281250003 0.36283803125 0.36783955 0.3477000453125 0.36783955 0.33652712500000004 0.3744612234375 0.333392221875 0.38871456875 0.3254728421875 0.39727596875 0.3152078921875 0.4205764078125 0.3079125796875 0.4499787171875 0.3078125 0.4666963328125 0.3078125 0.4952251703125 0.3150640125 0.5316269 0.323386734375 0.55 0.4239952953125 0.55
1 0.8229341703124999 0.5012796093749999 0.8229341703124999 0.37832421250000003 0.808545328125 0.33066728749999996 0.8037904156250001 0.301773775 0.8051506734375 0.214000621875 0.803264875 0.202998771875 0.79479906875 0.1945446125 0.78159864375 0.19825110625 0.7759615359375001 0.20629972031250002 0.7732810734375001 0.2217960203125 0.781780765625 0.325580275 0.76875 0.404316221875 0.76875 0.4427354453125 0.7688499921874999 0.44617195781249996 0.7790198328125 0.49973768906249993 0.78840326875 0.528125 0.815010025 0.528125 0.8173684968749999 0.5262821015625 0.8229341703124999 0.5012796093749999
1 0.4131502359375 0.55 0.409375 0.5727526796875 0.409375 0.618402625 0.4120106484375 0.6501618640625 0.41560695625 0.6625 0.47404399531249997 0.6625 0.474648740625 0.6617757265625 0.474648740625 0.5553452796875 0.47371685 0.55 0.4131502359375 0.55
1 0.3466246671875 0.55 0.344340296875 0.560823546875 0.3390625 0.59743953125 0.3390625 0.6596612296875 0.339342609375 0.6609375 0.402700678125 0.6609375 0.402700678125 0.5704277609374999 0.39739619843749996 0.55 0.3466246671875 0.55
1 0 0.55 0 0.6609375 0.0416575125 0.6609375 0.0416575125 0.55 0 0.55
2 0.6 0.6755155921875 0.5974447109375001 0.675512946875 0.548470215625 0.677863415625 0.541650896875 0.680838203125 0.5354493828125 0.6782422859375 0.33077804375 0.6832721546875 0.2812503890625 0.6874896296874999 0 0.6925344453125 0 0.795622390625 0.07794238437499999 0.7933544984375 0.10758140000000001 0.795268459375 0.28313455625 0.788309471875 0.29089856875 0.790859928125 0.321676221875 0.7871880265625 0.3518199046875 0.7900127546875 0.517965740625 0.7851784078125 0.5441043796875 0.7788651171875 0.5481579125 0.7852253578124999 0.5668271015624999 0.7893094203125 0.57114913125 0.795199121875 0.5767203234375 0.8339061546875 0.5834525734375 0.8508311984375 0.59146738125 0.853125 0.6 0.853125 0.6 0.6755155921875
1 0.8984732687499999 1 0.89832389375 0.9948662984375 0.9030382171875001 0.9416514796875 0.9025622078125 0.9073558 0.894897828125 0.8860882109375 0.8842656265625 0.8794092093749999 0.8729150609375 0.8839141578125 0.863858890625 0.904495340625 0.8637062999999999 0.9351237359375 0.8697947687500001 0.9829441031249999 0.8704569062499999 1 0.8984732687499999 1
1 0.827322496875 1 0.8232953265624999 0.8935851421875001 0.8173438328125 0.879521475 0.8053675218749999 0.872781440625 0.7940358265625 0.8827384046875 0.7921875 0.8906260828124999 0.7921875 0.9105649734375 0.8007357171875 0.9822906093749999 0.8011428390625 1 0.827322496875 1
1 0.7716134859375 1 0.7669143625 0.9821314687499999 0.7656498421875 0.96081395 0.7672621203125 0.8878355812500001 0.760674359375 0.8704618953125 0.7528791859374999 0.865625 0.752466665625 0.865625 0.7419566921875 0.870623815625 0.7370537890625 0.8866046859375001 0.7435738625 0.9839542421874998 0.7403426093750001 1 0.7716134859375 1