1 0.1770520625 0 0.1751302609375 0.04230186875 0.1692413203125 0.07825385781250001 0.14510889062500001 0.13729411875 0.1421875 0.1530302953125 0.1421875 0.2741353390625 0.14460808125 0.28107821718750003 0.156618109375 0.2890625 0.1682971515625 0.2890625 0.1754593734375 0.28267057812499996 0.19566939375 0.22490554375 0.2023557453125 0.1875874015625 0.20358950937500003 0.14872124375 0.19642345625 0.09293836562499999 0.196665875 0.0721050328125 0.20986080624999998 0.012746525 0.21120778593749998 0 0.1770520625 0
1 0.4712847703125 0 0.488924175 0.0574151765625 0.48783942500000005 0.11300709375 0.49238937031249996 0.1561535578125 0.5060815562500001 0.197321228125 0.509375 0.2021699546875 0.509375 0.0320575109375 0.508892553125 0.031235373437500002 0.5035686171875 0 0.4712847703125 0
1 0.6312650109375 0.4796875 0.6266583375 0.4566471515625 0.6289575453125 0.4057030390625 0.633767403125 0.3722423890625 0.6346404234375 0.3472423890625 0.6329127640625 0.3371299578125 0.62732735625 0.3257650453125 0.621206690625 0.32227959687499996 0.6064616875000001 0.327418484375 0.59932075625 0.3457013875 0.5976324109375 0.3642562828125 0.6005450265625 0.42981514374999996 0.5990541703125001 0.4576111125 0.59307119375 0.4796875 0.6312650109375 0.4796875
1 0.7185540484375 0.4796875 0.709546446875 0.435919634375 0.709208775 0.4201637390625 0.7155628390625 0.36662673749999997 0.716960053125 0.336101490625 0.71268919375 0.3225467515625 0.7045407609375001 0.3140625 0.703335034375 0.3140625 0.6961087203125 0.3146543921875 0.68926246875 0.3209388625 0.68362671875 0.335131590625 0.6775133609375 0.412757821875 0.6736412703125 0.432096184375 0.6546875 0.47585598593749995 0.6546875 0.4796875 0.7185540484375 0.4796875
1 0.5673049765625 0.4796875 0.5595229046875 0.4340303296875 0.5590128421875 0.42012325937500006 0.5705357984375 0.33685053125 0.5689139062499999 0.323857265625 0.565153365625 0.3150094546875 0.5572662953124999 0.309375 0.5571870640625 0.309375 0.5492180203125 0.312043803125 0.5393262640625001 0.3290734359375 0.5369110453125 0.35406737499999996 0.5379608671875 0.3883690578125 0.5350437375 0.4337454890625 0.5328125 0.441334228125 0.5328125 0.4796875 0.5673049765625 0.4796875
1 1 0.320066878125 0.9835682796875 0.3216890921875 0.9778876624999999 0.34187860625 0.9769408609374999 0.3704804484375 0.9759941234374999 0.4142243828125 0.9703134421874999 0.452920953125 0.9650212640625 0.4796875 1 0.4796875 1 0.45858500625 0.9977698546875 0.43777880625 1 0.41400057968750004 1 0.320066878125
1 0.3423601234375 1 0.34187152187500003 0.942990259375 0.3178433140625 0.8683659234375 0.341518821875 0.698856221875 0.31823840312499996 0.66637650625 0.26474986562499997 0.6726833921875001 0.23438654374999998 0.7159144375000001 0.2435293859375 0.8354488265625001 0.209375 0.9430326875 0.209375 1 0.3423601234375 1
1 0.49991527500000005 1 0.503954946875 0.9293345875 0.47868460781250005 0.8085586687500002 0.5069544625 0.671556809375 0.495771240625 0.6535990484375 0.456231221875 0.636736296875 0.42506839531249996 0.6402754984375 0.40023608125 0.6728975734375 0.407573496875 0.8064895468750001 0.3609375 0.90742106875 0.3609375 1 0.49991527500000005 1
1 0.1779660078125 1 0.17473100625 0.9643389562500001 0.147324471875 0.9150880562499999 0.144554809375 0.88413881875 0.1672607921875 0.710695328125 0.1405609703125 0.6814702859375 0.121629646875 0.68125 0.10029413281249999 0.68125 0.0647017890625 0.713950309375 0.07599013125000001 0.826384696875 0.064563928125 0.8918832328124999 0.0453125 0.948250875 0.0453125 1 0.1779660078125 1
1 0.22694444374999997 0.6357291671875 0.2313888890625 0.7157291671875 0.26027777812499997 0.6690625 0.324722221875 0.6623958328125 0.300277778125 0.6157291671875 0.24694444375 0.6157291671875 0.22694444374999997 0.6357291671875
1 0.144722221875 0.6823958328125 0.1691666671875 0.706840278125 0.17361111093749998 0.666840278125 0.1536111109375 0.6379513890624999 0.084722221875 0.64461805625 0.07805555625 0.6957291671875 0.144722221875 0.6823958328125
1 0.16472222187500002 0.65350694375 0.17361111093749998 0.6223958328125 0.1536111109375 0.59350694375 0.10027777812500001 0.5979513890625 0.080277778125 0.626840278125 0.08249999999999999 0.6423958328125 0.1358333328125 0.6335069437499999 0.16472222187500002 0.65350694375
1 0 0.616984721875 0.011388889062500001 0.6201736109375 0.01805555625 0.65350694375 0.02694444375 0.9957291671874999 0.0491666671875 0.96461805625 0.0758333328125 0.8268402781249999 0.040277778125000004 0.7201736109375 0.040277778125000004 0.6001736109375 0.020277778125 0.5801736109375 0 0.5801736109375 0 0.616984721875
1 0.771795459375 0.6745676875 0.7679645765625001 0.6837182328125 0.768368284375 0.7391919437500001 0.7625 0.75642039375 0.7625 0.8375 0.7783820484375 0.8375 0.7868377453125 0.7912603953125 0.7861482625 0.7663149578125 0.7793542859375 0.7374211109375001 0.784419328125 0.681756425 0.7789237109375 0.6715443734375001 0.771795459375 0.6745676875
1 0.7395288265625 0.7244326328125 0.7432194703125 0.6759124484375001 0.7405416578125 0.6709717765625001 0.7260481296875 0.6740234546874999 0.727874721875 0.7185360953125001 0.721875 0.7461240890624999 0.721875 0.8110057125000001 0.7258839515625001 0.828125 0.738300678125 0.828125 0.7399115609375 0.825866984375 0.7473953234375 0.7871826859375 0.7476377421875 0.7663493515625 0.7395288265625 0.7244326328125
1 0.8585159000000001 0.6776955296875 0.8541245968750001 0.6731080265625 0.8524068109374999 0.6731080265625 0.8482321328125 0.6741005828125 0.84413766875 0.6816985640625 0.8421875 0.7380612265625001 0.8421875 0.8390625 0.8466541203125001 0.8390625 0.8539257984375 0.8208238078125 0.858945184375 0.79586016875 0.859953078125 0.7722399703124999 0.8532091703125 0.7374086609375 0.8600177 0.6888339125 0.8585159000000001 0.6776955296875
1 0.91953125 0.761284721875 0.92421875 0.766840278125 0.91640625 0.7723958328125 0.9140625 0.7848958328125001 0.915625 0.811284721875 0.92265625 0.8223958328125001 0.92421875 0.8376736109374999 0.928125 0.8432291671875 0.932421875 0.8439236109374999 0.93828125 0.8348958328125 0.94140625 0.8015625 0.93984375 0.7723958328125 0.9421875 0.766840278125 0.9359375 0.7390625 0.93828125 0.68350694375 0.933984375 0.6744791671875 0.926171875 0.6744791671875 0.921875 0.68350694375 0.92421875 0.7335069437499999 0.91953125 0.761284721875
1 0.890625 0.6960069437499999 0.890625 0.73211805625 0.8876095828124999 0.749015096875 0.88515625 0.7626736109375 0.8765625 0.7876736109375 0.878125 0.8223958328125001 0.88359375 0.8446180562500001 0.8875 0.8473958328125001 0.894921875 0.8467013890625001 0.9 0.8390625 0.90859375 0.8029513890625001 0.9078125 0.7807291671875 0.9051559296875 0.7646054437500001 0.9015625 0.74461805625 0.90546875 0.7015625 0.896484375 0.6883680562500001 0.890625 0.6960069437499999
0 0.8096258734375 0.7605634968749999 0.8024773671875 0.7646054437500001 0.79609375 0.7751736109375 0.7921875 0.79461805625 0.7920795500000001 0.81368611875 0.79609375 0.83211805625 0.8005277812500001 0.8431345390625001 0.81015625 0.854340278125 0.81742424375 0.8558377765625 0.825390625 0.855034721875 0.8313963359375001 0.85006355625 0.83724511875 0.8425571015625 0.84140625 0.8182291671874999 0.8421875 0.79461805625 0.83828125 0.773784721875 0.8323711406250001 0.7634506062499999 0.823273025 0.7594086609375 0.8096258734375 0.7605634968749999