2 0.61875 0.21069725 0.6176186343750001 0.209375 0.60128316875 0.209375 0.6000806125 0.2117776734375 0.5998219390624999 0.21918508124999997 0.6026882671875 0.2266652234375 0.598636509375 0.2307409703125 0.5783886765624999 0.228416340625 0.5733096859375 0.2245914125 0.57296494375 0.212073228125 0.5702592109375 0.209375 0.5607230734375 0.209375 0.5560863578124999 0.21029035624999998 0.55550435 0.22695702187500003 0.53831685 0.2265569796875 0.5233096859375 0.22342764843750001 0.521176103125 0.217354578125 0.5240066125 0.21093371093750002 0.5196280265625 0.20944177968750002 0.5196024390625 0.209375 0.5117691609375 0.209375 0.511538946875 0.20971684218750003 0.5105330968749999 0.223593609375 0.5054073484375 0.2285710375 0.43304384375 0.22596008125 0.420967675 0.2284590390625 0.40755534375 0.22444015 0.3326846859375 0.218990803125 0.3125338515625 0.21388839375000002 0.24430468906249997 0.21230034375 0.23751942812500002 0.22001918125 0.23567988125 0.287623896875 0.22739679218750003 0.293454515625 0.196875 0.29361912343749996 0.196875 0.35304797187500003 0.209055728125 0.37086861875 0.2249105609375 0.37957775 0.24004705624999997 0.3790033765625 0.25977057187499997 0.366488946875 0.2701658375 0.3449539546875 0.276674509375 0.3376920171875 0.2811286953125 0.314628728125 0.2863514484375 0.306873521875 0.2911036125 0.305130771875 0.478441946875 0.3141245125 0.54699794375 0.3212802421875 0.6063729437500001 0.3226622109375 0.618222775 0.3266447328125 0.61875 0.3261393390625 0.61875 0.21069725
1 0.61875 0.18755625468749998 0.6180718625 0.186493709375 0.6105634203125 0.184375 0.6086550765625 0.184375 0.6041387406250001 0.1882058953125 0.6015625 0.19429068124999999 0.6015625 0.22667417343750002 0.6040823140625 0.23156654687499997 0.6074892953125001 0.2322860421875 0.6125583265625 0.2328125 0.61875 0.2328125 0.61875 0.18755625468749998
1 0.61875 0.3382521734375 0.5953125 0.3384751265625 0.5953125 0.395957865625 0.5958254765625 0.4010442546875 0.5956429984375 0.43072844843749997 0.6058307359375 0.4702522578125 0.6095242187500001 0.478125 0.61875 0.478125 0.61875 0.3382521734375
1 0.5546875 0.2296875 0.576106265625 0.2296875 0.5771290125 0.2284770515625 0.5773490140625 0.20443328906249997 0.570500553125 0.19122710468749998 0.559563053125 0.19154535156250002 0.5546875 0.1996040453125 0.5546875 0.2296875
1 0.58604554375 0.47077936875 0.590625 0.442373559375 0.590625 0.3667664515625 0.5893601234375 0.3567207640625 0.58267535625 0.336952765625 0.5482033546875 0.334975075 0.5453125 0.3396358296875 0.5453125 0.34263567031250003 0.5514616484375 0.39096328593749996 0.5506323656250001 0.4567767640625 0.5577553843749999 0.4816312921875 0.5612955125 0.484375 0.5817755390625 0.484375 0.58604554375 0.47077936875
1 0.5109375 0.20505729687500002 0.5109375 0.23125 0.533910734375 0.23125 0.5355302656250001 0.20774415624999998 0.528239321875 0.1938480359375 0.5219320125 0.1927253953125 0.5200687078125 0.1927253953125 0.5150566999999999 0.1958674375 0.5109375 0.20505729687500002
1 0.5458611703125 0.38985162500000003 0.5422882875 0.34382216875 0.5377500656249999 0.335256325 0.507064025 0.33576163281250004 0.5034414171875 0.3410119046875 0.4984122359375 0.3597244890625 0.496875 0.36924219062499997 0.496875 0.4595384046875 0.49909902187500005 0.478877834375 0.50311866875 0.4921875 0.526556046875 0.4921875 0.531175059375 0.4820034578125 0.5388482078125 0.45115680156250004 0.5458611703125 0.38985162500000003
1 0.9978275906249999 0.5890625 0.9978275906249999 0.49582230000000005 0.986464125 0.45454810468750007 0.9856513859374999 0.4146969140625 0.987834271875 0.3719588171875 0.9865404999999999 0.344181040625 0.9833757015625 0.3322349421875 0.9780180890625001 0.32361143124999997 0.9658232953125001 0.3194001234375 0.9592680890625 0.3242661953125 0.9525569578124999 0.3425854765625 0.9603793328125001 0.454531575 0.947122921875 0.517132434375 0.946875 0.5237106640625 0.946875 0.5587357749999999 0.9547135859375 0.5890625 0.9978275906249999 0.5890625
1 0.9520278781249999 0.5890625 0.9341702999999999 0.5231121109375 0.932420775 0.48793904843749997 0.9365078828125 0.41092960312500004 0.9359651812500001 0.3655349875 0.9305339984375 0.3443477921875 0.919388071875 0.33117037968749996 0.902200571875 0.331570425 0.89269274375 0.3429118625 0.8882136734374999 0.35645295312499997 0.887879865625 0.39167450625 0.891159559375 0.4258852734375 0.8954844078124999 0.4452448609375 0.8987213000000001 0.5230105171874999 0.885971103125 0.5890625 0.9520278781249999 0.5890625
1 0.8583426015625001 0.5890625 0.8679051125000001 0.556159471875 0.8572061156250002 0.461700565625 0.8582846968750001 0.44318204687499996 0.869477709375 0.3676504765625 0.8704668906249999 0.34169421718750004 0.8685098703125 0.3304314296875 0.8611649984374999 0.31746123593750003 0.8535282984375 0.3150411734375 0.8487548140625 0.3150411734375 0.8406367828124999 0.319981871875 0.8325539125000001 0.337627903125 0.829732590625 0.3681227890625 0.8301781500000001 0.4322543578125 0.8270871828124999 0.467378871875 0.81875 0.49730870625 0.81875 0.5890625 0.8583426015625001 0.5890625
1 0.801413575 0.5890625 0.803229946875 0.571677996875 0.806782878125 0.551186334375 0.8237779249999999 0.4875684015625 0.82420918125 0.4783091421875 0.8180354578125 0.44348783125 0.8193723546874999 0.414784125 0.8268232265625001 0.3663933953125 0.8288965828125001 0.3330358046875 0.8241825328125 0.3170868109375 0.8141108703125 0.31016456875 0.8033923250000001 0.3171312125 0.7959547062500001 0.33734184843750004 0.794226353125 0.363292034375 0.7953244484375 0.406665 0.79268713125 0.4409727765625 0.7867489843750001 0.4680429515625 0.7828125 0.4755169640625 0.7828125 0.5890625 0.801413575 0.5890625
1 0.780375 0.5890625 0.7786458328125 0.5506365734374999 0.7796875 0.522858796875 0.7822916671875 0.5015625 0.7953125 0.4534143515625 0.7953125 0.44137731406249997 0.790625 0.42008101875000003 0.790625 0.3811921296875 0.7947916671875 0.3265625 0.7927083328125 0.3163773140625 0.78359375 0.3057291671875 0.7721354171875 0.3094328703125 0.7677083328125 0.32008101875 0.7682291671875 0.41822916718750003 0.7536458328125 0.473784721875 0.7510416671875 0.5034143515625 0.7536458328125 0.5506365734374999 0.7608506937499999 0.5890625 0.780375 0.5890625
0 0.408203125 0.901215278125 0.384765625 0.883159721875 0.373828125 0.8859375 0.36328125 0.8977430562500001 0.3546875 0.9213541671875 0.35390625 0.94913194375 0.35859375 0.97274305625 0.3671875 0.976909721875 0.404296875 0.9776041671875 0.409375 0.97274305625 0.41484375 0.94913194375 0.41484375 0.932465278125 0.408203125 0.901215278125