1 0.41875 0.22353687500000002 0.4147310609375 0.209142234375 0.41181576093750005 0.148053853125 0.41301118593749997 0.0479174609375 0.40930417343750003 0.0313417234375 0.3991262890625 0.01982031875 0.3734420421875 0.0233482546875 0.36589368125 0.042336940625 0.3666159625 0.08541522968750001 0.37373374843749996 0.1324783265625 0.3766438140625 0.2158116578125 0.3625 0.298002309375 0.3625 0.3628681625 0.36780373125 0.43295570000000005 0.38790129375000004 0.515788928125 0.39423846406249996 0.5203125 0.41875 0.5203125 0.41875 0.22353687500000002
1 0.3364172359375 0.40970700156250006 0.333222803125 0.3217699578125 0.313961628125 0.22296345781250002 0.31463541093749997 0.181242159375 0.32389247656250003 0.095568090625 0.32417825 0.06495790625 0.319022140625 0.0444092890625 0.30861938125 0.0323632515625 0.29640203125000003 0.0323632515625 0.286452146875 0.0351703703125 0.274911 0.062905084375 0.273649971875 0.0990161953125 0.27727568125 0.1521763875 0.274317115625 0.23689860937499999 0.2609375 0.290918934375 0.2609375 0.5292160984375001 0.26428262812500003 0.5466754625 0.2675564953125 0.553125 0.30524769375 0.553125 0.3104733796875 0.547120871875 0.3279846890625 0.4717699578125 0.3364172359375 0.40970700156250006
1 0.205243709375 0.3401365234375 0.22889002656250002 0.3730527484375 0.24734913593750002 0.42436387656249996 0.2526481984375 0.45391295625000005 0.2540248515625 0.485966659375 0.2563312796875 0.4875 0.2563720234375 0.4875 0.2618858328125 0.4781796296875 0.2592860546875 0.38768333125 0.230414665625 0.24532959999999998 0.23072171875 0.1925518234375 0.2381731453125 0.1208212734375 0.2367964921875 0.08876756875 0.2322140359375 0.07038423125 0.22486084375 0.0580596875 0.218674453125 0.05625 0.202869971875 0.05625 0.19158095625 0.06893234375 0.18678033125 0.08804900624999999 0.1928338625 0.256596234375 0.1859375 0.289080946875 0.1859375 0.32928736875000003 0.205243709375 0.3401365234375
1 0.1870111625 0.1949994796875 0.1865193125 0.0661602984375 0.1812378703125 0.0423672515625 0.17226625625 0.028790740625 0.14508429375 0.0302949625 0.13735376875 0.0514042859375 0.152529746875 0.21832566562500003 0.13669408125 0.3076209859375 0.1359375 0.316744675 0.1359375 0.34150458906250003 0.13610386875 0.3421875 0.13906779375 0.3421875 0.1655205171875 0.3276627328125 0.1898140484375 0.32631835625 0.1898140484375 0.206710303125 0.1870111625 0.1949994796875
1 0.2638674765625 0.346875 0.28023638125 0.2682155984375 0.28023638125 0.223840484375 0.2698673390625 0.1916909953125 0.267262384375 0.1320506609375 0.270955915625 0.0748605546875 0.27018013281250003 0.0304161109375 0.2665554140625 0.02435035625 0.23376715625000002 0.0274588765625 0.228125 0.0317314296875 0.228125 0.0624643796875 0.2358239078125 0.0780919046875 0.2410689984375 0.10979068593750001 0.23578325625000002 0.21015918125000002 0.23817002187499997 0.25729951562500003 0.260885275 0.346875 0.2638674765625 0.346875
1 0.0954702125 0.5642275999999999 0.0854217578125 0.5013273390624999 0.0858528234375 0.4527890015625 0.0941610390625 0.4073923171875 0.1087140625 0.374250771875 0.1087140625 0.318120315625 0.0879057546875 0.23922759999999998 0.0859284140625 0.18780232187499998 0.089813153125 0.12000147812499999 0.08887567656249999 0.0797237 0.0776337765625 0.0493713609375 0.06876572656249999 0.042996159374999995 0.06377516875 0.042996159374999995 0.05103895000000001 0.046745303125 0.04183904375 0.0705960171875 0.042512496875 0.13305962968750001 0.0505997140625 0.24581434062500002 0.0303679703125 0.3489257765625 0.0296875 0.367003128125 0.0296875 0.41733227656249994 0.0318819203125 0.4475005 0.0408905078125 0.4992532625 0.0572212890625 0.563833509375 0.0638175046875 0.56875 0.0923669515625 0.56875 0.0954702125 0.5642275999999999
1 0 0.4488881109375 0.012690292187499999 0.5015607625 0.018063965625 0.5046875 0.0384499125 0.5046875 0.039317446875 0.5023257546875 0.031187085937499998 0.4556363296875 0.027259326562500002 0.387758371875 0.031531984375 0.3359550828125 0.044531896875 0.269835959375 0.044531896875 0.2038670953125 0.040966353125 0.169670915625 0.039678692187499996 0.080722825 0.0430030609375 0.055426826562499996 0.042744446874999995 0.0443157171875 0.0390510234375 0.036943225 0.0007697734375000001 0.039844004687500004 0 0.041063284374999995 0 0.10251193125 0.0050665890625 0.14039045156250002 0.006650596875 0.208446003125 0 0.241095121875 0 0.4488881109375
0 0.2009483015625 0.60708885 0.22354099062500002 0.5702874812500001 0.236222375 0.5348865640625 0.2421681546875 0.5059930515625 0.2436078265625 0.4404967484375 0.23304166406250001 0.3895134046875 0.21833288125 0.35847773906249997 0.2046545765625 0.3407731 0.1790800328125 0.3269131890625 0.1383055984375 0.3269131890625 0.107298259375 0.352109125 0.0827545890625 0.3943567921875 0.0765625 0.4124221453125 0.0765625 0.5707357796875 0.076670278125 0.5711827203125 0.10222372187499999 0.6155378406249999 0.135362828125 0.6375 0.1412369203125 0.6375 0.16687751875 0.6340156765625 0.2009483015625 0.60708885
0 0.5552549328125 0.40516905937500003 0.55697664375 0.395574078125 0.55697664375 0.3629910046875 0.5530098328124999 0.3458916125 0.540191 0.3255567875 0.531791578125 0.320093 0.51447385 0.320093 0.504909046875 0.328949640625 0.4972806671875 0.34394550625 0.4953125 0.3556816734375 0.4953125 0.391451784375 0.5002082531250001 0.408796696875 0.5146434656250001 0.4310379359375 0.5150801671874999 0.43125 0.5380510468749999 0.43125 0.5471865453125 0.42292451406250003 0.5552549328125 0.40516905937500003
1 0.4633097828125 0.2154818953125 0.4633097828125 0.16431599218749998 0.4546123296875 0.1330236359375 0.45317172031249997 0.099234915625 0.44049213906249995 0.10192102343750001 0.44113533125000004 0.1352695109375 0.4361175140625 0.15580658125 0.434375 0.1716798140625 0.434375 0.19621598125 0.4380540671875 0.2261921046875 0.44218491093749995 0.2399749140625 0.44273209218750004 0.240625 0.4590368890625 0.240625 0.459896734375 0.22462968437500003 0.4633097828125 0.2154818953125
1 0.6356891593749999 0.2271246734375 0.6437542109375001 0.228125 0.6443421046875001 0.228125 0.648839328125 0.22433147656250002 0.6564796921875 0.18495370312499998 0.6573527109375 0.15995370312499999 0.6498565734375 0.1204456703125 0.6506002578125 0.099149375 0.6460570234375 0.096875 0.644113409375 0.096875 0.6380679234375 0.099201215625 0.6364442453125 0.1157950421875 0.6296875 0.138006459375 0.6296875 0.21787771562499997 0.6310986609375 0.2240191140625 0.6356891593749999 0.2271246734375
1 0.62427618125 0.1631347484375 0.61666299375 0.1283291859375 0.6178716546875 0.0996983234375 0.613975803125 0.097597559375 0.6096442984375 0.097597559375 0.603288321875 0.0986785578125 0.60309439375 0.13201189062500002 0.5984375 0.1540500984375 0.5984375 0.22856522968749998 0.6009124015625 0.2383841109375 0.6048586453125 0.2421875 0.6165888749999999 0.2421875 0.6191415703125001 0.23965881875 0.6256232031250001 0.20028104687499998 0.62427618125 0.1631347484375
1 0.57116666875 0.235731771875 0.576411915625 0.25444435625 0.5812612015624999 0.25744045781249997 0.5847222359375 0.2578125 0.5892637203125 0.2578125 0.5930218578125 0.2538840140625 0.5930218578125 0.173605846875 0.5847394796875001 0.14771617812499999 0.58407243125 0.1005909890625 0.581019096875 0.097216828125 0.5736799046875001 0.096875 0.5698779125 0.096875 0.5663640984375 0.099766209375 0.5703704203125 0.123961575 0.5710360265625 0.1443076859375 0.565625 0.1704751078125 0.565625 0.1977436953125 0.57116666875 0.235731771875
1 0.56339666875 0.099399253125 0.55870916875 0.0996449140625 0.5574636515625 0.10295389375 0.5572014125 0.11779600937500001 0.5515625 0.14660119375 0.5515625 0.17618568750000002 0.5545512796875001 0.190625 0.560273315625 0.190625 0.5691122843749999 0.1431214265625 0.569374525 0.12827931875 0.565829309375 0.104369015625 0.56339666875 0.099399253125
1 0.5489211093749999 0.271875 0.551808540625 0.2692340484375 0.5566959453125 0.23897684375 0.5566959453125 0.19837571874999999 0.556248246875 0.19174736875 0.54590344375 0.14964405625 0.5492942640624999 0.1165047859375 0.547072653125 0.099290253125 0.5437622546875 0.09913606875 0.5303168625 0.09913606875 0.5296875 0.10352890781249999 0.5296875 0.10934228593749999 0.53496594375 0.1491346328125 0.5296875 0.180995515625 0.5296875 0.24919904375000002 0.5324299515625001 0.263706865625 0.5375753703124999 0.271875 0.5489211093749999 0.271875
1 0.5336531296875 0.1626454296875 0.5336531296875 0.1380082890625 0.5292381671874999 0.0988861 0.5217184125000001 0.1008472515625 0.5224727031249999 0.133254659375 0.5140625 0.16853833437500002 0.5140625 0.2034517609375 0.514257859375 0.2062267421875 0.5211036203124999 0.2375 0.526375621875 0.2375 0.5248900375 0.21469667343749999 0.5263699374999999 0.1886128828125 0.5336531296875 0.1626454296875
1 0.50151271875 0.1094492390625 0.5009286671875 0.1007592296875 0.48433346093749996 0.10441327656249999 0.48414106874999996 0.138459959375 0.4796875 0.1547453640625 0.4796875 0.259375 0.48611158281249994 0.259375 0.490167071875 0.25477709531250003 0.500339125 0.212557728125 0.502161353125 0.183896540625 0.4961037453125 0.150360040625 0.496271403125 0.13563025625 0.50151271875 0.1094492390625
1 0.488282096875 0.1267764609375 0.4863604140625 0.121160284375 0.486270646875 0.10633031562499999 0.482566459375 0.0992722125 0.47996229375 0.0991964390625 0.4769225890625 0.10513160625 0.47599763125 0.11900533906249999 0.4703125 0.142681546875 0.4703125 0.2188185765625 0.4719425796875 0.2265625 0.4743104625 0.2265625 0.475503503125 0.2255625953125 0.477919196875 0.1783706828125 0.48730325468749996 0.1425020453125 0.488282096875 0.1267764609375
2 0.0677067703125 0.7578270234375 0.0764975078125 0.7609375 0.07689577343750001 0.7609375 0.085828078125 0.7568242078124999 0.08918378593750001 0.7609375 0.11817625000000001 0.7609375 0.11817625000000001 0.7449740359375 0.1165025953125 0.743939978125 0.114525678125 0.71891571875 0.10951460312500001 0.713141840625 0.1058680484375 0.69958249375 0.10186316875000001 0.70216620625 0.1003184046875 0.69793889375 0.099868515625 0.681296484375 0.10315530312500001 0.6842198125000001 0.10306590156249999 0.6916029609375001 0.10570626093749999 0.696804715625 0.10723256875 0.691797028125 0.1059028 0.6778838796875 0.1117213671875 0.6707675703125 0.11053565000000001 0.6637867390625 0.08893928437500001 0.6608109375 0.034975125 0.6608109375 0.0364339859375 0.6667992984375 0.0429713671875 0.6675654875 0.034375 0.6704452359374999 0.034375 0.67889940625 0.0364886359375 0.6811147625 0.034375 0.6834136875000001 0.034375 0.7062460328125 0.037228790625 0.75179041875 0.0584935578125 0.760168153125 0.0677067703125 0.7578270234375
2 0.41875 0.6821430328125 0.25743357499999997 0.69059726875 0.18039872968749998 0.6974148140625 0.155871075 0.69591993125 0.12366021875 0.7022418984375001 0.1234375 0.70339146875 0.1234375 0.78924035625 0.129459259375 0.79554205 0.1700357703125 0.7906352046875 0.2096837515625 0.7922644359375 0.21223943125 0.7893501796875 0.2518066015625 0.7863497796875001 0.29562125156249996 0.787760640625 0.3055817328125 0.790945725 0.311278578125 0.7887936234375 0.3144520609375 0.7914076265625 0.32586190937500004 0.7880293421875 0.3290353953125 0.790643346875 0.3696603953125 0.7885142796875 0.41875 0.7796238296875 0.41875 0.6821430328125
1 0.9928044171875001 1 0.98366975625 0.9737670734374999 0.988137703125 0.8742095453125 0.9938696218749999 0.8487645781250001 0.992282315625 0.8033100328125 0.9746603234375 0.7726463531250001 0.9465298093750001 0.7633535953124999 0.9256597375 0.7723869125 0.9089489828125 0.8057347859374999 0.9089195906249999 0.8428103109375 0.9253511203125001 0.9720935484375 0.917103478125 1 0.9928044171875001 1
1 0.8546543140625001 1 0.8691128265625 0.8993377484374999 0.8708177093749999 0.8505161984375 0.8637630421875 0.8247086984375 0.8421875015625 0.8045260109375001 0.8033550765624999 0.8045260109375001 0.793892375 0.8130724171875 0.7811057765625 0.8374924796875 0.778430878125 0.8761205234375 0.78921863125 0.9848820843749999 0.7886907015625 1 0.8546543140625001 1
1 0.80830950625 1 0.8078001203125 0.9912541749999999 0.7895719171875 0.90477950625 0.7855036859375 0.857579853125 0.792899940625 0.8260245749999999 0.8105521046874999 0.805882175 0.8105521046874999 0.788684203125 0.8104859984375 0.7882281578125 0.8002462109374999 0.7709618859375 0.7766252921875 0.7550304156250001 0.7702412781250001 0.7550304156250001 0.7475562953124999 0.76095260625 0.7318072875 0.7963161828125 0.734062503125 0.835036721875 0.7542998296875 0.9333575078124999 0.7550361875 0.9686494375000001 0.7462255875 1 0.80830950625 1
1 0.679316796875 1 0.6812397578125 0.988816246875 0.697730271875 0.9475110171875001 0.7050202953125 0.91005804375 0.7045207375 0.8814385156250001 0.689882715625 0.8013236593749999 0.6890599171874999 0.7541856124999999 0.7050800609375 0.7238578015625 0.717659578125 0.714705690625 0.717659578125 0.7079492890625 0.71589735625 0.6988577859375 0.7057269421875001 0.685067940625 0.688384246875 0.6775516234375 0.6673377687500001 0.6853947890625001 0.6499654890625 0.7141084203125 0.6505825859375 0.7494619546875001 0.6666609046875 0.8362414953125 0.6671310765625 0.8631775234375001 0.6410282765625 0.960592890625 0.6390625 0.9773684546875 0.6390625 1 0.679316796875 1
1 0.7379148328125 1 0.7490536390625 0.961977925 0.7307809015625001 0.8013675765624999 0.739374034375 0.77317930625 0.7629837421875 0.7533167109375001 0.7629837421875 0.7500617234375 0.753508115625 0.7275915015625001 0.7280623687500001 0.712952934375 0.70320438125 0.7235668921875 0.68871764375 0.7540031796875 0.7067944625 0.9061960203125 0.6793524375000001 1 0.7379148328125 1
1 0.8658932109374999 0.7180037421875001 0.859728059375 0.699495371875 0.8374912296874999 0.6834724359375001 0.80994855625 0.6956783171875001 0.7990774171874999 0.712523559375 0.7984375 0.7152584140625 0.7984375 0.7709899078125 0.8100607703125 0.7858960078124999 0.8151340843749999 0.8046875 0.8462846531250001 0.8046875 0.846314128125 0.7494194734375 0.8658932109374999 0.7222110296875 0.8658932109374999 0.7180037421875001
1 0.884566653125 1 0.89427073125 0.9777055125 0.8970187578125 0.81526965 0.9043711078125 0.789585221875 0.9163273484375001 0.7718864062499999 0.9124620515625 0.738756246875 0.8872008609375002 0.7182424671875001 0.8572757937500001 0.73071893125 0.8447268890625 0.7476299875000001 0.84375 0.7507104015625 0.84375 0.8157323859375 0.8551889265625 0.828717890625 0.8621119953124999 0.85658159375 0.8601365937499998 0.89687765625 0.84375 0.9698802578125001 0.84375 1 0.884566653125 1
1 1 0.700731428125 0.9967907562499999 0.693376615625 0.9755262828125 0.6836161046875 0.9717350703125 0.6836161046875 0.9455954140625 0.70115408125 0.9390625 0.71645961875 0.9390625 0.7579181484374999 0.9682293796875001 0.7649974265624999 0.9878258062499998 0.7967387734375 0.987679009375 0.8472823109375 0.9787628046875 0.880721415625 0.9697977718749999 0.9613370578125 0.9748499796874999 0.9953125 0.977286675 0.9953125 0.9892471624999999 0.97538239375 1 0.9453132015625 1 0.8987135640625 0.9959585718749999 0.8812217625000001 0.9944397203124999 0.8424242468750001 1 0.7993442281250001 1 0.700731428125