1 0.47081867343750006 0 0.47465131562499996 0.0030938734375 0.4752172453125 0.0169827609375 0.4640625 0.0819827125 0.4640625 0.1234375 0.48542320781250003 0.1234375 0.5190981390625 0.11346383125 0.5190981390625 0.05772074687499999 0.51284148125 0.037280634374999996 0.5069693453124999 0 0.47081867343750006 0
1 0.1662614171875 0 0.17013636875 0.0317024203125 0.1615211921875 0.0874761625 0.1611155671875 0.1264195984375 0.1735898546875 0.192949896875 0.1799284046875 0.21647918906250002 0.18399581250000002 0.221875 0.202106875 0.221875 0.211968959375 0.2179079609375 0.211968959375 0.060582475000000004 0.199338265625 0.024239776562500003 0.1958603390625 0 0.1662614171875 0
1 0.047171529687500005 0 0.0390625 0.044155740625 0.0390625 0.14810636562499999 0.042756100000000005 0.16412865625 0.0514522359375 0.1931862359375 0.0570608265625 0.2015625 0.0765244671875 0.2015625 0.0850459859375 0.1927953359375 0.09467419218749999 0.14825089375 0.0974651078125 0.0954549359375 0.092152584375 0.0552498828125 0.07497887812500001 0 0.047171529687500005 0
2 0 0.4296875 0.609375 0.4296875 0.609375 0.087755728125 0 0.3501041859375 0 0.4296875
2 1 0.12317976718750001 0.9919927812499999 0.12343647656250001 0.9645857140625 0.1192795875 0.8317084671874999 0.12067190937500001 0.81159020625 0.1238042453125 0.609375 0.1227945390625 0.609375 0.253125 1 0.253125 1 0.12317976718750001
1 0.162019225 0.9590801500000001 0.16265929375 0.959375 0.1843361828125 0.959375 0.18730202812500002 0.955694609375 0.18730202812500002 0.7880011453125 0.16084517812500002 0.7093037437499999 0.152354903125 0.5970084609375 0.143387775 0.57868836875 0.13066140312500002 0.573787909375 0.11813863124999999 0.5834912578125 0.1140625 0.606652990625 0.1140625 0.610607228125 0.132267434375 0.6996665999999999 0.13406735625 0.72462565625 0.129400615625 0.859880146875 0.13533315937499998 0.8901900390625 0.154003125 0.94488578125 0.162019225 0.9590801500000001
1 0.044834373437500005 0.8877692796875 0.0580563484375 0.9146548781250001 0.0640805828125 0.91875 0.0682644375 0.91875 0.0723024015625 0.9179366906249999 0.0723024015625 0.74533213125 0.0530110859375 0.7026788640625 0.0473566671875 0.6777470484375 0.0371375796875 0.5875374546875001 0.027720446875 0.5703195296875 0.0149290859375 0.5663710515625 0.0052584390625 0.5734927734374999 0.0046875 0.576089075 0.0046875 0.6112157421875001 0.0247889671875 0.7017808984375 0.026148656250000003 0.7212253453125 0.0221238578125 0.7755283796875 0.024551870312499998 0.8102506 0.036054953125 0.8628920093750001 0.044834373437500005 0.8877692796875
1 0.34301638749999996 0.7687229171875 0.33776851875 0.7257400890625 0.3210928375 0.6703936171875 0.321561515625 0.54958755625 0.31875978125 0.5357350296875 0.3107991078125 0.5254138171875 0.2942958765625 0.5297713843749999 0.2890625 0.5431855984375 0.2890625 0.5919572109375 0.29440102968750004 0.6762582546875 0.2890625 0.7050490890625 0.2890625 0.7921875 0.2923153734375 0.7921875 0.30882188906249997 0.778146140625 0.34301638749999996 0.7687229171875
1 0.209883953125 0.8449065734375001 0.21415320312500002 0.795858421875 0.2211995234375 0.7659839546875 0.2211995234375 0.6985792703125 0.20374982187500001 0.6559084234375 0.19937977812500002 0.6255713890625 0.1954859171875 0.5492371296874999 0.1865187875 0.5310607484375 0.17546810468750001 0.529047796875 0.16540226875 0.5415908609375 0.1640625 0.5481054078125001 0.1640625 0.562487628125 0.178693228125 0.6562677046875001 0.173268678125 0.7346464171875 0.19406707343750002 0.8028343625 0.2044965796875 0.85 0.2077090609375 0.85 0.209883953125 0.8449065734375001
1 0.322265625 0.48975694374999995 0.31328125 0.5001736109375 0.3109375 0.5154513890625 0.32265625 0.5515625 0.32421875 0.6640625 0.346875 0.74600694375 0.34921875 0.7682291671874999 0.353125 0.7723958328125 0.35859375 0.7654513890625 0.3640625 0.7251736109375 0.36171875 0.6848958328125001 0.34140625 0.6085069437499999 0.340625 0.5057291671875 0.331640625 0.48975694374999995 0.322265625 0.48975694374999995
0 0.37896741875 1 0.39765625 0.9626736109374999 0.40625 0.929340278125 0.40625 0.8626736109375 0.40234375 0.84600694375 0.379296875 0.80086805625 0.352734375 0.77586805625 0.316796875 0.780034721875 0.296484375 0.7967013890625 0.27734375 0.8432291671875 0.26796875 0.8904513890625001 0.26796875 0.929340278125 0.28671875 0.99600694375 0.28956380312499996 1 0.37896741875 1
2 1 0.685131453125 0.850732315625 0.695483846875 0.8187728390625001 0.69251925625 0.8140625 0.6940717140625 0.8140625 0.7671875 1 0.7671875 1 0.685131453125
1 1 0.46426599062499996 0.9949034703125001 0.46582462812500003 0.9886013953124999 0.4793202484375 0.9864354609374999 0.50526435625 0.9881596359374999 0.5654131796875 0.98125 0.5959135921875001 0.98125 0.6578125 1 0.6578125 1 0.46426599062499996
1 1 0.447318040625 0.9929814578125 0.4394305 0.982677975 0.4429366828125 0.9785338593749999 0.45019069843750004 0.976382434375 0.46148390937499995 0.97795966875 0.4873734140625 0.98258644375 0.5111925453125 0.9827898218750001 0.54182094375 0.9712551375 0.604841325 0.97037175 0.6216172531249999 0.97273391875 0.6539518203125001 0.975716403125 0.6609375 0.9838010109375 0.6609375 0.9844563531249999 0.65963205625 0.98503054375 0.6224493390625 0.994859178125 0.5688338953125001 0.99466316875 0.5512048828125 0.9898781109375001 0.5106826640625 0.990271025 0.48186970156250003 0.9941887734374999 0.4690601296875 1 0.464452465625 1 0.447318040625
1 0.9341145828125 0.45069444374999995 0.9252604171875 0.4516203703125 0.9177083328125001 0.4696759265625 0.9213541671875 0.5557870375 0.9078125 0.6178240734375 0.9067708328125 0.6493055562500001 0.9078125 0.659490740625 0.9109375 0.6631944437499999 0.9528645828125001 0.6636574078125 0.95625 0.6585648140625 0.9552083328125001 0.615972221875 0.9401041671874999 0.5539351859374999 0.9442708328125 0.471527778125 0.9421875 0.46134259218749996 0.9341145828125 0.45069444374999995