1 0.6165953562500001 0.2890625 0.616038334375 0.2861502921875 0.62373798125 0.1993681953125 0.621216740625 0.1861867109375 0.614620115625 0.178476540625 0.609735478125 0.178476540625 0.6019226828125 0.179728359375 0.5957423578125 0.194623725 0.5962466671875 0.284766325 0.5950427359375 0.2890625 0.6165953562500001 0.2890625
1 0.5544772109375 0.2890625 0.5541246109375 0.28710256562500003 0.556928278125 0.2440075296875 0.55900486875 0.21341385000000002 0.555937325 0.19977900312500002 0.55010803125 0.19286575625 0.542639771875 0.1914731515625 0.534339184375 0.19989010000000001 0.5313859484375001 0.21758115312499998 0.5323429359375 0.25243864843749997 0.533227809375 0.2888107546875 0.5332047453125 0.2890625 0.5544772109375 0.2890625
1 0.4882973875 0.2890625 0.4880081859375 0.2642084359375 0.49083150781249996 0.2383006921875 0.489288065625 0.2144315046875 0.4851739515625 0.2018719 0.475666853125 0.19946615 0.4690530921875 0.1994276703125 0.462994190625 0.20918591874999998 0.46111168593749996 0.23535019687499997 0.46497795625 0.265999703125 0.46619465625 0.2890625 0.4882973875 0.2890625
1 0.42350734531249995 0.2890625 0.4220770984375 0.26959005937499997 0.42290196875 0.2518526703125 0.42292482031249995 0.236135775 0.4239701421875 0.21838297031249998 0.4198840953125 0.204917809375 0.41507581718750003 0.195431975 0.4087912109375 0.19312126093749998 0.3984486296875 0.199737721875 0.3940455015625 0.211046328125 0.3946274140625 0.22968591093750002 0.39966405 0.2621210375 0.40120179375 0.2890625 0.42350734531249995 0.2890625
1 0.35507181875 0.2890625 0.3551860828125 0.2579236609375 0.3552541734375 0.24683984531249997 0.3559866453125 0.22655136250000002 0.35485478593750003 0.19877358437499998 0.348280409375 0.1841078328125 0.33615033125 0.1797763265625 0.328103646875 0.1927518734375 0.32688069999999997 0.20100331875 0.32842020625 0.2260306140625 0.3331978953125 0.2539994625 0.3351062828125 0.2890625 0.35507181875 0.2890625
1 0.29636316875 0.2890625 0.295544978125 0.2864969703125 0.2918263671875 0.23742289687499998 0.29375860625 0.22175489062499998 0.29172389375 0.1949030375 0.286730125 0.18046026875 0.2784264890625 0.17379695 0.2671875 0.1798651484375 0.2671875 0.2203326953125 0.272747096875 0.2600861421875 0.27433113750000004 0.28785179843750003 0.274157721875 0.2890625 0.29636316875 0.2890625
1 0.9284162640625 0.2890625 0.9389685249999999 0.2270524203125 0.9431500828124999 0.15200695625 0.93072449375 0.1055411328125 0.905625290625 0.0867600390625 0.8883286625 0.0903851453125 0.8762006859374999 0.10244487499999999 0.860937784375 0.137229053125 0.8548861921875 0.17642794687500002 0.85161103125 0.2890625 0.9284162640625 0.2890625
1 0.766521053125 0 0.7647540140625 0.037939057812499996 0.7390625 0.131230925 0.7390625 0.2890625 0.7932917296875 0.2890625 0.803658040625 0.24601363906249998 0.804681190625 0.15673261562500002 0.79364099375 0.057202509375 0.8014003984375 0 0.766521053125 0
1 0.40721718124999995 1 0.408379375 0.993621140625 0.40767711249999994 0.9742009421875 0.402448971875 0.9456305859375 0.4036324515625 0.9076555 0.40090524531250005 0.8998518046874999 0.39781256875 0.8980726859375 0.394150575 0.8990834703124999 0.39222260468750003 0.90514441875 0.3925693 0.9449349874999999 0.3875 0.965397396875 0.3875 1 0.40721718124999995 1
1 0.507544040625 1 0.509207646875 0.9893184109375 0.509207646875 0.9755894875 0.5090696578125 0.9729257687499999 0.50300649375 0.9441887328125 0.50412725625 0.9062348609375 0.49956549531250005 0.89463503125 0.4948887703125 0.895533684375 0.4920834453125 0.9006096109375001 0.493620721875 0.9432082656249999 0.4859375 0.9707311015624999 0.4859375 0.9744628406250001 0.4890431390625 1 0.507544040625 1
1 0.48158175468750003 0.8753139515624999 0.47613274531250005 0.85419029375 0.47648793281249996 0.8244514031249999 0.472706365625 0.8149659125 0.46801886562500006 0.8152936953125 0.465844896875 0.8196242515625001 0.46783714375 0.8556989421874999 0.465625 0.864694884375 0.465625 0.9096628984375 0.46668139843749995 0.9170649953125001 0.46854474375 0.921875 0.48013035625 0.921875 0.48093253750000003 0.9207112796875 0.48158175468750003 0.914784290625 0.48158175468750003 0.8753139515624999
1 0.3943082390625 0.93125 0.3944994046875 0.9310472984375 0.3944994046875 0.8740999734375 0.39094641406249997 0.860824359375 0.3900712890625 0.826592396875 0.38640290781250003 0.8194705296875 0.382794803125 0.8202053859374999 0.38125 0.82379921875 0.38125 0.8362311140625 0.3828394515625 0.865943184375 0.38125 0.8728079000000001 0.38125 0.9109121203124999 0.38242354375 0.9195104093750001 0.38639460312499996 0.93125 0.3943082390625 0.93125
1 0.45627985937500004 0.8430598203125002 0.45627985937500004 0.79095005 0.45500300937500004 0.785030334375 0.452687646875 0.7544747796875 0.4488808625 0.746875 0.44722048125 0.746875 0.446875 0.7469562640625 0.446875 0.833909434375 0.4475439375 0.8375414156249998 0.453382225 0.84375 0.4546963234375 0.84375 0.45627985937500004 0.8430598203125002
1 0.37734375 0.751215278125 0.3736979171875 0.751215278125 0.3713541671875 0.7600115734374999 0.371875 0.7868634265625001 0.3682291671875 0.8035300921874999 0.36770833281250004 0.8211226859374999 0.3708333328125 0.84241898125 0.37552083281250004 0.8479745375000001 0.3796875 0.8461226859375 0.3796875 0.8285300921874998 0.3848958328125 0.8155671296874999 0.3802083328125 0.7905671296875 0.3802083328125 0.757233796875 0.37734375 0.751215278125
1 0.43541666718750005 0.776678240625 0.4369791671875 0.7627893515624999 0.43255208281249996 0.695659721875 0.42604166718750003 0.6989004624999999 0.42604166718750003 0.7276041671875 0.421875 0.7470486109375 0.4223958328125 0.770196759375 0.428125 0.7803819437499999 0.43203125 0.7808449078125 0.43541666718750005 0.776678240625
1 0.3708333328125 0.732233796875 0.3703125 0.701678240625 0.36640625 0.6975115734374999 0.3625 0.7063078703125 0.3630208328125 0.7313078703125 0.35989583281250004 0.7470486109375 0.3609375 0.7757523140625 0.3645833328125 0.7831597218749999 0.3713541671875 0.7813078703125 0.3723958328125 0.75538194375 0.375 0.7489004625 0.3708333328125 0.732233796875
1 0.4223958328125 0.6581597218749999 0.4205729171875 0.6530671296875 0.41640625 0.6530671296875 0.4145833328125 0.657233796875 0.4145833328125 0.6794560187500001 0.41197916718750005 0.6989004624999999 0.4135416671875 0.7220486109375 0.4166666671875 0.726678240625 0.42109375 0.727141203125 0.42395833281249995 0.7229745375000001 0.42552083281249997 0.708159721875 0.42552083281249997 0.6970486109375 0.421875 0.6803819437499999 0.4223958328125 0.6581597218749999
1 0.4145833328125 0.66649305625 0.4109375 0.626678240625 0.40859375 0.620659721875 0.4046875 0.6229745375 0.40416666718750005 0.6479745375 0.4015625 0.6618634265625 0.4036458328125 0.6859375 0.4067708328125 0.689641203125 0.4125 0.6877893515625 0.4145833328125 0.66649305625
1 0.3651041671875 0.6998263890625 0.3630208328125 0.663715278125 0.3580729171875 0.65399305625 0.3541666671875 0.664641203125 0.3557291671875 0.6859375 0.353125 0.7063078703125 0.3546875 0.726678240625 0.3572916671875 0.7350115734375 0.36171875 0.7354745375 0.3630208328125 0.732233796875 0.3651041671875 0.6998263890625
1 0.40520833281249996 0.6489004625 0.40416666718750005 0.6035300921875 0.40130208281249996 0.5993634265625 0.39791666718749996 0.6026041671875 0.39791666718749996 0.6239004625 0.3958333328125 0.6350115734375 0.3973958328125 0.6581597218749999 0.40052083281249995 0.6627893515625 0.40520833281249996 0.6489004625
1 0.3877604171875 0.5586226859375 0.38515625 0.5567708328125001 0.38333333281250004 0.5600115734375001 0.38333333281250004 0.5655671296875 0.3828125 0.56649305625 0.38229166718749996 0.5989004625 0.38333333281250004 0.607233796875 0.3854166671875 0.6109375 0.3893229171875 0.6114004625 0.39010416718749996 0.6100115734375 0.3916666671875 0.6026041671875 0.3921875 0.5942708328125 0.3916666671875 0.5933449078125 0.39114583281250004 0.5840856484375 0.3890625 0.5748263890625 0.3885416671875 0.5609375 0.3877604171875 0.5586226859375
1 0.3971354171875 0.5762152781250001 0.39401041718749996 0.577141203125 0.3921875 0.5813078703125 0.3921875 0.5989004625 0.390625 0.607233796875 0.390625 0.6229745375 0.3916666671875 0.63038194375 0.3932291671875 0.6340856484375 0.3973958328125 0.6340856484375 0.3984375 0.6248263890625 0.3984375 0.6063078703125 0.3994791671875 0.601678240625 0.39895833281250004 0.6007523140625001 0.39895833281250004 0.58038194375 0.3971354171875 0.5762152781250001
1 0.3770833328125 0.5507523140625 0.3770833328125 0.5553819437499999 0.3765625 0.5563078703125 0.3765625 0.5739004624999999 0.3770833328125 0.5748263890625 0.3770833328125 0.582233796875 0.378125 0.5859375 0.38125 0.59149305625 0.3817708328125 0.59149305625 0.38333333281250004 0.5859375 0.3838541671875 0.57945601875 0.384375 0.5785300921875 0.384375 0.5609375 0.3838541671875 0.5600115734375001 0.3838541671875 0.5461226859374999 0.3809895828125 0.5410300921875 0.378125 0.545196759375 0.3770833328125 0.5507523140625
1 0.35625 0.6174189812499999 0.3578125 0.6174189812499999 0.3575520828125 0.6067708328125001 0.3557291671875 0.6090856484375 0.3557291671875 0.6118634265624999 0.3546875 0.6146412031249999 0.35494791718749996 0.6169560187500001 0.35625 0.6174189812499999
1 0.3479166671875 0.5840856484375 0.3479166671875 0.589641203125 0.3489583328125 0.5933449078125 0.3489583328125 0.6035300921875 0.3479166671875 0.607233796875 0.3479166671875 0.6109375 0.3494791671875 0.620196759375 0.35 0.62945601875 0.3505208328125 0.62945601875 0.3505208328125 0.626678240625 0.35234375 0.6234375 0.3536458328125 0.6229745375 0.353125 0.6026041671875 0.35546875 0.601215278125 0.35625 0.5989004625 0.3557291671875 0.5850115734375001 0.3552083328125 0.5840856484375 0.3552083328125 0.5813078703125 0.35390625 0.5789930562500001 0.3502604171875 0.5789930562500001 0.3484375 0.5813078703125 0.3479166671875 0.5840856484375
1 0.8578128671874999 0.2890625 0.8569301734374999 0.2947604828125 0.8453125 0.33503577500000004 0.8453125 0.516901990625 0.84817858125 0.5230239546875 0.8487584078125 0.5234375 0.87194318125 0.5234375 0.8801578421875 0.50868116875 0.8822053531249999 0.49474681406250004 0.8933298796875 0.459273690625 0.898725240625 0.4239672671875 0.9008015968749999 0.394307328125 0.8979929609375 0.355539678125 0.8855760078125 0.29392697343749996 0.8855979921875001 0.2890625 0.8578128671874999 0.2890625