1 0.229311384375 0.339431059375 0.2412296 0.396875 0.259375 0.396875 0.259375 0.26380657812499997 0.255810825 0.2501452484375 0.2557657640625 0.1771671609375 0.2515496859375 0.1662001484375 0.241546084375 0.1616886546875 0.23627939687500002 0.1681866890625 0.2339715875 0.1781592984375 0.23867720625 0.250594096875 0.22916761718749998 0.29877535 0.229311384375 0.339431059375
1 0.280402509375 0.3765625 0.28783627031250003 0.3338230203125 0.3012792265625 0.30214365625 0.3109375 0.2879153546875 0.3109375 0.27742255 0.3065415625 0.24680044531249998 0.3109375 0.18194113125 0.3109375 0.1784546703125 0.30929855625 0.16997893125000002 0.302496309375 0.1616990375 0.2940821515625 0.1639914515625 0.2882227484375 0.1770988609375 0.2881776875 0.250368346875 0.2789013953125 0.28229039375 0.2772207390625 0.2913285984375 0.2772207390625 0.367037709375 0.27894940468749996 0.3765625 0.280402509375 0.3765625
1 0.3640625 0.173028925 0.358793409375 0.16250848906249998 0.347694121875 0.15998528437499998 0.34210900624999996 0.1670691390625 0.3398468703125 0.1819566890625 0.34561439374999997 0.22725432343750002 0.34690869062499996 0.2494765453125 0.34557128593750003 0.26875 0.3640625 0.26875 0.3640625 0.173028925
1 0.389743171875 0.29856655625 0.400254075 0.3222428140625 0.40627054218750003 0.3482081328125 0.407760565625 0.384375 0.41151269062500007 0.384375 0.4171875 0.3601154734375 0.4171875 0.2804763578125 0.4112366359375 0.2491461765625 0.4155022453125 0.1741582984375 0.4099033171875 0.1606975265625 0.4011569171875 0.1569423109375 0.3939236046875 0.1638458484375 0.39044836250000003 0.17586470468749998 0.39157967656250003 0.244401403125 0.38580580468750003 0.26895317812499997 0.38580580468750003 0.29431130625 0.389743171875 0.29856655625
1 0.44580569062500003 0.29524188906250004 0.44623274375 0.333277628125 0.450813515625 0.3609098546875 0.4606941765625 0.396875 0.478125 0.396875 0.478125 0.26733130156249996 0.4725460703125 0.24758713281250003 0.4724198484375 0.1854045484375 0.470698821875 0.1724901 0.46514433281249995 0.1611464796875 0.45614458906250005 0.158781090625 0.44858119218750003 0.1688793171875 0.4470316421875 0.179161534375 0.45384459687499995 0.24938635312500002 0.44580569062500003 0.29524188906250004
1 0.5100865078125 0.38989478593750004 0.5203125 0.349615090625 0.5203125 0.2768936125 0.5149982546875 0.24837362187499998 0.5172530234375 0.2131884375 0.5203125 0.1937406984375 0.5203125 0.1678199375 0.5172200921875 0.1609918421875 0.5106272671875 0.1584505078125 0.5046607578125 0.162354278125 0.4987931296875 0.176878915625 0.49728992187500004 0.248992009375 0.490362978125 0.2735125921875 0.490362978125 0.3984375 0.5044507890625 0.3984375 0.505385815625 0.398373621875 0.5100865078125 0.38989478593750004
0 0.297955621875 0.3208289828125 0.292573378125 0.34183418125 0.28976494218750004 0.37497344843749997 0.2914930890625 0.4046273375 0.294776371875 0.42141529375 0.3042415609375 0.449581203125 0.3157298109375 0.469985903125 0.3321471109375 0.49015809531250004 0.3443905515625 0.4953125 0.38031849218749997 0.4953125 0.4009955609375 0.4702605453125 0.409375 0.4497732671875 0.409375 0.33933855625 0.40643986875 0.32957839375 0.3948007078125 0.3054699890625 0.38636936718750003 0.296297690625 0.3823991578125 0.2817881625 0.36851793437499997 0.2728241125 0.3306102875 0.27383104375 0.3179290125 0.281557921875 0.3126903171875 0.2933281171875 0.3064251359375 0.2990434078125 0.297955621875 0.3208289828125
1 0.5296875 0.36628439375 0.5344017171875 0.3851259640625 0.5367467609375 0.3875 0.5578125 0.3875 0.5578125 0.22880815625 0.5527087140625 0.2151730546875 0.5492982265624999 0.1987031828125 0.5486329234375 0.1817420609375 0.5481391359375001 0.15269970625 0.5487576296875 0.124720796875 0.54711781875 0.1101892296875 0.5428368046875 0.09571912187500001 0.5364085875 0.091604446875 0.5308962109375 0.091604446875 0.5296875 0.0920887828125 0.5296875 0.36628439375
1 0.7244277078125 0.19550479999999998 0.7102414203125 0.24817092343749997 0.7102414203125 0.3509390046875 0.7149265859375 0.3788138890625 0.7184250953125 0.3828125 0.7368870796875 0.3828125 0.7420368625 0.3780455296875 0.753306721875 0.33088088125000004 0.75625 0.2987596515625 0.75625 0.2585207828125 0.7556506484375 0.25032532500000004 0.7451532734375 0.19932970781249998 0.7446504421875 0.1808051265625 0.7505593765625 0.10304855937499999 0.7450143328125 0.0877359375 0.7347054328125 0.08397162968750001 0.7293893328125 0.087645034375 0.72300909375 0.1010361125 0.7218147203124999 0.1241812296875 0.7244277078125 0.19550479999999998
1 0.7883327203125 0.0949984734375 0.7960191375 0.1818899625 0.7854504875 0.24921160000000003 0.7853567078125 0.2872715921875 0.7923734437500001 0.33149771562499997 0.802607715625 0.36875 0.8234375 0.36875 0.8234375 0.20714826875 0.8170950953125 0.18554926249999998 0.815069965625 0.156869815625 0.81700445 0.11408315937499999 0.8159368875 0.0937127890625 0.8113270109374999 0.0804687984375 0.8038665609375 0.0763098375 0.7980846078124999 0.0763098375 0.7925284875 0.08041616875 0.7883327203125 0.0949984734375
1 0.6425765359375 0.39375 0.647009671875 0.39375 0.6588787640625 0.39299102812500003 0.663803609375 0.389123634375 0.67398955 0.35181377812500003 0.6808131453125 0.3183167546875 0.6828125 0.2936577625 0.6828125 0.28074255625 0.68055224375 0.2477487046875 0.6738663109375 0.22114215625 0.6727963484374999 0.192028728125 0.6739501 0.16745916562500002 0.681294546875 0.12429063124999999 0.681054834375 0.10896678906249999 0.6774964015625 0.0990260453125 0.67071768125 0.09375 0.6667910515625 0.09375 0.6618051265625 0.095100659375 0.6555778640625001 0.10389201875000001 0.6528476718749999 0.1170345953125 0.651679740625 0.1319865140625 0.6517982 0.187218875 0.6504356437500001 0.2070492390625 0.6454010265625 0.2299645171875 0.6408788890625 0.2415754390625 0.6408788890625 0.3926154828125 0.6425765359375 0.39375
1 0.5730981703125 0.23654330156249997 0.5719990265625 0.23986368749999998 0.5719990265625 0.403125 0.5785927 0.403125 0.5803264328125 0.40294613593750006 0.5893888374999999 0.3940300796875 0.5990759578125 0.3602232828125 0.6068417640625 0.324710315625 0.6106839265625 0.28671093281250004 0.6087164046875 0.25812067031249997 0.6040214453125 0.234380934375 0.6016946078125 0.20738994531250002 0.6028545296875001 0.18817781875 0.6054279546875 0.16928502031249998 0.6122497109375 0.1323926484375 0.6125 0.12440602187500001 0.6125 0.115533790625 0.6112507734375 0.10808587812499999 0.605857646875 0.098280365625 0.5979569015624999 0.0972900203125 0.5916211390624999 0.1042129203125 0.5868034234375 0.11164679687500001 0.5833525140625 0.123305 0.5828427671874999 0.18073367812500002 0.5806018796875 0.1986288671875 0.5779930171875 0.21830425781249999 0.5730981703125 0.23654330156249997