1 0.2511448125 0.46875 0.2606333578125 0.38187875 0.25552328125 0.36278072968749997 0.249335453125 0.3570801484375 0.24217923749999998 0.3570801484375 0.23621878125 0.3589793640625 0.22492260625 0.37721756875 0.22297349843749997 0.46875 0.2511448125 0.46875
1 0.8955913421874999 0 0.896875 0.024189814062500002 0.9010416671874999 0.0445601859375 0.90625 0.050115740625 0.9169270828125 0.050578703125 0.9213541671875 0.0445601859375 0.9260416671874999 0.0269675921875 0.928718596875 0 0.8955913421874999 0
1 0.850939359375 0 0.8536458328125001 0.0112268515625 0.8552083328125001 0.0334490734375 0.8604166671875 0.03993055625 0.8739583328125 0.038078703125 0.8802083328125001 0.0084490734375 0.881000434375 0 0.850939359375 0
1 0.9442658250000001 0 0.9442708328125 0.000115740625 0.9416666671874999 0.006597221875000001 0.9463541671875 0.048263889062499996 0.95234375 0.0579861109375 0.9604166671875 0.059375 0.9669270828125001 0.0579861109375 0.9708333328125001 0.0491898140625 0.9713541671874999 0.0334490734375 0.978125 0.0112268515625 0.978125 0 0.9442658250000001 0
1 0.2555571234375 0.743859590625 0.2577490203125 0.7170077375 0.24996537812500003 0.6938175828124999 0.23977545781249998 0.6904938890625 0.23358867343749998 0.6990035812500001 0.231329440625 0.72027258125 0.2345478859375 0.76414594375 0.2296875 0.7745808171874999 0.2296875 0.9078125 0.24170712499999997 0.9078125 0.2427754046875 0.9068498484374998 0.2525695453125 0.8701676546874999 0.2551311125 0.8451949515624999 0.25397950625 0.8144483265625 0.247846315625 0.780650965625 0.2555571234375 0.743859590625
1 0.1458333328125 0.7021990734375001 0.1473958328125 0.7447916671874999 0.1515625 0.7605324078125 0.1442708328125 0.7799768515625 0.1380208328125 0.818865740625 0.140625 0.8679398140625001 0.1447916671875 0.8883101859375 0.15 0.893865740625 0.16067708281249998 0.894328703125 0.1651041671875 0.8883101859375 0.1697916671875 0.8707175921874999 0.1729166671875 0.8392361109375 0.17135416718750002 0.8049768515625001 0.1598958328125 0.762384259375 0.1630208328125 0.7484953703125 0.16458333281249998 0.700347221875 0.1622395828125 0.694328703125 0.15703125 0.690625 0.14921875 0.6934027781250001 0.1458333328125 0.7021990734375001
1 0.1049479171875 0.6887731484375 0.1 0.69664351875 0.1041666671875 0.753125 0.0921875 0.8077546296874999 0.0927083328125 0.8355324078125002 0.0973958328125 0.8549768515625 0.09895833281250001 0.8771990734374999 0.1041666671875 0.8836805562500001 0.1177083328125 0.881828703125 0.12395833281249999 0.8521990734375 0.1265625 0.824421296875 0.12552083281249998 0.7994212968750001 0.11875 0.7651620375 0.1140625 0.7540509265625 0.1177083328125 0.7327546296875 0.1197916671875 0.69664351875 0.1174479171875 0.690625 0.11328125 0.6887731484375 0.1049479171875 0.6887731484375
1 0.3614583328125 0.69664351875 0.3625 0.737384259375 0.3671875 0.7540509265625 0.35885416718749996 0.7734953703125 0.353125 0.8077546296874999 0.3552083328125 0.8512731484374999 0.3604166671875 0.875347221875 0.3671875 0.88460648125 0.37578125 0.88506944375 0.3786458328125 0.881828703125 0.3869791671875 0.8364583328125 0.384375 0.7901620375 0.3791666671875 0.7670138890625 0.3734375 0.753125 0.3765625 0.74756944375 0.3802083328125 0.7170138890625 0.3802083328125 0.7012731484375 0.3747395828125 0.6934027781250001 0.3614583328125 0.69664351875
1 0.321875 0.7318287031249999 0.328125 0.762384259375 0.3213541671875 0.7753472218749999 0.31302083281250004 0.8197916671875 0.31302083281250004 0.8484953703125001 0.3203125 0.8660879625 0.3213541671875 0.8883101859375 0.3270833328125 0.8957175921874999 0.3372395828125 0.8952546296874999 0.340625 0.8901620375 0.3494791671875 0.8364583328125 0.346875 0.800347221875 0.3411458328125 0.7771990734375 0.3348958328125 0.7660879625 0.3390625 0.750347221875 0.3411458328125 0.703125 0.3388020828125 0.6961805562500001 0.3346354171875 0.6934027781250001 0.3263020828125 0.694328703125 0.321875 0.7021990734375001 0.321875 0.7318287031249999
1 0.2875 0.7021990734375001 0.2802083328125 0.724421296875 0.2802083328125 0.762384259375 0.27291666718749996 0.7864583328125001 0.2697916671875 0.8105324078125001 0.27395833281250004 0.8790509265625002 0.2791666671875 0.9012731484375 0.2854166671875 0.9077546296874999 0.29765625 0.906365740625 0.3010416671875 0.9003472218749999 0.3083333328125 0.8521990734375 0.3078125 0.8271990734375001 0.2994791671875 0.78460648125 0.2953125 0.7734953703125 0.2989583328125 0.7484953703125 0.3010416671875 0.7105324078125 0.2989583328125 0.7021990734375001 0.2940104171875 0.69710648125 0.2875 0.7021990734375001
1 0.19479166718750002 0.7734953703125 0.1890625 0.800347221875 0.18697916718750002 0.8197916671875 0.18802083281249998 0.843865740625 0.1854166671875 0.850347221875 0.1901041671875 0.8920138890625001 0.19609375 0.9017361109375 0.20416666718749998 0.903125 0.21067708281250003 0.9017361109375 0.21458333281250003 0.8929398140625 0.21510416718749997 0.8771990734374999 0.221875 0.8549768515625 0.221875 0.8234953703125001 0.20989583281250002 0.7734953703125 0.2140625 0.724421296875 0.2130208328125 0.7049768515625 0.20703125 0.6952546296875 0.19296875 0.690625 0.1875 0.6957175921875 0.18697916718750002 0.70960648125 0.18802083281249998 0.730902778125 0.19479166718750002 0.7734953703125
1 0.8734104515624999 1 0.86866749375 0.9619667656249999 0.873790625 0.91202135625 0.879846859375 0.8890915734375 0.8833827515625 0.8585906109374999 0.8783462 0.8401938578125 0.8719532781250001 0.8352093843749999 0.860637865625 0.8392658031250001 0.85272916875 0.8560542375000001 0.8469601499999999 0.9459509374999999 0.844188328125 0.9606838671875 0.8359375 0.9827897671875 0.8359375 1 0.8734104515624999 1
1 0.8171631843749999 1 0.8125 0.9762731484374999 0.8125 0.94756944375 0.8192708328125 0.887384259375 0.8203125 0.8577546296874999 0.8166666671874999 0.8410879625 0.8059895828125001 0.8285879625 0.7986979171875 0.8285879625 0.7908854171875 0.8350694437499999 0.7838541671875 0.855902778125 0.7833333328125 0.8827546296875 0.7864583328125 0.9170138890625001 0.7869791671875 0.9540509265625001 0.7817708328124999 0.9846064812499999 0.77744140625 1 0.8171631843749999 1
1 0.7227864578125 1 0.7208333328125 0.9901620375 0.7223958328125 0.9197916671874999 0.728125 0.8929398140625 0.7291666671875 0.84664351875 0.7260416671875001 0.8299768515625001 0.7143229171875001 0.8165509265625 0.7059895828125 0.8165509265625 0.6971354171875 0.8230324078125001 0.690625 0.8364583328125 0.6885416671875 0.84664351875 0.6875 0.8790509265625002 0.690625 0.9420138890625 0.6895833328125 0.9892361109374999 0.68637361875 1 0.7227864578125 1