1 0.35113924218750003 0.148626709375 0.349814040625 0.218052971875 0.34375 0.23905725000000003 0.34375 0.36875 0.35868013125 0.36875 0.36060310625 0.366545909375 0.374497528125 0.3081534890625 0.3756051484375 0.26649591250000004 0.36717955 0.215175203125 0.3735383734375 0.1464138390625 0.35113924218750003 0.148626709375
1 0.3068987203125 0.20225062968750002 0.3100373109375 0.1481840921875 0.2978394453125 0.14612054531250002 0.2901675125 0.14612054531250002 0.2898324578125 0.1969825375 0.28125 0.22952057343750001 0.28125 0.3455490671875 0.2913392015625 0.3515625 0.3027390984375 0.3515625 0.30672330312499996 0.3427787328125 0.31476486718749996 0.3085070921875 0.3181593453125 0.272546175 0.3068987203125 0.20225062968750002
1 0.43729129218749996 0.163627734375 0.43520773437500004 0.147878715625 0.418020234375 0.1492817203125 0.41503119218749995 0.15575492500000002 0.4141491484375 0.2347302703125 0.4109375 0.2493106234375 0.4109375 0.32593974531250003 0.41753568124999996 0.3140493140625 0.44178825312500003 0.3016875765625 0.4416295234375 0.2864735703125 0.432004709375 0.236041275 0.43185703125 0.20144659687500002 0.43729129218749996 0.163627734375
1 0.5 0.26890810468750004 0.49584646250000003 0.2479275125 0.49952358593749996 0.17153862343749998 0.49313751406249995 0.156955290625 0.48378675781249997 0.15556640156249998 0.4785752953125 0.163205290625 0.475110890625 0.182649734375 0.477780740625 0.25348306875 0.46875 0.288688221875 0.46875 0.3221149875 0.47850020000000004 0.34653862343749997 0.48187309999999994 0.3770941796875 0.4798393328125 0.4046875 0.49682006718749994 0.4046875 0.5 0.397583121875 0.5 0.26890810468750004
1 0.46517528593749996 0.3109375 0.47842707500000003 0.2491850671875 0.4756899296875 0.18277349062499998 0.4797335453125 0.15884351562500001 0.4867890359375 0.15410289375 0.48411150156250005 0.1453125 0.48404884062500003 0.1453125 0.4626026078125 0.150524296875 0.465331671875 0.2183247625 0.4546875 0.2610832890625 0.4546875 0.30457779218750003 0.462524903125 0.3109375 0.46517528593749996 0.3109375
1 0.41115038593750003 0.14466370625 0.40051862343750005 0.1468697625 0.3998740015625 0.2010182484375 0.3890625 0.2468564828125 0.3890625 0.32570475781249997 0.39324063125 0.34375 0.3972052046875 0.34375 0.40015830625 0.28986168437500004 0.4125782703125 0.23418795 0.41536237343750004 0.1466970390625 0.41115038593750003 0.14466370625
0 0.47905913125 0.4021812734375 0.482364959375 0.3786656625 0.4804284109375 0.349371659375 0.474246053125 0.328251825 0.46434999843749997 0.31184985 0.452331546875 0.302276771875 0.4442344578125 0.302276771875 0.4310392109375 0.30353656562500003 0.41641078125000003 0.316852453125 0.406662403125 0.33523636875 0.40625 0.3369459703125 0.40625 0.41588456718750005 0.4071164859375 0.4201177546875 0.41701254375 0.43651973125000004 0.43287774843750004 0.4484375 0.44728799375 0.4484375 0.46489516562500005 0.43290601874999995 0.47905913125 0.4021812734375
1 0.39482176875 0.5796875 0.4003826375 0.6978564687500001 0.36875 0.788438153125 0.36875 1 0.446782446875 1 0.49337828281249996 0.910569234375 0.4954845375 0.8083728703125 0.4736596890625 0.7329724578125 0.4996020078125 0.5796875 0.39482176875 0.5796875
1 0.2408553921875 0.5796875 0.22798572031250003 0.5930627171875 0.24320441406249999 0.70365131875 0.2340751640625 0.7697521015625 0.20625 0.8628152734375 0.20625 1 0.3336495578125 1 0.35680674687499997 0.9103421046874999 0.34673316249999997 0.8314304984374999 0.31761412031249997 0.7850811859375 0.3137624328125 0.7546085640625 0.3303890390625 0.5802739453125 0.3297764875 0.5796875 0.2408553921875 0.5796875
1 0.0406581515625 0.5796875 0.025 0.6020031890624999 0.025 0.6088281062500001 0.052657065625 0.736942278125 0.025 0.8760546640625 0.025 0.9537849296875001 0.030379759375 0.99472005625 0.0330532828125 1 0.1747379171875 1 0.190614015625 0.9443333359375 0.1829371859375 0.8749790609375001 0.16069899375000002 0.8251861625 0.1280443953125 0.7611668140625 0.1218838109375 0.5902756124999999 0.11636733437499999 0.5796875 0.0406581515625 0.5796875
1 0.1193438921875 0.5796875 0.12701173906250002 0.5894918437500001 0.1506994484375 0.7664930421875 0.167397953125 0.8234942437499999 0.1800036203125 0.8328125 0.18163146875 0.8328125 0.18163146875 0.7164386203124999 0.1489312671875 0.6595675187500001 0.16463816874999998 0.6229765265625 0.158147134375 0.5796875 0.1193438921875 0.5796875
1 0.180798925 0.5796875 0.1864483375 0.859375 0.191162640625 0.859375 0.208987471875 0.8331785765624999 0.23645570781249997 0.69322401875 0.20152071875000002 0.589459725 0.201577571875 0.5796875 0.180798925 0.5796875
1 0.9929411015625 0.728520628125 0.98946873125 0.71819134375 0.9848944171875 0.715796203125 0.97696873125 0.7192117125 0.9720700390625 0.7311471640625 0.9714442812499999 0.784723321875 0.96875 0.795148528125 0.96875 0.8698186671875 0.9729777609374999 0.8681157234375 0.9942564703125001 0.8682244484374999 0.995690603125 0.8648774187499999 0.9954863328125001 0.8316716328125 0.9872505578125 0.7917386828125 0.9929411015625 0.728520628125
1 0.9547629234375 0.829871965625 0.9456428656250001 0.7854275187499999 0.9493137328125 0.7243164078125 0.9455771859375 0.7145941859375 0.9414590046875 0.7118164078125 0.9330771859375 0.7145941859375 0.9284642359374999 0.7252423359375 0.92931925 0.79561270625 0.91875 0.8374409125 0.91875 0.8999447937499999 0.92005580625 0.9085756671875 0.9239797109375001 0.921875 0.9265967125 0.921875 0.9403745656249999 0.8932978890625 0.9555819624999999 0.8724645562500001 0.9547629234375 0.829871965625
1 0.901328465625 0.7859664359374999 0.9027022578124999 0.7257812515625 0.899581728125 0.7169849562499999 0.8942656265625001 0.7132812515625 0.8870278421875 0.7151331046875 0.8829644734375 0.7276331046875 0.8873737359374999 0.7896701390625 0.88042336875 0.81929976875 0.878125 0.8415587328124999 0.878125 0.858030103125 0.88252481875 0.8915219921875 0.8880572359375 0.9140625 0.905797403125 0.9140625 0.910433353125 0.8921921796875001 0.910433353125 0.82927330625 0.901328465625 0.7859664359374999
1 0.859814534375 0.7173112703125 0.8552726093749999 0.714642596875 0.8467451734375 0.7185402609375 0.8445583156250001 0.7255271328124999 0.8424458109374999 0.785688071875 0.8375 0.8063935078125001 0.8375 0.9015625 0.8514188328125 0.9015625 0.852574453125 0.9001270890624999 0.8634311234375 0.85178498125 0.8637967046874999 0.8249573734375 0.8565212593750001 0.7751877015625 0.8627389546875 0.726028771875 0.859814534375 0.7173112703125
1 0.8275920328125 0.72012981875 0.8226426874999999 0.7166990734375001 0.81626319375 0.7188784734375 0.812848259375 0.7268989687499999 0.8098756093749999 0.7842517859375 0.809375 0.78600126875 0.809375 0.89375 0.810795603125 0.89375 0.8163627046874999 0.8918481343749999 0.8272183156249999 0.8479201796875 0.8283133015624999 0.8174192187500001 0.8228935859375 0.7761892828125 0.828799853125 0.72883058125 0.8275920328125 0.72012981875
0 1 1 1 0.8717124734375 0.978609259375 0.8711921046875 0.9564475984375 0.8854898109375 0.94585213125 0.900971996875 0.9377891640625 0.919558415625 0.9296875 0.9588118359375001 0.9296875 0.9601615984375 0.9314356328125001 0.9988991578124999 0.9316188406249999 1 1 1