1 0.56875 0.3262370390625 0.5620578640625 0.32592534687499997 0.559797084375 0.332047990625 0.564877171875 0.3682682640625 0.5605215578125 0.39297716562499996 0.561318965625 0.41377411249999996 0.56875 0.4431868671875 0.56875 0.3262370390625
1 0.259375 0.33551686406250003 0.25536628281249996 0.335726953125 0.25049056875 0.34359103125 0.24918200625 0.360934721875 0.24900099999999997 0.38378692187499996 0.24523790937499998 0.39797176093750003 0.24523790937499998 0.4609375 0.253078553125 0.4609375 0.258898296875 0.448286771875 0.259375 0.4459634859375 0.259375 0.33551686406250003
1 0.294853565625 0.453125 0.296875 0.4476898734375 0.296875 0.3373338671875 0.2967413875 0.33577282343750003 0.2902395078125 0.3290101328125 0.28582949062499996 0.3341717140625 0.2840083765625 0.34539208593750004 0.2860716625 0.3606165296875 0.2847950328125 0.3786161546875 0.2827610453125 0.39802704375000003 0.2827610453125 0.444676234375 0.284462940625 0.453125 0.294853565625 0.453125
1 0.3233148265625 0.43144174843750005 0.3281177125 0.4475725703125 0.3306295328125 0.4484375 0.334375 0.4484375 0.334375 0.363262721875 0.3322865296875 0.3504938859375 0.330999884375 0.3319463015625 0.3237746265625 0.3275816796875 0.3197325125 0.3321171921875 0.319967475 0.3495604046875 0.3231875140625 0.368346703125 0.3217696421875 0.389951728125 0.320974825 0.415213728125 0.3233148265625 0.43144174843750005
1 0.1671875 0.407940409375 0.1671875 0.41286559375 0.1697677984375 0.43845972499999997 0.172610665625 0.45150256093749996 0.1769680765625 0.45625 0.18226309062499998 0.45625 0.1845354515625 0.45462451406250004 0.18687920156249999 0.44362256406249995 0.1875 0.43593399843749997 0.1875 0.399626084375 0.1837542015625 0.37681035 0.1833503875 0.3565778546875 0.18398213593749999 0.3397676015625 0.1805075203125 0.3311859203125 0.17419004375 0.33033035 0.1716630578125 0.33919383125 0.170715428125 0.35486672812500003 0.1716630578125 0.374557165625 0.169136053125 0.3907178421875 0.1671875 0.407940409375
1 0.56875 0 0.56875 0.4796875 0.6807458890625 0.4796875 0.662524715625 0.411417159375 0.656848265625 0.3716205265625 0.6502355859375 0.2521700203125 0.6499059046875 0.19011177343750002 0.6524111640625 0.1641616078125 0.6540197625 0.08356665937499999 0.6486645671875 0 0.56875 0
1 0.777968375 0 0.773304646875 0.018306478125 0.770944265625 0.0858990703125 0.7790538109374999 0.24153340937499998 0.7778644296875 0.305428359375 0.77416439375 0.351712534375 0.7672388640625 0.3859384625 0.7505214875 0.44696472812500004 0.7393888296875 0.4796875 0.8558037734375 0.4796875 0.8578125 0.4639392875 0.8578125 0.381770475 0.8528425578124998 0.35124415625 0.8520884125 0.32808691875 0.8571036796874999 0.19938624375 0.8519749031250001 0.122488940625 0.8510451281249999 0.044689951562500004 0.8540028359375 0 0.777968375 0
1 1 0.4796875 1 0 0.8634302375 0 0.8653888015625 0.0774145078125 0.895405003125 0.33989256874999996 0.8984548703125 0.38244879374999996 0.9000322624999999 0.4574730390625 0.8993560578124999 0.4796875 1 0.4796875
1 0.648784684375 0.4796875 0.6431594374999999 0.4351220890625 0.6285982546875 0.3557966953125 0.6285982546875 0.4796875 0.648784684375 0.4796875
1 0.6432411984375 0 0.637305821875 0.08110408125 0.6287550765625001 0.1444276890625 0.6287550765625001 0.2078125 0.6294746546875001 0.2078125 0.6478115765625 0.10061821875000002 0.653125 0.052969718750000006 0.653125 0.0075552875000000005 0.652866178125 0 0.6432411984375 0
1 0 1 0.034375 1 0.034375 0.9727942500000001 0.0210948359375 0.9169863890624999 0.022477287500000002 0.8520867171875001 0.0268519109375 0.79823754375 0.0257848875 0.7676819874999999 0.0174406171875 0.7451725796875 0.0064406296875 0.7359375 0.0015176859375000001 0.7359375 0 0.7361899265625 0 1
1 0.07896264374999999 1 0.0791738453125 0.9893079078125 0.0690357828125 0.9040653015625001 0.0725389375 0.8625078953124999 0.08125 0.80758315625 0.08125 0.779312675 0.07806567812500001 0.7662844390625001 0.06883995312499999 0.75681436875 0.061027453125 0.7562680671875001 0.054040992187500005 0.7604242328125 0.0462119171875 0.7770621890625 0.0440025328125 0.7908418171875 0.0433291453125 0.8613942921875001 0.040476200000000004 0.9002103390624999 0.0272002421875 0.9422436640625002 0.0272002421875 1 0.07896264374999999 1
1 0.1328125 1 0.1328125 0.7823855281250001 0.128383346875 0.7733437765625 0.1228242015625 0.76838038125 0.11397003593749999 0.7678129796875 0.11008401718750001 0.7712496718749999 0.105111790625 0.7842917671875 0.104742053125 0.7999323765625 0.11244915312499999 0.88796209375 0.10062370000000001 0.950782934375 0.105502759375 0.9741313421874999 0.10831295781250001 1 0.1328125 1
1 0.1667272546875 1 0.1629710875 0.9659411671874999 0.16591791250000001 0.9270522781250001 0.1839822890625 0.8261869578125 0.1875 0.7896360640625 0.1875 0.76558249375 0.18649998125 0.758579215625 0.1810069203125 0.7451154125 0.16563287499999998 0.73483629375 0.15507588125 0.7366275437500001 0.14618124999999998 0.7439864671875001 0.13416569375 0.7684644171875 0.127761984375 0.8323442140624999 0.1263453484375 0.9129270437500001 0.12040308125000002 0.9638408484374998 0.10810444999999999 1 0.1667272546875 1
1 0.2244239609375 1 0.2197352296875 0.979024109375 0.21467066406250002 0.9383924640625001 0.21451807500000003 0.9078550890624999 0.2190171 0.860578321875 0.22249234218749997 0.8484867359375 0.2265625 0.813235403125 0.2265625 0.799766025 0.22643465312500002 0.7845614828125 0.22514156875000002 0.775329496875 0.21946181562499997 0.7647858984375 0.210796240625 0.7584589656249999 0.204546240625 0.758568059375 0.19336626562499998 0.7670923078125 0.19027267812499998 0.77501268125 0.18932971875 0.8074200859375 0.184938459375 0.850993153125 0.1830255984375 0.91673389375 0.179300978125 0.9365696203125001 0.179300978125 1 0.2244239609375 1
1 0.23929105 1 0.23894307656249997 0.9836751703125 0.2324555078125 0.93236923125 0.231745728125 0.9075057109374999 0.23444159843749998 0.8787747078125001 0.2453125 0.8225678750000001 0.2453125 0.779369684375 0.242144621875 0.7736957656250001 0.2310541296875 0.7716696828125 0.23025628125000003 0.7716696828125 0.22615396406250002 0.775917171875 0.22669372031249999 0.796178359375 0.2244889890625 0.8184278812500001 0.21790225468750002 0.8544959125 0.21790225468750002 1 0.23929105 1
1 0.2703125 1 0.2703125 0.96049234375 0.260091346875 0.8990695640624999 0.2618657546875 0.86751524375 0.269602784375 0.8031893109375 0.2668010515625 0.78951894375 0.2579127546875 0.780434078125 0.2497859609375 0.78331340625 0.2519160015625 0.803501675 0.25102879843750003 0.8192788359375001 0.2428139765625 0.8734284890625 0.2428139765625 0.9306859265625 0.250098575 0.9709485859375 0.2527865859375 1 0.2703125 1
0 1 0.5757126343750001 0.99412168125 0.5738522234375 0.9811561624999999 0.57740030625 0.9789135796874999 0.59574901875 0.9807418796875 0.6027541078125 1 0.6125062031249999 1 0.5757126343750001