1 0.049051073437499995 0.1335394109375 0.0477544875 0.1876697140625 0.0453125 0.19519605 0.0453125 0.2515625 0.06669336249999999 0.2515625 0.06756401875 0.23184143906250002 0.061476865625 0.191672746875 0.06970369531250001 0.12913638593750001 0.06502237968749999 0.12433436406250001 0.0533036296875 0.124470725 0.049051073437499995 0.1335394109375
1 0.55 0.1267304734375 0.5379443125 0.1291568625 0.5368136328124999 0.1805366609375 0.53125 0.199963278125 0.53125 0.303125 0.5457531296875 0.303125 0.5468872765625 0.301274546875 0.55 0.28859496562500003 0.55 0.1267304734375
1 0.4855694203125 0.1277677421875 0.4843853796875 0.1653360921875 0.4765625 0.19205481562499999 0.4765625 0.2875 0.49263566562500005 0.2875 0.502747103125 0.2492626984375 0.505275278125 0.21599771875 0.49781220625 0.1637202703125 0.5008963484375 0.12721408750000002 0.4968885671875 0.12721408750000002 0.4855694203125 0.1277677421875
2 0 0.3265625 0.25902511562499997 0.3265625 0.3399897703125 0.317005315625 0.3441249234375 0.31330790468749997 0.3435527015625 0.26739268437499997 0.3365562890625 0.260101815625 0 0.27556750937499996 0 0.3265625
1 0.289818121875 1 0.296489578125 0.956056103125 0.298462971875 0.925506609375 0.2919395 0.9066190640624999 0.27937216249999997 0.9012150203125 0.269913334375 0.908725453125 0.26140822343750003 0.9268628265625001 0.2589222390625 0.950942959375 0.26088051874999996 0.99069716875 0.260715653125 1 0.289818121875 1
1 0.25210345 1 0.2618294625 0.9534816515625 0.2617253140625 0.926617678125 0.2564649046875 0.9133069171875 0.2474383296875 0.9061055921874999 0.236044646875 0.909150065625 0.229825171875 0.9218015984375001 0.22673967031250003 0.9459605281249999 0.22585761718750003 1 0.25210345 1
1 0.7507526312499999 0.492220278125 0.7506918765625 0.5046268031250001 0.7503660625 0.5232611890625 0.75 0.5247831281249999 0.75 0.5796875 0.7542427593750001 0.5796875 0.76126645625 0.5522733140625 0.761723540625 0.536640778125 0.75773743125 0.5190127062500001 0.7614540390625001 0.4926056359375 0.7564747921875 0.4882063828125 0.7507526312499999 0.492220278125
1 0.7857433734375 0.5703125 0.7876774953125001 0.5627694734375 0.7883522578125 0.55794783125 0.7883522578125 0.5460324671875 0.786332825 0.5323046640625 0.7820516515625 0.5130981078125 0.7831504062500001 0.49115252812500004 0.7734375 0.49110088437500005 0.7734375 0.49818739218749997 0.77664755625 0.5160031703125 0.7734375 0.5284233890625 0.7734375 0.5600911984375 0.7743503296875 0.56364440625 0.7761394609375 0.5703125 0.7857433734375 0.5703125
1 0.7404625421875 0.4910311125 0.7328125 0.49176861250000004 0.7328125 0.5685436625 0.7342814953125 0.5734375 0.74194095625 0.5734375 0.7438746359375 0.5663952515624999 0.7438746359375 0.5328095687500001 0.73935165625 0.5177416265625 0.7404625421875 0.4910311125
1 0.7167367796875 0.4902293734375 0.7093238015625 0.48969857031249997 0.7091588 0.5077495796875 0.703125 0.52773113125 0.703125 0.560822346875 0.7039508031249999 0.5640625 0.7137762296875 0.5640625 0.71791264375 0.5493526140625 0.7186255265625 0.52689558125 0.71570145 0.5099846625 0.7167367796875 0.4902293734375
1 0.6889288078125 0.4891836859375 0.6892733234375 0.49758536875 0.6859375 0.50800335 0.6859375 0.5578125 0.6927439703125 0.5578125 0.6960846578125001 0.546521928125 0.697609859375 0.5331961484375001 0.6970172171875 0.5165512109375 0.694838915625 0.5033190624999999 0.6956376 0.48807925625 0.6889288078125 0.4891836859375
1 0.8049547015625 0.552630475 0.8049547015625 0.536452634375 0.8033036453125 0.526400746875 0.7990768625 0.5125783078125 0.7999523500000001 0.4889308296875 0.79715735625 0.48691113750000004 0.7921875 0.490025615625 0.7921875 0.4980810640625 0.7935677 0.5113167046875 0.7921875 0.5172108125 0.7921875 0.5660961640625 0.792528425 0.5671875 0.80265884375 0.5671875 0.8049547015625 0.552630475
1 0.8210048499999999 0.51850819375 0.8181748265625 0.50622375 0.81750248125 0.49100060624999997 0.81407058125 0.48851978125000006 0.810603446875 0.49078736406249995 0.8123599078125 0.499038809375 0.8082078578124999 0.5152229703125 0.80625 0.5300087828125 0.80625 0.5325475515625 0.8082951640625 0.5463002953125 0.8115477 0.5609375 0.820101921875 0.5609375 0.821875 0.5479280046875 0.821875 0.530109709375 0.8210048499999999 0.51850819375
1 0.602465996875 0.503272375 0.6008369734375 0.487789784375 0.5953125 0.4870906890625 0.5953125 0.5605335734375 0.5954005125 0.5609375 0.60555855625 0.5609375 0.606559240625 0.551686734375 0.606559240625 0.5253159937499999 0.6048141375 0.5149689656249999 0.602465996875 0.503272375
1 0.9929777046874999 0.575 0.9929777046874999 0.5271769609375 0.992494834375 0.525184459375 0.9895842140625 0.5182400140625 0.98913071875 0.5126844593750001 0.9907942234375 0.5043511234375 0.989660484375 0.4904622359375 0.9883185484375 0.4883789015625 0.9828125 0.4883789015625 0.9828125 0.5157151343749999 0.9833342140625 0.5182400140625 0.9828125 0.5227029171875001 0.9828125 0.5624119171874999 0.9861933 0.5724066796875 0.9883499812500001 0.575 0.9929777046874999 0.575
1 0.9563054000000001 0.56875 0.9652965703125 0.56875 0.96625055625 0.56481135 0.96625055625 0.5220840828125 0.9644031546875 0.5149893796875 0.962711278125 0.5122934875 0.9641493875 0.49272621406250006 0.962751103125 0.48792651875 0.955719853125 0.488295009375 0.9546875 0.49035497499999997 0.9546875 0.4980884828125 0.956461278125 0.5126210359375001 0.9549634656249999 0.5140918140624999 0.9546875 0.51552861875 0.9546875 0.5635924484375 0.95592381875 0.568340365625 0.9563054000000001 0.56875
1 0.9296875 0.5052083328125 0.925 0.5204861109375 0.92421875 0.5427083328125 0.92578125 0.5510416671875 0.92578125 0.5565972218749999 0.92734375 0.562152778125 0.930078125 0.565625 0.93359375 0.56631944375 0.93671875 0.5635416671875 0.94140625 0.5482638890625 0.9421875 0.531597221875 0.940625 0.5204861109375 0.93671875 0.5052083328125 0.9375 0.49131944375 0.934765625 0.48784722187499996 0.932421875 0.48784722187499996 0.9296875 0.49131944375 0.93046875 0.49965277812500003 0.9296875 0.5052083328125
1 0.971875 0.4927083328125 0.971875 0.5010416671875 0.96640625 0.521875 0.96640625 0.5482638890625 0.9671875 0.549652778125 0.9671875 0.5552083328124999 0.96796875 0.559375 0.97109375 0.5635416671875 0.975390625 0.5642361109375 0.9765625 0.5607638890625 0.97578125 0.559375 0.97578125 0.54131944375 0.9796875 0.5204861109375 0.9796875 0.5135416671875 0.97734375 0.5010416671875 0.976953125 0.48923611093749997 0.972265625 0.48923611093749997 0.97109375 0.49131944375 0.971875 0.4927083328125
1 1 0.48784722187499996 0.996484375 0.48784722187499996 0.99453125 0.49131944375 0.99609375 0.4982638890625 0.99609375 0.5107638890625 0.99453125 0.5135416671875 0.990625 0.52881944375 0.99140625 0.5579861109375 0.99296875 0.56631944375 0.99609375 0.5704861109375 0.998046875 0.5711805562500001 1 0.56925154375 1 0.48784722187499996
0 0.78046875 0.7704861109375 0.7796875 0.7454861109375 0.772265625 0.730902778125 0.765234375 0.7267361109375 0.748828125 0.7350694437499999 0.74296875 0.75381944375 0.7453125 0.77881944375 0.75703125 0.796875 0.768359375 0.7961805562500001 0.78046875 0.7704861109375