1 0.1524330890625 0 0.152179234375 0.0025861359375 0.1359375 0.04732759375 0.1359375 0.240625 0.1521469921875 0.240625 0.1523064828125 0.240519675 0.1751366765625 0.1719990296875 0.183081346875 0.1356149609375 0.1859984734375 0.09027188750000001 0.176688096875 0.007757423437499999 0.177846828125 0 0.1524330890625 0
1 0.0598377328125 0 0.0453125 0.042373525 0.0453125 0.2559652359375 0.0472349140625 0.25625 0.0704584484375 0.25625 0.0739353296875 0.2518888078125 0.0934786890625 0.193649409375 0.1051371703125 0.1455527734375 0.1099893421875 0.08908038125 0.10875185624999999 0.05665479375 0.1019540859375 0 0.0598377328125 0
1 0 0 0 0.20296315625 0.0043353093750000005 0.1957837453125 0.0196081859375 0.1378003625 0.0246835546875 0.1048771328125 0.025775415625 0.0558486265625 0.0243960765625 0.039971184375 0.01698221875 0.00502841875 0.01636243125 0 0 0
1 0.7321446500000001 0.1352030046875 0.74200263125 0.0941074203125 0.7478450421875 0.03754405 0.74498584375 0.030777028125 0.73425883125 0.0285724609375 0.72161850625 0.031079409375 0.717636709375 0.039127201562500005 0.7160608234375 0.10100046562500001 0.7185328203125 0.13683861875 0.7078125 0.156539 0.7078125 0.353125 0.7182553328125 0.353125 0.72559276875 0.3448968671875 0.7372939 0.3000156921875 0.7445180203125 0.2526023984375 0.7459131140624999 0.1999611 0.7391448953124999 0.152358865625 0.7321446500000001 0.1352030046875
1 0.676013875 0.1687169375 0.6693338843750001 0.149227040625 0.675944371875 0.12518326875000002 0.6841017890625001 0.056688990625000005 0.6826840609375 0.03630346875 0.679649184375 0.03026525625 0.674081803125 0.0274541453125 0.6599114453125 0.0292241828125 0.6562833484375 0.0333711546875 0.6530859625 0.043541190625 0.6503696109374999 0.12596071874999998 0.6532419812500001 0.1482071828125 0.6460751874999999 0.163911559375 0.6410626703125001 0.1963007859375 0.640625 0.1978684296875 0.640625 0.371875 0.6592003375 0.371875 0.6622818687500001 0.3687048171875 0.6774967765625 0.313218953125 0.684198109375 0.269724675 0.6857620515624999 0.2428728234375 0.6843982515625 0.2215613796875 0.676013875 0.1687169375
1 0.5339238609375 0.31419994375 0.535395853125 0.391977721875 0.54423251875 0.4046875 0.5642601953125 0.4046875 0.5657423578125 0.40424141249999995 0.5657423578125 0.221165553125 0.5595804515625 0.1975332765625 0.5525055140624999 0.1817925359375 0.5560251265625 0.11975549999999999 0.5554039671875 0.0780888328125 0.55135698125 0.060496240624999996 0.5454272328125 0.05169994375 0.538413771875 0.0470703140625 0.5277189 0.05169994375 0.525 0.058190885937500006 0.525 0.1278131640625 0.5322415421875 0.18271846249999998 0.5267679515625 0.1975332765625 0.525 0.21171369375000001 0.525 0.27517291718750003 0.530203603125 0.2929036484375 0.5339238609375 0.31419994375
1 0.44920832656250004 0.2265625 0.4503032671875 0.2265625 0.47740328906249996 0.22084713906250003 0.47740328906249996 0.15770725000000002 0.477206425 0.0913335203125 0.47422520468750007 0.05613924375 0.47061603124999996 0.04544109375 0.4596472421875 0.034375 0.45926726250000005 0.034375 0.4478598015625 0.051055056249999994 0.446875 0.055692348437500004 0.446875 0.074003246875 0.45751568125 0.16682307031250002 0.4481882875 0.21197525156250002 0.44920832656250004 0.2265625
1 0.44499036875 0.059655620312500005 0.4552597828125 0.030314878125 0.44965095 0.024614878125 0.43610928125 0.0254035890625 0.43150798593750006 0.029380309375000004 0.429825153125 0.0355050015625 0.43231435156250003 0.07522880781249999 0.440683578125 0.121100415625 0.44100684531249995 0.13498930468749998 0.43256215000000003 0.1530975953125 0.4234375 0.2092663359375 0.4234375 0.278125 0.42978286718750003 0.278125 0.430719403125 0.2755928328125 0.43143780312499996 0.261643271875 0.43808293593750003 0.23344080156250002 0.442059246875 0.20261223281250001 0.45122234062499994 0.1705543859375 0.44499036875 0.059655620312500005
1 0.3 0.346875 0.311391725 0.346875 0.31557883124999997 0.3410891171875 0.3238869421875 0.2991800296875 0.3284953484375 0.261581603125 0.32898018281249997 0.21991493437499998 0.3202731796875 0.16168732187499998 0.31176378437499996 0.13128305468749998 0.3193642234375 0.060579128125000006 0.32022983125 0.0309950640625 0.3159374234375 0.019033671874999998 0.3055395046875 0.0164882796875 0.3 0.0164882796875 0.3 0.346875
0 0.49409621093750006 0.41558299375 0.519042425 0.40574122187499995 0.519042425 0.28598814687499996 0.5103386984375 0.2513277671875 0.49410288593749996 0.2303823890625 0.4791807875 0.21881712968749997 0.45687010937500006 0.21881712968749997 0.436225640625 0.22541381562499999 0.431695721875 0.23845732968750002 0.4292096234375 0.26961103125 0.4234375 0.2808684078125 0.4234375 0.3227448484375 0.43672885 0.3549054734375 0.4475225703125 0.3906733828125 0.456404825 0.402811971875 0.47654608750000005 0.415625 0.4897786234375 0.415625 0.49409621093750006 0.41558299375
1 0.43098889375000005 0.6313570265624999 0.42725805 0.6292469296875 0.41788305000000003 0.62973825 0.412999909375 0.6359887843750001 0.40926237343749994 0.6647743765625 0.4015625 0.687219096875 0.4015625 0.825 0.41725073593750006 0.825 0.419069428125 0.822887215625 0.4235572125 0.8115850312500001 0.43655096406249994 0.7564913765625001 0.438145775 0.7149065984374999 0.42957487343749995 0.6637098437500001 0.43098889375000005 0.6313570265624999
1 0.49632231875 0.6815617265625 0.49741935625 0.6537809187500001 0.500850915625 0.630644890625 0.49817508281249995 0.627387484375 0.48150841875 0.6272905203125 0.478347225 0.632366446875 0.480016140625 0.657384628125 0.47757231874999995 0.6814526421875 0.4703125 0.702801921875 0.4703125 0.8453125 0.486532009375 0.8453125 0.48954283125 0.8426879890624999 0.4925074859375 0.818623003125 0.5001411843750001 0.80384758125 0.5042369078125001 0.7871990953125 0.5069872890625 0.7399768734375 0.49632231875 0.6815617265625
1 0.5555293265625 0.8546875 0.560424090625 0.8546875 0.5626540984374999 0.8428674812500001 0.5731839671875 0.8201822968750001 0.5847870875 0.8112402546874999 0.5847870875 0.743096525 0.5730350468750001 0.7030526671875 0.570489084375 0.6743489640625 0.572811771875 0.639163778125 0.5724235656250001 0.631756371875 0.5699099765625 0.62851563125 0.5485558109374999 0.62851563125 0.546875 0.631162190625 0.546875 0.637796459375 0.5516776078125 0.6632378531249999 0.553097803125 0.7002748890625 0.546875 0.7301544343749999 0.546875 0.8213404828125 0.547051725 0.8234230374999999 0.5555293265625 0.8546875
1 0.5503524140625 0.8149156140624999 0.5464818578124999 0.787990815625 0.5457753546874999 0.7630089984375 0.5483909515625001 0.7334611875 0.5503524140625 0.7242249421875 0.5503524140625 0.6498063078125 0.54699794375 0.631709340625 0.5433211640625 0.62748358125 0.5401961640625 0.627429034375 0.5382085218749999 0.6324807140625 0.538132346875 0.6611480562500001 0.5328125 0.6918518718750001 0.5328125 0.7720053796874999 0.5329459046875 0.7729578125 0.5395758171875 0.8008174109375 0.545102171875 0.8203345843750001 0.546573153125 0.821875 0.5503524140625 0.821875 0.5503524140625 0.8149156140624999
1 0.655115215625 0.8560982984375001 0.655115215625 0.7703002781249999 0.643789278125 0.725279625 0.6417957546874999 0.7068521109375 0.6448238140625 0.6352827984375 0.6412983140625 0.629461459375 0.62202748125 0.6305838578125 0.6192814312499999 0.63584329375 0.6187138890625 0.6562743328125 0.62380725625 0.6958464671875 0.6234767781249999 0.72646269375 0.6140625 0.7716678171875 0.6140625 0.8104269875 0.629037059375 0.8309103125 0.637302134375 0.8498997296875 0.64380680625 0.8859375 0.6508793578125001 0.8859375 0.6516411921875 0.8833702765624999 0.655115215625 0.8560982984375001
1 0.5896617 0.7992465578125 0.5953369953125 0.8043774234375001 0.597136475 0.8046875 0.6010708765625 0.8046875 0.60214015 0.8021920171874999 0.6045036109374999 0.7783002109374999 0.6181816671875 0.72295790625 0.6195681046875 0.6934194093749999 0.61532234375 0.6550463421874999 0.6181850890625 0.63305195625 0.615889825 0.6286802390624999 0.6095434140625 0.628125 0.6052581234375 0.628125 0.602549315625 0.632610871875 0.604363296875 0.6559412890624999 0.6030199546875 0.6817760796875 0.5890625 0.7363807734375 0.5890625 0.7951706812499999 0.5896617 0.7992465578125
1 0.6860922125 0.8608085390625 0.6896968890625 0.8640625 0.7102390890625 0.8640625 0.7102390890625 0.7372789359375 0.701777209375 0.7071104140625 0.698849309375 0.702298684375 0.695994725 0.6762999187500001 0.6983541859375 0.6359233796874999 0.695916175 0.6269996125 0.6746267546875 0.6264323093749999 0.671875 0.6296653671875 0.671875 0.6372221875 0.678159753125 0.6658387921875001 0.6799079234375001 0.6908387921875001 0.6753975234375 0.7375147109375 0.67440631875 0.7752227312500001 0.6777731656249999 0.8233708796875 0.6860922125 0.8608085390625
1 0.6796059812499999 0.679964609375 0.6807411609375 0.6975905796874999 0.68329508125 0.7037592921875 0.69760183125 0.70421418125 0.695525475 0.6745177984375 0.6984922921875001 0.655306990625 0.6993757781250001 0.635962675 0.697831190625 0.628934790625 0.6624468562500001 0.6275911140625 0.659239278125 0.6324667578125001 0.6587114671875 0.6619962578124999 0.6523574875 0.6883808390625 0.648866346875 0.722339709375 0.651140196875 0.7428102093750001 0.6583925515625 0.77191443125 0.662060253125 0.8174183062499999 0.6668820453125 0.821875 0.66994406875 0.821875 0.6710114218750001 0.8207634859375 0.6684823890625 0.7781041421875 0.6695275437499999 0.7633894546875 0.6769301671875001 0.70750875 0.680220328125 0.6975572015625 0.6796059812499999 0.679964609375
1 0.7625 0.7975011750000001 0.7625 0.7869200281250001 0.7612921984375001 0.7323438031249999 0.7596435078125 0.7175653546875 0.75006919375 0.6835243015625 0.748898240625 0.661326325 0.75080380625 0.630722278125 0.7489620375 0.6275239671875 0.7263138671875 0.6294401859375001 0.7271525265625 0.6840576921875 0.7184815125 0.71574525625 0.7144549062500001 0.7399163124999999 0.7140625 0.751827053125 0.7140625 0.7729578421875 0.7163783265625 0.8019169828124999 0.7265165687499999 0.8433533203125 0.7282143671875 0.8453125 0.7525177046875 0.8453125 0.7576803796875 0.8278111546875 0.7625 0.7975011750000001
1 0.8058102187500001 0.760483865625 0.8067523359375001 0.717812340625 0.8033586046875001 0.689679365625 0.7963190421874999 0.6612701265625001 0.798435528125 0.6270503328125 0.7960686531250001 0.6251934718750001 0.7816087078125 0.6251934718750001 0.777081359375 0.6254322109375 0.77526010625 0.6308693671875 0.773923209375 0.6595730718749999 0.765625 0.6896078953125 0.765625 0.8157124796874999 0.7696969421875 0.823255528125 0.7763570843750001 0.825 0.785804375 0.825 0.7931112140625001 0.8199191906250001 0.80273499375 0.781622296875 0.8058102187500001 0.760483865625
0 0.5606770828125001 0.825347221875 0.5526041671874999 0.8424768515625001 0.5458333328125 0.87210648125 0.5479166671875 0.9109953703125001 0.5541666671875 0.93414351875 0.5611979171874999 0.9484953703125001 0.56953125 0.95868055625 0.5864583328125 0.969328703125 0.6018229171874999 0.9670138890625001 0.6169270828125001 0.9549768515625001 0.6286458328125001 0.93414351875 0.6359375 0.9054398140625001 0.6348958328125001 0.8646990734374999 0.6260416671875 0.8359953703125 0.6106770828125001 0.8142361109374999 0.59140625 0.805902778125 0.5752604171875 0.8105324078125001 0.5606770828125001 0.825347221875