1 0.4421875 0.56875 0.4421875 0.4191827640625 0.43557777499999994 0.39213872968749997 0.43315533124999994 0.3518927859375 0.43862542187500003 0.25567745 0.4330324375 0.23364622812500002 0.4188980703125 0.22303029843750002 0.415956665625 0.22303029843750002 0.40649270781249996 0.22568487343750002 0.3969928015625 0.2518090703125 0.40192743281250004 0.39211868125 0.38684491875 0.4636841859375 0.382133978125 0.52091513125 0.38712654375 0.56662113125 0.38758913906250003 0.56875 0.4421875 0.56875
1 0.2734375 0.56875 0.2734375 0.5030458234374999 0.25695182499999997 0.440859759375 0.256302728125 0.35897908749999996 0.2604138625 0.28164772031249996 0.25095674375 0.2538309984375 0.23603622343750003 0.2429852125 0.2174779671875 0.252434959375 0.2111466234375 0.2748522515625 0.2193306078125 0.43085421874999996 0.20980467812499998 0.46613627968750004 0.1989344375 0.5137908 0.19666262343750002 0.56875 0.2734375 0.56875
1 0.5034027390625 0.4921875 0.5211343234375 0.4921875 0.521875 0.49076677343749997 0.521875 0.29813860625 0.520641759375 0.27696466875 0.521875 0.2579765875 0.521875 0.1908260125 0.5199902828125 0.185571015625 0.5113422421875 0.1774543515625 0.498303675 0.180847471875 0.4939940359375 0.1937461515625 0.49882212968750006 0.30337736875 0.48958339375 0.331906996875 0.48209663281250004 0.37714879375 0.4864372 0.43830541093750003 0.4951948984375 0.481724984375 0.5034027390625 0.4921875
1 0.39214527499999996 0.521875 0.396219028125 0.45850198124999997 0.40625 0.40042036562499994 0.40625 0.3443589890625 0.39991105312499997 0.25370783124999996 0.40245761562500004 0.234126978125 0.40625 0.22627661406250002 0.40625 0.1985508015625 0.40423149843750006 0.1922966203125 0.3940264234375 0.18125 0.39204039062499996 0.18125 0.3813345890625 0.1840463765625 0.37522384375 0.203055553125 0.383187728125 0.316944440625 0.37193315625 0.37999007812499996 0.36918378125 0.419069940625 0.37034494375000004 0.446875 0.37677632656250004 0.48284970156250007 0.3871139609375 0.51868799375 0.3910779296875 0.521875 0.39214527499999996 0.521875
1 0.369957334375 0.2085263125 0.38125 0.18079947031250002 0.38125 0.1676344640625 0.37284290000000003 0.1522740390625 0.3625248625 0.1549927296875 0.3541727125 0.17092177343749998 0.3481865875 0.2736995515625 0.3380974984375 0.3026816109375 0.3380974984375 0.4140625 0.33817885625 0.4140625 0.3424154578125 0.3862040953125 0.3638094234375 0.31408186875 0.369957334375 0.2085263125
1 0.607672940625 0 0.5909488703125 0.09348403749999999 0.5944681734375 0.1710630625 0.608551375 0.23237650156249998 0.6317613359375 0.2999720828125 0.6371563015625 0.3078125 0.6542960390625 0.3078125 0.671875 0.30595417812500003 0.671875 0.0235835671875 0.66642465625 0.010173940624999999 0.66345805625 0 0.607672940625 0
1 0.7274926828125 0 0.7119702875 0.05644125625 0.7086031640625 0.084300240625 0.7086031640625 0.15047314375 0.7120149312499999 0.18309871875 0.734899975 0.2794227640625 0.73513981875 0.2796875 0.7877693546875 0.2796875 0.7919994296875 0.2710211265625 0.8140625 0.1676398921875 0.8140625 0.10441619375 0.8088657484375 0.058566585937500006 0.792614590625 0 0.7274926828125 0
1 0.8849288578125 0 0.8745464484374998 0.053382785937499996 0.8768759453125 0.120114759375 0.8868432609375001 0.1709346 0.9100997828124999 0.24940063281249997 0.9148777203125 0.25625 0.9546875 0.25625 0.9546875 0 0.8849288578125 0
1 0.068086890625 0.56875 0.0760253234375 0.6361690921875 0.0433958296875 0.7333630875 0.039744724999999995 0.7923554484374999 0.0499652046875 0.841558225 0.07961801562500001 0.915625 0.1480564921875 0.915625 0.15549818437500001 0.8985412890625 0.165625 0.8626260640625001 0.165625 0.733772346875 0.1275878234375 0.640378103125 0.13083085156250002 0.56875 0.068086890625 0.56875
1 0 0.56875 0 0.8463149859375001 0.0138925953125 0.8734375 0.0484375 0.8734375 0.0484375 0.654468690625 0.038986809375 0.6362695109375001 0.036544165625 0.56875 0 0.56875
1 0.1871958625 0.56875 0.19298580468749998 0.6380994578125 0.165710753125 0.7125627390625 0.165710753125 0.7517012234375 0.168448371875 0.8257968765625 0.19412787812500001 0.8890625 0.2518777671875 0.8890625 0.265187015625 0.854876703125 0.2748074546875 0.8132352359375 0.278125 0.7553080515625 0.278125 0.751962140625 0.23992443749999998 0.6298921156249999 0.2436422703125 0.56875 0.1871958625 0.56875
1 0.40441140156250005 0.56875 0.40598686562499997 0.634127240625 0.3995078921875 0.6511083453125 0.3995078921875 0.7148695203125 0.403742553125 0.7263329234375 0.4103873953125 0.7732624671874999 0.40600373125000006 0.8216908765625 0.3995078921875 0.8452279125000001 0.3995078921875 0.9046875 0.44188754843750006 0.9046875 0.45641398437499997 0.8954465390624999 0.47458713125 0.8517874421875 0.4890625 0.7979955140625 0.4890625 0.7328737656250001 0.4845221171875 0.7080465296874999 0.45773137343750003 0.6313022234375 0.46442785468750003 0.56875 0.40441140156250005 0.56875
1 0.290625 0.86640625 0.27890625 0.8125 0.271875 0.84765625 0.2765625 0.86015625 0.290625 0.86640625
1 0.2729758515625 0.56875 0.2796875 0.63203125 0.2640625 0.68671875 0.2828125 0.73984375 0.3171875 0.65234375 0.321875 0.61953125 0.31424121718750003 0.56875 0.2729758515625 0.56875
1 0.3162642046875 0.56875 0.321875 0.63046875 0.284375 0.74296875 0.28125 0.80390625 0.29375 0.86015625 0.3234375 0.93203125 0.378125 0.93515625 0.39375 0.92890625 0.4109375 0.88203125 0.425 0.82109375 0.4265625 0.76953125 0.4203125 0.73515625 0.3828125 0.64765625 0.378125 0.62421875 0.38142671093749997 0.56875 0.3162642046875 0.56875
1 0.610693259375 0.56875 0.6202349796875 0.6140770546875001 0.6274583515625001 0.6405556796875 0.6339669453125 0.6558806765625 0.63996435 0.6625 0.6744706890625001 0.6625 0.6812496453125 0.6532680859375 0.6826828484374999 0.6459882234375 0.6836958375 0.6146342859375 0.6875 0.6019318546875 0.6875 0.56875 0.610693259375 0.56875