1 0.15 0 0.15 0.040464359374999995 0.1510814015625 0.0421875 0.200698134375 0.0421875 0.200698134375 0 0.15 0
1 0.2234375 0 0.2234375 0.00304310625 0.2263701515625 0.0365634609375 0.229541715625 0.0421875 0.27475134218749997 0.0421875 0.27475134218749997 0 0.2234375 0
1 0.89345028125 0.353125 0.8954852578124999 0.35000352968750004 0.8954852578124999 0.2638698984375 0.8879059703125 0.23315552187500002 0.8883787390624999 0.176047303125 0.8846367031250001 0.1713704375 0.870509515625 0.1707185328125 0.8703125 0.1731840515625 0.8703125 0.20251488437499998 0.8744306546875 0.2296848953125 0.8703125 0.25559584218750003 0.8703125 0.3244465796875 0.8760229296875 0.347945171875 0.88116874375 0.353125 0.89345028125 0.353125
1 0.9307615531250001 0.246315184375 0.9343828015625 0.189931365625 0.929334390625 0.179024696875 0.9229844906250001 0.177329975 0.9175599875 0.18163776874999998 0.9144462125 0.19263940625 0.9175126265625 0.24369194843750003 0.9109375 0.2729875265625 0.9109375 0.352225265625 0.9190621578125 0.365625 0.9310006140624999 0.365625 0.9341238359374999 0.3601495296875 0.9408101890625 0.3225768046875 0.941084928125 0.2989656921875 0.9307615531250001 0.246315184375
1 0.9742732828125 0.1826676828125 0.9733338109375002 0.1730547203125 0.9699516921875 0.1712172234375 0.9590141921875001 0.17198204687500002 0.9543168 0.17853251406249998 0.9546628875 0.23381491875 0.95 0.24935293125000002 0.95 0.35 0.9604629375 0.35 0.9612490484375 0.349498240625 0.9706636203125001 0.3239519359375 0.9745204390625 0.300176934375 0.9745600124999999 0.27528619375 0.9671628875 0.232940834375 0.9742732828125 0.1826676828125
1 0.838671875 0.1692708328125 0.82265625 0.17135416718750002 0.825 0.21857638906250001 0.8171875 0.24635416718749997 0.81328125 0.26996527812500004 0.81484375 0.3046875 0.82109375 0.33524305625 0.825 0.34079861093749997 0.836328125 0.34149305625 0.8390625 0.3380208328125 0.84765625 0.2907986109375 0.84609375 0.25746527812500003 0.83671875 0.21857638906250001 0.83984375 0.1838541671875 0.838671875 0.1692708328125
1 0.778515625 0.1692708328125 0.7765625 0.17413194375000002 0.778125 0.2060763890625 0.76796875 0.2546875 0.76875 0.28524305625 0.775 0.3032986109375 0.7765625 0.32274305625 0.77890625 0.3255208328125 0.789453125 0.326215278125 0.79375 0.3213541671875 0.80078125 0.282465278125 0.80078125 0.2532986109375 0.790625 0.2046875 0.7921875 0.1755208328125 0.790234375 0.1692708328125 0.778515625 0.1692708328125
1 0.909765625 0.17204861093749999 0.9078125 0.1755208328125 0.9078125 0.1810763890625 0.91015625 0.21996527812500002 0.90078125 0.25746527812500003 0.89921875 0.2713541671875 0.9 0.3005208328125 0.9046875 0.3255208328125 0.90703125 0.32274305625 0.90703125 0.29913194375 0.91328125 0.26024305625 0.9171875 0.24774305624999998 0.91796875 0.2338541671875 0.91171875 0.18802083281249998 0.91171875 0.1838541671875 0.915625 0.176909721875 0.909765625 0.17204861093749999
1 0.953515625 0.17204861093749999 0.9484375 0.17413194375000002 0.95 0.2046875 0.94375 0.22552083281250002 0.93828125 0.2532986109375 0.9375 0.26857638906250003 0.94296875 0.2935763890625 0.94375 0.307465278125 0.9453125 0.307465278125 0.94609375 0.28524305625 0.9484375 0.27690972187499996 0.9484375 0.26857638906250003 0.95703125 0.23524305625 0.95703125 0.214409721875 0.9546875 0.19913194375 0.9546875 0.1755208328125 0.953515625 0.17204861093749999
1 0.867578125 0.17204861093749999 0.86328125 0.17413194375000002 0.865625 0.189409721875 0.865625 0.20052083281250002 0.85703125 0.2338541671875 0.853125 0.25746527812500003 0.85390625 0.2880208328125 0.8578125 0.3046875 0.86015625 0.29635416718749996 0.86171875 0.2713541671875 0.87109375 0.2310763890625 0.867578125 0.17204861093749999
0 0.862109375 0.45538194374999996 0.844140625 0.46510416718750003 0.83515625 0.4782986109375 0.828125 0.507465278125 0.828125 0.532465278125 0.834375 0.5546875 0.844140625 0.5720486109375 0.8578125 0.582465278125 0.866796875 0.583159721875 0.880078125 0.5734375 0.88984375 0.5588541671875 0.89765625 0.5338541671875 0.8984375 0.507465278125 0.89296875 0.482465278125 0.873828125 0.45677083281249997 0.862109375 0.45538194374999996
1 0.3796875 1 0.3796875 0.6 0.3210409078125 0.6 0.336501346875 0.7462322984374999 0.278125 0.9435448671875001 0.278125 0.97765920625 0.281211225 1 0.3796875 1
1 0.18334241406250001 0.6 0.18586805625 0.7029513890625 0.17972534375 0.750912278125 0.1236458328125 0.9118402781249999 0.131660353125 1 0.2579395515625 1 0.252534721875 0.9207291671875 0.288090278125 0.796284721875 0.2614236109375 0.7251736109375 0.2733449078125 0.6 0.18334241406250001 0.6
1 0.050485946875 0.6 0.05710974375 0.6850937359375 0.048090278125000004 0.7251736109375 0 0.851957071875 0 0.8660416640624999 0.008090278125 0.9873958328124999 0.014392360937500001 1 0.1335850703125 1 0.1236458328125 0.8807291671874999 0.14586805625000002 0.7873958328125 0.1192013890625 0.7207291671875 0.1282560765625 0.6 0.050485946875 0.6
1 0.4034622296875 0.6 0.3984375 0.6287791609375 0.3984375 0.6921875 0.45556623749999997 0.6921875 0.45556623749999997 0.6135537359375001 0.45184145000000003 0.6 0.4034622296875 0.6
1 0.6484375 0.6 0.6484375 0.6859375 0.6963251015624999 0.6859375 0.6975766875 0.683365890625 0.70055339375 0.6126418203124999 0.69820411875 0.6 0.6484375 0.6
1 0.7453125 0.6 0.7453125 0.627093703125 0.748851465625 0.6597446890625001 0.756473490625 0.6890625 0.79640619375 0.6890625 0.79640619375 0.6 0.7453125 0.6
2 0.3796875 0.815972221875 0.426171875 0.8130208328125 0.449609375 0.8171875 0.715234375 0.8144097218749999 0.7203125 0.8067708328125001 0.72109375 0.75399305625 0.724609375 0.7463541671875 0.780859375 0.7491319437499999 0.805078125 0.7407986109375 0.812890625 0.7491319437499999 0.869921875 0.7491319437499999 0.859375 0.7414930562500001 0.873046875 0.73663194375 0.882421875 0.7491319437499999 0.955078125 0.7491319437499999 0.957421875 0.7435763890625 0.969921875 0.744965278125 0.97578125 0.7359375 0.9765625 0.7067708328125 0.973046875 0.6935763890625 0.962890625 0.6907986109375 0.3796875 0.69540254375 0.3796875 0.815972221875