2 0.509375 0.133296921875 0.133177921875 0.13253842031250002 0.0140625 0.13253842031250002 0.0140625 0.212294240625 0.081287015625 0.2140625 0.509375 0.2140625 0.509375 0.133296921875
1 0.7987981937499999 0.4390625 0.80423828125 0.3872024390625 0.8013520656249999 0.3436202828125 0.789252471875 0.290615225 0.787036196875 0.268347546875 0.78882131875 0.2257731359375 0.7930813125 0.1906515890625 0.7929483703125 0.1684202765625 0.7882832890625 0.1521302046875 0.77802824375 0.142689121875 0.7664890984375 0.14711874687499998 0.7586380171875 0.164116553125 0.7571438125000001 0.1900242984375 0.7601916484375 0.22434719531249997 0.759823565625 0.27528221249999996 0.7453125 0.33569057343750003 0.7453125 0.4390625 0.7987981937499999 0.4390625
1 0.42942404375 0.6203479296875 0.427376678125 0.6480984328125 0.41875 0.68624323125 0.41875 0.715625 0.4556795375 0.715625 0.45475013906250006 0.6916449124999999 0.445369671875 0.6470231890625 0.44980380468750003 0.5720777375 0.44556753281250006 0.5685305125 0.4271475546875 0.5716822703125001 0.42942404375 0.6203479296875
1 0.22109375 0.9003472218749999 0.2265625 0.89618055625 0.23359375 0.8739583328125 0.23515625 0.8170138890625 0.229296875 0.80243055625 0.205859375 0.80243055625 0.2078125 0.8517361109374999 0.22109375 0.9003472218749999
1 0.221484375 0.5677083328125 0.209765625 0.5677083328125 0.20703125 0.57256944375 0.20859375 0.6100694437499999 0.19453125 0.6725694437499999 0.19765625 0.718402778125 0.201171875 0.7232638890625 0.21328125 0.7239583328125001 0.232421875 0.721875 0.23671875 0.6920138890625 0.234375 0.655902778125 0.2234375 0.6114583328125 0.22578125 0.5711805562500001 0.221484375 0.5677083328125
2 0.509375 0.7232258375 0.370703125 0.721875 0.341796875 0.7274305562500001 0.244140625 0.7232638890625 0.225390625 0.7302083328125001 0.201171875 0.7302083328125001 0.194140625 0.7232638890625 0.146484375 0.7204861109375 0.140625 0.728125 0.13984375 0.7822916671875 0.148046875 0.794097221875 0.187109375 0.7899305562500001 0.202734375 0.799652778125 0.30703125 0.8017361109374999 0.509375 0.8012109703125001 0.509375 0.7232258375
1 0.7726512796874999 0.4390625 0.7787275328125001 0.6099571078125 0.7525837421875 0.7006433828125 0.7411458328125 0.7692708328125001 0.7427798203125 0.8354473046875001 0.754217728125 0.9138786765625 0.76402165 0.9481924015625001 0.7803615203125001 0.9678002453125 0.8236621734374999 0.9690257359375 0.8342830875 0.9604473046875001 0.8636948531249999 0.8158394609374999 0.8604268796875001 0.7276041671875 0.8277471406250001 0.6099571078125 0.8353424562499999 0.4390625 0.7726512796874999 0.4390625
1 0.61789850625 0.4390625 0.6234987750000001 0.5633884796874999 0.5826491015624999 0.7447610296875 0.5875510625 0.8526041671875 0.612060865625 0.9604473046875001 0.6218647875000001 0.9751531859375 0.6806883171875 0.9702512249999999 0.7051981203125 0.8771139703124999 0.7166360296875001 0.7839767156249999 0.71173406875 0.7153492640625 0.6757863562499999 0.5756433828125 0.68316910625 0.4390625 0.61789850625 0.4390625
1 0.509375 0.4390625 0.509375 0.9687099578125 0.5213745921874999 0.9690257359375 0.5303615203125001 0.9555453437499999 0.5581392968750001 0.8256433828125 0.5581392968750001 0.749662990625 0.522191584375 0.5928002453125 0.5313699578125 0.4390625 0.509375 0.4390625
1 0.9181747 0.4390625 0.9045445265625001 0.4653492640625 0.9127144609375 0.6173100484375 0.881668709375 0.7423100484375 0.8784007359375 0.7790747546875 0.8898386437500001 0.8918198531249999 0.9045445265625001 0.9506433828125 0.9192504078125001 0.9604473046875001 0.9650020421875001 0.9530943624999999 0.9911458328125 0.8158394609374999 0.987877859375 0.7374080875000001 0.9568321078124999 0.6148590687500001 0.9650020421875001 0.462898284375 0.9491115203125 0.4390625 0.9181747 0.4390625
1 0.541799428125 0.63201593125 0.5499693625 0.49231004843750004 0.5344464875 0.464123775 0.522191584375 0.5928002453125 0.5548713234375 0.7251531859375 0.5597732843750001 0.8011335781250001 0.5532373359375 0.8648590687500001 0.53199550625 0.9555453437499999 0.5442504078125 0.9567708328125001 0.5499693625 0.943290440625 0.5728451796874999 0.8329963234375001 0.5712111921874999 0.7545649515624999 0.541799428125 0.63201593125
1 0.7623876640624999 0.5290747546875 0.7705575984374999 0.6295649515624999 0.7803615203125001 0.6001531859375 0.7803615203125001 0.5462316171875 0.773825571875 0.482506128125 0.7681066171875 0.47637867656250005 0.7623876640624999 0.5290747546875