1 0.5603184078125001 0 0.5633511578125 0.0399543671875 0.5604624406250001 0.09419229375 0.540625 0.1608287796875 0.540625 0.36875 0.608939228125 0.36875 0.6199456484375 0.32773863593749997 0.627137325 0.264216740625 0.6251215109375 0.20800550312500002 0.6034438265625 0.1166692828125 0.6008701703125 0.07643248281250001 0.6099729578125 0 0.5603184078125001 0
1 0.7113665328125001 0 0.7128471328125 0.0245579640625 0.7113500421875 0.061299178125 0.69375 0.1233695171875 0.69375 0.36875 0.7453362390625 0.36875 0.7617117421875 0.314025103125 0.7721217031250001 0.25378448124999997 0.7713428999999999 0.17527859375 0.7490484546875 0.0634948609375 0.7547888515625 0 0.7113665328125001 0
1 0.6215423484375 0 0.624454365625 0.031259984375 0.621478175 0.061611421875 0.6105654765625 0.1015475234375 0.6115575390625 0.11911940937500001 0.6294146828125 0.178224840625 0.637351190625 0.2197583859375 0.6393353171875 0.2900459265625 0.6323908734375 0.3475539140625 0.637351190625 0.3507488015625 0.6606646828125 0.3499500796875 0.66612103125 0.34276158125 0.6800099203125 0.2868510390625 0.6889384921875 0.211771165625 0.6859623015625 0.147873403125 0.6621527781250001 0.0584165328125 0.6591765875 0.031259984375 0.661841178125 0 0.6215423484375 0
1 0.5390625 0 0.5390625 0.18119912968750002 0.54112103125 0.1894069484375 0.550049603125 0.16704273125 0.5669146828125 0.090365415625 0.5679067453125 0.0552216453125 0.5624918421875 0 0.5390625 0
1 0.762768534375 0 0.762351190625 0.018480431250000002 0.7573908734374999 0.063208865625 0.7861607140625 0.19260183749999998 0.7871527781250001 0.2580970453125 0.781200396875 0.3172024765625 0.7975694437499999 0.3164037546875 0.8079861109375 0.2932408140625 0.821875 0.2261481625 0.824851190625 0.1446785140625 0.7970734125 0.020077875000000002 0.7979535765625 0 0.762768534375 0
1 0.8594666656250001 0 0.8595734125 0.0009085468750000001 0.8595734125 0.047234425000000003 0.8357638890625001 0.1414836265625 0.8327876984374999 0.16704273125 0.834771825 0.2533047125 0.855605159375 0.34435902500000004 0.862549603125 0.35234624531250003 0.8908234125 0.35314496875 0.9022321421875 0.3459564703125 0.9171130953125001 0.28525359375 0.9260416671874999 0.222953275 0.9230654765625002 0.149470846875 0.8962797625000001 0.0408446484375 0.8983687124999999 0 0.8594666656250001 0
1 1 0 0.9900457359375 0 0.99052579375 0.005700878125 0.9885416671874999 0.036052315625 0.968700396875 0.10633985625 0.9617559531250001 0.152665734375 0.9637400796875 0.2149660546875 0.9766369046874999 0.28205870625 0.9880456343749999 0.3180011984375 1 0.3199924953125 1 0
1 0.2634017421875 0.36875 0.2635699953125 0.38953573750000003 0.2421875 0.460682821875 0.2421875 0.688743828125 0.245524540625 0.7069008953125 0.258030878125 0.719060265625 0.284797125 0.721875 0.2853885515625 0.721875 0.2979365546875 0.7156774515625 0.3173119109375 0.645070428125 0.3273124265625 0.5865663890625 0.325420228125 0.49833109374999995 0.3033083203125 0.3909452578125 0.3050638609375 0.36875 0.2634017421875 0.36875
1 0.1546316328125 0.36875 0.153153215625 0.40503295 0.134375 0.4698925046875 0.134375 0.72581144375 0.13497945312499998 0.7290251953125 0.14550160625 0.7392454531249999 0.16143308125 0.740625 0.17539645625 0.740625 0.18855088125 0.732145375 0.21084990312500002 0.6485786796874999 0.2195361 0.5818327140624999 0.21950470000000002 0.5337938296875 0.19382781875 0.4074019765625 0.197125865625 0.36875 0.1546316328125 0.36875
1 0.0477526421875 0.36875 0.0481920578125 0.37407952031249997 0.046084565625000004 0.4219681984375 0.025 0.4978068171875 0.025 0.7149399843750001 0.02531720625 0.7170103453125 0.035411925 0.7525351953125 0.0413175375 0.75625 0.0824932796875 0.75625 0.08707358750000001 0.751141775 0.1111670203125 0.6544598453124999 0.11606479843749999 0.6146623171875 0.11472456875 0.544270846875 0.0877884125 0.4218257875 0.0876886921875 0.38345248593750003 0.08944146875 0.36875 0.0477526421875 0.36875
1 0.00362020625 0.36875 0.0040178578125 0.373552315625 0.0030257937499999998 0.399111421875 0 0.41338002031250004 0 0.49959065625 0.0020337296875000003 0.506140175 0.011954365625000001 0.55885583125 0.012946428125000001 0.64991014375 0.0030257937499999998 0.7186002390625 0.012946428125000001 0.724990015625 0.0322916671875 0.72419129375 0.0357638890625 0.7170027953125 0.0228670640625 0.64991014375 0.0198908734375 0.5700379390625001 0.024851190625 0.5237120609375 0.036755953125000004 0.490165734375 0.0486607140625 0.432657746875 0.04312275 0.36875 0.00362020625 0.36875
1 0.5390625 0.7080998015625 0.541210753125 0.7134002781250001 0.5499162375 0.7232967359375 0.5623356203125 0.7229310609375 0.5802730375 0.698776940625 0.593256046875 0.652866784375 0.5920527203125 0.619251171875 0.57622870625 0.573933796875 0.5865329703125 0.5151401578125 0.5859498984375 0.49753362812499996 0.57889981875 0.48050063749999994 0.5691279109375 0.47376442656249995 0.555127478125 0.4780717484375 0.54527529375 0.496113240625 0.54757040625 0.5681367984375 0.5390625 0.5873112046875001 0.5390625 0.7080998015625
1 0.6726679359375 0.36875 0.672123015625 0.402970246875 0.6522817453125 0.44130890625 0.6443452375 0.47166034375 0.6473214281249999 0.5227785546875 0.65625 0.5515325484375 0.6651785718750001 0.5611172124999999 0.6820436515624999 0.5547274359375 0.7018849203124999 0.5115964453124999 0.7068452375 0.486037340625 0.7068452375 0.460478234375 0.696924603125 0.4077625796875 0.7060919734375 0.36875 0.6726679359375 0.36875
1 0.74337291875 0.36875 0.7445436515624999 0.4045676921875 0.7509920640625 0.4229382984375 0.759424603125 0.42852935312499996 0.76884920625 0.42613318749999995 0.7832341265625 0.40616513593750003 0.7970036 0.36875 0.74337291875 0.36875
1 0.9292196531249999 0.36875 0.921130953125 0.4045676921875 0.896825396875 0.43092551874999996 0.878472221875 0.46846545468750006 0.8764880953125 0.484439896875 0.8834325390625001 0.50201178125 0.8834325390625001 0.517986221875 0.87549603125 0.543545328125 0.8883928578125 0.5611172124999999 0.8998015875 0.560318490625 0.9206349203125 0.5395517171875 0.9360119046875 0.5099990015625 0.9429563484374999 0.48284245156250005 0.9429563484374999 0.4237370203125 0.9667658734375 0.371021365625 0.96726965625 0.36875 0.9292196531249999 0.36875
1 0.84375 0.49242711718750004 0.8298611109374999 0.5643121 0.8085317453125 0.5842801515625 0.7901785718750001 0.6218200875 0.7862103171875 0.6457817484375 0.7891865078125 0.696899959375 0.797619046875 0.7152705671875 0.8080357140625001 0.720861621875 0.840277778125 0.6961012375 0.856646825 0.661756190625 0.8606150796875 0.62341753125 0.856646825 0.5850788734375 0.8834325390625001 0.514791334375 0.8804563484375001 0.49242711718750004 0.8700396828125001 0.4788488421875 0.8551587296875001 0.4788488421875 0.84375 0.49242711718750004
1 0.7167658734375 0.7128744015625 0.7147817453125 0.7576028359375 0.68700396875 0.7879542734375 0.6760912703125 0.8199031546875 0.67509920625 0.8614367015625 0.6820436515624999 0.8949830265625 0.690476190625 0.9085613015625 0.7008928578125 0.9125549124999999 0.7142857140625 0.9101587453125 0.7331349203124999 0.8957817484374999 0.75049603125 0.8566443687499999 0.752480159375 0.8183057109374999 0.7425595234375 0.778369609375 0.7614087296875001 0.7400309500000001 0.766369046875 0.7128744015625 0.7579365078125 0.6881140171875 0.74404761875 0.676931909375 0.73115079375 0.680126796875 0.721726190625 0.692107628125 0.7167658734375 0.7128744015625