1 0.10625 0.4390625 0.10625 0.31266293125 0.0955174 0.2740431296875 0.092496378125 0.2471427875 0.09602683125 0.1843131734375 0.094830471875 0.1500539140625 0.0886988734375 0.1309451453125 0.0753870328125 0.12230875000000001 0.06360187187500001 0.12758548593750002 0.05723346875 0.1464033140625 0.058268159374999996 0.17603294375 0.06600203593750001 0.2335736984375 0.06628606718749999 0.271512415625 0.055532103124999996 0.32122147343749996 0.049465643749999996 0.3710396359375 0.050565000000000006 0.4025211203125 0.055435921875 0.4390625 0.10625 0.4390625
1 0.184375 0.4390625 0.184375 0.313288846875 0.1769991859375 0.2914645328125 0.1739671015625 0.2628033421875 0.1742339453125 0.2058967109375 0.1704727921875 0.1689021890625 0.1611790375 0.149611253125 0.1551709859375 0.1458507046875 0.1417280328125 0.1458507046875 0.13626004375 0.1525779109375 0.13217415 0.17482609531249999 0.13460439062500001 0.20260387343750003 0.1434233 0.2494434578125 0.14799453437500001 0.2956972390625 0.13808631875 0.3683115078125 0.1384561015625 0.42050348125000003 0.1410152328125 0.4390625 0.184375 0.4390625
1 0.5453125 0.4390625 0.5453125 0.350004828125 0.5311854578124999 0.29975601875 0.529284603125 0.2701142640625 0.5307741515625 0.2239028265625 0.5296164078125 0.17670485 0.521571703125 0.1547819359375 0.5134573234375 0.148118615625 0.5030406562499999 0.147876165625 0.49494285156249995 0.1583242921875 0.4915093234375 0.1739680515625 0.493061846875 0.2073013859375 0.502028765625 0.2657801921875 0.5032794109375 0.29263204374999996 0.490978415625 0.3524656734375 0.487541559375 0.37920842499999996 0.4868780484375 0.42081447812499995 0.48802941874999994 0.4390625 0.5453125 0.4390625
1 0.6208480765625 0.4390625 0.625 0.40861459062499994 0.625 0.3434219125 0.6228871234375 0.3320497015625 0.6153731765625 0.3146025671875 0.6148456921875 0.29240761875 0.6110207062499999 0.273970921875 0.6123974046875 0.233239271875 0.6204089078125 0.172963175 0.620833515625 0.141499875 0.6155986312499999 0.1254007203125 0.6069600921875 0.120925640625 0.5938530078125 0.123004771875 0.5874106046875001 0.13283154218749998 0.5832041390625 0.14493221875 0.5818705671875 0.1847379421875 0.5840103265625001 0.22818373125 0.5831975875000001 0.2679803640625 0.5676425671875001 0.32488826406250004 0.5676425671875001 0.4390625 0.6208480765625 0.4390625
1 0.7328125 0.4390625 0.7328125 0.3620199984375 0.7274968828125 0.34029319375 0.7256053421875001 0.286126525 0.731827771875 0.196066953125 0.7255830046875 0.1737174453125 0.7122801203125 0.16161185625000002 0.6983631234375001 0.165451215625 0.690130515625 0.1867698796875 0.6934666234375 0.327011290625 0.676457428125 0.398778915625 0.67408239375 0.4390625 0.7328125 0.4390625
1 0.8671875 0.4390625 0.8671875 0.1676048140625 0.85978334375 0.15229363906249999 0.8419368781250001 0.15229363906249999 0.8387220640624999 0.1535409328125 0.8326975765625001 0.170118996875 0.8403178140625001 0.28419920468750004 0.8241188562499999 0.37784282812500003 0.8241009921875 0.42260613906250005 0.82618573125 0.4390625 0.8671875 0.4390625
1 0.8139326328125 0.4390625 0.8160884359375 0.368807240625 0.8171875 0.3638395765625 0.8171875 0.2579396375 0.8171633515625001 0.2578416 0.8158048921875001 0.228674934375 0.8171875 0.2027574640625 0.8171875 0.1324781125 0.80805715625 0.12097240312499999 0.79790090625 0.12073601249999999 0.7895957609375 0.1351102328125 0.7920389625 0.237833459375 0.7776330703125 0.2971556375 0.7744980953125 0.3303798671875 0.7787775140625 0.38874956875 0.7878141078125 0.431968778125 0.793860659375 0.4390625 0.8139326328125 0.4390625
1 0.949088159375 0.4390625 0.9535107875 0.42608784999999993 0.961960196875 0.3787565328125 0.9627961609375 0.344047946875 0.9555508953124999 0.281725225 0.96087530625 0.23444845625 0.96875 0.2034439515625 0.96875 0.15596604375 0.9668067765625 0.148997696875 0.9563608125 0.14375 0.9559622031250001 0.14375 0.9480567765625001 0.1493249796875 0.938005040625 0.1723984703125 0.93197903125 0.26825907656250003 0.9092287718750001 0.3299121 0.9092287718750001 0.4390625 0.949088159375 0.4390625
1 0.6624187203125 0.4390625 0.6661274484375 0.40187519531250004 0.6844598125 0.3396888421875 0.6877060171875 0.3189100546875 0.689262978125 0.18559035625 0.696875 0.1652952734375 0.696875 0.1298918265625 0.6900293375000001 0.1210138421875 0.6783105875000001 0.1208092921875 0.6684439578125 0.1379999421875 0.6677490515625 0.2574443875 0.6526224890625001 0.3057964 0.6469598125 0.33903427656249996 0.6466659234375001 0.3485664921875 0.6466659234375001 0.41171405625 0.651039253125 0.4390625 0.6624187203125 0.4390625
1 0.66796875 0.1427083328125 0.66953125 0.131597221875 0.67734375 0.11631944375 0.67578125 0.10381944375 0.668359375 0.0947916671875 0.656640625 0.09618055625000001 0.64921875 0.1135416671875 0.64921875 0.21215277812500002 0.63359375 0.26909722187499996 0.63046875 0.2954861109375 0.63359375 0.356597221875 0.640625 0.39131944375 0.6453125 0.39409722187499996 0.64921875 0.32743055625 0.66796875 0.24826388906250002 0.66875 0.22881944375000002 0.66484375 0.221875 0.66875 0.21770833281250002 0.66796875 0.1427083328125
1 0.2915583265625 0.7539933140625 0.274646134375 0.8285387171874999 0.2714621671875 0.8714851703125 0.279344803125 0.8848523625 0.3051483625 0.8890625 0.3265625 0.8890625 0.3265625 0.7935059125 0.3209495875 0.7685550046875 0.3182715625 0.7365741890624999 0.3235187390625 0.6409408796875 0.319860228125 0.625590365625 0.3136855953125 0.6164262093749999 0.29874484375 0.6133029406249999 0.2893429765625 0.623492309375 0.2852374890625 0.6400498734375001 0.2915583265625 0.7539933140625
1 0.3938690125 0.8599595109374999 0.39991030156249996 0.8930377546875 0.4058035078125 0.9046875 0.428125 0.9046875 0.428125 0.609481871875 0.42725724375 0.6075468578125001 0.421713353125 0.6061631000000001 0.4076733015625 0.6061631000000001 0.40460099375 0.6093962703125 0.40013900312499995 0.6258467890625 0.4079851109375 0.724521675 0.40656127968750005 0.7442212093749999 0.392914784375 0.8040850921875 0.3938690125 0.8599595109374999