2 0.5296875 0.20229530312500002 0.4435445609375 0.20229530312500002 0.4431915109375 0.2023316140625 0.4424119 0.20229530312500002 0.090625 0.20229530312500002 0.090625 0.2570964859375 0.0926706078125 0.260724815625 0.097332209375 0.2813620265625 0.10856406562500001 0.3111230203125 0.1283007328125 0.31807548125 0.143689578125 0.3183281359375 0.1528834234375 0.31225904375 0.171588171875 0.27414641562500003 0.17850458125 0.2716839953125 0.190338171875 0.2750197109375 0.35137272343750003 0.2806636421875 0.395219775 0.28084947968749996 0.4247261203125 0.275726459375 0.4377469546875 0.27633291249999997 0.44943496562499996 0.282446409375 0.5296875 0.2868788125 0.5296875 0.20229530312500002
1 1 0.0672197546875 0.9954374999999999 0.0956334328125 0.9684375 0.1556034484375 0.9974375 0.2305659671875 1 0.2240348578125 1 0.0672197546875
1 0.934225 0 0.9334374999999999 0.001180659375 0.9244375 0.062649925 0.9034375000000001 0.1046289359375 0.9049375 0.1098763125 0.9314375 0.1211206890625 0.9424375000000002 0.1046289359375 0.9434374999999999 0.0686469265625 0.9604375 0.016173164062500002 0.9595385421875001 0 0.934225 0
1 0.9710826921875 0 0.9674375000000002 0.0041791609375 0.9564375 0.07464392812500001 0.9344374999999999 0.1211206890625 0.9664375 0.1571026984375 0.9744375 0.13461394375 0.9764375000000001 0.08513868125 0.9954374999999999 0.025168665624999996 0.9934375 0.0041791609375 0.9893634609374999 0 0.9710826921875 0
0 0.8119375 0.147357571875 0.7874375 0.1915854578125 0.7724375 0.260550975 0.7754375 0.3205209890625 0.7834375 0.352005246875 0.8004374999999999 0.38948650625000003 0.8299375 0.424718890625 0.8724375 0.44495877031250003 0.9109375 0.44270989531250005 0.9529375 0.41422413750000003 0.9814375 0.3684970015625 0.9974375 0.3040292359375 0.9964375000000001 0.2455584703125 0.9924375000000001 0.22157046406249997 0.9774375 0.17809220312500001 0.9429375 0.1308658171875 0.8969374999999999 0.10837706093749999 0.8509375 0.11587331406250001 0.8119375 0.147357571875
1 0.48914561875 0.71059906875 0.487961578125 0.74813545625 0.47825657499999996 0.7838826937500001 0.481235996875 0.7868060203125 0.48738782656249996 0.7875 0.492056959375 0.7875 0.49644369062499993 0.780552934375 0.508803021875 0.7240451390625 0.511476775 0.6879704140625 0.4994912046875 0.6177982234374999 0.5066390000000001 0.5262407203125 0.49841890624999996 0.5112389312500001 0.4919470640625 0.5109375 0.49057245624999996 0.5109375 0.480639384375 0.5292066046875 0.4799599546875 0.616888540625 0.478125 0.6230140687500001 0.478125 0.6758529375 0.482007640625 0.6824210296875 0.48914561875 0.71059906875
1 0.4159830734375 0.509375 0.41484375 0.5137152781250001 0.4171875 0.60399305625 0.40390625 0.6609375 0.40234375 0.69149305625 0.403125 0.7206597218749999 0.4078125 0.7317708328125001 0.41171875 0.72899305625 0.4140625 0.708159721875 0.421875 0.6817708328125 0.44921875 0.6526041671875 0.43671875 0.5984375 0.440625 0.5192708328125 0.43796280625 0.509375 0.4159830734375 0.509375
1 0.3416222203125 0.509375 0.3453125 0.5776041671875001 0.33046875 0.6470486109375 0.33046875 0.6789930562500001 0.33515625 0.713715278125 0.3421875 0.7428819437499999 0.346875 0.7484375 0.362109375 0.7491319437499999 0.36875 0.7428819437499999 0.3796875 0.6803819437499999 0.37890625 0.64288194375 0.36328125 0.5734375 0.36796875 0.5095486109375 0.3679066046875 0.509375 0.3416222203125 0.509375
1 0.2790736609375 0.509375 0.28203125 0.5553819437499999 0.26875 0.60399305625 0.26484375 0.6317708328125 0.26640625 0.6776041671875 0.2734375 0.7192708328125 0.278125 0.72899305625 0.30078125 0.726215278125 0.3078125 0.6998263890625 0.3125 0.663715278125 0.3109375 0.613715278125 0.29921875 0.5609375 0.2953125 0.5553819437499999 0.29921875 0.5373263890625 0.298884225 0.509375 0.2790736609375 0.509375
1 0.465876115625 0.509375 0.4703125 0.5553819437499999 0.46953125 0.5776041671875001 0.4546875 0.651215278125 0.4703125 0.6595486109375 0.47578125 0.6595486109375 0.48515625 0.6178819437499999 0.48203125 0.5303819437499999 0.49140625 0.5095486109375 0.49134410468749995 0.509375 0.465876115625 0.509375
1 0.5296875 0.509375 0.521350446875 0.509375 0.52421875 0.5539930562500001 0.509375 0.6220486109375 0.521875 0.69149305625 0.5296875 0.648090278125 0.5296875 0.509375
1 0.39866786875 0.509375 0.4015625 0.5595486109375 0.3875 0.63038194375 0.38984375 0.6789930562500001 0.403125 0.72899305625 0.40625 0.7234375 0.40234375 0.7039930562500001 0.40390625 0.6623263890625 0.4171875 0.5984375 0.4140625 0.54288194375 0.4154087609375 0.509375 0.39866786875 0.509375
0 0.438671875 0.66163194375 0.426171875 0.6755208328125 0.4171875 0.695659721875 0.4125 0.7234375 0.4125 0.7428819437499999 0.41796875 0.7734375 0.433203125 0.8005208328125001 0.4515625 0.81788194375 0.458984375 0.8185763890625001 0.481640625 0.801909721875 0.4953125 0.776215278125 0.5015625 0.7414930562500001 0.50078125 0.7151041671874999 0.49140625 0.683159721875 0.476953125 0.664409721875 0.459765625 0.6546875 0.438671875 0.66163194375
2 1 0.71216366875 0.5296875 0.71216366875 0.5296875 0.7856090890624999 0.718288065625 0.7923512484375 1 0.808780246875 1 0.71216366875
1 1 0.509375 0.9820859375000002 0.509375 0.98515625 0.5776041671875001 0.97109375 0.633159721875 0.96796875 0.6609375 0.9703125 0.7123263890625 0.975 0.71649305625 1 0.716908425 1 0.509375
1 0.9188949093750001 0.509375 0.921875 0.59149305625 0.9046875 0.670659721875 0.90546875 0.7123263890625 0.91640625 0.71649305625 0.955078125 0.7171875 0.96015625 0.7109375 0.96015625 0.6651041671875 0.94375 0.5928819437499999 0.9484375 0.5095486109375 0.9483931109375 0.509375 0.9188949093750001 0.509375
1 0.71103515625 0.509375 0.71015625 0.5123263890625 0.7140625 0.570659721875 0.71328125 0.608159721875 0.6984375 0.6748263890625 0.69609375 0.7095486109375 0.698828125 0.7157986109375 0.7140625 0.71649305625 0.750390625 0.7157986109375 0.753125 0.7095486109375 0.75 0.66788194375 0.73515625 0.5956597218749999 0.73984375 0.5359375 0.73984375 0.5095486109375 0.7397611171875 0.509375 0.71103515625 0.509375
1 0.5635202890625 0.509375 0.565625 0.5720486109375 0.55078125 0.633159721875 0.5484375 0.6609375 0.55 0.7067708328125 0.552734375 0.714409721875 0.55703125 0.7151041671874999 0.596484375 0.7157986109375 0.60078125 0.7109375 0.603125 0.69149305625 0.6015625 0.6387152781250001 0.5875 0.5748263890625 0.590673828125 0.509375 0.5635202890625 0.509375
1 0.6369567875 0.509375 0.63984375 0.59149305625 0.621875 0.670659721875 0.621875 0.7095486109375 0.6265625 0.7151041671874999 0.673828125 0.7157986109375 0.67734375 0.7095486109375 0.67734375 0.663715278125 0.6625 0.5928819437499999 0.6642658890625001 0.509375 0.6369567875 0.509375