2 0 0.18125 0.4 0.18125 0.4 0.1153230984375 0 0.0808183125 0 0.18125
1 0 0 0 0.06981466875 0.0229581390625 0.0689660109375 0.025 0.0638138109375 0.025 0.00118625 0.024797639062499998 0 0 0
1 0.1846513640625 0 0.1782932203125 0.02673255625 0.175781575 0.069549390625 0.175781575 0.0703125 0.2265625 0.0703125 0.2265625 0.026444071875000003 0.2212458453125 0 0.1846513640625 0
1 0.2516789921875 0 0.2516789921875 0.075 0.28680568281249996 0.075 0.29169914218750004 0.0527222859375 0.292176171875 0.023473732812500002 0.28863239375 0 0.2516789921875 0
1 0.32803293437500003 0 0.325825025 0.0108869828125 0.3288099015625 0.0721164921875 0.33641149531250003 0.0765625 0.3703125 0.0765625 0.3703125 0 0.32803293437500003 0
1 0.9287594890624999 0 0.9297932015624999 0.031790053125 0.9156042234375 0.0790124375 0.9145755984375 0.08967925 0.9145755984375 0.12630643125000002 0.92443489375 0.185634528125 0.929620725 0.1875 0.9483566812499999 0.1875 0.9454739906249999 0.128800953125 0.9578125 0.06083918125 0.9578125 0.0520519109375 0.9524901296875001 0.0331119984375 0.9547324515625 0 0.9287594890624999 0
1 1 0 0.994796003125 0 0.9999499328125001 0.065625 0.985263684375 0.129625 0.983928571875 0.189625 1 0.192402884375 1 0
1 0.960274225 0 0.9639018687500001 0.051625 0.950550734375 0.107625 0.9492156203125 0.161625 0.95522363125 0.192625 0.9825934578125001 0.191625 0.9825934578125001 0.143625 0.9946094796875 0.091625 0.9865987984375 0.055625 0.9891894625 0 0.960274225 0
2 1 0.1976796296875 0.9899365828125 0.196625 0.64080440625 0.197625 0.6434746328125 0.255625 0.6521528703125 0.270625 0.7015520687500001 0.266625 1 0.284436753125 1 0.1976796296875
1 0.242376371875 0.90625 0.2629262234375 0.90625 0.2671875 0.8905493140625002 0.2671875 0.8062173671874999 0.2618985546875 0.7770476390625 0.26464088750000003 0.709546053125 0.259878834375 0.6986097203125 0.2515778265625 0.6962725078125 0.2454508640625 0.703794025 0.243775228125 0.7101845 0.24628971875 0.7752116625000001 0.23725389843750003 0.8140595546875 0.23725389843750003 0.8739389609374999 0.242376371875 0.90625
1 0.3581315109375 0.82238014375 0.3581315109375 0.846499940625 0.365344096875 0.8953197375 0.368257275 0.903125 0.3816961484375 0.903125 0.3856458234375 0.8962456609375 0.39293381250000003 0.85180121875 0.39375 0.8331578421875001 0.39375 0.8137509265624999 0.3924739515625 0.80180121875 0.38350836718750003 0.7666160312500001 0.384848034375 0.6962456609375 0.38205348125 0.6902271421874999 0.3758465765625 0.6865234390625 0.37059514843749997 0.6902271421874999 0.36601184062500003 0.70365306875 0.3684041984375 0.7666160312500001 0.3590975171875 0.8055049203125 0.3581315109375 0.82238014375
1 0.3065666421875 0.7715106 0.29713288437499996 0.8087290390625 0.29713288437499996 0.8423887375 0.3142487859375 0.838135259375 0.323022128125 0.8404490093749999 0.3287281140625 0.85 0.32992789375 0.85 0.33125 0.8396465703124999 0.33125 0.8240567656250001 0.330821215625 0.8136916281250001 0.3215899828125 0.773496803125 0.3216618671875 0.7531537296874999 0.3260261859375 0.7103973625 0.32152280625 0.6953788921875 0.3133605921875 0.693063459375 0.3132502109375 0.693063459375 0.30759948593750003 0.700268896875 0.3052467359375 0.7096373375 0.3065666421875 0.7715106
1 0.27234260312499997 0.8226227734375 0.27268028437499997 0.85412244375 0.27042995937500003 0.8827533937500001 0.2731912234375 0.9015625 0.27440477812499997 0.9015625 0.2755413296875 0.899601940625 0.276701503125 0.879267946875 0.28165750156249997 0.8780518421875 0.28771980625000004 0.8657610046875 0.2921875 0.8521145015624999 0.2921875 0.779709675 0.2893324828125 0.7676492328125001 0.2917929 0.7029071671875 0.2884640453125 0.693066725 0.2827564265625 0.6891629531250001 0.27596404531249996 0.6926302140624999 0.2719904609375 0.7040678796875 0.2747814734375 0.7615844140625001 0.2684318234375 0.7986220765625001 0.2684318234375 0.8000294 0.27234260312499997 0.8226227734375
1 0.2265625 0.8396442937499999 0.2265625 0.7875524578124999 0.2242863578125 0.7742521703125 0.2265625 0.7518901343750001 0.2265625 0.697438503125 0.21966598125 0.6945532375 0.21530507187499998 0.697112653125 0.21006865156250001 0.7084547125 0.208075778125 0.774331928125 0.2076625328125 0.7755339359375 0.2076625328125 0.903125 0.21625355000000002 0.903125 0.2180849265625 0.900314575 0.2248471875 0.8783653093750001 0.2265625 0.8396442937499999
1 0.156389840625 0.83576336875 0.1605313484375 0.8573359296875 0.1605277453125 0.8795186859375 0.15737709375 0.903125 0.175 0.903125 0.175 0.7946908015625 0.1705924625 0.77583625 0.1721873296875 0.7103323093749999 0.165407525 0.698264903125 0.15757347187499998 0.6967469828125 0.1544915734375 0.6983620359375 0.1498345984375 0.7104871046875 0.15442507656249999 0.773686865625 0.1480385609375 0.8120232250000001 0.156389840625 0.83576336875
1 0.19296875 0.69710648125 0.1861979171875 0.7026620375 0.1828125 0.7142361109375 0.1859375 0.7771990734375 0.1770833328125 0.8179398140625 0.1765625 0.8707175921874999 0.18125 0.903125 0.1846354171875 0.911921296875 0.2015625 0.9142361109374999 0.2046875 0.90960648125 0.20833333281250002 0.8929398140625 0.2114583328125 0.825347221875 0.2078125 0.800347221875 0.20208333281250002 0.7799768515625 0.2046875 0.7105324078125 0.20078125 0.7008101859375 0.19296875 0.69710648125
1 0.1859375 0.7734953703125 0.1838541671875 0.70960648125 0.1877604171875 0.699884259375 0.19479166718750002 0.69664351875 0.19140625 0.6896990734375 0.18203125 0.6924768515624999 0.1776041671875 0.7040509265624999 0.1796875 0.7670138890625 0.1739583328125 0.7947916671874999 0.1776041671875 0.805902778125 0.1817708328125 0.7966435187500001 0.1859375 0.7734953703125
1 0.1427083328125 0.8105324078125001 0.1447916671875 0.7947916671874999 0.1390625 0.774421296875 0.1416666671875 0.70960648125 0.13723958281249998 0.69710648125 0.1278645828125 0.6934027781250001 0.1213541671875 0.700347221875 0.11875 0.7105324078125 0.121875 0.7614583328125001 0.1213541671875 0.774421296875 0.115625 0.7994212968750001 0.1325520828125 0.8026620375 0.1427083328125 0.8105324078125001
1 0.1052083328125 0.7605324078125 0.10729166718750001 0.703125 0.10442708281249999 0.6961805562500001 0.09713541718749999 0.690625 0.08932291718749999 0.6934027781250001 0.08541666718749999 0.703125 0.0869791671875 0.7670138890625 0.07864583281250001 0.805902778125 0.0765625 0.825347221875 0.07760416718749999 0.853125 0.084375 0.8929398140625 0.08854166718749999 0.899421296875 0.0875 0.9077546296874999 0.0953125 0.905902778125 0.090625 0.8642361109374999 0.0921875 0.8429398140625001 0.1 0.818865740625 0.1119791671875 0.8012731484375 0.1052083328125 0.7605324078125
0 0.11484375 0.8017361109374999 0.10442708281249999 0.812847221875 0.09635416718749999 0.828125 0.09114583281250001 0.8512731484374999 0.0916666671875 0.8799768515625 0.0958333328125 0.8975694437499999 0.1049479171875 0.9174768515625 0.11536458281249999 0.9258101859375 0.128125 0.9271990734374999 0.1424479171875 0.915625 0.1505208328125 0.9003472218749999 0.1552083328125 0.8771990734374999 0.1552083328125 0.8540509265625001 0.14895833281249998 0.8271990734374999 0.1393229171875 0.81006944375 0.1299479171875 0.8026620375 0.11484375 0.8017361109374999
1 0.822880253125 0.89375 0.8327598093749999 0.89375 0.8330996703124999 0.8933919249999999 0.8347699109375 0.884132665625 0.8359375 0.8683833765625 0.8359375 0.8556460328124998 0.8317058812500001 0.8341326656250001 0.8336131515625 0.8045030359374999 0.8308293750000001 0.79755859375 0.8282252078125 0.79755859375 0.8242489281250001 0.8035771140625 0.8249350468750001 0.8341326656250001 0.82001051875 0.8545030359375 0.8192634265625 0.8739474843749999 0.82217294375 0.8924660015625001 0.822880253125 0.89375