1 0.409375 0 0.409375 0.0953125 0.4358122046875 0.0953125 0.4386022921875 0.0925391296875 0.4523462875 0.0437317515625 0.4569806859375 0.01139708125 0.4567105984375 0 0.409375 0
0 0.140767040625 0 0.141154053125 0.0036542796875 0.140625 0.019264634375 0.140625 0.039099021875 0.15678198906250002 0.0671875 0.2089078609375 0.0671875 0.2218184453125 0.0610384625 0.22821573437499998 0.050975043750000004 0.23225311249999997 0.039645565625000004 0.2344079234375 0 0.140767040625 0
1 0.757663690625 0 0.7630208328125 0.0388888890625 0.7630208328125 0.0990740734375 0.7609375 0.1296296296875 0.753125 0.15555555625 0.7369791671875 0.22685185156249998 0.7317708328125 0.2796296296875 0.7338541671875001 0.3518518515625 0.7463541671875 0.4166666671875 0.7609375 0.471296296875 0.7700520828124999 0.4828703703125 0.78125 0.4879629625 0.79921875 0.4865740734375 0.8075520828125 0.4791666671875 0.8114583328125 0.4703703703125 0.8338541671874999 0.38703703749999996 0.8411458328125001 0.34444444375 0.8432291671875 0.3129629625 0.8411458328125001 0.25 0.8364583328125 0.222222221875 0.8119791671875 0.1296296296875 0.809375 0.10185185156250001 0.8104166671874999 0.030555556249999997 0.8135995375 0 0.757663690625 0
1 0.8158700984375 0 0.815625 0.004629629687499999 0.8104166671874999 0.0416666671875 0.8098958328125001 0.0953703703125 0.8145833328125001 0.1361111109375 0.8375 0.22314814843750003 0.8421875 0.26203703749999996 0.8453125 0.26574074062499997 0.8515625 0.25555555625 0.8546875 0.24444444375000002 0.85625 0.22870370312500002 0.8630208328125001 0.2018518515625 0.8697916671874999 0.12222222187500001 0.8729166671874999 0.109259259375 0.8697916671874999 0.10555555624999999 0.8671875 0.0898148140625 0.8651041671874999 0.053703703125 0.8596354171874999 0.053240740625000005 0.85859375 0.0615740734375 0.8546875 0.047222221875 0.853125 0.0268518515625 0.8557291671874999 0 0.853175403125 0 0.8533854171874999 0.0115740734375 0.8505208328125 0.0111111109375 0.8469494046874999 0 0.8158700984375 0
1 0.8470982140625001 0 0.8546875 0.03148148125 0.8546875 0.047222221875 0.8671875 0.0953703703125 0.8697916671874999 0.1379629625 0.8838541671875 0.075 0.8869791671874999 0.021296296875000002 0.8841755328125 0 0.8470982140625001 0
1 1 0.1112466140625 0.98125 0.172222221875 0.9755208328125 0.21111111093749999 0.9734375 0.2546296296875 0.9744791671874999 0.284259259375 0.9802083328125001 0.3398148140625 0.9854166671875 0.36759259218749996 0.9911458328125 0.38055555625 0.9958333328125001 0.3740740734375 1 0.36115417656250004 1 0.1112466140625
1 1 0 0.98916170625 0 0.9802083328125001 0.0351851859375 0.9760416671875 0.040740740625 0.9747395828125001 0.0476851859375 0.9697916671875 0.052777778124999994 0.9723958328125001 0.0731481484375 0.9713541671874999 0.14351851875 0.9760416671875 0.175 0.9802083328125001 0.171296296875 1 0.105324075 1 0
1 0.5759238390625 0.6 0.5746360484374999 0.6026655921875 0.5734375 0.632848390625 0.5734375 0.7119137828125 0.5741517890625001 0.725009040625 0.5734375 0.7623584859375 0.5734375 0.8785539281249999 0.5737206328125 0.8797962625 0.5779470484375 0.9345834843749999 0.5753595093749999 0.990139040625 0.5742049890625001 1 0.621739571875 1 0.6275191171875 0.956129740625 0.6287233125 0.9190805828125 0.6269783343750001 0.8893782171875 0.6176298359375 0.8326179171874999 0.6065927828125 0.7897222609375 0.605763421875 0.773945153125 0.6094822062499999 0.7276852265625 0.6216105984375 0.646397703125 0.6222077078125 0.6111882734375 0.620221846875 0.6 0.5759238390625 0.6
1 0.4220712296875 0.6 0.416645459375 0.6073478921875 0.4078414875 0.6569132890625 0.40779471718750004 0.6976813265625 0.4166738546875 0.7889385578125 0.41818958281249996 0.8296247046874999 0.41544167656250003 0.8621958875000001 0.401375503125 0.9074046125 0.39545949999999996 0.9364358656249999 0.3872517796875 0.9924554484375001 0.386782990625 1 0.48547137031250004 1 0.48547137031250004 0.9615663484375 0.48037688125000005 0.933838515625 0.46190358593749997 0.8690258296875001 0.455179525 0.8286126375 0.45586564531249996 0.7980024875 0.4647271609375 0.70859498125 0.465187025 0.658540390625 0.4578667109375 0.6116730109375 0.4517556609375 0.6 0.4220712296875 0.6
1 0.25517035625 0.6 0.2541666671875 0.6042824078125 0.253125 0.6357638890625 0.2604166671875 0.756134259375 0.2567708328125 0.7802083328125 0.2479166671875 0.8042824078125002 0.23333333281250002 0.8607638890625001 0.2260416671875 0.9302083328125 0.2286458328125 0.9940972218749999 0.2297008859375 1 0.27225911406250003 1 0.2703125 0.96539351875 0.275 0.91631944375 0.2848958328125 0.856134259375 0.29739583281250004 0.8116898140625001 0.29739583281250004 0.7978009265624999 0.2911458328125 0.7570601859374999 0.2911458328125 0.7394675921875 0.2984375 0.6829861109375 0.2984375 0.6292824078125 0.3005208328125 0.6024305562500001 0.29972595625 0.6 0.25517035625 0.6
1 0.5337554609375 0.6 0.5276041671875 0.6116898140625 0.5244791671875 0.62835648125 0.525 0.69039351875 0.5302083328125 0.7339120375 0.5317708328124999 0.7839120375 0.5286458328125 0.8107638890625001 0.5223958328125 0.8302083328125001 0.5213541671875 0.8422453703125001 0.5375 0.9144675921874998 0.5458333328125 0.981134259375 0.54554259375 1 0.5925171765624999 1 0.5942708328124999 0.975578703125 0.59375 0.931134259375 0.5875 0.881134259375 0.5723958328125 0.8265046296874999 0.5645833328125 0.7839120375 0.575 0.6866898140625001 0.5760416671875 0.62835648125 0.5734375 0.6135416671875 0.56729460625 0.6 0.5337554609375 0.6
1 0.4735473640625 0.6 0.4713541671875 0.6089120375 0.4703125 0.631134259375 0.47838541718750005 0.61493055625 0.4888020828125 0.605671296875 0.50234375 0.6047453703125 0.5111979171875001 0.6112268515625 0.5174479171875 0.6223379625 0.5197916671875 0.6209490734374999 0.5197916671875 0.6098379625 0.517716471875 0.6 0.4735473640625 0.6
1 0.4180044515625 0.6 0.4135416671875 0.6098379625 0.41041666718750003 0.6292824078125 0.41171875 0.6362268515625 0.42369791718750005 0.6177083328124999 0.44348958281249995 0.61493055625 0.45078125 0.6195601859375001 0.4625 0.6394675921874999 0.4614583328125 0.6172453703125 0.45677083281249997 0.60335648125 0.4548828125 0.6 0.4180044515625 0.6
1 0.5451497390625 1 0.5447916671875 0.97835648125 0.5385416671875001 0.9265046296874999 0.5307291671875001 0.8857638890625001 0.5171875 0.8339120375 0.5130208328125 0.7987268515625 0.5151041671875001 0.756134259375 0.5229166671875001 0.6922453703125 0.5239583328124999 0.6431712968750001 0.5213541671875 0.62835648125 0.5153645828125 0.6140046296875 0.5075520828125 0.605671296875 0.5002604171875 0.60289351875 0.48203125 0.606597221875 0.475 0.6163194437499999 0.46979166718750004 0.637615740625 0.4703125 0.694097221875 0.4770833328125 0.7552083328125 0.478125 0.799652778125 0.4739583328125 0.8357638890625001 0.4635416671875 0.874652778125 0.4791666671875 0.937615740625 0.48645833281249995 0.97835648125 0.4862537203125 1 0.5451497390625 1
1 0.3056640625 0.6 0.3036458328125 0.60335648125 0.3010416671875 0.6144675921875 0.3005208328125 0.67743055625 0.30520833281250004 0.7292824078125 0.3067708328125 0.7765046296875 0.3036458328125 0.80243055625 0.2958333328125 0.8209490734375 0.284375 0.868171296875 0.2765625 0.9144675921874998 0.2713541671875 0.9709490734375 0.27296149375 1 0.32271905625 1 0.3223958328125 0.975578703125 0.328125 0.924652778125 0.3380208328125 0.87743055625 0.35 0.8339120375 0.3427083328125 0.80335648125 0.3395833328125 0.775578703125 0.3484375 0.681134259375 0.3505208328125 0.6228009265625001 0.3458333328125 0.6015046296875 0.34485156250000004 0.6 0.3056640625 0.6
1 0.365275065625 0.6 0.3596354171875 0.60381944375 0.3515625 0.6265046296875 0.35104166718749996 0.6839120375000001 0.3583333328125 0.7737268515625 0.3583333328125 0.800578703125 0.35625 0.819097221875 0.3447916671875 0.8552083328125001 0.3302083328125 0.9209490734375001 0.3223958328125 0.99039351875 0.3225061109375 1 0.3819348 1 0.3848958328125 0.9644675921874999 0.3953125 0.9116898140625 0.4057291671875 0.874652778125 0.39114583281250004 0.7978009265624999 0.3932291671875 0.756134259375 0.40208333281249997 0.6950231484375 0.40260416718750003 0.631134259375 0.39791666718749996 0.6107638890625 0.3914134828125 0.6 0.365275065625 0.6
1 0.8896020453125001 0.6 0.890273790625 0.6156378218749999 0.9418010203125 0.7442674328125001 0.9395850890624999 0.82255620625 0.92174419375 0.896875 0.9381263499999999 0.896875 0.9388771078125 0.89607559375 0.9570453078125001 0.8450929484374999 0.9690056734375 0.7942586203124999 0.9690056734375 0.70597365625 0.9612953609374999 0.6728903984375 0.9304030953125 0.6 0.8896020453125001 0.6
1 0.821875 0.6 0.821875 0.61015625 0.7859375 0.70078125 0.7765625 0.74609375 0.778125 0.80859375 0.7984375 0.88203125 0.81875 0.93046875 0.84375 0.93515625 0.88828125 0.934375 0.8984375 0.92734375 0.928125 0.84609375 0.9375 0.77109375 0.934375 0.73359375 0.8859375 0.61015625 0.8864305218749999 0.6 0.821875 0.6
1 0.7 0.6 0.7 0.60703125 0.7328125 0.68359375 0.740625 0.71953125 0.7390625 0.80390625 0.7203125 0.88515625 0.73671875 0.8859375 0.746875 0.87734375 0.7671875 0.81953125 0.7796875 0.69296875 0.7443829109375 0.6 0.7 0.6