1 0.0565501828125 0 0.0598800265625 0.0232638890625 0.062063684375 0.06493055625000001 0.0514950359375 0.131597221875 0.052043404687499996 0.171875 0.0645677375 0.246875 0.0774705296875 0.284375 0.08740145 0.2921875 0.09262605625 0.2921875 0.10631370312499999 0.290625 0.1073451 0.28860301875 0.1073451 0.10277253906249999 0.0900964703125 0.048263889062499996 0.0872237765625 0.0232638890625 0.0871729546875 0 0.0565501828125 0
1 0.9845064000000001 0.10738327656249999 0.988844471875 0.0559943875 0.9876798546875001 0.0337721671875 0.9787124515624999 0.019188834374999998 0.9693374515625 0.019188834374999998 0.9612629328125 0.0365499453125 0.9658486140625001 0.12404994531249999 0.9519365984375 0.18654994375 0.9515625 0.2102660359375 0.9515625 0.23277391406249998 0.9864837515625 0.271875 0.9884745796875001 0.271875 0.9920027984375 0.2652891671875 0.9920027984375 0.1583914296875 0.98567101875 0.12960549999999998 0.9845064000000001 0.10738327656249999
1 0.1960064984375 0.6696289015625 0.1958026484375 0.6210177906250001 0.20021350781249997 0.571017790625 0.1980492765625 0.5446289015625 0.190780234375 0.5251844578125 0.1796146578125 0.5133789015625 0.1595933140625 0.5189344578124999 0.1524456234375 0.539073346875 0.152557259375 0.571017790625 0.16190322968749998 0.6599066796875 0.1579630390625 0.689073346875 0.14437611875 0.727962234375 0.1390625 0.7603745281250001 0.1390625 0.824347271875 0.1406058390625 0.8349066796875 0.1425651765625 0.8375 0.21046493437499997 0.8375 0.21046493437499997 0.7267804359375 0.20892871249999997 0.7224066796875 0.1960064984375 0.6696289015625
0 0 0.8421875 0.002730415625 0.8421875 0.06423359375 0.83612176875 0.071530221875 0.8145508124999999 0.06729268125 0.75762909375 0.06239509375 0.7215452546875 0.054042481249999996 0.695898534375 0.0124019 0.655861653125 0 0.651932496875 0 0.8421875
2 0.5296875 0.82246990625 0 0.84758101875 0 1 0.5058774625 1 0.5296875 0.9963946937500001 0.5296875 0.82246990625
1 0.7401921734375 0.5932400171875 0.7343497671874999 0.5786566843750001 0.7295166906249999 0.57587890625 0.7210685171875 0.5786566843750001 0.7180260171875 0.5876844625000001 0.7236646796875 0.6654622390625 0.715625 0.7215878468750001 0.715625 0.7392205828125 0.7188947828125001 0.7682400140625 0.7303033265625001 0.8078125 0.74784876875 0.8078125 0.74784876875 0.6906649015624999 0.7399253515625 0.6626844625 0.7401921734375 0.5932400171875
1 0.790103971875 0.6493715953125 0.7936466078125 0.5868488703125 0.79007038125 0.5764526578125 0.7845773890625 0.57231780625 0.7759997999999999 0.5751455796875 0.7717716078125 0.586976134375 0.7752763828125 0.6522357328125 0.7671875 0.6987235765625 0.7671875 0.772240240625 0.772226646875 0.79948068125 0.7734136671874999 0.8015625 0.7944618796875 0.8015625 0.8031938359374999 0.7506877609375 0.8029675859375001 0.7117988734375 0.790103971875 0.6493715953125
1 0.679296875 0.57413194375 0.668359375 0.576909721875 0.66328125 0.5928819437499999 0.6671875 0.6595486109375 0.65390625 0.7359375 0.6578125 0.7845486109375 0.6640625 0.8123263890625001 0.66875 0.81788194375 0.6875 0.813715278125 0.696875 0.7595486109375 0.696875 0.726215278125 0.6828125 0.651215278125 0.68671875 0.5942708328124999 0.68515625 0.583159721875 0.679296875 0.57413194375
1 0.630078125 0.5782986109375 0.625390625 0.5755208328125 0.616796875 0.5796875 0.6109375 0.5942708328124999 0.61328125 0.670659721875 0.6 0.738715278125 0.603125 0.7859375 0.61328125 0.8220486109374999 0.63359375 0.8192708328125 0.64453125 0.75399305625 0.64375 0.7151041671874999 0.63125 0.6567708328124999 0.63515625 0.5928819437499999 0.630078125 0.5782986109375
1 0.570703125 0.57413194375 0.562109375 0.576909721875 0.5546875 0.59149305625 0.5578125 0.670659721875 0.5453125 0.7317708328125001 0.5484375 0.7817708328125 0.5546875 0.8123263890625001 0.56015625 0.8192708328125 0.575390625 0.8185763890625001 0.57890625 0.813715278125 0.5890625 0.751215278125 0.58828125 0.7109375 0.5765625 0.6595486109375 0.5796875 0.5859375 0.570703125 0.57413194375
0 0.5296875 1 0.5797885234375 1 0.58359375 0.98038194375 0.58359375 0.95538194375 0.57734375 0.9276041671874999 0.561328125 0.8963541671874999 0.542578125 0.8782986109375 0.5296875 0.8772073406249999 0.5296875 1