2 0.5890625 0.082137275 0.060397287499999994 0.082137275 0.054482129687500006 0.0824431375 0 0.0867794734375 0 0.24040734375 0.0073237328125 0.23442561875 0.0201665578125 0.23119314375000002 0.0382638609375 0.22035319375 0.29143500625 0.2040882796875 0.42598801562500005 0.20217357812499998 0.5890625 0.1927721234375 0.5890625 0.082137275
1 0.38547990312499997 0 0.37198424375 0.06245259843749999 0.37011639218750003 0.0810560078125 0.370205103125 0.08125 0.4234375 0.08125 0.4234375 0.0442138015625 0.4128198453125 0 0.38547990312499997 0
1 0.462369784375 0 0.45737309687499994 0.01666093125 0.45737309687499994 0.08125 0.4621407203125 0.08125 0.491457371875 0.0785577359375 0.5 0.0774934921875 0.5 0.0384372796875 0.4922128484375 0.000279184375 0.49219839218750006 0 0.462369784375 0
1 0.5890625 0 0.5665502640625 0 0.5661213453125 0.0032836078125 0.5569204812499999 0.0424064390625 0.55374335 0.06900334999999999 0.5550333765625 0.0796875 0.5890625 0.0796875 0.5890625 0
1 0.9065296046875 0.1401621625 0.8975436218749999 0.203579825 0.9005829484374999 0.25915357031249997 0.917816640625 0.324439609375 0.92355959375 0.325 0.93125 0.325 0.93125 0.15259972187499998 0.9273629375000001 0.13943465 0.925404846875 0.10887909062500001 0.9256685265625 0.055973998437500005 0.9232368937500001 0.0521694390625 0.9150320984375 0.0521694390625 0.9006619312499999 0.052671259375 0.8982423687499999 0.0597157375 0.8991324078125 0.0736046265625 0.9065296046875 0.1401621625
1 0.936794878125 0.2584652515625 0.9402323296875 0.28518977031250003 0.9490181734375 0.3237391015625 0.9504220828125 0.3265625 0.9729019749999999 0.3265625 0.9765625 0.3213241421875 0.9765625 0.16579622031250002 0.9741729421875001 0.1568947984375 0.9712886453125 0.1329268375 0.9740402265625001 0.0559264296875 0.9716406765624999 0.049148121875 0.951180184375 0.049148121875 0.9459152265625 0.0570724359375 0.9509330500000001 0.13005080468750002 0.9500745437500001 0.145833990625 0.9391764640625 0.194449028125 0.936794878125 0.2584652515625
1 1 0.0502829046875 0.9930487109375001 0.0502829046875 0.988171853125 0.056654590625 0.98562708125 0.0697451 0.9855138359375001 0.125886459375 0.982888128125 0.1537067515625 0.9754299765625 0.1760261828125 0.9754299765625 0.3390625 0.980512315625 0.3390625 0.9890979703125 0.33815976875 0.9955989265625 0.3275069140625 1 0.3110037296875 1 0.0502829046875
2 1 0 0.708363565625 0 0.7100130734375 0.008153665625 0.7080267109375 0.0135635421875 0.7102555046875001 0.0220425546875 0.706185809375 0.02730675 0.7112549421875001 0.034597184375 0.7240396015625 0.0368783703125 0.72396505 0.047508309375 0.7190997671874999 0.036995340625 0.7155670671875 0.04322188125 0.7118565859375 0.0392632359375 0.7090485703125 0.042303665625 0.71364535625 0.052335459375000004 0.719202996875 0.057810465624999995 0.71775363125 0.0641826859375 0.719633115625 0.0675508953125 0.7276817890625 0.066726521875 0.7197076671875 0.05692095781249999 0.727342384375 0.0472820765625 0.7282062687499999 0.0371697328125 0.7300049421875 0.0359083140625 0.742585753125 0.041412029687500004 0.75454875625 0.0413237671875 0.7582592390625 0.0452824125 0.8555257749999999 0.0446855859375 0.8961346140625001 0.046600435937500004 0.92329875625 0.0531239171875 0.94248878125 0.049841834375 0.9540117609375001 0.054346784375 0.9904054468750001 0.0531924953125 1 0.055650853125 1 0
1 0.2809443734375 0.46875 0.28140397500000003 0.47592198750000003 0.279366809375 0.5052250640625 0.256137028125 0.5825961 0.2517759 0.624508303125 0.252665940625 0.638397190625 0.2546167515625 0.640625 0.31875 0.640625 0.31875 0.525163878125 0.31592733281249996 0.51369231875 0.3154789234375 0.46875 0.2809443734375 0.46875
1 0.0452254890625 0.46875 0.052305464062499994 0.49839495468750006 0.053523067187499995 0.5358631234375 0.0617181109375 0.5348344265625 0.0802741765625 0.5174037546875 0.09362007343749999 0.522418140625 0.10196056718749999 0.5338894468750001 0.11162646875 0.5585074453125001 0.0999668515625 0.6312390015625 0.1001626953125 0.63125 0.1390625 0.63125 0.1390625 0.5933003609374999 0.1328495078125 0.5687590499999999 0.0832968875 0.47489939375 0.0820854171875 0.46875 0.0452254890625 0.46875
1 0.17848740624999998 0.46875 0.17702314375 0.47341220625 0.1576700671875 0.5136403265625 0.12880813124999999 0.54748184375 0.12880813124999999 0.6359375 0.14405953124999998 0.6359375 0.15465862187499999 0.6353523625 0.163058040625 0.6167228515625001 0.1790472390625 0.5491633671875 0.2248471671875 0.46875 0.17848740624999998 0.46875
0 0.371484375 0.6477430562500001 0.382421875 0.6505208328125 0.52265625 0.6567708328124999 0.52578125 0.65399305625 0.525 0.6401041671875001 0.515625 0.5942708328124999 0.491015625 0.56024305625 0.456640625 0.5338541671875 0.423046875 0.539409721875 0.404296875 0.557465278125 0.3984375 0.5776041671875001 0.3765625 0.6123263890625 0.3703125 0.6387152781250001 0.371484375 0.6477430562500001
2 0.5890625 0.6729910703125 0.466796875 0.657465278125 0.276953125 0.651909721875 0.176953125 0.6421875 0.019140625 0.639409721875 0 0.6355048953125 0 0.8288043484375001 0.016796875 0.8310763890625001 0.186328125 0.832465278125 0.205078125 0.839409721875 0.226171875 0.8380208328125001 0.234765625 0.844965278125 0.241015625 0.8407986109374999 0.253515625 0.844965278125 0.336328125 0.8380208328125001 0.375390625 0.8421875 0.377734375 0.8463541671874999 0.381640625 0.8421875 0.408203125 0.8421875 0.441015625 0.8505208328125 0.551171875 0.84774305625 0.5890625 0.8553211812499999 0.5890625 0.6729910703125
1 0.8265625 1 0.8265625 0.9063158609374999 0.8194593171874999 0.8838976671874998 0.8175869468750001 0.8709710828125001 0.8159255375000001 0.84504515625 0.8180286328124999 0.8208437671875 0.8157738640625001 0.7856585812500001 0.8073020734374999 0.7715704515625 0.8031742828125001 0.7709495921875 0.7966542343749999 0.7709495921875 0.7908200109375001 0.7791060046875 0.7881235531249999 0.794048134375 0.7947361890625 0.8402171171875 0.7975249812499999 0.8837356343749999 0.786158984375 0.9425964171875 0.78638975625 0.9787802796874999 0.7891198312500001 1 0.8265625 1
1 0.8921875 1 0.8921875 0.9188000828125 0.8801009296875 0.8755341031250001 0.8796484171875001 0.836645215625 0.883351796875 0.7966606203125 0.8826047062499999 0.7772374 0.8764588984374999 0.7640555296875 0.867618278125 0.7609375 0.866761921875 0.7609375 0.860323840625 0.7656393484375 0.855000540625 0.7783621828125 0.8587036687499999 0.872700515625 0.8453414875 0.9334587046875 0.8432221562500001 0.97523148125 0.8461770328125 1 0.8921875 1
1 0.9342853515625 1 0.9400080734374999 0.9749507765625001 0.940625 0.9680245421875 0.940625 0.91232811875 0.9342652109374999 0.8594745359375 0.940625 0.8129614921874999 0.940625 0.7589149265625 0.9397445781249999 0.7564251140625 0.935031834375 0.7555350953125 0.928300940625 0.7555350953125 0.9234584203124999 0.7595949390625 0.9174931468749999 0.773424759375 0.915247946875 0.8030543890625002 0.9158363265624999 0.8499364890625 0.9128004171875 0.8695084812499999 0.9058974890625 0.8923894109375 0.9058974890625 1 0.9342853515625 1
1 0.5890625 1 0.620064040625 1 0.6223958328125 0.9864583328125001 0.6229166671875 0.94756944375 0.6182291671875 0.9142361109374999 0.6125 0.8957175921874999 0.6072916671875 0.8670138890625001 0.6067708328125 0.849421296875 0.6119791671875 0.793865740625 0.6109375 0.7725694437499999 0.60546875 0.761921296875 0.59609375 0.7582175921875 0.5890625 0.7644675921874999 0.5890625 1
1 0.6884704328125 1 0.68993723125 0.961754603125 0.6857136046875001 0.9332629625 0.6763141906250001 0.8933382078125 0.674833065625 0.8682360859375 0.674833065625 0.8376805296875001 0.6768593562499999 0.7958431953125 0.6751183281250001 0.7837770703125 0.669198859375 0.774804815625 0.6625829703124999 0.77263910625 0.653529659375 0.7782080828125 0.6490329421875 0.7996372203125001 0.652471753125 0.8448581296875 0.65243723125 0.8728657140625 0.6499499562500001 0.8998565171875 0.637333065625 0.9478657140625 0.635770565625 0.9913842328125 0.636784921875 1 0.6884704328125 1
1 0.759375 1 0.759375 0.9734953703125001 0.7543249328125 0.9381337765625 0.7466077140625 0.906871878125 0.7432291671875 0.8771990734374999 0.74375 0.849421296875 0.7479166671875 0.80960648125 0.7443610234375 0.78725044375 0.738555590625 0.7809598734375001 0.730767809375 0.7789468890625 0.7239712015624999 0.7844825921874999 0.72028970625 0.7920312812500001 0.7177083328125 0.8105324078125001 0.721875 0.8642361109374999 0.7211177234375 0.8970433171875001 0.7139035828125 0.9290930281249998 0.7071703671874999 0.9585787421875 0.704812671875 1 0.759375 1