1 0.5418998359375 0.5101186171875 0.5535270828125001 0.4610658109375 0.556144896875 0.43799501249999995 0.556144896875 0.35410763125 0.536094784375 0.2669446625 0.5394301375 0.1451368375 0.5352329703125001 0.12817417343749998 0.527566253125 0.11808141718750001 0.5230486875 0.11808141718750001 0.50975749375 0.1213890765625 0.50173619375 0.1311841453125 0.49882938125000004 0.143447346875 0.5061648546875 0.250806190625 0.5029858984375 0.2921768578125 0.4905774015625 0.3411704640625 0.4875 0.37481513906249997 0.4875 0.3814820609375 0.48859183125000005 0.4062114421875 0.497422540625 0.46513677343750004 0.5083060859375 0.507573034375 0.513959109375 0.5125 0.5395413078125 0.5125 0.5418998359375 0.5101186171875
1 0.1722651890625 0.4742937140625 0.1821841640625 0.5039698046875001 0.1919021546875 0.5140625 0.1931436953125 0.5140625 0.2073080359375 0.512791284375 0.21914542343750001 0.4987355625 0.2285047234375 0.43239638593749996 0.2292270046875 0.3893044421875 0.2229665421875 0.344496125 0.20249283906249999 0.28094089375000003 0.19965361406249998 0.2502034 0.199584178125 0.1625578515625 0.1920843203125 0.14203689531250002 0.18491293749999999 0.1391167984375 0.17716049375 0.1391167984375 0.1709420703125 0.142443325 0.165625 0.1570394625 0.165625 0.1956459859375 0.1735865890625 0.2795945625 0.1728590734375 0.3004278953125 0.165625 0.3383057421875 0.165625 0.4445275140625 0.166106959375 0.4489662296875 0.1722651890625 0.4742937140625
1 0.109609271875 0.4572228546875 0.11311993125 0.4609375 0.1375 0.4609375 0.1375 0.30948482187500004 0.11468505312499999 0.2472415328125 0.1067084125 0.1431294140625 0.09698011875 0.12731401250000002 0.08747574218750001 0.12469987812500001 0.0781305921875 0.13389811406250002 0.075 0.148936240625 0.075 0.14964256250000002 0.0925463109375 0.25874810937500003 0.08445510625 0.3200501375 0.08509201718750001 0.3672996328125 0.08866484999999999 0.3936476109375 0.09790049687499999 0.42406679843750006 0.109609271875 0.4572228546875
2 1 0.43153869062499994 0.5890625 0.43153869062499994 0.5890625 0.5145537640625 0.5950347234375 0.5153593890625 0.7574539125 0.5230432734375 0.7731273984375 0.5270050421875 1 0.5430957921874999 1 0.43153869062499994
1 0.4859375 0.893205721875 0.4877625421875 0.902574615625 0.49531280312500003 0.9179419609374999 0.501213846875 0.91875 0.503097975 0.91875 0.5092621687500001 0.9125260718749999 0.519161646875 0.8836857703125001 0.519262709375 0.8828740015625 0.519262709375 0.838108528125 0.5132296671875001 0.8120342765625 0.5144204390625 0.7908563796875 0.5182315390625 0.7708017390624999 0.51800526875 0.7578387765625 0.5144339875 0.746934096875 0.5047599421875 0.7390625 0.5041637203125 0.7390625 0.4995659953125 0.744420415625 0.4956417625 0.7579935734375 0.49599368125 0.8079541062500001 0.485981065625 0.8303129281249999 0.4859375 0.83057729375 0.4859375 0.893205721875
1 0.43394494687499996 0.8161924765624999 0.4336793 0.7939217375000001 0.42735765312499996 0.76580434375 0.4332380234375 0.7169243375 0.4315103640625 0.7066421187499999 0.42741788906249994 0.7006010875 0.42639992031249996 0.7006010875 0.4199371171875 0.7019296421875 0.4146496953125 0.7114214109375 0.41335982187500003 0.7632975234374999 0.40625 0.7850119234374999 0.40625 0.8589812859375 0.4063512453125 0.8594240093749999 0.40996113125000005 0.8640625 0.418689921875 0.8640625 0.4225294125 0.859250090625 0.43004393125 0.8382691484375 0.43394494687499996 0.8161924765624999
1 0.48529783281250005 0.8236763703125 0.48529783281250005 0.77004743125 0.47987920937500006 0.753011746875 0.4824137515625 0.695513428125 0.4754073890625 0.6849789187499999 0.4677242671875 0.687893065625 0.4637931296875 0.6986184890625 0.46508025000000003 0.7486366703125 0.457825059375 0.7719302765625 0.45625 0.7824457765625 0.45625 0.81141268125 0.46132156406249997 0.835810075 0.46572376093749995 0.8463900390625 0.4665076703125 0.846875 0.47690901874999997 0.846875 0.4808080265625 0.8401033312500001 0.48529783281250005 0.8236763703125
1 0.5075520828125 0.6104166671875 0.5033854171875001 0.6076388890625 0.4947916671875 0.6164351859375 0.4927083328125 0.66273148125 0.4828125 0.6923611109375 0.48229166718750005 0.7201388890625 0.48541666718750004 0.7395833328125 0.49010416718750005 0.746990740625 0.4955729171875 0.7474537031249999 0.4994791671875 0.7423611109375 0.5057291671875 0.7182870375 0.5072916671875001 0.6766203703125 0.5057291671875 0.6553240734375 0.5098958328125 0.6173611109375 0.5075520828125 0.6104166671875
1 0.4497395828125 0.6178240734375 0.4458333328125 0.628472221875 0.4458333328125 0.6682870375000001 0.4380208328125 0.6914351859375 0.43541666718750005 0.7071759265625 0.4380208328125 0.7395833328125 0.44114583281249997 0.7497685187500001 0.44635416718750004 0.7553240734375001 0.45234375 0.7548611109375 0.4557291671875 0.7488425921874999 0.46302083281249995 0.7210648140625 0.46302083281249995 0.6932870375 0.45729166718750003 0.6645833328124999 0.4614583328125 0.6275462968750001 0.4604166671875 0.6201388890625 0.45703125 0.615046296875 0.4497395828125 0.6178240734375
1 0.49505208281249996 0.7946759265625 0.4973958328125 0.759027778125 0.5059895828125 0.74375 0.5111979171875001 0.7446759265624999 0.5145833328125 0.7497685187500001 0.5171875 0.7692129624999999 0.5114583328125 0.8108796296874999 0.5145833328125 0.8192129625 0.521875 0.8016203703125001 0.5255208328125 0.7766203703125 0.5244791671875 0.759027778125 0.5192708328125 0.7358796296875 0.525 0.6831018515625 0.5221354171875 0.67430555625 0.5158854171875 0.6696759265625001 0.5096354171875 0.6733796296875 0.5072916671875001 0.6793981484375 0.5046875 0.7321759265625 0.4953125 0.75625 0.4916666671875 0.777546296875 0.49505208281249996 0.7946759265625
1 0.5705729171875 0.709490740625 0.5666666671875 0.7164351859375 0.5640625 0.7636574078125 0.5458333328125 0.8118055562500001 0.5453125 0.827546296875 0.5484375 0.8571759265625 0.5528645828125 0.8696759265624999 0.5578125 0.8729166671874999 0.5658854171875001 0.8724537031249999 0.5713541671875 0.8636574078125001 0.5791666671875 0.8460648140625 0.584375 0.8229166671874999 0.584375 0.80625 0.5786458328124999 0.7710648140625 0.5848958328125 0.734027778125 0.5848958328125 0.7192129625 0.5815104171875001 0.7113425921875 0.5768229171875 0.7085648140625 0.5705729171875 0.709490740625
1 0.5890625 0.6557561749999999 0.5885416671875 0.6571759265625 0.5880208328125 0.696990740625 0.584375 0.7108796296875 0.5854166671875001 0.7331018515625 0.5807291671875 0.7645833328125 0.5817708328125 0.7803240734375001 0.5859375 0.778472221875 0.5885416671875 0.7682870375 0.5890625 0.767254275 0.5890625 0.6557561749999999
1 0.5544270828125 0.6585648140625 0.5489583328125 0.6692129625 0.5479166671875 0.7145833328125 0.5385416671875001 0.734953703125 0.534375 0.7506944437499999 0.534375 0.784953703125 0.5380208328125 0.802546296875 0.5416666671875 0.809027778125 0.546875 0.8081018515625 0.5635416671875 0.7608796296875 0.5645833328125 0.73773148125 0.5614583328125 0.7182870375 0.56875 0.6692129625 0.5666666671875 0.6608796296875 0.5622395828125 0.6557870375 0.5544270828125 0.6585648140625
1 0.0643229171875 0.8150462968750001 0.059375 0.8293981484374999 0.05989583281250001 0.8442129625 0.0713541671875 0.884953703125 0.0682291671875 0.91273148125 0.06875 0.9423611109374999 0.0734375 0.9636574078125001 0.0895833328125 0.98773148125 0.1002604171875 0.9854166671875 0.10729166718750001 0.971990740625 0.1098958328125 0.9451388890625001 0.1088541671875 0.9145833328125 0.1015625 0.8942129624999999 0.0880208328125 0.8701388890625001 0.0817708328125 0.8164351859375 0.0763020828125 0.809490740625 0.07161458281250001 0.8085648140625 0.0643229171875 0.8150462968750001
1 0.042700675 1 0.0447916671875 0.996990740625 0.0385416671875 0.990509259375 0.0421875 0.98125 0.0421875 0.96273148125 0.040625 0.9479166671874999 0.0369791671875 0.9377314812499999 0.0364583328125 0.909027778125 0.025 0.8886574078125001 0.0192708328125 0.8442129625 0.0161458328125 0.8331018515625 0.01171875 0.8270833328125 0.00390625 0.8270833328125 0 0.8326727640625 0 0.8839319921875 0.007291667187500001 0.9071759265624999 0.0036458328125000003 0.9377314812499999 0.0046875 0.96273148125 0.0083333328125 0.977546296875 0.01953125 0.9993055562500001 0.020331099999999998 1 0.042700675 1
1 0.2828348796875 1 0.2833333328125 0.9432870375 0.27890625 0.9298611109374999 0.2731770828125 0.92523148125 0.2674479171875 0.92523148125 0.2627604171875 0.9298611109374999 0.2567708328125 0.9423611109374999 0.2557291671875 0.9645833328125001 0.2614583328125 0.9942129625 0.26162109375 1 0.2828348796875 1
1 0.0915817484375 1 0.090625 0.996990740625 0.071875 0.9701388890625001 0.0671875 0.9488425921874999 0.0661458328125 0.9229166671875 0.06302083281250001 0.9071759265624999 0.05598958281250001 0.8983796296875 0.04921875 0.8993055562500001 0.0395833328125 0.91180555625 0.0375 0.9210648140625001 0.0385416671875 0.9349537031249999 0.051041667187499994 0.984027778125 0.050260417187499996 1 0.0915817484375 1
1 0.253125 0.778472221875 0.25729166718749996 0.80069444375 0.25729166718749996 0.8173611109374999 0.2515625 0.8442129625 0.25 0.8729166671874999 0.2526041671875 0.8914351859374999 0.2578125 0.9081018515625001 0.265625 0.9201388890625001 0.2736979171875 0.9196759265625 0.2791666671875 0.9108796296874999 0.284375 0.884953703125 0.2859375 0.8636574078125001 0.2828125 0.8386574078125001 0.2723958328125 0.8118055562500001 0.2723958328125 0.7951388890625 0.2755208328125 0.78125 0.275 0.76273148125 0.26953125 0.7511574078125001 0.2638020828125 0.7474537031249999 0.2575520828125 0.7520833328125 0.253125 0.7645833328125 0.253125 0.778472221875
1 0.3625 0.746990740625 0.365625 0.76273148125 0.365625 0.77569444375 0.3541666671875 0.8293981484374999 0.3552083328125 0.8516203703125 0.359375 0.871990740625 0.3653645828125 0.8863425921874999 0.3682291671875 0.88773148125 0.37578125 0.8863425921874999 0.3796875 0.8793981484375 0.3854166671875 0.859027778125 0.3885416671875 0.83773148125 0.3875 0.8145833328125001 0.3786458328125 0.7831018515625 0.3817708328125 0.73125 0.3778645828125 0.7196759265624999 0.37421875 0.7178240734375001 0.3684895828125 0.7206018515625 0.3630208328125 0.7303240734375 0.3625 0.746990740625
1 0.352818834375 1 0.35625 0.984953703125 0.3572916671875 0.9571759265625 0.353125 0.9293981484374999 0.34322916718749996 0.9053240734375001 0.3416666671875 0.8858796296874999 0.3427083328125 0.8645833328125001 0.3380208328125 0.8581018515625001 0.3385416671875 0.8432870375 0.3330729171875 0.8307870375 0.3294270828125 0.8298611109374999 0.3252604171875 0.8326388890625 0.3213541671875 0.8432870375 0.325 0.9053240734375001 0.3171875 0.934027778125 0.315625 0.9645833328125001 0.322265625 1 0.352818834375 1
1 0.1309895828125 0.79375 0.1265625 0.8081018515625 0.128125 0.8266203703125001 0.1359375 0.8608796296874999 0.13125 0.9108796296874999 0.1380208328125 0.9442129625 0.1481770828125 0.96319444375 0.153125 0.9664351859375 0.16067708281249998 0.9641203703125001 0.1666666671875 0.9543981484374999 0.1708333328125 0.9173611109375 0.16458333281249998 0.8979166671875 0.1614583328125 0.8766203703125001 0.1526041671875 0.8506944437499999 0.1484375 0.796990740625 0.14505208281249998 0.7909722218749999 0.1388020828125 0.7881944437499999 0.1309895828125 0.79375
1 0.6720699765625 0.6 0.680820253125 0.670223103125 0.683400965625 0.7286748359375 0.6618301875 0.8338432921875001 0.659375 0.8762663937500001 0.659375 0.9222074843750001 0.6608385828125 0.9558287156249999 0.6662291359375 0.9964616906250001 0.667006021875 1 0.746270746875 1 0.746270746875 0.8363807984375 0.7461082140624999 0.8346812921875 0.718557215625 0.7313388171875 0.7188833125 0.6606238828125 0.7243817781249999 0.6180419234375 0.7244051734375 0.6 0.6720699765625 0.6
1 0.8259544125 0.6 0.8285243843749999 0.7298923703125 0.8203125 0.7605445203125 0.8203125 1 0.875389815625 1 0.8868257265625001 0.942671128125 0.8907647796875 0.8746883437499999 0.8848923203125001 0.8187689171875 0.8644618843749999 0.7315661875 0.8659116875 0.6676409109375 0.8730779734375 0.6192845109375 0.8737514031250001 0.6 0.8259544125 0.6
1 0.7659139875000001 0.6 0.7775670203125 0.7197802937500001 0.7640625 0.8101431390625 0.7640625 0.8727016031249999 0.7718343796875 0.94923333125 0.7846924718749999 1 0.819229075 1 0.819229075 0.75732971875 0.8145395375 0.7413752234375 0.808886696875 0.7039434078125 0.808976428125 0.6 0.7659139875000001 0.6
1 1 1 1 0.6 0.9742333984375 0.6 0.97421875 0.6005208328125 0.98046875 0.6546875 0.98203125 0.72413194375 0.96484375 0.7921875 0.95703125 0.84913194375 0.95703125 0.894965278125 0.9609375 0.9338541671874999 0.9744090109375 1 1 1
1 0.607287946875 0.6 0.615625 0.7296875 0.6 0.8171875 0.5953125 0.8282986109374999 0.5921875 0.91024305625 0.603125 0.9671875 0.606891740625 1 0.6567323015625 1 0.653125 0.9685763890625001 0.6515625 0.889409721875 0.6546875 0.851909721875 0.66484375 0.7935763890625 0.6484375 0.7282986109375 0.6484375 0.6685763890625 0.6546875 0.6185763890625 0.6543143140625001 0.6 0.607287946875 0.6