1 0.198602221875 0 0.1921875 0.0269551828125 0.1921875 0.1217013046875 0.20367578593750002 0.1754484 0.21023814375 0.1874699453125 0.2103196046875 0.1875 0.23151156562500003 0.1875 0.23151156562500003 0 0.198602221875 0
1 0.1066902984375 0 0.0966175421875 0.0359565515625 0.090625 0.06868418750000001 0.090625 0.1404855109375 0.10289034687500001 0.21558618125 0.11100827499999999 0.2319217078125 0.12149266249999999 0.234375 0.1314548671875 0.234375 0.1370822765625 0.23330219218749998 0.14312385 0.21998990625 0.1523632140625 0.17769393125 0.1523632140625 0.036700909375 0.1440470140625 0 0.1066902984375 0
1 0.028125 0 0.028125 0.046056778124999996 0.0334892046875 0.07843496562499999 0.0368438984375 0.1484375 0.040999196875 0.1484375 0.0430077390625 0.14610410468749999 0.0493026796875 0.1271608984375 0.06117419843750001 0.0780722390625 0.06398495781249999 0.05325450625 0.0628087 0.0039525984375000005 0.062141389062499996 0 0.028125 0
1 0 0 0 0.300198253125 0.0037461375 0.3015625 0.006672078125 0.3015625 0.021044975 0.2990492765625 0.025807028125 0.2885162921875 0.044257242187500004 0.212125096875 0.045610568750000004 0.20075361875 0.045610568750000004 0.082685734375 0.03208984375 0.022104199999999997 0.02940799375 0 0 0
1 0.99149943125 0.4390625 0.99149943125 0.43391977031250006 0.9629453734375 0.378248125 0.9632141187500001 0.2990517765625 0.9382888609375 0.27124274375 0.922634046875 0.27741071562499997 0.915625 0.290579578125 0.915625 0.3151284578125 0.9244038390625 0.36962418750000003 0.915625 0.406374446875 0.915625 0.41892344843749996 0.9224411906250001 0.4390625 0.99149943125 0.4390625
1 0.707883275 0.4390625 0.6917926453125001 0.3995525375 0.693075696875 0.28297938125 0.668012390625 0.2551776359375 0.64496439375 0.259534334375 0.6322782671875 0.27953865625 0.6298708625 0.31280965 0.639923784375 0.39626766406249997 0.6232412953125 0.4390625 0.707883275 0.4390625
1 0.9038139046874999 0.4390625 0.8820210625 0.38036215625 0.8918657875000001 0.2881299328125 0.8730247609374999 0.26245344375 0.8553201687499999 0.26245344375 0.84870465625 0.26406420937499997 0.838294359375 0.2834430390625 0.8391639203124999 0.37661264375000003 0.8234375 0.408145446875 0.8234375 0.4390625 0.9038139046874999 0.4390625
1 0.8182694203124999 0.4390625 0.798155821875 0.38736446875 0.80363629375 0.29229262500000003 0.79798823125 0.27550126875 0.7816268609374999 0.2604342171875 0.7763485625 0.2604342171875 0.75762264375 0.2638518171875 0.744624603125 0.28615914375 0.7517688109374999 0.3886647828125 0.7302708984375 0.4390625 0.8182694203124999 0.4390625
1 0.46875 0.4390625 0.56241539375 0.4390625 0.536833190625 0.38179209687500004 0.5364269484374999 0.28427696562500004 0.5191970984375 0.2620121265625 0.4979746078125 0.2620121265625 0.482952534375 0.2850991484375 0.49219033437500004 0.380493125 0.46875 0.43850262031250004 0.46875 0.4390625
1 0.6271954453124999 0.4390625 0.63405495625 0.4196886109375 0.63405495625 0.3054951890625 0.6316287984375 0.2718902703125 0.623246396875 0.2664528421875 0.6089606828124999 0.26736831250000004 0.594822171875 0.2861981421875 0.6018775234375 0.3765598984375 0.5811438984375 0.4390625 0.6271954453124999 0.4390625
1 0.343207628125 0.8499327296875 0.3416568015625 0.8412047843749999 0.2940989515625 0.84349953125 0.29375 0.8442703015624999 0.29375 0.8509895625 0.310568109375 0.9087691109375001 0.309880171875 0.921875 0.3393017265625 0.921875 0.3393873953125 0.9202429484374999 0.33616995 0.9074622531250001 0.343207628125 0.8499327296875
1 0.33309093437500004 0.6880285046875001 0.334375 0.6329007828125001 0.334375 0.6051963125 0.3319408640625 0.595472278125 0.327238940625 0.5875246328125 0.3213804375 0.583720925 0.30959527656249997 0.5890673843750001 0.3046875 0.604165221875 0.3046875 0.6050361265624999 0.3055653921875 0.6301756296875001 0.31079559218749997 0.6756096375 0.309463590625 0.721875 0.334375 0.721875 0.334375 0.696564728125 0.33309093437500004 0.6880285046875001
2 0.46875 0.7272407390625 0 0.7272407390625 0 0.762452284375 0.0104180703125 0.7685002546874999 0.015159453125 0.7670585062499999 0.017961153125 0.7784430203125 0.0216069875 0.7787619890624999 0.0250911703125 0.7846365140625 0.0376181125 0.7848041968749999 0.04118311875 0.7879009437500001 0.090141453125 0.7921842421875 0.1158239359375 0.7888614703125001 0.13446617031250002 0.7942055874999999 0.1449636609375 0.7923391484375 0.15686200156250002 0.79616496875 0.29649921875 0.8065250765625 0.2994895109375 0.81142810625 0.3048056125 0.8081800734375 0.3073020109375 0.8121116109375001 0.3166770109375 0.8129318171875 0.31990977656249997 0.8095015171875 0.323968678125 0.8135697562499999 0.3432933953125 0.813403884375 0.3577150796875 0.8202353171875 0.46875 0.8333794890625 0.46875 0.7272407390625
0 0.65851374375 0.4390625 0.66154289375 0.44989734531250003 0.6730582703125 0.471875 0.70870338125 0.471875 0.71326198125 0.460100765625 0.71326198125 0.4390625 0.65851374375 0.4390625