1 0 0.41954570625 0.000231040625 0.4193535578125 0.0188667765625 0.377390609375 0.031058275000000003 0.33776839375 0.035044503125 0.2919896921875 0.0335619828125 0.245828575 0.0427255984375 0.2045989546875 0.0578125 0.1569055125 0.0578125 0.11967160937500002 0.052699742187499996 0.112483678125 0.040980992187499996 0.1116642234375 0.0329278328125 0.1201730140625 0.0101201953125 0.233023925 0 0.24996653124999998 0 0.41954570625
1 0.089724871875 0.3318050484375 0.0961624515625 0.27205555000000003 0.0884241625 0.21394040468750003 0.092052128125 0.169495959375 0.1015625 0.116589425 0.1015625 0.11150003593749999 0.0978403890625 0.093808334375 0.08891888437499999 0.08841641875 0.08076625937500001 0.09271945625 0.07259508906249999 0.1115853703125 0.06633478125 0.207391428125 0.058073681249999995 0.231838259375 0.058073681249999995 0.390625 0.06842918125 0.390625 0.07481927968749999 0.3806070734375 0.089724871875 0.3318050484375
1 0.5970023203125 0.4641012046875 0.59599194375 0.5406676953125 0.605152671875 0.594907209375 0.6170569640625 0.5984375 0.636370453125 0.5984375 0.6540898921875 0.597457234375 0.66493041875 0.5910728859375001 0.6616357171875 0.5815874609375 0.6627133546875 0.5536912843749999 0.66829393125 0.5372750671875 0.671875 0.5331062859375 0.671875 0.42527659218749997 0.6713719984375001 0.422306934375 0.653802078125 0.3568834609375 0.6549688515625001 0.1996430203125 0.645584465625 0.1774071453125 0.6336511109374999 0.17391422031249998 0.624899034375 0.17391422031249998 0.614052934375 0.18605472812499999 0.6090205609375 0.21146912499999998 0.619378590625 0.3567104625 0.5970023203125 0.4641012046875
0 0.3770833328125 0.6957754625 0.3697916671875 0.673553240625 0.3575520828125 0.6564236109375 0.34765625 0.6536458328125 0.3424479171875 0.6582754625 0.31588541718749996 0.6592013890625 0.3098958328125 0.6689236109375 0.3067708328125 0.6911458328125 0.31302083281250004 0.70133101875 0.3182291671875 0.7207754625 0.321875 0.804108796875 0.3252604171875 0.8092013890625 0.3458333328125 0.8087384265625 0.35598958281250004 0.8064236109374999 0.3583333328125 0.7976273140625001 0.3708333328125 0.77633101875 0.3770833328125 0.7578125 0.3796875 0.7291087968750001 0.3770833328125 0.6957754625
1 0.598917909375 0.609375 0.59433833125 0.6478403421875 0.599002378125 0.7058974078125 0.608111490625 0.7497103890625001 0.6164028203124999 0.7625 0.6308478046875 0.7625 0.6397916109375 0.757044896875 0.6445698234374999 0.7469477421875 0.65 0.718781475 0.65 0.609375 0.598917909375 0.609375
1 0.6617547265624999 0.609375 0.6617547265624999 0.8171875 0.68418559375 0.8171875 0.694226496875 0.7917507718750001 0.7111871984375 0.7266378328125 0.715625 0.680939090625 0.715625 0.67213485 0.7132055984375001 0.6309945078125 0.709704453125 0.609375 0.6617547265624999 0.609375
1 0.7473048140625 0.609375 0.7473048140625 0.734375 0.747484 0.734375 0.752280121875 0.7014551515624999 0.758324453125 0.6748946609375001 0.77985000625 0.614059490625 0.7807113593749999 0.609375 0.7473048140625 0.609375
1 0.7761700640625 0.609375 0.7673816234374999 0.6337125265625 0.7673816234374999 0.903125 0.7732853109375 0.903125 0.7861763734375 0.8994846890625 0.7932619046875 0.8859542140624999 0.8141859374999999 0.8143942734374999 0.8207039125 0.7791454515625 0.8251962718750001 0.6986262609375 0.8209526468749999 0.6422993296875 0.8163757203124999 0.609375 0.7761700640625 0.609375
1 0.850634765625 0.609375 0.8432291671875 0.63570601875 0.8421875 0.6505208328125 0.8510416671875 0.7134837968750001 0.8520833328125 0.8116319437499999 0.8611979171874999 0.8213541671875 0.8770833328125001 0.82274305625 0.8864583328125001 0.8153356484375 0.8963541671874999 0.776446759375 0.9026041671874999 0.7421875 0.9052083328125 0.6921875 0.9020833328125001 0.6440393515625 0.89480381875 0.609375 0.850634765625 0.609375
1 0.9055843671874999 0.609375 0.9026041671874999 0.626446759375 0.9067708328125 0.69866898125 0.9067708328125 0.7421875 0.9104166671874999 0.757928240625 0.9161458328125001 0.7662615734375 0.9203125 0.7625578703125 0.9234375 0.751446759375 0.9270833328125001 0.7292245375 0.9317708328125001 0.7171875 0.9479166671874999 0.651446759375 0.9510416671874999 0.6310763890625 0.9506601968750001 0.609375 0.9055843671874999 0.609375
1 0.9538365687500001 0.609375 0.9536458328125 0.6310763890625 0.9197916671874999 0.7755208328125 0.9177083328125001 0.857928240625 0.9307291671875 0.9560763890625001 0.9410611984374999 1 0.9982632515625 1 0.9984375 0.9995949078125002 1 0.993171296875 1 0.665530578125 0.9942708328125001 0.6301504625 0.9947478203125 0.609375 0.9538365687500001 0.609375