1 0.2645833328125 0.558796296875 0.2598958328125 0.58101851875 0.25833333281250004 0.6023148140625 0.26510416718749996 0.641203703125 0.2669270828125 0.64444444375 0.2755208328125 0.64398148125 0.2786458328125 0.640277778125 0.2828125 0.6134259265625001 0.2828125 0.5939814812499999 0.2744791671875 0.55601851875 0.275 0.515277778125 0.26640625 0.5083333328124999 0.2619791671875 0.516203703125 0.2645833328125 0.558796296875
1 0.28854166718749996 0.503240740625 0.290625 0.5449074078125 0.2859375 0.571759259375 0.2854166671875 0.590277778125 0.2911458328125 0.6208333328125 0.2953125 0.6291666671875 0.296875 0.628240740625 0.2953125 0.584722221875 0.3005208328125 0.5523148140624999 0.2984375 0.516203703125 0.3015625 0.5041666671875 0.2986979171875 0.4981481484375 0.29244791718749996 0.4953703703125 0.28854166718749996 0.503240740625
1 0.3572916671875 0.5199074078125 0.35989583281250004 0.5615740734375 0.3541666671875 0.5791666671875 0.353125 0.6004629625 0.3546875 0.6199074078125 0.3609375 0.6458333328125 0.36380208281250004 0.65 0.3708333328125 0.6495370375 0.3734375 0.6458333328125 0.3770833328125 0.6254629625 0.378125 0.5976851859375001 0.37552083281250004 0.5773148140625 0.3708333328125 0.5615740734375 0.3703125 0.5171296296875 0.3643229171875 0.5120370375000001 0.3572916671875 0.5199074078125
1 0.3255208328125 0.515277778125 0.32864583281250004 0.5300925921874999 0.3270833328125 0.5476851859375 0.3291666671875 0.565277778125 0.3234375 0.5865740734375 0.3234375 0.60601851875 0.3317708328125 0.6449074078125 0.3385416671875 0.6476851859375 0.3447916671875 0.6421296296875 0.3494791671875 0.6041666671875 0.340625 0.5504629624999999 0.3411458328125 0.5171296296875 0.3377604171875 0.5101851859375001 0.3346354171875 0.5101851859375001 0.3299479171875 0.515740740625 0.3255208328125 0.515277778125
1 0.2984375 0.5208333328125 0.3015625 0.5513888890625 0.3005208328125 0.5643518515625 0.2953125 0.584722221875 0.2947916671875 0.6041666671875 0.3020833328125 0.64305555625 0.31197916718749996 0.6449074078125 0.3145833328125 0.641203703125 0.3182291671875 0.6199074078125 0.3182291671875 0.603240740625 0.3109375 0.5606481484375 0.3114583328125 0.5171296296875 0.30859375 0.5111111109375 0.30234375 0.509259259375 0.2984375 0.5208333328125
1 0.3463541671875 0.48101851875 0.3484375 0.5226851859375 0.3427083328125 0.5513888890625 0.3458333328125 0.5763888890625 0.3494791671875 0.5671296296875 0.3552083328125 0.534722221875 0.3541666671875 0.49490740781250003 0.35989583281250004 0.48379629687500003 0.35885416718749996 0.4763888890625 0.3544270828125 0.47222222187499996 0.34921875 0.4731481484375 0.3463541671875 0.48101851875
1 0.3192708328125 0.534722221875 0.3135416671875 0.566203703125 0.3182291671875 0.5884259265625 0.3265625 0.546759259375 0.3244791671875 0.5069444437499999 0.3291666671875 0.49490740781250003 0.3291666671875 0.48842592656250006 0.3231770828125 0.48333333281249996 0.3184895828125 0.48518518593750004 0.3166666671875 0.490277778125 0.3192708328125 0.534722221875
1 0.3606770828125 0.5018518515625 0.3661458328125 0.4986111109375 0.3643229171875 0.48981481406249994 0.35703125 0.4861111109375 0.3536458328125 0.49120370312499995 0.35208333281250004 0.5097222218749999 0.3546875 0.5125 0.3606770828125 0.5018518515625
1 0.3234375 0.5236111109375 0.3260416671875 0.5328703703125 0.32760416718749996 0.51805555625 0.33359375 0.5101851859375001 0.3375 0.5097222218749999 0.3369791671875 0.5023148140625 0.33046875 0.49629629687500004 0.32734375 0.497222221875 0.3229166671875 0.508796296875 0.3234375 0.5236111109375
1 0.3239583328125 0.5958333328125 0.3296875 0.5615740734375 0.32578125 0.540740740625 0.3192708328125 0.583796296875 0.3203125 0.60694444375 0.3213541671875 0.6134259265625001 0.3234375 0.6134259265625001 0.3239583328125 0.5958333328125
1 0.3692708328125 0.503240740625 0.3622395828125 0.4879629625 0.359375 0.48842592656250006 0.35703125 0.4990740734375 0.3526041671875 0.5013888890625 0.3536458328125 0.5171296296875 0.35625 0.5226851859375 0.3541666671875 0.5300925921874999 0.3552083328125 0.5375 0.35208333281250004 0.541203703125 0.34921875 0.5546296296875 0.3453125 0.5476851859375 0.3447916671875 0.5699074078125 0.3473958328125 0.5773148140625 0.3489583328125 0.596759259375 0.3505208328125 0.596759259375 0.353125 0.5939814812499999 0.3536458328125 0.5791666671875 0.3578125 0.5606481484375 0.3578125 0.51805555625 0.36484375 0.5111111109375 0.3684895828125 0.5148148140625 0.3703125 0.5115740734374999 0.3692708328125 0.503240740625