1 0.342285740625 0.35 0.34375 0.3109871453125 0.33831487656250003 0.2984375 0.33246778906249996 0.2984375 0.32760416718749996 0.31061134687499997 0.3288118203125 0.35 0.342285740625 0.35
1 0.31991745 0.35 0.318204571875 0.31870453906249996 0.31611299375 0.31234145468749996 0.3100773734375 0.30581140625000003 0.30442379062499997 0.30717146562500003 0.3 0.317811284375 0.3 0.3197420234375 0.303526578125 0.35 0.31991745 0.35
1 0.1482374171875 0.35 0.150891921875 0.318220921875 0.15007659375 0.31170913125 0.1436638515625 0.303125 0.142333559375 0.303125 0.1370055171875 0.3053041671875 0.132206590625 0.3158235015625 0.13199080624999998 0.35 0.1482374171875 0.35
1 0.12004456562500002 0.35 0.12211604375 0.3104360765625 0.11680351874999999 0.2974886046875 0.11211601874999999 0.2978987078125 0.10655568906249999 0.3062475328125 0.106443440625 0.35 0.12004456562500002 0.35
1 0.2617913234375 0.35 0.2615495046875 0.3376791359375 0.2680170859375 0.3100923578125 0.2623382640625 0.2984375 0.2608866671875 0.2984375 0.25698070156249997 0.29896670937500003 0.25187125312499997 0.309434465625 0.2499974453125 0.35 0.2617913234375 0.35
1 0.19640046875 0.35 0.19570455 0.3077490421875 0.19256512812499998 0.299945346875 0.1862181265625 0.2973130390625 0.18125 0.3042763609375 0.18125 0.31275437031250003 0.1857405609375 0.32095445625 0.18782040625000002 0.335732903125 0.1873367171875 0.35 0.19640046875 0.35
1 1 0.1236915203125 0.9962486609375001 0.134997365625 0.9976855453125001 0.19037065312499998 0.990625 0.22079514374999998 0.990625 0.25 1 0.25 1 0.1236915203125
1 0.9796856125 0.1498134015625 0.9804569812499999 0.1377763609375 0.9756705953125 0.1269053796875 0.9688997624999999 0.1266294890625 0.9626893124999999 0.1379807296875 0.956465646875 0.19435609843749999 0.9484375 0.211431690625 0.9484375 0.252660709375 0.9566497296875 0.253125 0.9691305265625001 0.253125 0.9711346531250001 0.2506544375 0.9726048625000001 0.2358608421875 0.97064681875 0.19307725 0.9796856125 0.1498134015625
1 0.9097384296875 0.1321065625 0.9133379734375 0.19040352656249998 0.9046875 0.2361516828125 0.9046875 0.2515625 0.93429585625 0.2515625 0.93429585625 0.21933984843749998 0.9268796406250001 0.190088340625 0.9279675953125001 0.1316822734375 0.9204998359375001 0.119345928125 0.9127843375000001 0.12230554375 0.9097384296875 0.1321065625
1 0.8935667296875 0.19979700625000002 0.8903360093749999 0.18974119375 0.8867950046875 0.1313441953125 0.8818761546874999 0.1199292859375 0.8774664624999999 0.11732128593749999 0.8710196640625 0.12130088125 0.86875 0.1290527734375 0.86875 0.1332497265625 0.87498881875 0.1875788625 0.8707868953125001 0.23514064375000002 0.8718052140625 0.2527544578125 0.8736694281249999 0.2546875 0.8935667296875 0.2546875 0.8935667296875 0.19979700625000002
1 0.8530236015625 0.11184815781249999 0.8483361015625001 0.1122033546875 0.8423036609375 0.12141404687499999 0.840625 0.15839106249999998 0.840625 0.253125 0.850953503125 0.253125 0.85152694375 0.252479596875 0.8583769218749999 0.2022033328125 0.8538938109374999 0.18319301875 0.8533400234374999 0.16757067812499998 0.857869325 0.12115598125 0.8530236015625 0.11184815781249999
2 1 0.2732421828125 0.9805151249999999 0.27504797812500004 0.945244034375 0.275368759375 0.9164041 0.281578646875 0.773744290625 0.2931380828125 0.7668764046875 0.29558230625 0.7636964078125 0.3018514421875 0.7602899296875 0.3371733296875 0.7572910828125 0.3498783828125 0.75640925625 0.35 0.9752723062499999 0.35 1 0.34755536875000004 1 0.2732421828125
1 0 0.6427932000000001 0.0109565015625 0.6972607796875 0.017043728124999998 0.7046875 0.0350974359375 0.7046875 0.0350974359375 0.524227078125 0.027115392187499997 0.50038915 0.0207396484375 0.4896924375 0.020653071875 0.42122248281249997 0.017944465625 0.397670571875 0.01246953125 0.3931942578125 0 0.3941391421875 0 0.6427932000000001
0 0.1618187421875 1 0.1618187421875 0.9402922015625 0.156288409375 0.915536428125 0.1407440109375 0.8846228281249999 0.11257574374999998 0.86164815 0.078346246875 0.8666149031250001 0.056417510937500005 0.8879755671874999 0.04515690625 0.9125629703125 0.0390625 0.941396984375 0.0390625 0.995279834375 0.040198228125 1 0.1618187421875 1
1 0.46875 0.35 0.46875 0.52674024375 0.4784026578125 0.541461790625 0.49333786249999995 0.6159707171875001 0.48923216406250003 0.6661344093749999 0.48011170468750003 0.688336790625 0.46875 0.7025662859375 0.46875 1 1 1 1 0.8400877515625 0.9929037000000001 0.8298694609374999 0.93837019375 0.7778456578124999 0.8413401046875 0.700732575 0.817593521875 0.67498853125 0.8015321703125 0.63803416875 0.7992424171875 0.5755887312500001 0.8581981515624999 0.403148246875 0.8591419296874999 0.35 0.46875 0.35