1 0.2715859125 0.6296875 0.27084766875 0.6276292015625 0.2704794875 0.5528112125 0.26146775624999996 0.534972325 0.25782025937499997 0.5403003656250001 0.24597213281250002 0.5368400484375 0.2415085484375 0.5497387265625 0.241762315625 0.5719154453125 0.24975391875000003 0.62640063125 0.24890158593749998 0.6296875 0.2715859125 0.6296875
1 0.12262102500000001 0.6296875 0.1203687328125 0.5813299109375001 0.11389481875 0.567759978125 0.10666950156249999 0.563142728125 0.10002638281250001 0.5710254781249999 0.09214919375 0.5691359421875 0.086446553125 0.5888492796875 0.09510666875 0.6296875 0.12262102500000001 0.6296875
1 0.4046532015625 0.6296875 0.40031628281250003 0.611845428125 0.40625 0.540746803125 0.40625 0.5290856625 0.4024310984375 0.5181204265625 0.3946185984375 0.518074975 0.3905830421875 0.5124966921875 0.3866767921875 0.512473965625 0.3787807703125 0.5256206875 0.3782796453125 0.60477371875 0.3699768375 0.6172237218750001 0.3668968765625 0.6296875 0.4046532015625 0.6296875
1 0.52419514375 0.6296875 0.51897230625 0.575523315625 0.53081774375 0.5376596015625 0.53125 0.5333636296875001 0.53125 0.5051374265625 0.5281494453125 0.4967442078125 0.5203369453125 0.49697153125 0.5163094765625 0.49014074531249996 0.5100837203124999 0.4917114921875 0.5028679125 0.5037329984375 0.5006399078125 0.5552128187500001 0.4970245765625 0.5719931453125 0.48105470468749995 0.59747051875 0.473018546875 0.6296650171875 0.47301843281249994 0.6296875 0.52419514375 0.6296875
1 0.20050150625000002 0.6296875 0.20224578593750003 0.6275714390625 0.209375 0.596701775 0.209375 0.5501214203125 0.1958339203125 0.5021210593750001 0.1976818671875 0.44105089218750004 0.1920285609375 0.428938259375 0.179504315625 0.4296720515625 0.1734146328125 0.44255941875 0.177598496875 0.5164571359375 0.1693783703125 0.5530877078125 0.1693783703125 0.5896989359375 0.1803223015625 0.629202796875 0.1806183609375 0.6296875 0.20050150625000002 0.6296875
1 0.279443359375 0.566361278125 0.284912109375 0.596566378125 0.2901870359375 0.6078125 0.3035139203125 0.6078125 0.310693359375 0.5935253515625 0.315625 0.57129091875 0.315625 0.5136737296875 0.315380859375 0.50989163125 0.308349609375 0.48950888125 0.312255859375 0.4212030015625 0.307079021875 0.41233148125 0.295958553125 0.41233148125 0.291162109375 0.4211658609375 0.291162109375 0.49199919375 0.282568359375 0.513383240625 0.278662109375 0.540022453125 0.279443359375 0.566361278125
1 0.40540378749999995 0.5332197890625 0.399225909375 0.58125 0.40494634218750003 0.58125 0.41303044062499994 0.56575623125 0.4170821375 0.541052228125 0.412057803125 0.4642489421875 0.4171875 0.441321540625 0.4171875 0.40584310312499994 0.4143866640625 0.399813609375 0.4065903234375 0.39644383437499997 0.3999052578125 0.40357952812500003 0.3974726234375 0.41867970468750004 0.39886516250000004 0.46323391249999996 0.388043728125 0.48617613437499996 0.3789106890625 0.5250877703125 0.385225484375 0.51130898125 0.397720571875 0.510405571875 0.40540378749999995 0.5332197890625
1 0.23972875 0.5142469625 0.24345849843749998 0.5203125 0.2515625 0.5203125 0.2515625 0.4241778078125 0.24847768750000002 0.41285807343750003 0.24769152656250001 0.3531358515625 0.242921525 0.3441080734375 0.2341094109375 0.33994140625 0.22837864218749998 0.3573025171875 0.2342696078125 0.410080296875 0.22827682187499998 0.44480251718749997 0.2287329796875 0.468413628125 0.23972875 0.5142469625
1 0.3384708796875 0.45992675937499994 0.3390625 0.44540735624999994 0.3390625 0.43290137812499996 0.33292209375000004 0.40377920781250004 0.3390625 0.3453974390625 0.3390625 0.34257522812499996 0.333045659375 0.3334331203125 0.325119975 0.335618903125 0.3212364953125 0.34438028125 0.31885959375 0.402713615625 0.3096010859375 0.42495915625 0.3096010859375 0.501010928125 0.3162381109375 0.50625 0.3210370921875 0.50625 0.3291869640625 0.49544587343749996 0.3384708796875 0.45992675937499994
1 0.27410640000000003 0.4359375 0.284375 0.4359375 0.284375 0.3583786515625 0.279443528125 0.34190719375 0.278185246875 0.31279515625 0.2705205703125 0.308803946875 0.264122746875 0.3118118109375 0.2674334171875 0.33692107187500003 0.26283018125 0.3711516203125 0.2644769453125 0.40581921093749995 0.27266935625 0.4340340328125 0.27410640000000003 0.4359375
1 0.6265625 0.27433683750000004 0.6265625 0.169243628125 0.622202440625 0.158557265625 0.6016866125 0.1508166484375 0.5880159140625001 0.1637207734375 0.5794354625 0.20287907968750002 0.5920981359375 0.29144466874999997 0.58782208125 0.353125 0.6265625 0.353125 0.6265625 0.30088448749999996 0.6254314671875 0.2904747671875 0.6265625 0.27433683750000004
1 0.6902144124999999 0.5197991281250001 0.6746723046875001 0.5606893828125 0.6779213796875 0.5625 0.70681453125 0.5625 0.717992190625 0.5212549 0.71875 0.5087502921875 0.71875 0.4159555734375 0.702528309375 0.34528438437500003 0.7122630578125 0.21233925937499998 0.7024415203125 0.190972140625 0.6821196359374999 0.1871267984375 0.6676731546875 0.21834335781249997 0.6750414484375 0.3271619484375 0.66393621875 0.3709017265625 0.66393621875 0.3893268078125 0.6930359906250001 0.4643406234375 0.6902144124999999 0.5197991281250001
1 0.736523434375 0.4664600015625 0.7531901015625 0.5570586203125 0.777881871875 0.559375 0.788557671875 0.559375 0.8015625 0.4891825265625 0.8015625 0.4031666859375 0.7846715828124999 0.338374528125 0.7920789906250001 0.2101220609375 0.7837456578124999 0.18982275312500002 0.7761090890625 0.18802115625 0.7628986734375001 0.18802115625 0.7531901015625 0.19872528750000001 0.7476345453125 0.2268590796875 0.7587456578125 0.3400359375 0.7383752875 0.41634132968750004 0.736523434375 0.4664600015625
1 0.8207579687500001 0.481885265625 0.8396329 0.5705746328125 0.84640441875 0.5734375 0.88406098125 0.5734375 0.895366221875 0.5442288234375 0.90625 0.44702980468750003 0.90625 0.4364125484375 0.8816988140625 0.345884003125 0.8881593656250001 0.1907494234375 0.8780792265624999 0.1719220796875 0.8614448812500001 0.16510360156249998 0.8437634031249999 0.179048290625 0.8361943875 0.20626476875000002 0.846675234375 0.31544004999999997 0.8220032203125001 0.41639360468750003 0.8207579687500001 0.45078898437500003 0.8207579687500001 0.481885265625
0 0.559375 0.5930666859375 0.595188846875 0.617599825 0.6227372671875 0.6234375 0.6296497265625 0.6234375 0.6682438828125 0.5981553796875 0.6921875 0.559175696875 0.6921875 0.43548268593749995 0.6877034359375 0.42176649218750006 0.650605421875 0.367599825 0.6276553140625001 0.3537109359375 0.583356446875 0.35648871249999997 0.559375 0.3771674828125 0.559375 0.5930666859375
1 0.13167511875 0.6296875 0.13209101406249998 0.6537178984375001 0.1163553625 0.8229971328125 0.1158852296875 0.8692510484374999 0.1187439234375 0.9306282906250001 0.126634203125 1 0.1765625 1 0.1765625 0.7140061624999999 0.165179184375 0.654152115625 0.1638141140625 0.6296875 0.13167511875 0.6296875
1 0.21764774375 0.6296875 0.217881159375 0.6318305171875 0.22332641406249998 0.72620935 0.2077684546875 0.8878989781250001 0.205998275 0.9400243640625 0.2083792828125 1 0.26875 1 0.26875 0.775874975 0.258906715625 0.7240118265625 0.25598506875 0.638749940625 0.2560011265625 0.6296875 0.21764774375 0.6296875
1 0.31074762031250003 0.6296875 0.3195127453125 0.74014575 0.32072859062500003 0.8149929859375 0.29908545625 0.9929866609375001 0.29883765156250003 1 0.3765625 1 0.3765625 0.9112966578125 0.3584142671875 0.8062314171875 0.356846321875 0.738866146875 0.359935875 0.6296875 0.31074762031250003 0.6296875
1 0.43039382187499997 0.6296875 0.430901453125 0.6814345484375 0.441330834375 0.8264144140624999 0.44221555625000003 0.907268053125 0.43636640312499997 0.9643533640624999 0.42943606718750005 1 0.49824351250000004 1 0.49047240781249996 0.9567879749999999 0.4820065140625 0.8941281234374999 0.48212587031250004 0.7802944109375 0.4872695046875 0.6827899375 0.48634259843749994 0.6296875 0.43039382187499997 0.6296875
1 0.41342768437500005 0.9007535921875001 0.41342768437500005 0.996875 0.4141324328125 0.996875 0.42213978281250003 0.9610456624999999 0.4306515125 0.9076320296875 0.43125 0.8976301187499999 0.43125 0.805103465625 0.422809125 0.8409661281249999 0.41342768437500005 0.9007535921875001
1 0.48844525625 0.9064116562500001 0.5046875 0.982025003125 0.5046875 0.8495204171875 0.4837681 0.753391784375 0.48039647656250006 0.76134929375 0.48143455 0.7986640281249999 0.48844525625 0.9064116562500001
1 0.357743946875 0.6296875 0.35745065781249996 0.6505426640625 0.35429276249999997 0.6729977546875 0.35113486875 0.7957522453125 0.37692434218750004 0.9723989515625 0.37918107343749996 1 0.3886630640625 1 0.39113486875 0.9753929640625 0.3942927625 0.8750935625 0.39008223750000004 0.8032372750000001 0.3685032890625 0.6505426640625 0.3685032890625 0.6296875 0.357743946875 0.6296875