1 0.20294845 0 0.1984375 0.012891634374999999 0.1984375 0.389577909375 0.21508035312499998 0.408011728125 0.2269602765625 0.4125 0.23271819531250001 0.4125 0.26174702031249997 0.4110022640625 0.2860492375 0.38337387968750003 0.32095348437500004 0.270445290625 0.334786503125 0.1766752921875 0.3328991625 0.08505310625 0.3125382875 0 0.20294845 0
1 0.0985289953125 0 0.09639824999999999 0.01116614375 0.0975010859375 0.0629364734375 0.1122340140625 0.154597290625 0.1333340890625 0.224653140625 0.1611022109375 0.2864396984375 0.1838715765625 0.2953125 0.1929106265625 0.2953125 0.2138043546875 0.2916871765625 0.2138043546875 0 0.0985289953125 0
1 0 0 0 0.0192963546875 0.0052219250000000005 0.051674203125 0.028716989062499997 0.13322834687500001 0.05533712187499999 0.195862846875 0.0714201609375 0.2046875 0.09018568593750001 0.2046875 0.09018568593750001 0 0 0
1 0.3537788703125 0 0.3515625 0.0106655859375 0.3515625 0.047522628125 0.36622424374999996 0.1240508015625 0.3658266421875 0.2467052375 0.376588015625 0.28195977031249997 0.3866520484375 0.2928497 0.3893861609375 0.29375 0.4371921546875 0.29375 0.453769075 0.2739857375 0.4799234796875 0.185625128125 0.48959904062500004 0.11950854687500001 0.48959904062500004 0.013321576562500001 0.48707551406249994 0 0.3537788703125 0
1 0.8426309218749999 0 0.8459017859374999 0.017445574999999998 0.849370078125 0.0769938296875 0.8203125 0.18007932499999998 0.8203125 0.23648568593750002 0.83704795625 0.30286651875000004 0.8608580968750001 0.356254609375 0.8747258296875 0.365625 0.9092044640625 0.365625 0.91842213125 0.3603613859375 0.9285237234375 0.3266522609375 0.9285237234375 0.130790809375 0.9031514171874999 0.0708336625 0.9039449234374999 0 0.8426309218749999 0
1 0.723466309375 0.5 0.7306259468749999 0.4368243625 0.7306259468749999 0.43107104375 0.7181104453125 0.3896669609375 0.6795235515625 0.3264566203125 0.6742686296875 0.24437668281249997 0.6786156328125 0.1703991265625 0.6592564828125 0.127500321875 0.64728394375 0.1225058171875 0.640974246875 0.132846871875 0.6266669296874999 0.13712040625 0.6043261484375 0.12916625625 0.584582965625 0.1571186046875 0.586414246875 0.1981678375 0.6092687156250001 0.294417675 0.6095195859375 0.337538825 0.576617678125 0.43033039375 0.5734375 0.48280442343749996 0.5734375 0.5 0.723466309375 0.5
1 0.6765625 0 0.6765625 0.12512690937499998 0.683138190625 0.1447806921875 0.6945005 0.1515625 0.7040563125 0.1515625 0.7340936046875 0.1450771421875 0.7582378750000001 0.0794891546875 0.7676204796875 0.022031343749999998 0.765928896875 0 0.6765625 0
1 0.5 0 0.5 0.353125 0.5168705609375001 0.353125 0.5326528609375 0.338709328125 0.54640810625 0.28382431406249997 0.5595773546875 0.25777948125 0.5556246875 0.18330104375 0.5604845734375 0.1402726390625 0.5203744890625 0.057500921875 0.52077895625 0 0.5 0
1 0.804368628125 1 0.8053809843749999 0.9844156500000001 0.8207585890625 0.9003943343749998 0.82359734375 0.8462276687500001 0.8194387875 0.8208772156249999 0.81207273125 0.8043793125 0.7952842796875 0.7882076484375 0.773567825 0.7882076484375 0.761437059375 0.7983473249999999 0.752469653125 0.8124049781250001 0.7468359015624999 0.83016014375 0.7427063765625 0.8939989687499998 0.7505284828125001 0.9990167375000001 0.7504923515625 1 0.804368628125 1
1 0.714317021875 1 0.714317021875 0.9068136296875 0.6906015234375 0.84464521875 0.6835603453125 0.7833703328125 0.6849546953125 0.7322271046875001 0.67894199375 0.6627007734375 0.6660562984375 0.6378015359375 0.650941178125 0.6312049828124999 0.641023578125 0.6312049828124999 0.630385809375 0.640084796875 0.6265625 0.6527361859375 0.6265625 0.7108554046875 0.627122409375 0.7167382250000001 0.645407671875 0.8076710984375 0.6493930671875 0.8577120421875 0.6371205765625 0.945659228125 0.6386547124999999 1 0.714317021875 1
1 0.9705876499999999 1 0.9705876499999999 0.88786968125 0.9593219812499999 0.8500651046875 0.9577317953125 0.83617621875 0.9559521359375001 0.8056206640625 0.9634090499999999 0.7056206640625 0.9613058171875 0.6695095531249999 0.9571292 0.65145399375 0.94721455 0.635481771875 0.9350104390624999 0.6271484390625 0.9150215124999999 0.6327039937500001 0.9055667 0.65145399375 0.9032506359374999 0.665342884375 0.9050579828124998 0.7097873296875 0.9159189140624999 0.7889539937500001 0.9169450078124999 0.8333984390625 0.8959641640625 0.9292317718749998 0.8953125 0.9361803625 0.8953125 1 0.9705876499999999 1
1 0.7815841546875 0.8078125 0.8021317281249999 0.789300303125 0.8187322187499999 0.7918871765625 0.827908690625 0.8001205109375 0.8324155890625 0.8078125 0.833237490625 0.8078125 0.833237490625 0.7460495671875 0.8215451515625001 0.7147083875 0.819598453125 0.698050815625 0.8181716437500001 0.59937606875 0.81467101875 0.5604962703125 0.8033029015625001 0.5376932375 0.78484855 0.530957878125 0.7759591515625 0.5380114093749999 0.771875 0.5512383562500001 0.771875 0.604066725 0.7862118 0.6678588859375 0.7879599703125 0.6928588859375 0.7879514015625 0.7150992890625 0.7767982328125 0.7680497875000001 0.77341474375 0.8078125 0.7815841546875 0.8078125
1 0.579501103125 0.984375 0.6069314968749999 0.984375 0.6130517734375001 0.9721380921874999 0.625 0.8973948953124999 0.625 0.8289591937499999 0.61664843125 0.78458355 0.5967858875000001 0.7278663671875 0.5881274953125 0.7168552546875 0.5847439249999999 0.6724471765625 0.590727275 0.6265411171874999 0.5880441515625 0.56823505625 0.57737203125 0.5468300015625001 0.5609334593749999 0.5414653515625 0.5465813390625 0.5589946390625 0.54375 0.5746126609375 0.54375 0.5877699734374999 0.559213165625 0.7158027234375 0.5480196359375 0.8062168609375 0.5468126703125 0.867346153125 0.5517102578124999 0.9034027203124999 0.566861059375 0.9560077765624999 0.579501103125 0.984375
1 0.5 0.845403334375 0.5101386296875 0.8640625 0.51245878125 0.8640625 0.5259361765625 0.862948109375 0.53033743125 0.808790534375 0.54391474375 0.7435718437500001 0.5473697468750001 0.7074698234375 0.5369272515625 0.6532258875 0.5240293687500001 0.630921853125 0.5270137015625 0.5739774078125001 0.5315944734375 0.5462178125 0.5313615921875 0.5059263984375 0.527751484375 0.5015625 0.5 0.5015625 0.5 0.6367620640625 0.5009363875 0.6391233749999999 0.5 0.64376314375 0.5 0.845403334375
1 1 0.534064625 0.9870174640624999 0.5558896578125 0.9757563874999999 0.70450076875 0.9625 0.7400984218750001 0.9625 0.9796875 0.9718317265625 0.9796875 0.982848803125 0.962992303125 1 0.9157400843750001 1 0.534064625
1 0.896895703125 0.67120018125 0.9025099000000001 0.646136546875 0.8964295859375 0.6170426046874999 0.8975340515625 0.5614779578125 0.9024477984375 0.5225345265625 0.9025447609375 0.505867859375 0.8990574203125 0.50104765625 0.8650609250000001 0.5035264328125 0.8641665484375001 0.52297996875 0.868700521875 0.5493143125 0.8690777562499999 0.6187496671874999 0.853125 0.6896605109375 0.853125 0.8039734968750001 0.8636147421875 0.8484375 0.8957058421875 0.8484375 0.90231343125 0.814183009375 0.9025639218750001 0.771127453125 0.896806821875 0.6864779578125 0.896895703125 0.67120018125
1 0.70703655 0.8546875 0.7291285937499999 0.8546875 0.7292989656250001 0.8546526546875001 0.7368756968750001 0.8330771546874999 0.737753871875 0.8260065703125001 0.737753871875 0.6873747921875 0.7149059281250001 0.615112503125 0.7131547765625 0.5817837171875 0.7194720140624999 0.5303493765625 0.7187445875 0.5053493765625 0.71586876875 0.5005041734375 0.684375 0.5006873984375 0.684375 0.5556802953125001 0.6913471906249999 0.611082190625 0.684375 0.658070559375 0.684375 0.7533153671875 0.6846800078124999 0.7847614828125 0.6950519093749999 0.84582259375 0.70703655 0.8546875