1 0.088925071875 0 0.071052059375 0.0629516953125 0.0701264140625 0.118411703125 0.083448309375 0.17173494375 0.11663150625 0.2434275109375 0.1447762734375 0.246875 0.1493554203125 0.246875 0.164151196875 0.23698942500000003 0.165625 0.23150976874999998 0.165625 0.042231776562500004 0.14419629843749998 0 0.088925071875 0
1 0.235845928125 0 0.23052407968750002 0.0183619875 0.2448825140625 0.1561057578125 0.221842809375 0.22547623749999998 0.2150851984375 0.3053916046875 0.22512645 0.365078834375 0.2565854015625 0.44566127499999997 0.2671362015625 0.4515625 0.30095760781249997 0.4515625 0.31376683125 0.44255510625000005 0.328125 0.4021348640625 0.328125 0.24069211406250002 0.2992377609375 0.1632109421875 0.2971582890625 0.1036626875 0.3052931375 0.0176149515625 0.2963797 0 0.235845928125 0
1 0.15625 0.609375 0.15625 0.5019347765625 0.15305928124999998 0.49208317187499995 0.10789153124999999 0.42166035312499994 0.0957748953125 0.2513403578125 0.07215424687500001 0.227307196875 0.058379259375000006 0.227307196875 0.051285601562500005 0.2395225078125 0.038546746874999996 0.23996735624999999 0.025162210937500002 0.2280918796875 0.00946479375 0.24818293125 0.0065171546875 0.2832573484375 0.037913604687500005 0.39530399374999997 0.0421962984375 0.4465830890625 0.0199469984375 0.50907443125 0.014697396875 0.5915435953125 0.018729021874999998 0.609375 0.15625 0.609375
1 0.36678119374999996 0 0.3459251625 0.040804282812499995 0.3459251625 0.1977299734375 0.3544762796875 0.2297573578125 0.36698339375 0.2328125 0.40143016718749996 0.2328125 0.4054316921875 0.2306467890625 0.4357534515625 0.16130410312500001 0.4453125 0.11258734374999999 0.4453125 0.081586221875 0.44419825937499996 0.048423346875 0.42997185312499997 0 0.36678119374999996 0
1 1 0.08827661875000001 0.996554996875 0.08994179375 0.9914580890625 0.10103635156249999 0.9893389328125 0.1151378171875 0.9916739609375 0.1520898234375 0.9948601390625 0.1685439140625 0.9963763531249998 0.22691976249999998 0.9810249140625 0.310815203125 0.980622953125 0.35913341249999997 0.9856268171875 0.3977246953125 0.9997076953124999 0.4569320296875 1 0.45723481406250005 1 0.08827661875000001
1 0.8973482671875 0.1534415046875 0.90553715625 0.2265593515625 0.904842415625 0.2478647375 0.8887030546875 0.32482870468749997 0.887042103125 0.3479920015625 0.8880304140625 0.3850320703125 0.8957591953125 0.4340728140625 0.9088094968749999 0.4858610328125 0.9113607515624998 0.4909399890625 0.9162652953125001 0.49375 0.9378698609375 0.49375 0.944263890625 0.48658090937500004 0.9453125 0.48100821250000003 0.9453125 0.293773625 0.9336391625000001 0.2514017859375 0.9315033671874999 0.22455599375 0.934772809375 0.151371484375 0.9332710296875 0.1273004390625 0.9244246796875 0.108365925 0.9190277015625 0.103766596875 0.9101735359374998 0.1038181078125 0.9031082421875001 0.1094160859375 0.89688815625 0.1293644015625 0.8973482671875 0.1534415046875
1 0.7941329859375 0.1664078296875 0.7996900171875 0.206295375 0.8018957078125 0.2396468890625 0.801791728125 0.26648055937500004 0.784486296875 0.35223711406249997 0.7835634984375 0.40033980625 0.789964703125 0.44949570312500003 0.8052165859375 0.5136118703125 0.8086376203124999 0.5171875 0.839254953125 0.5171875 0.842066415625 0.5105536390625 0.84375 0.5015208171875 0.84375 0.31967413906250003 0.83050223125 0.2688324265625 0.82894670625 0.23919370468749998 0.8322796671875 0.1855809125 0.8313454671875 0.14392333906250002 0.8219595328124999 0.121088146875 0.8160686968749999 0.1163585140625 0.8087770296875 0.1162312375 0.7986837031249999 0.125308675 0.7938131328125 0.1423428484375 0.7941329859375 0.1664078296875
1 0.8243183281249999 0.1157130359375 0.8323023031249999 0.1386247421875 0.83479974375 0.1663661453125 0.8339716750000001 0.26008473125 0.8376919328125 0.2812900859375 0.857671296875 0.35387440937500003 0.8624720703125 0.405653509375 0.8599811781250001 0.4576872390625 0.8613241593750001 0.459375 0.8685915468750001 0.459375 0.86875 0.4591764875 0.86875 0.2566544546875 0.8655354546874999 0.24506819218749998 0.8604338484374999 0.217417728125 0.85873545 0.185010321875 0.8609837140625001 0.1283469609375 0.8592497359374999 0.105217 0.8502790953125 0.0883692828125 0.8443073 0.08393971875 0.8364948 0.08421253906250001 0.8274659546875001 0.0961230890625 0.8243183281249999 0.1157130359375
1 0.7190400875 0.1419669984375 0.72199809375 0.17045217968749998 0.7213156546875 0.1982663796875 0.7233612781250001 0.20460218125 0.7232750875 0.219416996875 0.722131071875 0.2370824265625 0.7156925328125 0.2699268796875 0.715145459375 0.286737834375 0.715145459375 0.28980072031250004 0.7297694984375 0.355944146875 0.7347785171875 0.3898392046875 0.735604709375 0.426803403125 0.7307109468749999 0.4796875 0.7475027546874999 0.4796875 0.7514650375 0.47474844843749997 0.765625 0.4064737265625 0.765625 0.3087841515625 0.7502399125 0.237893515625 0.7504392265625001 0.20363425624999998 0.75542300625 0.1523805453125 0.7561323796874999 0.11993671718750001 0.7487068875 0.0987055546875 0.740009290625 0.0950865234375 0.7357919671875 0.0950865234375 0.7252532265625 0.1031222390625 0.71968481875 0.1206342796875 0.7190400875 0.1419669984375
1 0.6847949015625 0.14559309843749998 0.68028655625 0.1640479796875 0.6787307046875 0.186261109375 0.680532109375 0.2595001671875 0.6780672953125 0.2900375421875 0.66251164375 0.346088309375 0.66251164375 0.4503965671875 0.67418935625 0.45723535625 0.6865201781250001 0.47227744843749997 0.7028272640625 0.5078125 0.70642425625 0.5078125 0.711808809375 0.494495815625 0.7183971640625 0.4649570953125 0.7234375 0.412453890625 0.7234375 0.41181234531250005 0.721233484375 0.370485375 0.7072339609375 0.2905466484375 0.710302534375 0.24704631250000003 0.71866236875 0.19066483437499998 0.7195680078125 0.171220390625 0.718304065625 0.15359143125000002 0.71441605 0.14194008281249998 0.7064708484375 0.1334612921875 0.6976598078125 0.13238081562499998 0.6847949015625 0.14559309843749998
1 0.6583307578125 0.359375 0.660448759375 0.359375 0.6759724234375 0.3064540421875 0.6806150984375 0.272449721875 0.6774273921875 0.20264107656250002 0.679052834375 0.164714534375 0.68125 0.1513046796875 0.68125 0.089180725 0.6734181421875001 0.080353725 0.6592748171875 0.0821481578125 0.6511973703125 0.0996756171875 0.6492935703125 0.1292324078125 0.651942559375 0.16374660937500002 0.651906559375 0.20085648749999999 0.647290825 0.2339348765625 0.6466103796875 0.23358029062500002 0.6466103796875 0.2986062375 0.6583307578125 0.359375
1 0.614171865625 0.129011796875 0.6122178203125 0.140098665625 0.6137119999999999 0.1789996765625 0.6170740312499999 0.199406409375 0.6178174453125 0.2632952984375 0.6049222265624999 0.3186932828125 0.5993509953125 0.376953890625 0.60154916875 0.43160170156250005 0.6054859046875001 0.45664412499999996 0.60950291875 0.46875 0.6109530421875 0.46875 0.6358630749999999 0.44912829062500004 0.6623609296875 0.443881815625 0.6640625 0.44081312187500005 0.6640625 0.3370643765625 0.6606298453124999 0.317489896875 0.6491967359374999 0.2747700359375 0.6462262484375 0.2432582515625 0.6478031984375 0.199763975 0.6516035437500001 0.168330978125 0.6512803203125 0.1405532 0.6445274859375 0.1196441109375 0.6329614109375 0.11025152187500001 0.621036115625 0.11474176093749999 0.614171865625 0.129011796875
1 0.5521963453125001 0.11980537656250001 0.557041759375 0.236836578125 0.54128378125 0.30209066875 0.5369949093749999 0.370199084375 0.5392937203125 0.4074183890625 0.5532232390625 0.475269796875 0.5549630078125001 0.478125 0.5869996546875 0.478125 0.5942182421875 0.4529436640625 0.5982502359375 0.4301600546875 0.597443896875 0.38104041093749996 0.5984375 0.3711615890625 0.5984375 0.3060778328125 0.5862946156250001 0.254203146875 0.584645925 0.23925162968749997 0.5839634859375 0.211428284375 0.5888108984375 0.1498469203125 0.588660065625 0.1239209921875 0.5844018234374999 0.107815715625 0.5741836234375001 0.09627901093749999 0.5596326109375 0.10055869218749999 0.5547358703125 0.1089220984375 0.5521963453125001 0.11980537656250001
1 0.5130208328125 0.4467013890625 0.5200520828124999 0.4453125 0.5234375 0.43929398124999997 0.5333333328125 0.3939236109375 0.5380208328125 0.29577546250000003 0.5208333328125 0.2124421296875 0.5203125 0.1837384265625 0.5260416671875 0.11614583281249999 0.525 0.0939236109375 0.51796875 0.0777199078125 0.5065104171875 0.07216435156249999 0.49817708281249995 0.0777199078125 0.49322916718750004 0.086516203125 0.490625 0.09855324062500001 0.490625 0.1254050921875 0.4947916671875 0.17725694375 0.49427083281249995 0.2124421296875 0.478125 0.2754050921875 0.4770833328125 0.29577546250000003 0.4734375 0.31521990781250003 0.4734375 0.33929398125 0.478125 0.3846643515625 0.48854166718750003 0.43651620312499995 0.49505208281249996 0.4462384265625 0.5130208328125 0.4467013890625
0 0.7333740234375 0.609375 0.7338541671875 0.6059606484375 0.734375 0.579108796875 0.7291666671874999 0.535590278125 0.7213541671874999 0.5087384265625 0.7075520828125 0.479571759375 0.6966145828125001 0.46475694375 0.6815104171874999 0.45179398125 0.6658854171874999 0.4443865734375 0.6497395828125 0.4434606484375 0.63203125 0.44901620312499996 0.61953125 0.4573495375 0.60546875 0.4721643515625 0.5942708328124999 0.4902199078125 0.5864583328124999 0.5078125 0.578125 0.5374421296875 0.5744791671875 0.5605902781250001 0.5734375 0.58929398125 0.5756966140625 0.609375 0.7333740234375 0.609375
1 0.459375 0.609375 0.459375 0.9014395390625 0.463222571875 0.9015625 0.47039927343750004 0.9015625 0.48243511406249995 0.8966084984375 0.4828125 0.8952509640624999 0.4828125 0.6921869578125001 0.4705197984375 0.64893391875 0.4689078953125 0.609375 0.459375 0.609375
1 0.5184888671875 0.609375 0.52021466875 0.6362417140625001 0.50936370625 0.6832457468750001 0.5055457359375 0.72296965 0.50999294375 0.7757928828125 0.5217964859374999 0.8305952453125001 0.5272314031249999 0.8421875 0.5378915203125001 0.8421875 0.5375936218749999 0.7910804421875 0.5402047640625 0.76151445 0.5484375 0.7215563390625 0.5484375 0.6477796453125 0.5451823359375 0.6357521640625 0.5441764906250001 0.621854184375 0.5443080484375 0.609375 0.5184888671875 0.609375
1 0.557447453125 0.609375 0.5591367171874999 0.6203166078125 0.56105511875 0.6768344671875 0.5463812796874999 0.7552670109374999 0.5437318609374999 0.7943195921874999 0.545685840625 0.8415600015625 0.5525084703124999 0.8821370500000001 0.573639503125 0.9667402203125001 0.5766807578125001 0.96875 0.603125 0.96875 0.603125 0.6986086890625 0.5959024265625 0.6746899546875 0.5926641531250001 0.6228562890625 0.5930398921875 0.609375 0.557447453125 0.609375
1 0.6144476625 0.609375 0.6136996796874999 0.6502442625 0.6009195625 0.6992664921875 0.59791175 0.7200076296875 0.59791175 0.7228505203125 0.607297153125 0.7663856265625 0.608714209375 0.791276365625 0.60661840625 0.8830522890625 0.6135877078125 0.8932087687500001 0.62277019375 0.89375 0.632112728125 0.89375 0.64148730625 0.8852417671874999 0.6526887625000001 0.8391065734375001 0.65625 0.8140191328124999 0.65625 0.7203800234375001 0.653529115625 0.6946621265624999 0.6474030140625 0.673802871875 0.642377834375 0.64268559375 0.6429615109375 0.609375 0.6144476625 0.609375
1 0.6572674984375 0.609375 0.6568221000000001 0.6356340203124999 0.6497391359375 0.6587273015624999 0.6497391359375 0.730049990625 0.6510830578125 0.7476619640625 0.6497391359375 0.7765165078124999 0.6497391359375 0.8328125 0.65605895 0.8328125 0.659439665625 0.825648840625 0.669799909375 0.78227578125 0.68376285625 0.739892284375 0.6875 0.7229298046875 0.6875 0.66702829375 0.680823559375 0.6351262875 0.6816513234375 0.609375 0.6572674984375 0.609375
1 0.6947140421875 0.609375 0.6968711453124999 0.650258075 0.6946529859374999 0.7085549890625 0.6690091812500001 0.8034707859375001 0.6690091812500001 1 0.7517242859375 1 0.7586520718750001 0.9663223359374999 0.7639772296875 0.9267988812500001 0.765625 0.883996634375 0.765625 0.8674640078125 0.755904609375 0.7917019578125 0.7445361593750001 0.7519389828125 0.7386454609374999 0.7032809546875 0.7393370046875 0.6615778671875 0.7455664984375 0.609375 0.6947140421875 0.609375
1 0.7551765671874999 0.609375 0.757809853125 0.65397428125 0.757429084375 0.6660052578125 0.7495698125000001 0.70664903125 0.749688328125 0.7168342171875001 0.759048878125 0.7604557640625 0.7670876328125 0.7799911140625 0.7699396046875 0.8013177140625001 0.77748985 0.82362478125 0.7771521781249999 0.8393594625 0.78257231875 0.90237696875 0.7785851359375 0.9625076109374999 0.7811302281250001 0.965625 0.78751950625 0.965625 0.793434271875 0.9631432953125 0.798768346875 0.95163285625 0.8109375 0.8961606390625001 0.8109375 0.7511116906249999 0.7924542062500001 0.67752241875 0.79121150625 0.615479321875 0.7917750671875 0.609375 0.7551765671874999 0.609375
1 0.7927789640625 0.609375 0.791375778125 0.6265311453125 0.7910381 0.657967059375 0.7937769375 0.6813430406250001 0.8140534234375 0.7664079234375001 0.81733464375 0.7935331765625 0.8180325312499999 0.8328125 0.8206173703124999 0.8328125 0.8217167859375 0.8309347484374999 0.8234375 0.818327528125 0.8234375 0.7194649796875 0.8231375328125001 0.7172281296875 0.8055352421875 0.644428121875 0.8059579187499999 0.609375 0.7927789640625 0.609375
1 0.8055501296875001 0.609375 0.8052083328125 0.612152778125 0.8067708328125001 0.6334490734375 0.8052083328125 0.6427083328125 0.8078125 0.6612268515624999 0.8182291671874999 0.6964120375 0.8239583328125001 0.7269675921875 0.8260416671874999 0.7732638890625 0.8203125 0.8297453703125001 0.8276041671875 0.8325231484375 0.8328125 0.8223379625 0.84375 0.7723379625 0.846875 0.7232638890625 0.84375 0.68993055625 0.8317708328125001 0.6399305562500001 0.8286458328125 0.634375 0.8298581171875 0.609375 0.8055501296875001 0.609375