1 0.3533447515625 0.617574325 0.3636257625 0.5559339359375 0.3636257625 0.39766646250000004 0.3621946734375 0.382932375 0.3435835921875 0.30998984687500003 0.34530364375 0.1603009234375 0.329774584375 0.125470346875 0.3270251609375 0.125470346875 0.3101067921875 0.1293802125 0.300912525 0.15358699375 0.3094888546875 0.2984717171875 0.2909409453125 0.3959354125 0.2890625 0.4317500390625 0.2890625 0.4586968140625 0.29394808437500003 0.5251343796875 0.3043858109375 0.5823002140625 0.3157046171875 0.621423659375 0.3220708203125 0.6234375 0.3286250484375 0.6234375 0.3533447515625 0.617574325
1 0.257176409375 0.36076634375 0.2668068859375 0.252299815625 0.25793621875 0.2302223578125 0.242100640625 0.23520850468750001 0.23404422343750003 0.257088996875 0.2338441984375 0.35790964375 0.2234375 0.405593290625 0.2234375 0.5855120953124999 0.22410426874999997 0.5890625 0.24653229531249998 0.5890625 0.2507257140625 0.5830188671875 0.26743166875 0.49273110156250005 0.267814209375 0.45137228125 0.257176409375 0.36076634375
1 0.42734705625 0.42046888281249994 0.41313873125 0.3615462484375 0.41309661562500005 0.2479117703125 0.402891203125 0.22832628281249998 0.4028163046875 0.22832628281249998 0.3886772890625 0.23313921718750003 0.3820270421875 0.25493635625 0.3896410875 0.3584167546875 0.3796875 0.43827714218749997 0.3796875 0.502328165625 0.3818917625 0.5286866328125 0.396267778125 0.590625 0.40102853906249997 0.590625 0.4210354625 0.5889970421874999 0.42734705625 0.5408779671875 0.42734705625 0.42046888281249994
1 0.45546204531249995 0.5640625 0.45851756093749996 0.563412290625 0.45851756093749996 0.4279852078125 0.44980065625 0.3892876953125 0.4496442890625 0.311859234375 0.4400296703125 0.289698421875 0.4297484265625 0.2920399484375 0.428125 0.2974717 0.428125 0.341381378125 0.432738153125 0.3863097359375 0.428884025 0.4120283015625 0.43739457656249997 0.49997451875000004 0.43633215937500003 0.5541471671875 0.43982505937500005 0.5640625 0.45546204531249995 0.5640625
1 0.47819741562500007 0.49590458125000003 0.47885898750000006 0.46748080937500003 0.46722143593750004 0.40797353125 0.47002709062500003 0.3433816234375 0.4644985015625 0.3291356484375 0.4566860015625 0.3290901953125 0.453125 0.33813624062500003 0.453125 0.454457603125 0.4542396875 0.46216891875000005 0.453125 0.4839068828125 0.453125 0.553125 0.457448778125 0.553125 0.46912191718749996 0.5501226953125 0.47819741562500007 0.49590458125000003
1 0.380259171875 0.343414903125 0.3744873296875 0.326340453125 0.36777267812500003 0.326340453125 0.3625 0.3365133890625 0.3625 0.44150422968749997 0.380259171875 0.343414903125
1 0.2859375 0.53052130625 0.2859375 0.5609375 0.2868003984375 0.5609375 0.2868003984375 0.510338003125 0.2859375 0.53052130625
1 0.271875 0.336209490625 0.271875 0.36883946875 0.287222065625 0.4640625 0.28766517812500003 0.4640625 0.28766517812500003 0.3626764515625 0.287030753125 0.34146381875 0.2789585546875 0.3273352625 0.271875 0.336209490625
1 0.225344875 0.3107353859375 0.2180970359375 0.29447686875 0.20638032812499998 0.29447686875 0.20060529218749998 0.30871591249999997 0.20600672812499998 0.3890318453125 0.2 0.43741634375 0.2 0.506406053125 0.20518108750000003 0.551291103125 0.21421674531249998 0.56875 0.2268594484375 0.56875 0.2268594484375 0.4078155109375 0.2245065984375 0.39827181875 0.225344875 0.3107353859375
1 0.16875 0.56216810625 0.16882300625 0.5625 0.17450303125 0.5625 0.1851165484375 0.5588672953125 0.1833458515625 0.46854165937500003 0.1976585421875 0.3443742828125 0.1911064765625 0.33287137968749997 0.181856471875 0.3356144546875 0.17641894687499998 0.35248986875 0.1759084390625 0.41187593749999996 0.16875 0.4453620640625 0.16875 0.56216810625
1 0.6 1 0.6 0.9605521593749999 0.5876598828125 0.891995059375 0.5958635078125 0.7929694703125 0.5896056953125 0.7739061734374999 0.5830235015625 0.7691977578125 0.570817965625 0.774613921875 0.5636095703125 0.7916677953125 0.5622964374999999 0.8111061828124999 0.5648637671875 0.8759816 0.56310525625 0.893562071875 0.553125 0.9305286703125001 0.553125 1 0.6 1
1 0.22437704531249997 1 0.22437704531249997 0.9349245703125 0.21135928124999998 0.8838052093750001 0.21369770312499997 0.7829883859375 0.207873359375 0.7675833203125 0.1978051171875 0.7599455859375001 0.1848920390625 0.7642721531250001 0.18029971718749999 0.779434765625 0.1802961109375 0.801644865625 0.18415385 0.8331990828125001 0.18481833125 0.8841128859375 0.173525196875 0.935673796875 0.171875 0.9561636281249999 0.171875 1 0.22437704531249997 1
1 0.3130213484375 1 0.3130213484375 0.937293275 0.30304860625 0.8995088859375 0.29923129843749996 0.8763001234375001 0.30049609843749997 0.7912482875 0.2929909046875 0.772115271875 0.28540808281249996 0.7663900015625 0.2791580828125 0.76624453125 0.27215756875 0.7716303703125 0.2674894953125 0.7867808640625 0.26751539687500003 0.8071269890625 0.27310225625 0.8442488828125001 0.2755770703125 0.89147110625 0.2640625 0.9494064171875 0.2640625 1 0.3130213484375 1
1 0.356326609375 1 0.3591915203125 0.9812993765625 0.3653517109375 0.9628141890624999 0.3816878984375 0.9323495375 0.37469434375 0.8971188999999999 0.37633583593750003 0.84897378125 0.380585103125 0.8230690671875 0.38170936875 0.7971461703125 0.37940691875 0.7841680578125001 0.37566230156249997 0.7772008859375 0.369340165625 0.771875 0.3632379078125 0.771875 0.3585394546875 0.774323115625 0.350567125 0.792334734375 0.34944285937499997 0.8182576296875 0.3520793921875 0.8840226125000001 0.3472015375 0.9145539250000001 0.339349540625 0.9385855796874999 0.3375 0.94782095625 0.3375 1 0.356326609375 1
1 0.350355934375 0.7869633859375 0.357294421875 0.7724154125 0.35492112656249997 0.766263471875 0.349724971875 0.7624617062500001 0.3486636109375 0.7624617062500001 0.3383300421875 0.7645612828124999 0.333411671875 0.770373609375 0.3293040984375 0.7822650953125 0.3259963265625 0.8676200890625001 0.322695425 0.8888436109375 0.31875 0.9002656703125 0.31875 0.9821311343750001 0.31878299062500004 0.9816060109375 0.3299293734375 0.9347234015625 0.34277293124999997 0.899073196875 0.3467705671875 0.8565048640625001 0.347735275 0.7998535734375001 0.350355934375 0.7869633859375
1 0.45162787812499994 0.934375 0.45162787812499994 0.9018304796875001 0.4499982953125 0.8964419796875 0.44782924375000005 0.8788615046875 0.447018303125 0.8418062890625 0.449002728125 0.8158379390625001 0.4474599921875 0.7917638671875 0.440952859375 0.7756237953125 0.42849900625000004 0.768355778125 0.420581025 0.7749342265625 0.4203125 0.7759413765625001 0.4203125 0.8334273703124999 0.425374075 0.8781961796875001 0.4250576328125 0.8976588062499999 0.4217941984375 0.9199355703125001 0.44136830624999995 0.9285106625000001 0.4480401828125 0.934375 0.45162787812499994 0.934375
1 0.5549817140625 1 0.5549817140625 0.9396500718749999 0.5427188171874999 0.9047926609375001 0.537222965625 0.8812618765625 0.5354699484375 0.8608064765625001 0.537305075 0.809252228125 0.5356490625 0.79157460625 0.5280519671875 0.774796946875 0.52271736875 0.7724164984375 0.5132817281250001 0.7724164984375 0.509375 0.7784742703124999 0.509375 0.8458851828124999 0.51219063125 0.8782952171874999 0.5112713234374999 0.9114584890625 0.5342421921875 0.9594979109375 0.5388615359375 0.972800996875 0.538078540625 0.980123371875 0.5438688890625001 0.9972151953124999 0.543997984375 1 0.5549817140625 1
0 0.4632136015625 1 0.461302190625 0.9797891640625 0.45129962968750004 0.9522113921875001 0.4284153359375 0.9271711703125 0.41355379843750006 0.922805184375 0.3972138625 0.9267907140625 0.3864089890625 0.9343799453124999 0.3802430921875 0.94281328125 0.3684741796875 0.963832984375 0.3611566125 0.98431245 0.3609375 0.98564375625 0.3609375 1 0.4632136015625 1
1 0.8265625 1 0.8265625 0.8721821765625 0.801238125 0.8118563640625001 0.7939302359375 0.7617472609375 0.7895823453124999 0.6936735234375 0.7803965749999999 0.67473259375 0.7697097203125 0.6695463453125 0.7672939140625 0.6695463453125 0.7570318640625 0.67557596875 0.7515625 0.6935515046875 0.7515625 0.69777040625 0.7523201359375 0.7122269609374999 0.7681684109375 0.7764067890625 0.77347706875 0.81814619375 0.7680326515625 0.8929279859375001 0.7703618859375 0.93737243125 0.787011521875 1 0.8265625 1
1 0.659375 0.8306720406249999 0.659375 0.9411083 0.66007290625 0.9474203484375 0.6694533125 0.9808127687500001 0.6762259484375 0.9919647859375 0.6809437765624999 0.9921875 0.69345361875 0.9921875 0.7054877937499999 0.9768551796875 0.7116030796875 0.9491092171875 0.7162151078125 0.8852385109375 0.70875279375 0.8365774015625 0.6919478078125 0.7864728624999999 0.691408946875 0.6753435703124999 0.6828609828125 0.6565413015625 0.6762664421875 0.6546875 0.6710709140625 0.6546875 0.6632650796874999 0.65920545 0.659375 0.6715036265625 0.659375 0.7163655703125 0.6664251734375 0.7752117609375 0.66590794375 0.797433984375 0.659375 0.8306720406249999