1 0.3421264125 0 0.3438399796875 0.020547540625 0.34054446875 0.0497285296875 0.3206312765625 0.1145833359375 0.3188104390625 0.1367255515625 0.3188104390625 0.1754677265625 0.32090099375 0.2025401421875 0.3369184796875 0.27003162187499996 0.3383147375 0.271875 0.3761019203125 0.271875 0.3887401546875 0.22758397968750002 0.396777728125 0.1892153296875 0.3984375 0.15527140781249998 0.3984375 0.1519014625 0.39335573125 0.1058205234375 0.375001315625 0.037061207812500004 0.3744909328125 0 0.3421264125 0
1 0.215997784375 0 0.21574607656250003 0.007270987499999999 0.20261141562499999 0.0457317375 0.20261141562499999 0.240625 0.22413211406250003 0.240625 0.22913435624999998 0.23567499375 0.2502979109375 0.1711850234375 0.25625 0.1327080453125 0.25625 0.06784723125 0.24543357656250003 0.005021403125 0.24587289218750003 0 0.215997784375 0
1 0.41578536250000003 0 0.41604902812500005 0.0113528515625 0.39799029375 0.0748539421875 0.39799029375 0.21301452968749998 0.4031814140625 0.23831184374999997 0.40645320781249994 0.2421875 0.44217803125 0.2421875 0.4542729796875 0.2045859640625 0.459375 0.17611459062499998 0.459375 0.0761969296875 0.4462448890625 0.023040296874999998 0.44512583437500003 0.007681570312499999 0.44612476875 0 0.41578536250000003 0
1 0.489281059375 0 0.48855028125000005 0.0070306046875 0.476497040625 0.049466415624999996 0.47412249375000004 0.07531228749999999 0.479017975 0.1092417578125 0.48051887656250003 0.16082440781250001 0.4895252765625 0.20171969375 0.4954652171875 0.2109375 0.526885284375 0.2109375 0.528826553125 0.209244184375 0.5328125 0.1930065453125 0.5328125 0.039073564062499996 0.5221159109375 0 0.489281059375 0
1 0.545959296875 0 0.536638534375 0.0458881125 0.545437234375 0.08934624531249999 0.54654979375 0.154978709375 0.5530216921875 0.1796613359375 0.5574257499999999 0.1859375 0.589198828125 0.1859375 0.590625 0.17934120625 0.590625 0.0218751953125 0.5839233328125 0 0.545959296875 0
1 0.2958912234375 0 0.29502912812500004 0.0052330421875 0.2790904578125 0.052816553125 0.2790904578125 0.19964168124999998 0.282184921875 0.2138173765625 0.2847129953125 0.2171875 0.308507559375 0.2171875 0.305080546875 0.175744153125 0.3090455484375 0.12420696875 0.3167152078125 0.0939081703125 0.33279799374999997 0.050941026562500005 0.3328125 0.0508058921875 0.3328125 0.0324768796875 0.3269511734375 0.0085097203125 0.326453634375 0 0.2958912234375 0
1 0.3870488453125 0 0.38699895781250004 0.0021158234375 0.389885534375 0.027902603124999998 0.4077602265625 0.084097315625 0.409375 0.087255440625 0.409375 0 0.3870488453125 0
1 0.20303913125 0 0.1927188796875 0.06829938437500001 0.20029348749999998 0.12804745312500002 0.215538753125 0.1770945234375 0.22511400781250002 0.19375 0.2265625 0.19375 0.2265625 0.1071206015625 0.2262646046875 0.1029375390625 0.2265625 0.10095783437500001 0.2265625 0 0.20303913125 0
1 0.1125428234375 0 0.093001984375 0.0681048796875 0.093001984375 0.1595161765625 0.0947290609375 0.1723092734375 0.105670209375 0.21760889687499999 0.1097789484375 0.2203125 0.140869990625 0.2203125 0.142409421875 0.2187896078125 0.159375 0.1552901625 0.159375 0.0658574109375 0.1430905671875 0.000535421875 0.1430999125 0 0.1125428234375 0
1 0.0131942421875 0 0 0.0496351875 0 0.1186740140625 0.004071987500000001 0.14750447656250001 0.017076715625 0.1911717359375 0.0180446109375 0.1921875 0.050033075 0.1921875 0.05744253125 0.1698429671875 0.0640625 0.1359936109375 0.0640625 0.051916440625000004 0.062191985937500006 0.0410318140625 0.04937586875 0 0.0131942421875 0
1 0.8075332671875 0 0.8088812359374999 0.029069234375000003 0.806601978125 0.076987740625 0.782867215625 0.1450369796875 0.777838190625 0.18270964375 0.777838190625 0.200687475 0.7790335468749999 0.23090115781249998 0.79001199375 0.2923629546875 0.795938634375 0.296875 0.825357340625 0.296875 0.833455865625 0.2751286546875 0.8338223890625001 0.212128653125 0.8453125 0.17437525 0.8453125 0.1305264875 0.8345728906250001 0.083128653125 0.8381912953124999 0.0342644765625 0.8441417984375 0 0.8075332671875 0
1 0.885601475 0 0.8836826312499999 0.014751775 0.884478790625 0.0434991921875 0.8806625359375 0.07954970781250001 0.874912759375 0.09985281093750001 0.874511978125 0.100784621875 0.874511978125 0.128125 0.8766614078125 0.128125 0.879506821875 0.1268223828125 0.8986825265625 0.128125 0.907762253125 0.128125 0.9111297453125001 0.12492282343750001 0.9064210703125 0.0954785125 0.9079958671874999 0.0774785125 0.9234375 0.0044329953125 0.9234375 0 0.885601475 0
1 0.7232975406250001 0 0.72282310625 0.0575024265625 0.6977008078125 0.1232381328125 0.6977008078125 0.254520775 0.6993793984375001 0.266188984375 0.7051436843750001 0.2734375 0.7385773421875 0.2734375 0.73998786875 0.2712705203125 0.7531808468750001 0.23117982499999998 0.7609375 0.1920577046875 0.7609375 0.12054991562499999 0.759455546875 0.10738189375 0.7486194265625 0.0664725875 0.7532912234375 0.0207251734375 0.7578563515625 0 0.7232975406250001 0
1 0.6503094046875 0 0.650946 0.005441190625 0.6487765484375 0.045499373437500004 0.6442844625 0.05158083125 0.6360859140625 0.0907437421875 0.6280593828125001 0.112895021875 0.6242947234375 0.143976478125 0.626125271875 0.18396484062500001 0.640074771875 0.25075538124999996 0.662069203125 0.25625 0.6721312703125 0.25625 0.67975470625 0.239057178125 0.6859375 0.2129108453125 0.6859375 0.08234068125 0.676776546875 0.0450106328125 0.6762211406249999 0.00299899375 0.6770623312499999 0 0.6503094046875 0
1 0.8467439625000001 0 0.8466690640625 0.010892701562499999 0.8419729640625 0.0428228859375 0.842895425 0.081815128125 0.8590810390625 0.151970275 0.8609884437499999 0.1546875 0.864440321875 0.1546875 0.8671875 0.1511874953125 0.8671875 0.08147368125 0.863699046875 0.0690633640625 0.8628580812500001 0.0320711203125 0.8666711421875 0 0.8467439625000001 0
1 1 0 0.9919388031249999 0 0.9906316203125 0.0195636265625 0.9921019234375 0.059660618750000005 0.9876653781249999 0.097583025 0.967383165625 0.14605927968750002 0.9663360359375 0.14969645 0.9663360359375 0.3128101578125 0.9676581890625 0.3140625 0.9986780281250001 0.3140625 1 0.3123903421875 1 0
1 0.9310090578124999 0 0.9308241593750001 0.011447453125 0.92273929375 0.061245732812499995 0.9247009734375 0.11527676875 0.9305596328125001 0.1319086609375 0.9498622484375 0.1515625 0.95 0.1515625 0.95 0.126560890625 0.9403984359375 0.0896491703125 0.9395805015625001 0.0766336578125 0.942343665625 0.027711237500000003 0.9468066140625 0 0.9310090578124999 0
0 0.9401875000000001 0.1429375 0.9248541671874999 0.13193749999999999 0.8961874999999999 0.12793749999999998 0.8741875 0.1369375 0.8505208328125 0.1644375 0.8378541671875 0.2004375 0.8351875 0.2464375 0.8445208328125 0.2864375 0.8608541671874999 0.3129375 0.8901875 0.3319375 0.9105208328125001 0.3324375 0.9375208328125 0.3189375 0.9565208328124999 0.2954375 0.9685208328125 0.2584375 0.9705208328125 0.2204375 0.9658541671875 0.18843749999999998 0.9605208328125 0.1734375 0.9401875000000001 0.1429375
1 0.047704084375 0.6 0.034584046875 0.6416557484375 0.0328125 0.7021525609375 0.0328125 0.7092843578125001 0.047757710937499996 0.79500653125 0.05272306718749999 0.8015625 0.0808851109375 0.8015625 0.08603896093749999 0.7965663734375 0.094037309375 0.7649402625 0.101383690625 0.7110600984375 0.1015625 0.6803254953125 0.1015625 0.6646826828125001 0.09111945 0.6 0.047704084375 0.6
1 0.10212940156250001 0.6 0.10212940156250001 0.7078125 0.10244004843750001 0.7078125 0.1055356359375 0.705483440625 0.1268720546875 0.6700644718750001 0.144041690625 0.6246136359375 0.1468097546875 0.6 0.10212940156250001 0.6
1 0.1678499515625 0.6 0.1678499515625 0.6517820953125 0.169758646875 0.6664605640625 0.1742141734375 0.671875 0.19806257656249998 0.671875 0.2037565234375 0.6551172546874999 0.2127813984375 0.614042584375 0.2138520453125 0.6 0.1678499515625 0.6
1 0.7815679078125 0.6 0.7744411484375 0.6045644484375 0.765540315625 0.6301338359375 0.7705203671875 0.7770381937499999 0.7482848437499999 0.873933125 0.7449015828125 0.9332125828125001 0.7449015828125 0.966157078125 0.7488013953125 1 0.8226730468750001 1 0.825 0.983355171875 0.825 0.8817047078125 0.822537703125 0.8621403687499999 0.8038450812500001 0.77987790625 0.810548934375 0.6304859656249999 0.8011078140624999 0.6056510296875001 0.7900267375000001 0.6 0.7815679078125 0.6
1 0.88502433125 1 0.8936757125 0.9556897265625001 0.896916034375 0.9186526875000001 0.8959896859375001 0.8819313828125 0.8828774671874999 0.7857954046875 0.8866362390625 0.742832440625 0.8996539359375 0.6697346796875 0.9015625 0.640417103125 0.9015625 0.6312505296875 0.895190309375 0.61194234375 0.8895380562499999 0.60963174375 0.87474445625 0.60963174375 0.8667273625 0.6155707953125 0.8555795249999999 0.6436412390624999 0.8487108015625001 0.7883844015625 0.8362013703125001 0.8292829390625001 0.8362013703125001 1 0.88502433125 1
1 1 1 1 0.8805830890624999 0.986231440625 0.8103440328125 0.9866913078125 0.7658364421874999 0.994292015625 0.7055377265625 0.995010525 0.6521412453125001 0.9876757984375001 0.63154135625 0.9703913312499999 0.6228078781249999 0.9610522390625 0.6280391953125 0.949838096875 0.654657275 0.9487173234374999 0.69317579375 0.9531424421875 0.770718 0.9512745468749999 0.8062104109374999 0.9289441125 0.8936318812499999 0.9289441125 1 1 1