1 0.61875 0.4390625 0.61875 0.21039950312500003 0.6083530625 0.21039950312500003 0.6035481765624999 0.21448074374999998 0.5965169265625 0.23500330468750003 0.59599609375 0.25912294375 0.6012044265625 0.33181542343750003 0.5996419265624999 0.35324841875 0.58037109375 0.431786253125 0.5795604937500001 0.4390625 0.61875 0.4390625
1 0.5244980859374999 0.4390625 0.5243882984375 0.436233809375 0.515026684375 0.3747697765625 0.5167510531249999 0.34516136875000003 0.5260288078124999 0.291245440625 0.5296875 0.2497779984375 0.5296875 0.24949436406249997 0.5228321828125 0.227222534375 0.5191804734375001 0.22423768437499997 0.5088828750000001 0.22423768437499997 0.49904386875 0.2328071703125 0.492277115625 0.250159634375 0.48993205937499995 0.2742549296875 0.49108173906249997 0.3138999671875 0.48959755312500003 0.3471908546875 0.48652117656250005 0.3740851515625 0.47501029531250005 0.41137393906249997 0.47501029531250005 0.4390625 0.5244980859374999 0.4390625
1 0.571875 0.4390625 0.571875 0.3853332953125 0.5637262765625 0.353077671875 0.5592721921875 0.32534231875 0.5583292328125 0.292934909375 0.5618941203125 0.23639282343749998 0.560699746875 0.2132507359375 0.5521284109375 0.19621504375 0.546264534375 0.191652078125 0.538452034375 0.19174298437499998 0.5291533859374999 0.203429178125 0.5255524968749999 0.22292210625000003 0.532996871875 0.2459914671875 0.5348467890624999 0.2737571265625 0.5318387359375001 0.3673423078125 0.5350625625000001 0.388608303125 0.5476997328125 0.4390625 0.571875 0.4390625
1 0.45625 0.4390625 0.45625 0.421699315625 0.45619981718749997 0.42028200312499997 0.44439870625 0.3454241265625 0.44659414062499997 0.31116486718749997 0.454545121875 0.25993855312499997 0.45625 0.23864670000000002 0.45625 0.22441336562499997 0.45098502968750004 0.20622247031250002 0.442206140625 0.202410165625 0.4384954546875 0.202410165625 0.42736952031250003 0.21050219062500003 0.4208030546875 0.22798227343750002 0.41891749375 0.24931194687499997 0.420203075 0.277815390625 0.4179021625 0.3056265453125 0.41957014218750005 0.3119745203125 0.41862076562499995 0.3267893359375 0.4177472953125 0.3339007 0.4177472953125 0.4390625 0.45625 0.4390625
1 0.41347549062500005 0.4390625 0.40680144843750005 0.3981388140625 0.4103777796875 0.3546506046875 0.4171875 0.3121298453125 0.4171875 0.25411925625 0.4157174765625 0.24953528125000002 0.40786950468749994 0.24095947343750002 0.3990692671875 0.23977591718750002 0.3860477140625 0.25284570781250004 0.3813232984375 0.2712581421875 0.37950816718749997 0.2934652109375 0.3804561078125 0.36676490624999997 0.3776347828125 0.39729015 0.365519896875 0.4390625 0.41347549062500005 0.4390625
1 0.3828125 0.4390625 0.3828125 0.1934262625 0.3757057953125 0.186799003125 0.3731556625 0.186799003125 0.36123973593750003 0.1897347703125 0.3545286015625 0.208142071875 0.3548669578125 0.237820215625 0.3601084421875 0.27190966875 0.3628751375 0.3088981875 0.36078182812500004 0.34240133125 0.3565289109375 0.340743540625 0.3579587078125 0.3490283609375 0.355699546875 0.3565570578125 0.35725539687499996 0.378755021875 0.373806896875 0.4390625 0.3828125 0.4390625
1 0.3481355828125 0.4390625 0.34676359375 0.4252874140625 0.33855555000000004 0.38244025000000004 0.3379688078125 0.35089815468749996 0.34284093437499996 0.30742812656249996 0.3490250265625 0.276043625 0.35 0.260829378125 0.35 0.24500132031250002 0.345629753125 0.22728098281250003 0.334764778125 0.21775502812499997 0.32248893125 0.2221058390625 0.3145379734375 0.2362940375 0.31174260781249996 0.2473566578125 0.3102921609375 0.28626979218750004 0.3121117671875 0.30671289687500003 0.30801758281249997 0.37060178593750004 0.2975140703125 0.40452903124999995 0.2975140703125 0.4390625 0.3481355828125 0.4390625
1 0.296875 0.4390625 0.296875 0.36866568125 0.29426831875000004 0.3594717203125 0.2919294078125 0.344611440625 0.289952803125 0.3168185078125 0.2919099125 0.25493301874999996 0.29055119218750003 0.22900709218749998 0.2855595890625 0.21314511406249997 0.27484529375 0.20220145 0.2605531125 0.2073326734375 0.2560661921875 0.215985 0.2540443328125 0.2270203390625 0.26432524218750003 0.3438082421875 0.251673259375 0.4100051140625 0.25120728593749997 0.4390625 0.296875 0.4390625
1 0.2234375 0.4390625 0.2234375 0.3726218765625 0.2152721390625 0.319800478125 0.21625560625 0.2911088953125 0.2234375 0.2386472328125 0.2234375 0.195444128125 0.21946805 0.185144928125 0.209193084375 0.1802786265625 0.207667015625 0.1802786265625 0.199676384375 0.18560558437500002 0.1942674734375 0.19451704375 0.19103247031249998 0.20661469375000002 0.1896252265625 0.233466546875 0.191074453125 0.2852214171875 0.1887096390625 0.3204187265625 0.174982703125 0.36513053906250004 0.174982703125 0.4390625 0.2234375 0.4390625
1 0.61875 0.3269153 0.6248729187500001 0.328125 0.628063425 0.328125 0.633176971875 0.3228856671875 0.63801556875 0.3069963703125 0.64375 0.28200939375 0.64375 0.21697622499999997 0.639183865625 0.1887961859375 0.64375 0.1414918953125 0.64375 0.10894871875 0.64162731875 0.105159059375 0.6383463609375 0.1049672671875 0.6320585890625 0.1049672671875 0.62625735 0.1127083375 0.6243035703125 0.124787821875 0.6224470359375001 0.190401228125 0.61875 0.19850004375000002 0.61875 0.3269153
1 0.3859788796875 1 0.38084887031250003 0.9779967734374999 0.3799979484375 0.962682628125 0.3831079828125 0.9127008125 0.4012408734375 0.8088432687499999 0.40343529531250005 0.744936196875 0.39958875 0.7267715390625 0.392064853125 0.7119972765625 0.37936579843749996 0.6991881515625 0.363088928125 0.6960285140625 0.341154228125 0.71359310625 0.33220718125 0.7293744 0.325574040625 0.7542471125000001 0.323051184375 0.808413778125 0.3300426828125 0.8933905734375 0.32791294843749996 0.9559087578125001 0.324534184375 0.9780764296874999 0.31714333125 1 0.3859788796875 1
1 0.5252471796875 1 0.53359375 0.968720234375 0.540625 0.9139384109375002 0.53828125 0.848865684375 0.5203125 0.7615488578124999 0.52109375 0.7114805078125 0.53359375 0.620109121875 0.53515625 0.569972421875 0.525390625 0.54374346875 0.5175276015625 0.5378099 0.49963035468749994 0.5378099 0.489453125 0.5427209265624999 0.478125 0.5680175640625 0.4765625 0.6375987109375 0.48125 0.688577496875 0.478125 0.749962009375 0.4484375 0.8442259953125 0.440625 0.9004650578125 0.44140625 0.9642855953125 0.4478685875 1 0.5252471796875 1
1 0.2385668640625 1 0.2527938453125 0.9437464906249999 0.253125 0.9393762812500001 0.253125 0.8296939984374999 0.2342054015625 0.73681383125 0.23601070000000002 0.692433053125 0.24825958906249998 0.6130117203125 0.2508461375 0.5685991078125 0.24877357656250002 0.554837553125 0.239647490625 0.53651730625 0.223524659375 0.532685178125 0.2185003765625 0.532685178125 0.20740575468750003 0.5406002578125 0.1972110765625 0.5569385640625 0.1927179078125 0.5751214546875 0.189981571875 0.6112325656250001 0.1956852734375 0.7106913953125 0.1933699125 0.7412469500000001 0.191536225 0.7551676734375 0.184169625 0.7787425390625 0.184169625 1 0.2385668640625 1
1 0.3645602671875 0.4390625 0.3523738578125 0.443969203125 0.34327504062499997 0.466999503125 0.343625340625 0.50589748125 0.35196338125 0.6044449578125001 0.35166708125 0.6211207156249999 0.3361364953125 0.67826515625 0.330236796875 0.7172358593749999 0.3322170109375 0.7852914140625 0.3333215609375 0.796393434375 0.334164771875 0.796875 0.3379779328125 0.796875 0.33621749843750004 0.7616257609374999 0.338655484375 0.7379782859375 0.353761828125 0.7065419265624999 0.362113103125 0.6981085984375 0.378438528125 0.695139915625 0.396875 0.709987925 0.396875 0.6580305125000001 0.38526083125 0.6207298156250001 0.38305173125 0.5985257765625 0.3823243046875 0.5735257765624999 0.391200765625 0.502565175 0.390230865625 0.469231840625 0.3797176078125 0.44365102968750003 0.37328859062499997 0.4390625 0.3645602671875 0.4390625
1 0.530060171875 0.6767597109375 0.530060171875 0.8936836750000001 0.53048843125 0.89375 0.5422719796875 0.89375 0.5484093750000001 0.8910515875 0.5640838421875001 0.8589254531249999 0.5823097453125 0.8051964453125 0.589311353125 0.7687849453125001 0.5916650296875 0.707773965625 0.585731540625 0.618247159375 0.609375 0.4850989765625 0.609375 0.47549955468749994 0.60750775 0.46055174374999996 0.5969859921875 0.44758946875000005 0.5853568124999999 0.44758946875000005 0.5774049078125 0.45072374374999996 0.565478471875 0.472927396875 0.55939655 0.5314109234375 0.56270941875 0.576843740625 0.5567362874999999 0.62148844375 0.5474305078125 0.63315026875 0.530060171875 0.6767597109375
1 0.61875 0.494359140625 0.616197646875 0.5381813140625 0.60084085 0.559994359375 0.596397225 0.5745342625000001 0.596397225 0.76875 0.6060458015625 0.76875 0.6187455749999999 0.749724334375 0.61875 0.7497082781250001 0.61875 0.494359140625
1 0.13595709218750002 0.4390625 0.12788858125 0.44641633281250004 0.12140468906249999 0.46690090156249997 0.1256194171875 0.5237725703125 0.137193828125 0.57055814375 0.14108511562499998 0.6204853703125 0.1299933 0.7017322828125 0.12971459531250001 0.7629889453125 0.13621337656250002 0.8016595093750001 0.1589790515625 0.8701942718750001 0.16955328593750002 0.8871005421875001 0.1724869015625 0.8875 0.1825638296875 0.8875 0.190625 0.8816208 0.190625 0.6619394890625 0.17357417343749998 0.612012659375 0.1666525015625 0.46340154843750003 0.1529889828125 0.4390625 0.13595709218750002 0.4390625
1 0.25174784687499996 0.4390625 0.253327853125 0.46712913125 0.2505489421875 0.5227028734375 0.250536653125 0.5227467984375 0.250536653125 0.753125 0.2676256359375 0.753125 0.2817691578125 0.707036315625 0.287900509375 0.6724050109374999 0.290625 0.6298899109375 0.290625 0.6075255562499999 0.2778036875 0.52472819375 0.2830351390625 0.45530193125 0.28697674218749997 0.4390625 0.25174784687499996 0.4390625
1 0.438749459375 0.4390625 0.448833396875 0.4886066390625 0.4497990734375 0.521917240625 0.43256311875 0.5949145859375 0.43033100625 0.626745371875 0.4330241828125 0.6781342609375001 0.44560188125 0.73951815625 0.45411456875 0.759375 0.478125 0.759375 0.478125 0.5407469203125 0.4730182078125 0.518432534375 0.476541984375 0.4390625 0.438749459375 0.4390625
1 0.068883234375 0.4390625 0.0717075484375 0.4664465640625 0.072973984375 0.5316152375 0.066271003125 0.5601293078125 0.066271003125 0.7336104234375 0.06808733125000001 0.7439697640625 0.072977040625 0.7546875 0.093998775 0.7546875 0.0948487734375 0.754444446875 0.10173935468749999 0.6974090828125 0.11687916875 0.631858546875 0.1171875 0.6259752328125 0.1171875 0.59728864375 0.09877465937499999 0.5157555796875 0.10388442812500001 0.4390625 0.068883234375 0.4390625
1 0.6709950640625 1 0.672709828125 0.9631833125 0.6710129640625 0.9492398703125 0.66586765625 0.9421681390625001 0.6657332921875 0.92826106875 0.6783477062500001 0.8757196796875 0.6796875 0.8602905921874999 0.6796875 0.8550909640625001 0.677004134375 0.8457949250000001 0.666390078125 0.8385959062499999 0.6583835125 0.842580734375 0.6528202234375 0.8528792078125 0.6482820499999999 0.916731728125 0.6296875 0.9540802265625 0.6296875 1 0.6709950640625 1
1 0.7937195546875 1 0.7979463984375 0.9839577171875 0.7985794109375 0.9519950921875001 0.792558296875 0.9062163015625 0.7943766828125 0.8881334750000001 0.8045867578125 0.86300620625 0.8046875 0.8623051015625001 0.8046875 0.8317737578125 0.8034956187500001 0.82550620625 0.78972424375 0.8140625 0.789267440625 0.8140625 0.7769331187499999 0.8258152890625 0.7736734703125 0.8480829640625 0.7733233453125 0.8897678124999999 0.751758234375 0.9275314421874998 0.7458989484374999 0.9678910343750001 0.7481721984374999 1 0.7937195546875 1
1 0.6585885046875 0.8406404437500001 0.6741305921875 0.83364483125 0.6819718765625 0.8411192859375 0.6878679375 0.8515562625000002 0.6881217078125 0.8738148734374999 0.6832301671875001 0.9032726375 0.6834416140624999 0.9078125 0.688799403125 0.9078125 0.6921875 0.8982143562499999 0.6921875 0.8018164593750001 0.69042570625 0.7888015515625 0.6921875 0.7768005953125 0.6921875 0.724687390625 0.6899579984375 0.7199241953125 0.6823886703125 0.7150553703125 0.681555903125 0.7150553703125 0.6743976875 0.7220408296875 0.6707153531250001 0.73543540625 0.6717310890625 0.76319958125 0.673224915625 0.795272646875 0.664131834375 0.80823961875 0.6600589109375 0.8248926234375 0.6585885046875 0.8406404437500001