1 0.42355371875000003 0.3763888890625 0.3946280984375 0.4763888890625 0.3925619828125 0.5291666671875 0.41528925625 0.6208333328125 0.42871900781249994 0.6333333328124999 0.45454545468749996 0.6319444437499999 0.47314049531249996 0.6041666671875 0.49586776875 0.5069444437499999 0.4648760328125 0.40138888906250003 0.46900826406249996 0.28472222187499996 0.457644628125 0.2638888890625 0.4369834703125 0.25833333281250004 0.41528925625 0.290277778125 0.42355371875000003 0.3763888890625
1 0.103305784375 0.4125 0.1342975203125 0.5041666671875 0.14566115625 0.5166666671875 0.167355371875 0.515277778125 0.1880165296875 0.4875 0.1921487609375 0.38194444375000003 0.154958678125 0.290277778125 0.150826446875 0.20138888906250002 0.125 0.177777778125 0.103305784375 0.20138888906250002 0.11776859531249999 0.2736111109375 0.103305784375 0.4125
1 0.2066115703125 0.3263888890625 0.19008264531250002 0.40138888906250003 0.1880165296875 0.4513888890625 0.21694214843749998 0.5458333328125 0.25206611562500003 0.5541666671875001 0.268595040625 0.534722221875 0.2789256203125 0.4291666671875 0.24173553750000001 0.3125 0.24173553750000001 0.22638888906250001 0.228305784375 0.20833333281250002 0.20971074375 0.20555555625 0.1921487609375 0.2375 0.2066115703125 0.3263888890625
1 0.3140495875 0.35972222187499997 0.2892561984375 0.47083333281249995 0.31611570312500004 0.5791666671875 0.34297520625 0.5930555562500001 0.3657024796875 0.58194444375 0.38842975156250004 0.4763888890625 0.353305784375 0.35694444375 0.353305784375 0.2513888890625 0.3398760328125 0.23333333281250002 0.3233471078125 0.23055555625 0.3037190078125 0.259722221875 0.3140495875 0.35972222187499997
1 0.24380165312500002 0.32083333281250004 0.2768595046875 0.40694444374999994 0.2851239671875 0.4763888890625 0.3037190078125 0.365277778125 0.268595040625 0.2513888890625 0.27066115625 0.17916666718750002 0.24483471093750003 0.15555555625 0.2272727265625 0.17361111093749998 0.2252066109375 0.20138888906250002 0.24173553750000001 0.2236111109375 0.24380165312500002 0.32083333281250004
1 0.35123966875 0.34305555625 0.39049586718749996 0.47083333281249995 0.404958678125 0.40694444374999994 0.3719008265625 0.28194444375 0.3760330578125 0.20138888906250002 0.36260330625 0.18055555625 0.3481404953125 0.177777778125 0.328512396875 0.2125 0.3553719015625 0.25694444375000003 0.35123966875 0.34305555625
1 0.3760330578125 0.20138888906250002 0.3739669421875 0.2958333328125 0.409090909375 0.40694444374999994 0.417355371875 0.3236111109375 0.3925619828125 0.2375 0.396694215625 0.15694444375 0.385330578125 0.1361111109375 0.3667355375 0.13333333281249998 0.353305784375 0.1541666671875 0.353305784375 0.1763888890625 0.3760330578125 0.20138888906250002
1 0.4483471078125 0.2486111109375 0.46900826406249996 0.28194444375 0.4648760328125 0.3986111109375 0.5 0.5097222218749999 0.514462809375 0.45416666718750004 0.514462809375 0.3791666671875 0.49380165312499996 0.3375 0.49586776875 0.2208333328125 0.4865702484375 0.20555555625 0.465909090625 0.2 0.45041322343749995 0.2208333328125 0.4483471078125 0.2486111109375
1 0.5 0.1708333328125 0.4824380171875 0.15277777812499999 0.46797520625000005 0.1583333328125 0.4566115703125 0.17916666718750002 0.4586776859375 0.20416666718749998 0.478305784375 0.2 0.49586776875 0.21805555625 0.5 0.1708333328125
1 0.5 0.16805555625 0.5041322312500001 0.140277778125 0.49793388437499997 0.12361111093749999 0.4865702484375 0.11388888906250001 0.470041321875 0.11944444375 0.4607438015625 0.1375 0.46280991718750003 0.1625 0.48863636406250005 0.15555555625 0.5 0.16805555625
0 0.8274793390624999 0.64444444375 0.7944214875 0.6666666671875 0.768595040625 0.70694444375 0.7582644625 0.7458333328125 0.7603305781249999 0.80694444375 0.7789256203125 0.8541666671874999 0.8109504125000001 0.8916666671875 0.8440082640625001 0.9083333328125001 0.8780991734375 0.9069444437499999 0.9101239671875 0.8916666671875 0.9421487609374999 0.8513888890624999 0.9566115703125 0.8013888890624999 0.9545454546875 0.7458333328125 0.9338842968750001 0.690277778125 0.9080578515625 0.6611111109375 0.868801653125 0.6416666671875 0.8274793390624999 0.64444444375