1 0.290848084375 0.4796875 0.3028906765625 0.41776335312499996 0.3088214296875 0.342781534375 0.29748908749999997 0.2957429015625 0.27284540625 0.275911659375 0.2554758921875 0.278836665625 0.243074603125 0.29041905468749996 0.2270099875 0.32463042343750004 0.2200473578125 0.36363838125000003 0.21396732968749999 0.4796875 0.290848084375 0.4796875
1 0.17307719375 0.4796875 0.182016515625 0.436233365625 0.18044610625 0.3473893875 0.1665393390625 0.25004449375000004 0.183383740625 0.089686146875 0.1790507984375 0.06970142968750001 0.16605591875 0.054223895312500006 0.1479644375 0.06251164218750001 0.1397973828125 0.0833704453125 0.1371518484375 0.23493294531250003 0.1078125 0.35810114843749996 0.1078125 0.4796875 0.17307719375 0.4796875
1 0.7728957859375 0.4796875 0.7578819250000001 0.41189761562499994 0.7574227484375 0.389210246875 0.7739300124999999 0.258647103125 0.76967914375 0.239918321875 0.7558148359375 0.22574750781250003 0.73697624375 0.22819677500000002 0.7260848375 0.23941105624999998 0.72093751875 0.25135929375 0.7174074734375 0.2966822765625 0.7209104359375 0.3741087796875 0.7169566578125 0.41142140625 0.6984375 0.4644034859375 0.6984375 0.4796875 0.7728957859375 0.4796875
1 0.5796875 0.4796875 0.6491012328125 0.4796875 0.6396277484375 0.445326153125 0.633185240625 0.4071571875 0.632761028125 0.3805527328125 0.6451594187499999 0.2811395171875 0.6447119328124999 0.255868396875 0.64145576875 0.2387839109375 0.6349809953125 0.227917171875 0.6191296734375 0.2197036640625 0.60576120625 0.22197018281249997 0.5958350890624999 0.23065452031250003 0.5861327125 0.2519744203125 0.583678425 0.290765509375 0.591178815625 0.37014338593749996 0.5904340671874999 0.412810053125 0.583647746875 0.44524554062500005 0.5796875 0.45748469218750004 0.5796875 0.4796875
1 0.1703125 0.9305046234375001 0.1703125 0.9984375 0.17352589375 0.9984375 0.174626571875 0.9966759453125 0.17732158125 0.97724968125 0.1746649296875 0.951275271875 0.175797440625 0.9318308265624999 0.171613034375 0.9276126453125 0.1703125 0.9305046234375001
1 0.1515625 0.9168435328125 0.1515625 0.9662190062499999 0.1528098421875 0.971875 0.15890698125 0.971875 0.1618097875 0.9533315484374999 0.1571572234375 0.9069547015625 0.1521527359375 0.9105414343749999 0.1515625 0.9168435328125
1 0.221875 0.990625 0.22447309375 0.990625 0.22829874375 0.9764476859375 0.2292155375 0.9607069453125 0.22704424531249998 0.926399203125 0.22494317656249999 0.9222052640625 0.221875 0.9254795921875001 0.221875 0.990625
1 0.20598958281250002 0.965277778125 0.2088541671875 0.9518518515625001 0.20390625 0.9004629625 0.1989583328125 0.902777778125 0.1989583328125 0.9240740734374999 0.1963541671875 0.9398148140625 0.196875 0.9574074078125001 0.20052083281250002 0.9648148140625 0.20598958281250002 0.965277778125
1 0.1916666671875 0.9481481484375 0.1953125 0.9453703703125 0.196875 0.928703703125 0.1932291671875 0.890740740625 0.18828125 0.8865740734374998 0.1848958328125 0.9296296296875 0.18802083281249998 0.9453703703125 0.1916666671875 0.9481481484375
1 0.1838541671875 0.93148148125 0.1854166671875 0.91851851875 0.1809895828125 0.8754629625 0.1760416671875 0.88055555625 0.1765625 0.89444444375 0.1739583328125 0.9148148140625001 0.1755208328125 0.9296296296875 0.1796875 0.9333333328125001 0.1838541671875 0.93148148125
1 0.14895833281249998 0.9518518515625001 0.1505208328125 0.940740740625 0.14791666718750002 0.89444444375 0.14609375 0.890277778125 0.1416666671875 0.8953703703125001 0.14010416718750002 0.9296296296875 0.14114583281249998 0.9472222218749999 0.14375 0.952777778125 0.14895833281249998 0.9518518515625001
1 0.1583333328125 0.9046296296874999 0.16328125 0.9041666671874999 0.1651041671875 0.896296296875 0.16458333281249998 0.875 0.1611979171875 0.8550925921874999 0.15677083281249998 0.8574074078125001 0.1552083328125 0.8888888890625001 0.1583333328125 0.9046296296874999
1 0.76795443125 0.4796875 0.7546875 0.522965890625 0.7546875 0.8234375 0.7784441609374999 0.8234375 0.7790959640625 0.822609371875 0.8058038140624999 0.724853728125 0.8121676015624999 0.692906090625 0.815356659375 0.6639235453125 0.8185940984375 0.6169293625 0.8182249125000001 0.588906090625 0.808442625 0.50773736875 0.807209075 0.4796875 0.76795443125 0.4796875
1 0.7023919125 0.4796875 0.6993890296874999 0.49860608281249996 0.6859375 0.54716176875 0.6859375 0.7878465109375 0.6885543328125 0.790625 0.72292699375 0.790625 0.7322983453124999 0.7589838312499999 0.7438107390625 0.700249596875 0.7450325953125 0.6302495968749999 0.7503006187500001 0.585934925 0.7442781 0.5304244140625001 0.7356563484375 0.4796875 0.7023919125 0.4796875
1 0.5860672109375 0.4796875 0.5796875 0.5013881671875 0.5796875 0.734375 0.5938291234374999 0.734375 0.6042510421875 0.6957393171875 0.6070511890625 0.604710225 0.6113567328125 0.573739315625 0.6194534953125 0.5378091312500001 0.6136326890625 0.491710225 0.6135573296875 0.4796875 0.5860672109375 0.4796875
1 0.647942796875 0.4796875 0.633625 0.5341875 0.626125 0.5781875000000001 0.624125 0.6051875 0.625625 0.6701875 0.635125 0.7431875 0.638875 0.7606875000000001 0.650125 0.7641875 0.671875 0.7626875 0.682125 0.7181875 0.678625 0.6681874999999999 0.678625 0.6181875 0.681625 0.5781875000000001 0.6876249999999999 0.5461875 0.6876249999999999 0.5371875 0.678625 0.4891875 0.67825 0.4796875 0.647942796875 0.4796875
1 0.761569690625 0.4796875 0.761625 0.48218750000000005 0.7581249999999999 0.5061875 0.7501249999999999 0.5361874999999999 0.756125 0.5741875000000001 0.778625 0.4911875 0.7801381578125 0.4796875 0.761569690625 0.4796875
1 0.8296875 0.4796875 0.8251250000000001 0.5161875 0.837125 0.5851875 0.8396250000000001 0.6441874999999999 0.836125 0.7051875 0.822125 0.7811875 0.8258749999999999 0.7856875000000001 0.8331250000000001 0.7861874999999999 0.8498749999999999 0.7866875 0.853125 0.7831875 0.8716250000000001 0.6941875 0.876125 0.6401875 0.873625 0.5841875 0.858625 0.5061875 0.8571249999999999 0.48218750000000005 0.8572579781249999 0.4796875 0.8296875 0.4796875
1 0.9087631578125 0.4796875 0.905625 0.5061875 0.8856249999999999 0.5851875 0.880625 0.6191875 0.8786249999999999 0.6511875 0.881625 0.7171875 0.8946249999999999 0.8061875000000001 0.896875 0.8126875 0.901375 0.8156874999999999 0.9186249999999999 0.8181875 0.9248749999999999 0.8186875 0.929125 0.8141875000000001 0.929125 0.7651875 0.9331250000000001 0.7181875 0.938625 0.6791875 0.9566250000000001 0.6001875 0.9516249999999999 0.5611875 0.9416249999999999 0.5081875 0.9393984375000001 0.4796875 0.9087631578125 0.4796875
1 0.9394882078125001 0.4796875 0.9446249999999999 0.5291875 0.9561249999999999 0.5891875 0.959125 0.5921875 0.967625 0.5701875000000001 0.967625 0.5611875 0.959625 0.5211875 0.959625 0.4796875 0.9394882078125001 0.4796875