1 0.0942174421875 0 0.077284446875 0.0056502796875 0.051121475000000006 0.05011680625 0.0681425578125 0.359375 0.12871516562500002 0.359375 0.12627265625 0.3368876609375 0.1441298 0.33824079375 0.14400684531250002 0.359375 0.149158975 0.359375 0.14763196875 0.3504161828125 0.15488564062500002 0.3319098171875 0.12012654687499999 0.318556921875 0.1175934203125 0.2933539515625 0.1104921203125 0.285669840625 0.122120040625 0.28297795 0.12576072968750002 0.2713438140625 0.14811678749999999 0.26708284843749996 0.151010065625 0.23038105781249998 0.15787588125000002 0.2785413578125 0.1625 0.22916265 0.1625 0.22471045781250001 0.15311496875 0.02211538125 0.136240721875 0.0053537125 0.11065805625 0 0.0942174421875 0
1 0.1635177171875 0 0.16194041875 0.029645543749999996 0.190602575 0.23628964687499998 0.1962129453125 0.34577189218750004 0.192235640625 0.359375 0.290625 0.359375 0.290625 0.2857820015625 0.28989774218750003 0.2649560625 0.290625 0.24917128281249998 0.290625 0.035040234375 0.2857648140625 0 0.1635177171875 0
1 0.4091622046875 0.359375 0.41120080468750003 0.31741847500000003 0.4052839421875 0.3044646109375 0.3974822171875 0.3020207640625 0.3909260109375 0.3093978046875 0.3893150296875 0.3176127375 0.3903568234375 0.359375 0.4091622046875 0.359375
1 0.45167096406249996 0.359375 0.45046342812500006 0.3166277734375 0.4438536609375 0.3059447796875 0.43697497031250004 0.3040535375 0.4304021171875 0.311883 0.42937890625 0.3211331703125 0.4331641109375 0.359375 0.45167096406249996 0.359375
1 0.4905370234375 0.359375 0.4910789265625001 0.34115249531249997 0.48867853906250003 0.315299409375 0.48435982031249997 0.3077021890625 0.47701962968749995 0.307286146875 0.47399168124999996 0.30935652187499996 0.4701226421875 0.320314240625 0.47138431093750005 0.344388315625 0.4736606515625 0.359375 0.4905370234375 0.359375
1 0.5046875 0.359375 0.5046875 0.31269759218750004 0.500250925 0.30319881406250004 0.4933830859375 0.30057862968750004 0.4866266765625 0.3086126546875 0.49036602343749996 0.3261325109375 0.4903582015625 0.359375 0.5046875 0.359375
1 0.534170615625 0.359375 0.5317010484375 0.322672165625 0.527967265625 0.311790184375 0.5213393515625 0.3066503734375 0.5143500140625 0.3097588609375 0.5109432984375 0.32189748281249997 0.5151020421875 0.359375 0.534170615625 0.359375
1 0.547584396875 0.359375 0.5479091234375 0.3162764140625 0.542691815625 0.30496165 0.5355885796875001 0.30264843125 0.5352593625 0.30264843125 0.5294859953125 0.30889843125 0.5291160203125 0.3154072078125 0.5310017874999999 0.329214209375 0.531218878125 0.359375 0.547584396875 0.359375
1 0.5874705 0.359375 0.5890625 0.3231481484375 0.58515625 0.309722221875 0.5778645828125001 0.30509259218749996 0.57265625 0.308796296875 0.56875 0.3203703703125 0.570775240625 0.359375 0.5874705 0.359375
1 0.6011603859375001 0.359375 0.6026041671875 0.315740740625 0.59765625 0.3023148140625 0.5893229171875 0.30046296250000004 0.5848958328125 0.3083333328125 0.5890625 0.322222221875 0.587795928125 0.359375 0.6011603859375001 0.359375
1 0.6983146421875001 0.359375 0.7 0.322222221875 0.6989583328125001 0.3083333328125 0.6934895828125001 0.2995370375 0.6872395828125001 0.2986111109375 0.6825520828125 0.3023148140625 0.6791666671875 0.3129629625 0.6824300125 0.359375 0.6983146421875001 0.359375
1 0.129150009375 0.6718314875 0.12945656875 0.6949735765625 0.13565408125 0.7209267718750001 0.1373798109375 0.7505564015624999 0.1285994734375 0.78752980625 0.12635579531250002 0.8115826687500001 0.1280630671875 0.8319560718750001 0.14016999218749998 0.8699766062500001 0.1448050046875 0.8959207124999999 0.1464992671875 0.9 0.1640625 0.9 0.1640625 0.7602402921875 0.15939814218749998 0.744205215625 0.16015170625 0.7303254156250001 0.15804991562499998 0.7210570671875 0.161084071875 0.7016368640625 0.160400009375 0.6720132953125 0.15587357500000001 0.6613424203125 0.148833096875 0.6566734000000001 0.136494884375 0.65937845625 0.129150009375 0.6718314875
1 0.200270853125 0.6508389609374999 0.196971175 0.6626861875 0.1996141890625 0.6931689015625 0.2045572671875 0.7076923546874999 0.20295919218749997 0.7170972953125 0.20549220625000003 0.7355065515625 0.19616900312500002 0.7770485390624999 0.19363926250000002 0.7985997765625 0.1946097765625 0.8171182953125001 0.199093496875 0.8428257 0.20993721718749997 0.88016951875 0.2134323140625 0.8828125 0.2296875 0.8828125 0.2296875 0.7439325531250001 0.2239025265625 0.72771394375 0.22525797343749998 0.7136793734375 0.22273790937500001 0.705491721875 0.225232075 0.6932361625000001 0.2248535453125 0.656089865625 0.21929905624999999 0.6448617828125001 0.21880759218749998 0.6448092671875 0.207501165625 0.6448092671875 0.200270853125 0.6508389609374999
0 0.052480214062499995 0.925483321875 0.0703147015625 0.9515625 0.10298115625 0.9515625 0.1132023109375 0.940286875 0.125 0.9146864921875 0.125 0.8597604828125001 0.119914984375 0.841439375 0.11189405781249999 0.828189225 0.091093471875 0.8154342281249999 0.08312265468749999 0.8154342281249999 0.0765455484375 0.8160384718749999 0.05626189375 0.8322641140624999 0.0432196609375 0.8543446203125 0.041653671875 0.8692079234375001 0.04574869375 0.8969129671874999 0.052480214062499995 0.925483321875
1 0.662071875 0.8083205281249999 0.671330428125 0.8722370875 0.6771130390625 0.8858755281249999 0.6773395265625 0.8859375 0.707738115625 0.8859375 0.710352525 0.882141509375 0.7231918984375 0.82475536875 0.7234375 0.8225399390625 0.7234375 0.7266603875 0.7093016265625 0.6597416890625001 0.7154491234375 0.54348941875 0.711237090625 0.5285804890625 0.701137403125 0.518088671875 0.6886050828125001 0.5226970328125 0.6810741234375 0.5408846374999999 0.6851071171875001 0.653739834375 0.669175065625 0.705333621875 0.662071875 0.7568061328125 0.662071875 0.8083205281249999