1 0.1901429859375 0 0.1901429859375 0.08441652031249999 0.20209407499999998 0.14937496875 0.20660842812500002 0.1515625 0.25221104375 0.1515625 0.256781575 0.14937496875 0.26519915 0.123378434375 0.278125 0.06765642499999999 0.278125 0 0.1901429859375 0
1 0.3561040171875 0 0.3561040171875 0.1244045359375 0.36468702343750004 0.1265625 0.400477234375 0.1265625 0.406502828125 0.120161034375 0.42907248906250006 0.045531584375 0.4296875 0.040440765625 0.4296875 0 0.3561040171875 0
1 0.29811973593749996 0 0.3036534234375 0.043006178125 0.3172788734375 0.09027744374999999 0.3253070125 0.0984375 0.3609375 0.0984375 0.3609375 0 0.29811973593749996 0
1 0.13484190468749999 0 0.1328125 0.0221969296875 0.1328125 0.0245424140625 0.136588540625 0.051259832812499996 0.1674713140625 0.115625 0.19358404375 0.115625 0.200390625 0.11043339999999999 0.191276040625 0.06038558125 0.191276040625 0.0049263078125 0.192408759375 0 0.13484190468749999 0
0 0 0.3762111390625 0.040340575000000004 0.39093258125 0.06342324218749999 0.4078125 0.0666599109375 0.4078125 0.0799033421875 0.4069500953125 0.128518671875 0.3847029984375 0.1725907890625 0.33475657187499996 0.175 0.32533654375 0.175 0.11821383125 0.15750116875 0.08169333749999999 0.1085194171875 0.0241571265625 0.051014403124999996 0.001664959375 0.025874082812499997 0.001664959375 0.0014751953125 0.0028540359375 0 0.003932640625 0 0.3762111390625
1 0.9281149171875 0.4390625 0.9237984390625 0.40677806875 0.9275843171875 0.33362992187499996 0.9304255453125 0.32344473749999997 0.9339348609375001 0.284555846875 0.9347969078125 0.2475188125 0.9285002 0.2271484421875 0.9226938015624999 0.2192780703125 0.9155098921875 0.21464844218749998 0.9061348921875 0.21464844218749998 0.8933978265625001 0.2248336265625 0.8882236234375 0.23455584687500003 0.8842114203125 0.2502965875 0.882630975 0.2734447375 0.887462203125 0.35677806875 0.8867977234375001 0.40770399687500003 0.8796906124999999 0.4390625 0.9281149171875 0.4390625
1 1 0.4390625 1 0.2408739265625 0.9988606765625001 0.23911327187500003 0.9915690109374999 0.23372743125 0.98115234375 0.2339698828125 0.9743815109374999 0.23875710468750003 0.9683919265625001 0.2486187359375 0.9637044265625001 0.270950059375 0.97099609375 0.40411367968749995 0.9642860843750001 0.4390625 1 0.4390625
1 0.85495855625 0.4390625 0.8517628625 0.41988320156250003 0.8508201046874999 0.3940330484375 0.8534177 0.3616104875 0.864935415625 0.28733940156250004 0.865625 0.276578578125 0.865625 0.2502447390625 0.863854221875 0.239312490625 0.8604523281249999 0.2315557796875 0.8546176796874999 0.22525615625 0.847804834375 0.222846765625 0.8425264890624999 0.222846765625 0.835346846875 0.22581687968750003 0.8281013265624999 0.2334212984375 0.8189768359375 0.258178078125 0.8166033953125 0.29521511562499997 0.8177768796875 0.35802653125 0.8148694140625 0.40339690156249997 0.80520575 0.4390625 0.85495855625 0.4390625
1 0.8078650140625001 0.4390625 0.802727203125 0.40949677656250005 0.8036897765625 0.371567190625 0.8108124796875 0.2969677109375 0.8106040968749999 0.27008248125 0.8051011859375 0.25027089375 0.7935278859375 0.23701992187499998 0.7841421140625 0.237345071875 0.7762649671874999 0.2423999796875 0.770151484375 0.252664296875 0.7663332625 0.2672454765625 0.765902296875 0.3042825140625 0.7707587609375001 0.37964965624999997 0.769436965625 0.4036569765625 0.762121540625 0.4390625 0.8078650140625001 0.4390625
1 0.75727873125 0.4390625 0.7493402703125 0.3958932890625 0.751269078125 0.332830196875 0.7556781546875 0.2908965171875 0.75528660625 0.268707671875 0.75275785625 0.25591159218750004 0.7458047156250001 0.2429362484375 0.734314421875 0.2397379125 0.7315600546875001 0.2397379125 0.721830221875 0.24724934531249998 0.714151546875 0.269492565625 0.7134691078125 0.2973037203125 0.7168994640624999 0.3341071203125 0.718616490625 0.396936578125 0.7090782625000001 0.4390625 0.75727873125 0.4390625
1 0.9529892671875 0.4390625 0.945721925 0.4050277875 0.9452586390625001 0.365212971875 0.9507652234374999 0.3011786109375 0.9504419984375 0.27340083437499996 0.9449858625 0.252225765625 0.9399463656249999 0.244470559375 0.935237315625 0.24272780625 0.9331323093750001 0.3080722609375 0.9289296437499999 0.34984803124999997 0.9290875828124999 0.4081934859375 0.9342403781249999 0.4390625 0.9529892671875 0.4390625
1 0.0695474234375 0.4390625 0.06664336562499999 0.49921875 0.08193844375 0.64765625 0.0803746375 0.71484375 0.0063890109375 0.87265625 0.0023470890625 0.8904341234375 0.0023470890625 1 0.2550341953125 1 0.25625 0.9771146875 0.25625 0.9357531328124999 0.249993540625 0.87890625 0.18822350625 0.71328125 0.1898236796875 0.64453125 0.2212944984375 0.50078125 0.22242189375 0.45234375 0.21751338437499998 0.4390625 0.0695474234375 0.4390625
1 0.686672290625 1 0.673057109375 0.95864308125 0.6836585312500001 0.834931740625 0.6554808421875 0.8014265859374999 0.6217624921875 0.8400863796875001 0.630346115625 0.968952359375 0.6163344671875001 1 0.686672290625 1
1 0.9203125 1 0.9203125 0.9381655125 0.9158518703125 0.9131549296875001 0.9203125 0.8076385296874999 0.9203125 0.7715474625000001 0.9109232359374999 0.760177678125 0.900163784375 0.760177678125 0.8715708734375 0.7762284515625 0.8725406859374999 0.8950100296875 0.8372912140625001 0.9797330359374999 0.8400295453125001 1 0.9203125 1
1 0.6902655515625 0.9875 0.715625 0.924595325 0.715625 0.8440087999999999 0.7049465765624999 0.793060971875 0.7118517203125 0.67450426875 0.6913667562500001 0.661741215625 0.67017271875 0.6836229656249999 0.67017271875 0.81556313125 0.6790785406250001 0.8395874984375 0.67017271875 0.9391641156249999 0.67017271875 0.9658781062500001 0.6884435874999999 0.9875 0.6902655515625 0.9875
1 0.7546875 0.7099661375 0.7477387328124999 0.6875280390625 0.7476090624999999 0.58974721875 0.725218346875 0.560531421875 0.7085789531250001 0.5778647015625 0.7195811625 0.7532797578125 0.7298235953125 0.815450075 0.7479199390625 0.8390625 0.7506434000000001 0.8390625 0.7546875 0.8134074390624999 0.7546875 0.7099661375
1 0.7659602015625 0.4931433765625 0.748585684375 0.465197259375 0.735072171875 0.5557179703124999 0.7616440093750001 0.7578125 0.7625301375 0.7578125 0.771875 0.6827397546875 0.771875 0.6184172109375 0.7620991984375 0.586016746875 0.7659602015625 0.4931433765625
1 0.8734486578125 0.6552404921875 0.8722490656249999 0.7583332734375 0.8414302062499999 0.8068472078125 0.8414302062499999 0.8142214078125001 0.850508196875 0.9 0.8520765687499999 0.9 0.8681481421874999 0.7787044078124999 0.9 0.7526659875 0.9 0.6358542296875 0.8734486578125 0.6552404921875
1 0.8740975046875 0.65625 0.8759671593749999 0.65625 0.8821341546875001 0.643434365625 0.8953125 0.6151811796875 0.8953125 0.583490109375 0.89193309375 0.536570975 0.87436365 0.571189540625 0.8740975046875 0.65625
1 0.8515589484374999 0.7639022499999999 0.8525969906250002 0.7703125 0.8548162484375 0.7703125 0.8703125 0.7524723859375 0.8703125 0.6682208656249999 0.8584596859375001 0.6932545109375 0.8476985453125 0.7639921015625 0.8515589484374999 0.7639022499999999