1 0 0.4390625 0.0109375 0.4390625 0.0109375 0.3362150078125 0.009454059375 0.3316219359375 0.005612971875 0.296702471875 0.0051766609375 0.219840559375 0.0016996406249999998 0.2070510828125 0 0.20547354687500002 0 0.4390625
1 0 0.415625 0.0001788828125 0.415625 0.0243843359375 0.346231134375 0.0241805171875 0.3268192640625 0.019979870312500002 0.30874818125000003 0.0328125 0.20086602656250002 0.0328125 0.19597474374999999 0.028420676562500004 0.182457390625 0.021751740624999998 0.1773578609375 0.009070584375 0.180093984375 0.0005164734374999999 0.19637205625 0 0.207421434375 0 0.415625
1 0.0828125 0.4390625 0.0828125 0.3792420296875 0.0744662703125 0.347043509375 0.07357749999999999 0.2356445453125 0.0649519953125 0.2168621625 0.05142171875 0.2129761515625 0.0423616703125 0.2239865140625 0.03936851875 0.23823521875 0.04863618125 0.334090140625 0.0463071015625 0.358701540625 0.0329380125 0.4182870328125 0.0322483640625 0.4390625 0.0828125 0.4390625
1 0.09413392968749999 0.4390625 0.0990573796875 0.4060020625 0.087664996875 0.3203659875 0.1015625 0.2167393046875 0.1015625 0.21261495 0.094598865625 0.192950540625 0.0867601125 0.191810353125 0.081703559375 0.191810353125 0.071695234375 0.2027970765625 0.0676868421875 0.2146553671875 0.0693395203125 0.23388515937499998 0.06739989375 0.2594821859375 0.06739989375 0.4390625 0.09413392968749999 0.4390625
1 0.175 0.4390625 0.175 0.40759426718749997 0.1632052015625 0.34305828437499997 0.1698823984375 0.2287682609375 0.16281098125 0.20916615312500003 0.15910734531249998 0.20808088906250002 0.1493755140625 0.20808088906250002 0.14164939999999998 0.21440391406249998 0.1362886484375 0.23092104375 0.1377631046875 0.32528037187500003 0.1350802015625 0.3448606171875 0.116381153125 0.4101122421875 0.116381153125 0.4390625 0.175 0.4390625
1 0.194285640625 0.4390625 0.1953125 0.4315217953125 0.1953125 0.3669976015625 0.1852718109375 0.31857151250000004 0.1953125 0.225738821875 0.1953125 0.20122150625000002 0.1915679296875 0.191003590625 0.1769278359375 0.1879821296875 0.166387325 0.2035272671875 0.166387325 0.21091224843749998 0.16893006093750002 0.22912650937499998 0.166387325 0.2561036296875 0.166387325 0.3985820015625 0.170262296875 0.4266304984375 0.1693974 0.4390625 0.194285640625 0.4390625
1 0.275 0.4390625 0.275 0.3619684734375 0.2693996546875 0.3411159 0.2669212609375 0.30871429687499996 0.268962346875 0.2285488859375 0.25970699218750004 0.2082802359375 0.2501283359375 0.20417601875 0.23953026406250003 0.21039813125 0.235097053125 0.22258563593749997 0.2361487171875 0.2575415453125 0.2423630828125 0.301673915625 0.2425656109375 0.3353163046875 0.22856874062500002 0.3957970875 0.2258922890625 0.4390625 0.275 0.4390625
1 0.3734375 0.4390625 0.3734375 0.3861984515625 0.3604341453125 0.33537043125 0.3603562078125 0.28618402187499997 0.36507882343750003 0.24369261875 0.3638227578125 0.21645415781250002 0.3553822265625 0.2024710546875 0.34364086562499996 0.200629909375 0.33823994687500003 0.20426120781249998 0.3318819484375 0.220143625 0.3359440734375 0.31869838437500003 0.3346755078125 0.3354649875 0.32428065 0.3660436484375 0.3163652078125 0.40450349062499996 0.3163729171875 0.4390625 0.3734375 0.4390625
1 0.7973279609375 0 0.7930246984375 0.01546705625 0.7930246984375 0.250406596875 0.8028074125 0.28545131874999996 0.809195165625 0.2921875 0.86114455 0.2921875 0.9042480937499999 0.17957563906250001 0.9109375 0.10759733281249999 0.9109375 0.05284109687500001 0.9017402203125 0 0.7973279609375 0
1 0.589503259375 0 0.587130065625 0.01670188125 0.598827328125 0.073735703125 0.6033679734375 0.16396879375 0.6289645828125 0.228125 0.6640625 0.228125 0.6640625 0 0.589503259375 0
1 0.6659791593750001 0 0.6659791593750001 0.262892621875 0.666909384375 0.2640625 0.6869302203125001 0.2640625 0.7101283421875 0.263112221875 0.718811309375 0.2580152546875 0.7433565515625 0.19278253437499998 0.7640625 0.081231378125 0.7640625 0.07314846875 0.7531371109375 0 0.6659791593750001 0
1 0.6852099984375 0 0.680417075 0.026875 0.6857172234375 0.04375 0.6872156859375 0.04375 0.6944530421875 0 0.6852099984375 0
1 0.9140200937500002 0 0.9264801765625 0.050929104687500004 0.9284171046874998 0.13071549375 0.91160039375 0.2143374796875 0.91160039375 0.25423776249999996 0.9133637468749999 0.259375 0.9367208156250001 0.259375 0.9628146125000001 0.2583657890625 0.9926316265625001 0.1715501046875 1 0.10841453593749999 1 0.04771450625 0.990995696875 0 0.9140200937500002 0
0 0.41875 0 0.41875 0.2617109984375 0.43124075156249997 0.2691376015625 0.47790635625 0.271875 0.48083153281249996 0.271875 0.522296303125 0.250037553125 0.5533558234375 0.2082202640625 0.5671875 0.1658752375 0.5671875 0.0401106609375 0.5635621484375 0.022929346875 0.5504736218749999 0 0.41875 0
1 0 0.4390625 0 1 0.17948308125 1 0.22548116875000002 0.9701423296874999 0.33275432031249996 0.8774786265625 0.37474492187499997 0.8299935015625 0.40690675781249996 0.7758317921875 0.4171875 0.7384646453125 0.4171875 0.7207854890625001 0.41349070625 0.6679647281250001 0.3920181203125 0.6265956828125 0.34322105625 0.5690212859375 0.2654642375 0.4968585984375 0.235960828125 0.460449871875 0.227666815625 0.4390625 0 0.4390625
1 0.46384312968749997 1 0.464712221875 0.9443474453124999 0.4611831921875 0.9093701328125 0.4543567140625 0.892855840625 0.4472608203125 0.8867263296874999 0.4379827875 0.8942943890624999 0.42473385781250006 0.8959880265625 0.41875 0.90539008125 0.41875 0.9792015593750001 0.4237705921875 1 0.46384312968749997 1
1 0.69262111875 1 0.69257425625 0.9990823562500001 0.694918715625 0.9360360531249998 0.6923147843749999 0.9152573499999999 0.6800722765625 0.8875 0.655628865625 0.8875 0.64842611875 0.8987629421874999 0.6442418218749999 0.9228110953125 0.6467413953125 0.9603657265625 0.657256215625 1 0.69262111875 1
1 0.9125406312500001 1 0.9227930140625 0.971328125 0.925 0.9578296171874999 0.925 0.9139733609375 0.9173449703125 0.89853418125 0.9048449703125 0.8986796328125 0.8985088953125 0.8890625 0.8964934390625 0.8890625 0.8930248125 0.8891028609374999 0.882382959375 0.8961654843750001 0.8726744656250001 0.9177887140625 0.8679998234374999 0.9511493187500001 0.8661097468750001 1 0.9125406312500001 1
1 0.6078125 1 0.6078125 0.9003057625 0.6010335343750001 0.8783094671875 0.5953174890625 0.776920578125 0.58843456875 0.7609483562499999 0.5801770484375 0.7540039109375 0.5688143140624999 0.7595594671875 0.5631972359375 0.7755316890625 0.5763895515625 0.8838650234374998 0.566045434375 0.92969835625 0.5657685640625 0.9741427999999999 0.5696072703125 1 0.6078125 1
1 0.74426754375 1 0.74688101875 0.9854829078125 0.7492570796875 0.9438663093749999 0.7403960640625 0.8863840765625 0.7515625 0.8114825515625 0.7515625 0.7623217421875 0.7429941671875 0.7575803890625 0.73730466875 0.7575803890625 0.729112253125 0.7634052375 0.7230343125 0.7769251031250001 0.717650728125 0.8684916390625 0.7131575609375 0.8867474546875 0.7015397812499999 0.9139250171875 0.7015397812499999 1 0.74426754375 1
1 0.5112962140625 0.8883305640625 0.511572053125 0.8905498828125001 0.5218307453125 0.9287378640625 0.5239513 0.9296875 0.5377712640625 0.9296875 0.5445354796874999 0.9245082078125 0.553075275 0.882340896875 0.5546875 0.8529332578125001 0.5546875 0.8334965499999999 0.5533849671875 0.8198909593749999 0.540146734375 0.7735699015625 0.5430426078125 0.6970808828124999 0.538194790625 0.6842118609375 0.5288682781249999 0.682034859375 0.5209588046875 0.6880910640625 0.5164073765625 0.702949753125 0.5221537390625001 0.7761102828124999 0.5112962140625 0.8262429921875001 0.5112962140625 0.8883305640625
1 0.6096847750000001 0.73959454375 0.6043810281249999 0.721903009375 0.6109998796875 0.6550543328125 0.6060503625 0.6380344906250001 0.5994145546875 0.634375 0.5991793359375001 0.634375 0.5885619953125 0.652207240625 0.5887560281249999 0.7228130625 0.5859653265625 0.7294850375 0.5859653265625 0.8484375 0.5924795890625 0.8484375 0.600464959375 0.8412109453125 0.610388328125 0.800478140625 0.6125 0.7746857578125 0.6125 0.7734123453125 0.6096847750000001 0.73959454375
1 0.6625 0.8936448140625 0.6625 0.69176101875 0.65750184375 0.6835262999999999 0.6481996328124999 0.684696984375 0.6421049234374999 0.6949590890625 0.6493060843749999 0.7728096015625 0.6381017625000001 0.8419085531250001 0.64192070625 0.885000478125 0.6497524921875 0.915625 0.6551473296875 0.915625 0.6576379203125 0.9020126359375 0.6625 0.8936448140625