1 0.11421759843749998 0 0.1183012234375 0.10359999375 0.1016046015625 0.18657199062500002 0.10058752343749999 0.2801944453125 0.11207044531250002 0.37483726562499997 0.11316823281249999 0.375 0.16332062187500002 0.375 0.1713454515625 0.3624965046875 0.178125 0.32815315156249997 0.178125 0.2275627375 0.1748421140625 0.15819164218749998 0.161987590625 0.096233775 0.1663182140625 0 0.11421759843749998 0
1 0.2298481453125 0 0.21958717968750002 0.005710246875 0.21167959062500002 0.027839915625 0.208434346875 0.13233641406250002 0.20125157656249998 0.1579027234375 0.20125157656249998 0.3703125 0.22613251562499997 0.3703125 0.256821534375 0.2954784015625 0.259375 0.2696695328125 0.259375 0.2078264546875 0.2476385546875 0.1494310734375 0.259375 0.0321443625 0.259375 0.0182200828125 0.2533585265625 0.001997659375 0.23200038437499998 0 0.2298481453125 0
1 0.375199396875 0.3703125 0.3823396796875 0.3639930609375 0.398043825 0.314721103125 0.4046875 0.2744671828125 0.4046875 0.2309568953125 0.3924317796875 0.1575610515625 0.401804384375 0.03577705625 0.39239910624999996 0.023466771875 0.37208660625 0.022283703125000002 0.359616884375 0.0333199140625 0.3531690203125 0.1584109171875 0.34318035625 0.1881419453125 0.34318035625 0.3676469625 0.3460622640625 0.3703125 0.375199396875 0.3703125
1 0.0404911375 0 0.031692109375 0.1362373140625 0.0249596265625 0.15932036562500002 0.0249596265625 0.3734375 0.0433743109375 0.3734375 0.053598384374999995 0.3704027609375 0.061636028125 0.356670928125 0.07958608125 0.0787461875 0.0859375 0.030593189062499998 0.0859375 0 0.0404911375 0
1 0.8375 0.4 0.8375 0.33574555781250004 0.8326362171875001 0.314286584375 0.834868690625 0.25061027187499996 0.8314320953125 0.241537628125 0.8256813828125 0.23736625312499998 0.8189374828125 0.2414431859375 0.816113303125 0.24815379843750002 0.8157325296875 0.272185353125 0.8185683312500001 0.312212746875 0.8099027062499999 0.34389739375 0.8069285374999999 0.369568228125 0.8070578218750001 0.391790453125 0.8084909953124999 0.4 0.8375 0.4
1 0.690691384375 0.4 0.6916073515625 0.39380763124999996 0.6908975703125 0.3689137421875 0.68516025 0.334994040625 0.69375 0.273107025 0.69375 0.2673985765625 0.6911389078125 0.2595204671875 0.6875426 0.25625 0.6865308171875 0.25625 0.678709071875 0.2591038765625 0.672884121875 0.2708795609375 0.6697457375 0.33285293125000004 0.664877446875 0.3422819703125 0.66279565 0.351199140625 0.66279565 0.4 0.690691384375 0.4
1 0.74119560625 0.4 0.7421875 0.394581909375 0.7421875 0.39050760156250003 0.7410477859375 0.36489940781249997 0.7356680640625 0.32648141875 0.7370196015625 0.3135487890625 0.7400391203125001 0.3072189828125 0.7384304765625 0.2996902359375 0.7421875 0.2764151171875 0.7421875 0.263497290625 0.7389645234375 0.254646321875 0.72970819375 0.2522484359375 0.7229769109374999 0.2634736578125 0.7209858671875 0.278227803125 0.7225219859375 0.2950461453125 0.7200892109374999 0.33300910625 0.713264859375 0.3535858515625 0.713264859375 0.4 0.74119560625 0.4
1 0.7817266859374999 0.4 0.7848989125 0.3743363671875 0.7845993375 0.3577698296875 0.7786919953125 0.319448340625 0.7859375 0.260196465625 0.7859375 0.25073719843750003 0.78213665 0.24320964687500002 0.776743365625 0.2417768890625 0.7764981484375 0.2417768890625 0.7695111703124999 0.24908658749999998 0.7667262125000001 0.258479353125 0.7640384984375 0.3213088109375 0.758305484375 0.339188796875 0.758305484375 0.4 0.7817266859374999 0.4
1 0.7959121437500001 0.4 0.8005208328125001 0.3532986109375 0.7994791671874999 0.33848379687499996 0.7911458328125001 0.29774305624999997 0.79375 0.24126157343750002 0.7888020828125001 0.22690972187499997 0.78359375 0.2250578703125 0.7755208328125001 0.2338541671875 0.7744791671875 0.2421875 0.7841145828125 0.24820601875 0.7869791671874999 0.2560763890625 0.7838541671874999 0.31903935156249996 0.79375 0.3671875 0.79375 0.4 0.7959121437500001 0.4
1 0.69375 0.2662615734375 0.6953125 0.25052083281250004 0.6919270828125 0.24265046250000002 0.68359375 0.2398726859375 0.6778645828125 0.2435763890625 0.6755208328125 0.24959490781250002 0.67578125 0.26116898125 0.6856770828125 0.25653935156249996 0.69375 0.2662615734375
1 0.7109757640625001 0.4 0.7161458328125001 0.3523726859375 0.7057291671874999 0.2940393515625 0.7078125 0.232928240625 0.70390625 0.22413194375 0.6971354171874999 0.22228009218749997 0.6895833328125001 0.23478009218749998 0.6901041671874999 0.24126157343750002 0.69375 0.24774305624999998 0.6947916671875 0.26996527812500004 0.6911458328125001 0.3338541671875 0.7005208328125001 0.376446759375 0.7002328171875 0.4 0.7109757640625001 0.4
1 0.7088541671874999 0.24866898124999998 0.7057291671874999 0.29774305624999997 0.7171875 0.35515046250000004 0.7223958328125001 0.33940972187499996 0.725 0.3153356484375 0.7223958328125001 0.2838541671875 0.7192708328125 0.27274305625 0.721875 0.2181134265625 0.7174479171874999 0.207465278125 0.7106770828125001 0.20561342656249998 0.7052083328125001 0.21070601875 0.7026041671875 0.22089120312500002 0.7078125 0.232928240625 0.7088541671874999 0.24866898124999998
1 0.7408854171874999 0.232465278125 0.73359375 0.23524305625 0.7286458328125001 0.24866898124999998 0.7388020828125 0.2537615734375 0.7447916671874999 0.2690393515625 0.7484375 0.2597800921875 0.7479166671874999 0.2421875 0.7408854171874999 0.232465278125
1 0.7553243875 0.4 0.7572916671875 0.35978009218749996 0.7458333328125001 0.31070601875000003 0.7440104171874999 0.2945023140625 0.740625 0.29774305624999997 0.7421875 0.3051504625 0.7395833328125001 0.3125578703125 0.7401041671874999 0.332928240625 0.75 0.3782986109375 0.749630090625 0.4 0.7553243875 0.4
1 0.7484375 0.24496527812500002 0.7479166671874999 0.2718171296875 0.7442708328125001 0.2792245375 0.74375 0.28663194375 0.7458333328125001 0.31163194375000003 0.7520833328125001 0.332928240625 0.7567708328125 0.36070601875 0.7604166671874999 0.3560763890625 0.7645833328125 0.3347800921875 0.7557291671874999 0.29126157343750003 0.7588541671875 0.2320023140625 0.75546875 0.21857638906250001 0.7481770828125001 0.2148726859375 0.74296875 0.2195023140625 0.7395833328125001 0.2292245375 0.7484375 0.24496527812500002
1 0.0703125 0.8864495078125 0.0703125 0.773570878125 0.061071553125 0.7304629421875 0.0629143234375 0.64454315 0.0445266671875 0.6381833765625 0.0363599046875 0.643763759375 0.0407509734375 0.7274159593749999 0.027076328125 0.792934715625 0.0265617296875 0.8387042734375001 0.0390767765625 0.903125 0.06658914375 0.903125 0.0703125 0.8864495078125
2 0.4890625 0.8746956453125 0.270775740625 0.8596478796875001 0.265297096875 0.8656021124999999 0.26489411406249996 0.86814139375 0.26489411406249996 0.9540977578125001 0.37037022343750003 0.9574573984375 0.3752812703125 0.9578125 0.4890625 0.9578125 0.4890625 0.8746956453125
1 0.8283455921874999 0.5603431078125001 0.8368762296875 0.684418334375 0.8062171046875001 0.7834299203125 0.803528440625 0.8581748296875 0.8244227234375 0.9598329218749999 0.8262096187499999 0.9609375 0.880719625 0.9609375 0.9022022921874999 0.9068352125000001 0.9046875 0.8684407921874999 0.9046875 0.8049683187500001 0.8807353140625 0.706739615625 0.8697614546875 0.699596796875 0.8775557734374999 0.6971095265624999 0.8742035156250001 0.657791934375 0.8848501234375 0.608684753125 0.8845683203125001 0.560247253125 0.871173440625 0.5396318640625 0.8508336703125 0.5332862703125001 0.8345046890625 0.545228290625 0.8283455921874999 0.5603431078125001
1 0.7485258578125 0.9663588953125 0.77472150625 0.9598396390625 0.78515044375 0.9352707203125 0.7789255953125 0.8529675531249999 0.7849872671875 0.793528890625 0.7972038453125 0.7556468875 0.790552025 0.7200913906249999 0.80625 0.6082340374999999 0.80625 0.5936639640625 0.8028888500000001 0.5778402203125 0.791851153125 0.5690501515624999 0.7700862515625 0.5690501515624999 0.7700646984375 0.569052809375 0.7533857609375 0.5938763984375 0.753383915625 0.6966830640625 0.7319018453125 0.765171528125 0.7319018453125 0.9671875 0.7386554453125 0.9671875 0.7485258578125 0.9663588953125
1 0.9553212703125 0.9609375 0.9676714593749999 0.9317201046874999 0.97974995625 0.8900786374999999 0.9859375 0.8385273046874999 0.9859375 0.8312791687499999 0.9663254109375 0.732463559375 0.9799849953125002 0.6172025765625 0.96805549375 0.595335284375 0.9541932562500002 0.5913912359375 0.9403612906250001 0.5992114421875 0.9313472390624999 0.6175064140625001 0.930488040625 0.7288079359375 0.9127870062500001 0.7734410203125 0.9127870062500001 0.9609375 0.9553212703125 0.9609375
1 0.909375 0.83984375 0.9015625 0.87734375 0.90625 0.88671875 0.9109375 0.88359375 0.9109375 0.82265625 0.91875 0.78515625 0.9046875 0.73203125 0.9109375 0.63671875 0.9046875 0.61640625 0.88515625 0.6078125 0.878125 0.62734375 0.8765625 0.67109375 0.90625 0.79765625 0.909375 0.83984375
1 0.70625 0.61953125 0.7140625 0.71484375 0.6875 0.81328125 0.6859375 0.87109375 0.696875 0.92265625 0.70234375 0.928125 0.7390625 0.92734375 0.73125 0.81953125 0.7515625 0.74921875 0.7484375 0.71328125 0.75625 0.63046875 0.7484375 0.59765625 0.73828125 0.590625 0.72421875 0.590625 0.7109375 0.60234375 0.70625 0.61953125
1 0.6578125 0.62734375 0.6640625 0.73359375 0.6421875 0.79765625 0.6375 0.83671875 0.6453125 0.89765625 0.65546875 0.915625 0.6765625 0.91640625 0.690625 0.91171875 0.684375 0.83828125 0.7015625 0.75859375 0.696875 0.69609375 0.703125 0.62890625 0.6984375 0.61796875 0.68203125 0.60625 0.66640625 0.6109375 0.6578125 0.62734375