1 0.0344518765625 0 0.0252451 0.0320641921875 0.0178416796875 0.0669931203125 0.0155556859375 0.09426109687499999 0.0164128734375 0.12318250312500001 0.0215821796875 0.1647251453125 0.037413600000000005 0.2276646296875 0.0380354625 0.228125 0.0818811921875 0.228125 0.0921875 0.184765728125 0.0921875 0.05054964375 0.0915454734375 0.0472700890625 0.0771139046875 0 0.0344518765625 0
1 0.1462521328125 0 0.132294653125 0.0754854890625 0.1319225359375 0.10290501249999999 0.1370563171875 0.14660954843750001 0.1450068859375 0.180051753125 0.15852075000000002 0.2203125 0.1684094234375 0.2203125 0.1867319328125 0.20193929531250002 0.1921875 0.198070378125 0.1921875 0.011859815625 0.1877022296875 0 0.1462521328125 0
1 0.2211378109375 0 0.22047685 0.0030000390625000003 0.2109683984375 0.029009217187500002 0.2109683984375 0.19308567031249999 0.22572303906250002 0.1952951984375 0.2382336890625 0.20040602343749997 0.2493838078125 0.20951423125000002 0.251207325 0.215625 0.2535914515625 0.215625 0.27275201875 0.148130978125 0.278125 0.08857604375 0.278125 0.0873463046875 0.275334625 0.0594785828125 0.2656937546875 0.0192115078125 0.2631838453125 0 0.2211378109375 0
1 0.29031518749999996 0 0.2914255328125 0.0046207296875 0.3006303875 0.028482923437500002 0.302044040625 0.03945075625 0.3060725109375 0.044350603125 0.3140625 0.064566753125 0.3140625 0.0145450625 0.3088219109375 0 0.29031518749999996 0
0 0.2160213421875 0.1920654296875 0.2061527875 0.1912841796875 0.190418659375 0.1944091796875 0.1828814609375 0.2014404296875 0.1708477265625 0.2030029296875 0.155470740625 0.2108154296875 0.1346126078125 0.2264404296875 0.10701339531250001 0.2561279296875 0.0720382078125 0.30450832031249997 0.0720382078125 0.31444900468750003 0.0805711734375 0.3197998046875 0.08024379375 0.3291748046875 0.0733092703125 0.3338623046875 0.0750652203125 0.3432373046875 0.0796163109375 0.3471435546875 0.0720382078125 0.3552080890625 0.0720382078125 0.36934900000000004 0.072520571875 0.3713623046875 0.0720382078125 0.371999390625 0.0720382078125 0.42751001562499996 0.0724213609375 0.4338623046875 0.075765853125 0.4350341796875 0.0779322703125 0.4401123046875 0.076563221875 0.4494873046875 0.0720382078125 0.45279445 0.0720382078125 0.4542870296875 0.076235840625 0.4588623046875 0.079499728125 0.4697998046875 0.0720382078125 0.4760095234375 0.0720382078125 0.476080028125 0.078871003125 0.4803466796875 0.0833960546875 0.4924560546875 0.074817184375 0.4994873046875 0.080355378125 0.5049560546875 0.0841128140625 0.5166748046875 0.0781653953125 0.5229248046875 0.08214108906249999 0.5283935546875 0.0848568609375 0.5401123046875 0.079402990625 0.5471435546875 0.08746474531250001 0.5623779296875 0.0918781875 0.5627685546875 0.07704931875 0.5697998046875 0.08464480156250001 0.5834716796875 0.09086751875 0.5842529296875 0.0920741171875 0.5869873046875 0.076504915625 0.5928466796875 0.07883626406250001 0.6006591796875 0.0859642421875 0.6053466796875 0.0901854734375 0.6037841796875 0.094073121875 0.6078125 0.09539148125 0.6078125 0.097943409375 0.6053466796875 0.1047142421875 0.6053466796875 0.10594688125 0.5998779296875 0.10655079687499999 0.6049560546875 0.1098680125 0.6069091796875 0.11323854687499998 0.5998779296875 0.1182001046875 0.5994873046875 0.1196782796875 0.5869873046875 0.1221448015625 0.5834716796875 0.1262296203125 0.5858154296875 0.1383179171875 0.5826904296875 0.1548481734375 0.5865966796875 0.153807746875 0.5940185546875 0.16403467656249998 0.6069091796875 0.184839721875 0.6078125 0.21084377031249998 0.6078125 0.215130909375 0.6053466796875 0.219791128125 0.6061279296875 0.23228865 0.5912841796875 0.2401557140625 0.5897216796875 0.2471448 0.5834716796875 0.25868497968750004 0.5811279296875 0.2636998609375 0.5717529296875 0.2721423234375 0.5686279296875 0.294283946875 0.5237060546875 0.3069699609375 0.4885498046875 0.3139268125 0.4533935546875 0.3129322765625 0.4072998046875 0.3144898171875 0.3776123046875 0.3234375 0.32323577187499997 0.3234375 0.318369596875 0.3214119515625 0.2987060546875 0.3149387421875 0.2752685546875 0.30251686875 0.2506591796875 0.2950044671875 0.2420654296875 0.2832435578125 0.2358154296875 0.27194643749999997 0.2162841796875 0.249493559375 0.2030029296875 0.2292629078125 0.2006591796875 0.22205308906250001 0.1983154296875 0.2160213421875 0.1920654296875
1 0.5458557515625 0 0.5474301328125 0.13530213124999999 0.568077325 0.21875 0.6076883578125 0.21875 0.6207346703125 0.1707571234375 0.6234375 0.13282588906249998 0.6234375 0.0158669390625 0.6200499203125001 0 0.5458557515625 0
1 0.6179793296874999 0 0.6221882890625 0.021554921875 0.607775965625 0.1671875 0.6184866078125 0.1671875 0.6415128875 0.0720717140625 0.6451641421875 0 0.6179793296874999 0
1 0.738829615625 0 0.7339524234375 0.020099217187499997 0.7306476875000001 0.0940277875 0.75724225625 0.23193784687500002 0.761253975 0.2390625 0.8026775515625001 0.2390625 0.8234375 0.16549241406249998 0.8234375 0.0429115984375 0.8142265984375001 0 0.738829615625 0
1 1 0 0.961125184375 0 0.9561423015624999 0.032090434375 0.9595339015625001 0.1248042640625 0.9956733124999999 0.2609375 1 0.2609375 1 0
1 0.0137561828125 0.6390625 0.0161329625 0.658068228125 0.026540009375 0.7088122968749999 0.029101575 0.7337971421875 0.0207833578125 0.8045766875 0.020454915625 0.8389268765625 0.0331211984375 0.9109520890624999 0.047837832812499995 0.9569301343750001 0.0561560234375 0.9703125 0.065625 0.9703125 0.065625 0.7563364874999999 0.0567057421875 0.7329939421875 0.0518093578125 0.685802028125 0.0493798734375 0.6390625 0.0137561828125 0.6390625
1 0.061677749999999996 0.6390625 0.06094195625 0.65244728125 0.064674365625 0.7587610796875 0.0615837234375 0.790288128125 0.054998409375 0.8202822937500001 0.0539375890625 0.8226328734375 0.0539375890625 1 0.123306615625 1 0.1234375 0.9987110125 0.1234375 0.8838979343750001 0.1218767078125 0.881541071875 0.12151528593750001 0.8732988734375 0.11683603125 0.8672730625 0.118482359375 0.8597745218749999 0.11502067187500001 0.8324979796875001 0.1056278078125 0.7891927109375001 0.1043085453125 0.7736798046875 0.108498575 0.6970102234375 0.1159991234375 0.6494690296875001 0.1166059421875 0.6390625 0.061677749999999996 0.6390625
1 0.1349380375 0.6390625 0.134918865625 0.6393616843750001 0.1390854875 0.7126643828125 0.1371735421875 0.750636434375 0.1326361421875 0.767019446875 0.1326361421875 0.9109149859375 0.1326375765625 0.910921625 0.13528126875 0.959169775 0.1329931703125 1 0.172847146875 1 0.1761501859375 0.9886189562500001 0.1875 0.9276311140625 0.1875 0.8217176078125 0.1765392953125 0.779132415625 0.1719045578125 0.7456808984375 0.172016659375 0.7113852749999999 0.17836684687499998 0.6390625 0.1349380375 0.6390625
1 0.185912415625 0.6390625 0.192518884375 0.7193065843750001 0.1904289015625 0.741637934375 0.19697413125000002 0.770159759375 0.211806240625 0.80859395 0.2193500125 0.8361534734375 0.2264492265625 0.8989709343750001 0.22582884218750002 0.941654465625 0.2269082125 0.94375 0.2328125 0.94375 0.2328125 0.749065353125 0.2267147296875 0.736661078125 0.21969179374999998 0.7090833671875 0.21683552343749998 0.681360153125 0.21675924531250002 0.6461204046875 0.2162908953125 0.6390625 0.185912415625 0.6390625
1 0.2171634171875 0.6390625 0.22046522343750002 0.6904042171875 0.21715168437500001 0.722684290625 0.2196642734375 0.7385311437500001 0.2329581421875 0.781675515625 0.2373170421875 0.8383479984375001 0.23451178437500003 0.8875 0.25269501875 0.8875 0.2547668078125 0.883514003125 0.2625 0.8422021671875001 0.2625 0.756179678125 0.262291803125 0.7541602640625 0.24491745625 0.696031296875 0.24496276562500002 0.6390625 0.2171634171875 0.6390625
1 0.8349468859375001 0.6390625 0.8317678640625001 0.652576765625 0.8291761843749998 0.6983191718749999 0.8313992406249999 0.7015625 0.878125 0.7015625 0.878125 0.6559734921875 0.8742642296875001 0.6390625 0.8349468859375001 0.6390625
2 0.3296875 0.8140625 0.34900006875 0.8140625 0.3887848171875 0.80731816875 0.416828990625 0.8082936125 0.4740218921875 0.79908333125 0.8352018687499999 0.7676200718749999 0.888084390625 0.7725489999999999 0.937303140625 0.7693949203125 0.9390625 0.7163928015625001 0.9390625 0.7023827953125 0.45150870000000004 0.7023827953125 0.34395744375000004 0.713149896875 0.3296875 0.7152671796875 0.3296875 0.8140625