0 0.340323984375 0.2770422640625 0.341355815625 0.2394694578125 0.3348003796875 0.1873334796875 0.3189499390625 0.14949353125 0.29002540468750004 0.12116802812500001 0.2637754046875 0.1226969171875 0.23640630625 0.146798609375 0.2209631125 0.1789586640625 0.2140625 0.2247517609375 0.2140625 0.2881545234375 0.22182124218750002 0.3264586625 0.24751144531249997 0.36875 0.3020227359375 0.36875 0.31514259375 0.3547847484375 0.3305857875 0.32262469843749997 0.340323984375 0.2770422640625
1 0.23853336718749998 0.35625 0.2109375 0.30529806718749997 0.2109375 0.31234439375 0.2187809 0.35625 0.23853336718749998 0.35625
1 0.2184015171875 0 0.22758751406250002 0.0940666578125 0.21959781406249998 0.1641975625 0.2226775203125 0.16875 0.2297972484375 0.16875 0.25073899375 0.136439721875 0.25073899375 0 0.2184015171875 0
1 0.8722175 0.1029953390625 0.867750015625 0.09630874375000001 0.862327053125 0.10449763125 0.86457199375 0.13215407031249998 0.859375 0.1539674671875 0.859375 0.175420540625 0.86321229375 0.1921875 0.8728336140625 0.1921875 0.8762511890625 0.1694496609375 0.875628003125 0.1518874046875 0.8702634515625001 0.1253389015625 0.8722175 0.1029953390625
1 1 0.096990740625 0.99765625 0.09629629687499999 0.99375 0.10138888906250001 0.9942708328125001 0.13287037031249999 0.9895833328125001 0.15324074062499998 0.9890625 0.165277778125 0.9908854171874999 0.16944444375 1 0.171759259375 1 0.096990740625
1 0.487330346875 0.41875 0.4887668625 0.45560150625 0.48337083593749997 0.4684200234375 0.48965315625 0.47361155781250003 0.4897339578125 0.48750044687500005 0.471875 0.574237328125 0.471875 0.586378625 0.4721487390625 0.59375 0.4967817859375 0.59375 0.532881746875 0.5829372187499999 0.538860275 0.57639650625 0.538860275 0.5625593375 0.5369644921875001 0.5458814000000001 0.5265819953124999 0.5075840453125 0.5208385140625 0.4606803421875 0.5225285796875 0.41875 0.487330346875 0.41875
1 0.1742758375 0.41875 0.1766370859375 0.5004352078125 0.16875 0.53216113125 0.16875 0.6824964343750001 0.1692126296875 0.6851392484375 0.1717595078125 0.6890625 0.1962715671875 0.6890625 0.21577782031249998 0.681937465625 0.22386239375 0.6535084234375 0.2260067765625 0.6285175125 0.22508540312499997 0.567392765625 0.20648622031250002 0.49366347968749996 0.2048859859375 0.46170539999999993 0.20661815 0.41875 0.1742758375 0.41875
1 0.07210005 0.41875 0.0742643875 0.4302926703125 0.07841941718749999 0.4691542875 0.0717613375 0.527596709375 0.0735029390625 0.5817724656250001 0.07701108281249999 0.6067451937499999 0.08533610312499999 0.63444115625 0.09606956250000001 0.6634987359375 0.102267959375 0.671875 0.1217474265625 0.671875 0.12572494218750002 0.6674697390625 0.12572494218750002 0.5217812609375 0.101339409375 0.45777045625 0.0983807875 0.41875 0.07210005 0.41875
2 0.7796875 0.49005945625 0 0.7663628671875 0 1 0.4116231671875 1 0.7796875 0.8219118171875 0.7796875 0.49005945625
1 0.9248212296875 1 0.9428601437499999 0.93207845625 0.9442825203125 0.8709673437500001 0.9197206734375 0.7624764453124999 0.9282335453125 0.665290584375 0.913093446875 0.6443663484375 0.8964267796875 0.6442693828125 0.8803168781249999 0.6650118125000001 0.8835928171875 0.792825953125 0.86875 0.8420492750000002 0.86875 0.98596241875 0.875422653125 1 0.9248212296875 1
1 0.8284141296875 0.7203125 0.8431520390625 0.71700586875 0.845936440625 0.70484710625 0.845936440625 0.6498178046875001 0.8310155640625 0.63125 0.8293707390625 0.63125 0.8142707265625001 0.6339634359375 0.809375 0.6461624109375 0.809375 0.6798843 0.812102753125 0.6993018187500001 0.8229894796874999 0.7203125 0.8284141296875 0.7203125
1 0.8489583328125001 0.9473958328125001 0.8645833328125001 0.8932291671874999 0.8625 0.8126736109374999 0.8427083328125 0.7585069437499999 0.8104166671874999 0.7626736109375 0.7979166671875 0.8182291671874999 0.8 0.8904513890625001 0.8166666671874999 0.948784721875 0.8489583328125001 0.9473958328125001
1 0.7796875 0.8936921296874999 0.7979166671875 0.8904513890625001 0.7958333328125 0.8182291671874999 0.8041666671875 0.7960069437499999 0.8041666671875 0.7682291671874999 0.7895833328124999 0.7265625 0.7916666671875 0.6348958328125001 0.7822916671875 0.6223958328125001 0.7796875 0.6223958328125001 0.7796875 0.8936921296874999
1 0.9770833328125 0.8015625 0.95625 0.72100694375 0.9604166671875 0.6348958328125001 0.940625 0.61961805625 0.925 0.6404513890625 0.93125 0.6904513890625 0.925 0.7793402781250001 0.9520833328125 0.89600694375 0.959375 0.8973958328125 0.9666666671874999 0.879340278125 0.9770833328125 0.8015625