1 0.1814421734375 0 0.1812595296875 0.0584933578125 0.18747524843750002 0.14738224687499998 0.196104434375 0.1609375 0.217774775 0.1609375 0.217774775 0.0385565890625 0.20600985 0 0.1814421734375 0
1 0.091020484375 0 0.095626146875 0.0498935296875 0.094677753125 0.15543999375 0.1001891578125 0.159375 0.12043636875 0.159375 0.158740253125 0.1558126984375 0.1582877546875 0.078034921875 0.16567640625 0 0.091020484375 0
1 0.3168577203125 0 0.32243368906250003 0.0498819640625 0.3091109046875 0.1640625 0.37909861093749997 0.1640625 0.37909861093749997 0.0454681 0.37829520781250003 0.042034396875000005 0.3781562421875 0 0.3168577203125 0
1 0.8751233171875 0.45 0.8834466093749999 0.416135128125 0.8903130031250001 0.35766495468750004 0.8861410953124998 0.292172865625 0.8711669640625 0.21515435625 0.8854044562500001 0.0644007671875 0.882669309375 0.044042107812499995 0.8704134515625 0.0270488640625 0.8692792078124999 0.0270488640625 0.8510400234375 0.030903431250000002 0.84018894375 0.056583364062499995 0.8356058890625 0.21658166250000002 0.821875 0.26745009999999997 0.821875 0.45 0.8751233171875 0.45
1 0.7941439671875 0.45 0.7984375 0.428634678125 0.7984375 0.41293926562500005 0.796301425 0.3388136859375 0.7697191453125 0.201271646875 0.7773140828124999 0.0684329515625 0.7735166140625 0.045888335937500004 0.7576938296875 0.024399884375 0.7387064875 0.028793924999999998 0.726681171875 0.056877115624999995 0.7317444625 0.22357323906249998 0.7089596515625 0.32479203125 0.7046875 0.3665746109375 0.7046875 0.3880413875 0.708257821875 0.45 0.7941439671875 0.45
1 0.6884153125 0.45 0.6884153125 0.2647464203125 0.67234085625 0.2131708953125 0.6635330171875 0.050979278125000006 0.6553897953125001 0.034168398437500004 0.6447907359375 0.027529471875 0.62754169375 0.034492439062500005 0.621875 0.050318254687499994 0.621875 0.0645928515625 0.6373761765625 0.2023073234375 0.622944365625 0.3039090734375 0.621875 0.3423960640625 0.621875 0.3586230203125 0.629710675 0.418788665625 0.6380756562500001 0.45 0.6884153125 0.45
1 0.578976003125 0.45 0.59199203125 0.3701223703125 0.59199203125 0.328636828125 0.5895116140625 0.28503976249999996 0.5687998359375 0.2060931046875 0.566084746875 0.1745468453125 0.5717587 0.061971054687500006 0.5665774796875 0.0416713265625 0.5561514781250001 0.0296875 0.5538717875 0.0296875 0.5380506046875 0.033622746875 0.5286945171874999 0.0572161625 0.5369839265625 0.1766297171875 0.5140625 0.3050517921875 0.5140625 0.313344053125 0.51930690625 0.4017444765625 0.5300724062500001 0.45 0.578976003125 0.45
1 0.5088802593749999 0.38766755937499997 0.5088802593749999 0.2624886140625 0.490583059375 0.1939560078125 0.48991697656250005 0.0567308546875 0.47405454531249996 0.0286534265625 0.4703242890625 0.0286534265625 0.4571404890625 0.033265957812500004 0.4506764703125 0.05421620781249999 0.4600460453125 0.185252428125 0.44410686562499996 0.26069335625 0.4421875 0.28779511874999997 0.4421875 0.3090294515625 0.45073510937499994 0.3825583328125 0.46470388125 0.4396758125 0.47190521875 0.44375 0.47922829531249994 0.44375 0.501360321875 0.43977597187499995 0.5088802593749999 0.38766755937499997
1 0.6708401937499999 0.3890625 0.679215625 0.35955705312499997 0.684369778125 0.3031180671875 0.6672495859375001 0.182690546875 0.6778725953125 0.0630558234375 0.669690178125 0.0354002125 0.658507575 0.0314927578125 0.65625 0.035311465624999996 0.65625 0.042203203125 0.6614168984375001 0.0639182296875 0.65625 0.13487246718749998 0.65625 0.23909348281249998 0.669816325 0.31736130937499996 0.670141103125 0.3890625 0.6708401937499999 0.3890625
1 0.8472087593750001 0.029275875 0.8332847093750001 0.0357085453125 0.8263226843750001 0.0569429 0.832651796875 0.16745056875 0.815625 0.262989790625 0.815625 0.3747726453125 0.8170181578125 0.38125 0.8176071109375 0.38125 0.822525215625 0.3113590171875 0.8453100250000001 0.20828573437500003 0.84151255625 0.059548699999999996 0.8472087593750001 0.029275875
1 0.9968731625 0.45 0.9968731625 0.2448237921875 0.9843914390624999 0.20558388437500003 0.9796607749999999 0.15608591249999998 0.9809559968750001 0.065686353125 0.9757410953125 0.0455708171875 0.9625345828124999 0.029168920312500003 0.9440197187500001 0.036699353125 0.9372880515625 0.058431006249999994 0.9514800453125 0.2069249203125 0.9370541156249999 0.29108350625 0.9359375 0.3294073171875 0.9359375 0.329551621875 0.94619458125 0.40364454062500005 0.9588441515625 0.45 0.9968731625 0.45
1 0.3589909859375 0.7847123140625 0.36291829531249997 0.7495756171875 0.3595280421875 0.734663821875 0.3529092609375 0.726629796875 0.3461819421875 0.7264732171875 0.34506622187499997 0.7264732171875 0.3396457984375 0.7309563640625 0.3320920796875 0.750712240625 0.32884085625 0.812749278125 0.325 0.8480511749999999 0.325 0.953125 0.332958053125 0.953125 0.348179496875 0.9462318359375 0.3530319984375 0.9282671984374999 0.3544392453125 0.9014153484375 0.3484480953125 0.8465796359375 0.352520984375 0.8086651640625 0.3589909859375 0.7847123140625
1 0.309222040625 0.7984375 0.3145275421875 0.79575161875 0.3218192078125 0.7962188906250001 0.32541257031250004 0.7984375 0.3331680859375 0.7984375 0.3331680859375 0.777247409375 0.3311852359375 0.785262284375 0.3296909953125 0.7657510859375 0.32056026718749997 0.7309578 0.31984907812499996 0.7004022453125 0.3223023875 0.694087646875 0.323933146875 0.6747767078125 0.322873534375 0.651595184375 0.31869789531250003 0.6397707859375 0.31377704375 0.6355582296875 0.311210509375 0.6355582296875 0.3025736125 0.6396620421875 0.3015625 0.6414695734375 0.3015625 0.6939495640625 0.3027908875 0.704856375 0.302288 0.7279377703125001 0.3015625 0.731887621875 0.3015625 0.7907248578124999 0.303369903125 0.7984375 0.309222040625 0.7984375
1 0.0987259609375 0.7676192703125 0.0941545375 0.7207518921875 0.0949739265625 0.7031593 0.0997874796875 0.6890520453125 0.100520615625 0.6733113046874999 0.098171878125 0.6568084109375001 0.08699219999999999 0.6458484906249999 0.077511046875 0.6541965375000001 0.0748670796875 0.66634275625 0.0737458125 0.69041683125 0.077139540625 0.7179489453125 0.07723244375 0.738264725 0.0734375 0.757013978125 0.0734375 0.80938791875 0.0815716609375 0.8068504203125 0.088756628125 0.8140625 0.09180740468750001 0.8140625 0.094745096875 0.80846919375 0.09803927500000001 0.7935179 0.0987259609375 0.7676192703125
1 0.039212870312499995 0.9296875 0.0407943109375 0.9296875 0.04931640625 0.8434394984375 0.0388997390625 0.7774563062500001 0.037858071874999996 0.7552098375 0.03994140625 0.7441472171875001 0.0467122390625 0.732267771875 0.047233071875 0.71839100625 0.0435872390625 0.6960839265625001 0.037076821875 0.688062025 0.0318684890625 0.6870148734375 0.02666015625 0.689671425 0.0234375 0.6953255828125 0.0234375 0.7454528984375 0.02900390625 0.7864852359375 0.028483071874999998 0.80313978125 0.0234375 0.8348247421874999 0.0234375 0.8707990765625 0.027962239062499998 0.8994239531249999 0.039212870312499995 0.9296875
1 0.10625 0.7782986109375 0.10625 0.7931134265625 0.1015625 0.8144097218749999 0.1057291671875 0.8468171296874999 0.1046875 0.9060763890625001 0.10833333281249999 0.9320023140625 0.11223958281249999 0.9398726859375 0.1213541671875 0.944965278125 0.1278645828125 0.945428240625 0.1302083328125 0.9412615734374998 0.1296875 0.8986689812499999 0.1385416671875 0.8542245375 0.1395833328125 0.8310763890625001 0.1380208328125 0.8162615734375 0.1260416671875 0.78570601875 0.1244791671875 0.7023726859374999 0.1205729171875 0.6898726859375 0.11119791718750001 0.6843171296875 0.103125 0.6903356484375001 0.0984375 0.7097800921874999 0.10625 0.7782986109375
1 0.1328125 0.751446759375 0.1364583328125 0.7921875 0.140625 0.8070023140625 0.140625 0.84866898125 0.13333333281249998 0.8773726859375 0.1291666671875 0.9060763890625001 0.1307291671875 0.945891203125 0.1348958328125 0.9532986109374999 0.1815104171875 0.94820601875 0.184375 0.9347800921874999 0.1828125 0.9097800921874999 0.1786458328125 0.88570601875 0.16354166718750002 0.8375578703125001 0.16458333281249998 0.74774305625 0.15859375 0.7324652781250001 0.15182291718750002 0.726909721875 0.1388020828125 0.733391203125 0.1328125 0.751446759375
1 0.08255208281250001 0.8056134265624999 0.0752604171875 0.81116898125 0.0682291671875 0.8320023140625 0.0682291671875 0.8505208328125 0.08072916718749999 0.9255208328125001 0.08125 0.9394097218749999 0.07552083281250001 0.9662615734374999 0.07760416718749999 0.970891203125 0.0966145828125 0.9611689812499999 0.11432291718750001 0.9583912031249999 0.11614583281249999 0.9551504625 0.10729166718750001 0.9320023140625 0.1057291671875 0.9190393515625 0.1046875 0.8366319437499999 0.0994791671875 0.8162615734375 0.08932291718749999 0.8056134265624999 0.08255208281250001 0.8056134265624999
1 0.0385416671875 0.7542245375000001 0.0385416671875 0.7718171296875 0.05 0.8468171296874999 0.0432291671875 0.8995949078125001 0.0427083328125 0.9282986109374999 0.046875 0.9570023140625 0.0497395828125 0.963946759375 0.0703125 0.970891203125 0.07552083281250001 0.9671875 0.08072916718749999 0.9375578703125 0.0770833328125 0.9023726859375 0.0671875 0.8495949078125001 0.0703125 0.7949652781250001 0.0692708328125 0.7625578703125 0.06770833281250001 0.7505208328125 0.06380208281250001 0.7407986109375 0.0575520828125 0.7343171296875 0.050260417187499996 0.733391203125 0.0416666671875 0.7431134265624999 0.0385416671875 0.7542245375000001
1 0.153125 0.6486689812499999 0.1510416671875 0.676446759375 0.1536458328125 0.72366898125 0.1625 0.739409721875 0.1651041671875 0.751446759375 0.16354166718750002 0.8310763890625001 0.1651041671875 0.8421875 0.1703125 0.8551504624999999 0.1744791671875 0.8523726859374999 0.1755208328125 0.8375578703125001 0.1859375 0.78570601875 0.1734375 0.7310763890625 0.1734375 0.6597800921875 0.16848958281249998 0.645428240625 0.1622395828125 0.6407986109375 0.153125 0.6486689812499999
1 0.21744791718749998 0.8222800921874999 0.2171875 0.8940393515625 0.22239583281250003 0.8745949078125002 0.21744791718749998 0.8222800921874999
1 0.20625 0.6903356484375001 0.1981770828125 0.6806134265624999 0.18984375 0.68524305625 0.1838541671875 0.7005208328125001 0.18697916718750002 0.7875578703125 0.175 0.8495949078125001 0.175 0.870891203125 0.1859375 0.914409721875 0.1864583328125 0.8931134265625001 0.1807291671875 0.8412615734375001 0.184375 0.8181134265625 0.19088541718750002 0.8056134265624999 0.1955729171875 0.8028356484374999 0.20442708281250002 0.8028356484374999 0.2140625 0.8125578703125 0.20833333281250002 0.78570601875 0.2088541671875 0.7505208328125 0.20677083281250003 0.7431134265624999 0.20963541718749998 0.7324652781250001 0.2140625 0.73570601875 0.21458333281250003 0.7292245375 0.2114583328125 0.72274305625 0.20625 0.6903356484375001
1 0.273525871875 0.74675890625 0.27395833281250004 0.7792245375 0.2619791671875 0.8171875 0.2588541671875 0.839409721875 0.2598958328125 0.8560763890625 0.2697916671875 0.8912615734374999 0.2713541671875 0.932928240625 0.2765625 0.9375578703125 0.28984375 0.9343171296874999 0.2947916671875 0.9255208328125001 0.296875 0.9097800921874999 0.2953125 0.8218171296874999 0.2989583328125 0.8070023140625 0.2942708328125 0.78663194375 0.29375 0.7708912031249999 0.2958333328125 0.73663194375 0.2989583328125 0.7245949078125 0.2989583328125 0.7005208328125001 0.29296875 0.6815393515625 0.2861979171875 0.6787615734375001 0.27682291718749996 0.6815393515625 0.2723958328125 0.6968171296875 0.273525871875 0.74675890625
1 0.23072916718749997 0.7440393515625 0.23333333281250002 0.7940393515624999 0.2322916671875 0.8440393515625001 0.21979166718749998 0.8940393515625 0.2166666671875 0.9190393515625 0.2166666671875 0.9338541671874999 0.2203125 0.94774305625 0.22916666718749998 0.9570023140625 0.24140625 0.957465278125 0.2528645828125 0.94913194375 0.26796875 0.9463541671875 0.2713541671875 0.93570601875 0.26875 0.8875578703125001 0.25729166718749996 0.844965278125 0.2604166671875 0.74866898125 0.2546875 0.7320023140625 0.24921875 0.725983796875 0.23932291718749998 0.7278356484375 0.23072916718749997 0.7440393515625
1 0.409375 0.80425259375 0.40520833281249996 0.8125578703125 0.40052083281249995 0.8995949078125001 0.3973958328125 0.914409721875 0.3880208328125 0.9394097218749999 0.39114583281250004 0.9431134265625001 0.409375 0.9412691031249999 0.409375 0.80425259375
1 0.35625 0.695891203125 0.3546875 0.7088541671874999 0.3557291671875 0.7273726859374999 0.3619791671875 0.7375578703125 0.3651041671875 0.757928240625 0.35625 0.820891203125 0.3557291671875 0.8495949078125001 0.3661458328125 0.9125578703125001 0.375 0.8958912031249999 0.3817708328125 0.8542245375 0.3807291671875 0.826446759375 0.3734375 0.7801504625 0.38229166718749996 0.7162615734375001 0.3828125 0.6995949078125 0.38125 0.6912615734375 0.3721354171875 0.6796875 0.36640625 0.6796875 0.3611979171875 0.6843171296875 0.35625 0.695891203125
1 0.3356770828125 0.6093171296875 0.3268229171875 0.61116898125 0.3223958328125 0.62366898125 0.3223958328125 0.68570601875 0.3177083328125 0.7097800921874999 0.3182291671875 0.7375578703125 0.3265625 0.7708912031249999 0.3307291671875 0.807928240625 0.334375 0.745891203125 0.3369791671875 0.73570601875 0.34375 0.7245949078125 0.3380208328125 0.6940393515625 0.3427083328125 0.6255208328124999 0.3401041671875 0.6153356484375 0.3356770828125 0.6093171296875
1 0.26953125 0.6093171296875 0.26119791718749996 0.6120949078125 0.25625 0.626446759375 0.25729166718749996 0.6968171296875 0.25 0.72366898125 0.2578125 0.73663194375 0.2609375 0.7505208328125 0.2598958328125 0.8162615734375 0.2645833328125 0.81070601875 0.271875 0.78663194375 0.27395833281250004 0.7708912031249999 0.2723958328125 0.695891203125 0.2791666671875 0.6542245375 0.2791666671875 0.6301504625 0.2776041671875 0.620891203125 0.26953125 0.6093171296875
1 0.22552083281250002 0.6847800921875 0.22760416718749998 0.6912615734375 0.228125 0.7338541671875 0.2203125 0.763483796875 0.21614583281250002 0.7931134265625 0.21614583281250002 0.8088541671874999 0.22239583281250003 0.8357060187500001 0.225 0.86070601875 0.23125 0.8468171296874999 0.23333333281250002 0.8282986109374999 0.23072916718749997 0.7588541671875 0.23177083281250002 0.7375578703125 0.23828125 0.7278356484375 0.2479166671875 0.72274305625 0.25 0.657928240625 0.24453125 0.6426504625 0.2388020828125 0.6380208328125 0.23203125 0.6407986109375 0.2265625 0.6532986109375 0.22552083281250002 0.6847800921875
1 0.0721354171875 0.6222800921875 0.0643229171875 0.620428240625 0.056770832812500005 0.6338541671875 0.0614583328125 0.7060763890625 0.0578125 0.7310763890625 0.06510416718749999 0.7421875 0.06875 0.7542245375000001 0.071875 0.81070601875 0.07552083281250001 0.8070023140625 0.0739583328125 0.8032986109374999 0.0744791671875 0.78570601875 0.0817708328125 0.744965278125 0.0822916671875 0.7282986109375 0.0760416671875 0.682928240625 0.0770833328125 0.63663194375 0.0721354171875 0.6222800921875
1 0.0067708328125 0.6671875 0.0078125 0.6940393515625 0.0135416671875 0.72366898125 0.014583332812499999 0.7440393515625 0.0083333328125 0.7949652781250001 0.0083333328125 0.813483796875 0.0171875 0.8542245375 0.0208333328125 0.86070601875 0.029166667187500002 0.8005208328125001 0.029166667187500002 0.7820023140625001 0.021354167187500002 0.7301504624999999 0.0203125 0.707928240625 0.0229166671875 0.69774305625 0.0302083328125 0.6875578703125 0.0307291671875 0.6810763890625 0.028125 0.66163194375 0.02265625 0.6528356484375 0.017447917187500002 0.6509837968750001 0.010677082812499999 0.6556134265625 0.0067708328125 0.6671875
1 0 0.7812086640625 0.0057291671875 0.8088541671874999 0.008854167187500001 0.8070023140625 0.009375 0.7847800921875 0.0151041671875 0.74774305625 0.0140625 0.72274305625 0.0078125 0.6931134265625 0.00625 0.6681134265625 0.01171875 0.6537615734375001 0.0161458328125 0.6505208328125001 0.0166666671875 0.639409721875 0.009114582812499999 0.6287615734375 0.0013020828125 0.6306134265625 0 0.634390228125 0 0.6801504640625 0.0036458328125000003 0.7153356484375 0 0.7434220640625 0 0.7812086640625
1 0.3838541671875 0.6153356484375 0.3807291671875 0.6375578703125 0.3838541671875 0.66163194375 0.3817708328125 0.6820023140625 0.38333333281250004 0.7042245375 0.3802083328125 0.739409721875 0.3854166671875 0.7708912031249999 0.3859375 0.8144097218749999 0.39010416718749996 0.8116319437499999 0.3942708328125 0.7995949078125 0.4015625 0.7671875 0.4015625 0.7273726859374999 0.3958333328125 0.6903356484375001 0.4010416671875 0.6421875 0.4010416671875 0.6218171296875 0.39765625 0.6120949078125 0.39401041718749996 0.6093171296875 0.38828125 0.6102430562500001 0.3838541671875 0.6153356484375
1 0.35625 0.595891203125 0.35078125 0.588946759375 0.3424479171875 0.5917245375 0.3385416671875 0.6032986109375 0.3427083328125 0.6338541671875 0.3385416671875 0.695891203125 0.3427083328125 0.719965278125 0.3463541671875 0.726446759375 0.3541666671875 0.72366898125 0.3552083328125 0.69774305625 0.35989583281250004 0.6820023140625 0.35885416718749996 0.6671875 0.35494791718749996 0.6685763890625 0.3536458328125 0.6625578703125 0.3578125 0.6032986109375 0.35625 0.595891203125
1 0.29453125 0.5917245375 0.28671875 0.5870949078125001 0.28072916718749996 0.594965278125 0.2786458328125 0.6070023140625 0.28072916718749996 0.66070601875 0.2776041671875 0.6773726859375 0.28828125 0.6778356484375 0.2958333328125 0.6838541671874999 0.2953125 0.6523726859375 0.2984375 0.6060763890625 0.29453125 0.5917245375
1 0.3114583328125 0.5745949078125 0.30807291718749996 0.570428240625 0.30130208281250004 0.5713541671875 0.29635416718749996 0.5801504625 0.2953125 0.5912615734375001 0.2979166671875 0.6051504624999999 0.29739583281250004 0.6403356484375 0.2989583328125 0.6431134265624999 0.3096354171875 0.63616898125 0.3114583328125 0.6292245375000001 0.3140625 0.5912615734375001 0.3114583328125 0.5745949078125
1 0.328125 0.5773726859374999 0.3270833328125 0.5625578703125 0.32369791718749996 0.551909721875 0.31484375 0.5565393515625 0.3114583328125 0.5671875 0.3135416671875 0.5995949078125 0.3109375 0.632928240625 0.3192708328125 0.6421875 0.3255208328125 0.61163194375 0.328125 0.5773726859374999
1 0.3375 0.6051504624999999 0.3411458328125 0.5560763890625 0.3356770828125 0.5435763890625 0.32890625 0.545428240625 0.3255208328125 0.5560763890625 0.328125 0.5690393515625 0.3255208328125 0.6005208328125 0.3265625 0.6097800921875 0.33515625 0.6093171296875 0.3375 0.6051504624999999
1 0.3921875 0.9153356484374999 0.39375 0.920891203125 0.39895833281250004 0.9005208328125001 0.4015625 0.8977430562500001 0.4018229171875 0.8667245375 0.3932291671875 0.8921875 0.3921875 0.9153356484374999
1 0.409375 0.598223165625 0.4028645828125 0.5926504625 0.3981770828125 0.595428240625 0.3942708328125 0.6042245375 0.4010416671875 0.62366898125 0.3963541671875 0.6921875 0.40208333281249997 0.73570601875 0.4015625 0.7792245375 0.4036458328125 0.7662615734375 0.409375 0.7552929140625 0.409375 0.6786689828125001 0.4078125 0.6681134265625 0.4078125 0.651446759375 0.409375 0.6395023140625 0.409375 0.598223165625
1 0.3252604171875 0.8028356484374999 0.3106770828125 0.7972800921875 0.30130208281250004 0.8046875 0.29635416718749996 0.8190393515625001 0.296875 0.913483796875 0.2953125 0.926446759375 0.28854166718749996 0.9468171296874999 0.3161458328125 0.9653356484375 0.32473958281250004 0.9657986109374999 0.3291666671875 0.9616319437499999 0.3223958328125 0.9320023140625 0.3223958328125 0.913483796875 0.3322916671875 0.8273726859374999 0.3302083328125 0.8144097218749999 0.3252604171875 0.8028356484374999
1 0.2127604171875 0.8093171296874999 0.1971354171875 0.8028356484374999 0.18697916718750002 0.8116319437499999 0.1807291671875 0.8338541671874999 0.1885416671875 0.9162615734374999 0.18802083281249998 0.9320023140625 0.1848958328125 0.9468171296874999 0.2166666671875 0.951446759375 0.2203125 0.9468171296874999 0.215625 0.9310763890625001 0.215625 0.8838541671875 0.2171875 0.857928240625 0.22109375 0.8565393515625 0.221875 0.8523726859374999 0.22135416718749998 0.839409721875 0.2127604171875 0.8093171296874999
1 0.3770833328125 0.5690393515625 0.375 0.5597800921875 0.37161458281250004 0.5565393515625 0.36484375 0.558391203125 0.3609375 0.5690393515625 0.36666666718749996 0.582928240625 0.3625 0.62274305625 0.3625 0.6412615734375 0.375 0.632928240625 0.3729166671875 0.6190393515625 0.3770833328125 0.5690393515625
1 0.38333333281250004 0.6551504625 0.3802083328125 0.639409721875 0.3731770828125 0.6343171296875 0.3658854171875 0.6407986109375 0.3625 0.6486689812499999 0.3614583328125 0.6792245375 0.37265625 0.6796875 0.378125 0.68570601875 0.38229166718749996 0.682928240625 0.38333333281250004 0.6551504625
1 0.35859375 0.570428240625 0.3533854171875 0.57320601875 0.3494791671875 0.5820023140625 0.3494791671875 0.5884837968750001 0.3552083328125 0.594965278125 0.3572916671875 0.6032986109375 0.353125 0.6625578703125 0.3583333328125 0.6847800921875 0.3619791671875 0.6755208328125001 0.3625 0.6255208328124999 0.3671875 0.5847800921874999 0.36484375 0.575983796875 0.35859375 0.570428240625
1 0.1309895828125 0.6148726859375 0.12578125 0.6167245375 0.1213541671875 0.6245949078125 0.1203125 0.66163194375 0.125 0.7005208328125001 0.12552083281249998 0.7727430562500001 0.1270833328125 0.78570601875 0.1348958328125 0.8070023140625 0.1375 0.8060763890625001 0.1375 0.7977430562500001 0.13229166718750002 0.751446759375 0.1393229171875 0.7315393515624999 0.14765625 0.726909721875 0.14895833281249998 0.72274305625 0.14114583281249998 0.6931134265625 0.14114583281249998 0.6292245375000001 0.1377604171875 0.6195023140625 0.1309895828125 0.6148726859375
1 0.1854166671875 0.632928240625 0.18802083281249998 0.6820023140625 0.18984375 0.68616898125 0.1940104171875 0.6806134265624999 0.20286458281250003 0.682465278125 0.20833333281250002 0.6912615734375 0.2088541671875 0.7801504625 0.2130208328125 0.7977430562500001 0.21614583281250002 0.788483796875 0.2192708328125 0.757928240625 0.21770833281250002 0.7412615734375001 0.20989583281250002 0.7171875 0.215625 0.695891203125 0.21614583281250002 0.6745949078125 0.20989583281250002 0.6542245375 0.20677083281250003 0.62366898125 0.20182291718749998 0.613946759375 0.1955729171875 0.61116898125 0.1895833328125 0.6153356484375 0.1854166671875 0.632928240625
1 0.22526041718749998 0.5907986109375 0.21979166718749998 0.6051504624999999 0.21875 0.632928240625 0.22135416718749998 0.6375578703125 0.221875 0.66070601875 0.2140625 0.7005208328125001 0.2130208328125 0.7181134265625 0.2208333328125 0.7570023140625001 0.22760416718749998 0.7375578703125 0.2286458328125 0.7255208328125 0.2286458328125 0.688483796875 0.2260416671875 0.6820023140625 0.22552083281250002 0.6699652781250001 0.2265625 0.6560763890625 0.23203125 0.6407986109375 0.23802083281250003 0.63663194375 0.2401041671875 0.6181134265624999 0.23958333281250002 0.6042245375 0.23307291718749998 0.588946759375 0.22526041718749998 0.5907986109375
1 0.16640625 0.5870949078125001 0.159375 0.6051504624999999 0.159375 0.63570601875 0.16015625 0.6398726859374999 0.16744791718750002 0.6435763890625 0.1734375 0.6570023140625001 0.1729166671875 0.7181134265625 0.1776041671875 0.74774305625 0.18020833281249998 0.7440393515625 0.1838541671875 0.7171875 0.1833333328125 0.6912615734375 0.1786458328125 0.670891203125 0.1760416671875 0.6681134265625 0.1796875 0.61163194375 0.1776041671875 0.6023726859374999 0.16640625 0.5870949078125001
1 0.1541666671875 0.5838541671875 0.15078125 0.5778356484375 0.14401041718750002 0.575983796875 0.1380208328125 0.5866319437499999 0.1369791671875 0.61163194375 0.1416666671875 0.6347800921875 0.1421875 0.7005208328125001 0.15 0.72366898125 0.153125 0.720891203125 0.1505208328125 0.6588541671874999 0.1546875 0.6403356484375 0.15572916718750002 0.6005208328125 0.1541666671875 0.5838541671875
1 0.10755208281249999 0.5963541671875 0.10260416718750001 0.6032986109375 0.1010416671875 0.6125578703125 0.1020833328125 0.6542245375 0.1052083328125 0.67366898125 0.1041666671875 0.6838541671874999 0.11536458281249999 0.6843171296875 0.12291666718750001 0.6903356484375001 0.1197916671875 0.6681134265625 0.1197916671875 0.607928240625 0.11484375 0.5963541671875 0.10755208281249999 0.5963541671875
1 0.1015625 0.59774305625 0.09713541718749999 0.582465278125 0.08828125 0.5796875 0.08333333281250001 0.5931134265625 0.08541666718749999 0.6310763890625 0.0875 0.6431134265624999 0.0984375 0.6551504625 0.0994791671875 0.664409721875 0.1015625 0.664409721875 0.1015625 0.59774305625
1 0.2630208328125 0.582928240625 0.25703125 0.5722800921875 0.24921875 0.5750578703125 0.2453125 0.5838541671875 0.24479166718749998 0.5912615734375001 0.246875 0.6440393515625 0.25 0.657928240625 0.24895833281250002 0.7107060187500001 0.2526041671875 0.7107060187500001 0.25729166718749996 0.694965278125 0.2567708328125 0.6218171296875 0.2625 0.6097800921875 0.2635416671875 0.601446759375 0.2630208328125 0.582928240625
1 0.28177083281250004 0.5755208328125 0.2796875 0.5597800921875 0.2721354171875 0.5537615734375001 0.26510416718749996 0.563483796875 0.2640625 0.5690393515625 0.2645833328125 0.5968171296875 0.2669270828125 0.608391203125 0.2760416671875 0.6171875 0.28177083281250004 0.5912615734375001 0.28177083281250004 0.5755208328125
1 0.071875 0.619965278125 0.07083333281250001 0.5662615734375 0.0684895828125 0.558391203125 0.060677082812500005 0.5565393515625 0.05625 0.5644097218749999 0.0578125 0.601446759375 0.06328125 0.6185763890625 0.071875 0.619965278125
1 0.0325520828125 0.5750578703125 0.025260417187500002 0.57320601875 0.0223958328125 0.576446759375 0.0203125 0.5875578703125 0.0239583328125 0.639409721875 0.0197916671875 0.6468171296875 0.028125 0.66070601875 0.0322916671875 0.676446759375 0.034375 0.67366898125 0.0375 0.6542245375 0.0322916671875 0.61163194375 0.0322916671875 0.5968171296875 0.0364583328125 0.5838541671875 0.0325520828125 0.5750578703125
1 0.0388020828125 0.5852430562500001 0.0322916671875 0.5968171296875 0.0317708328125 0.6125578703125 0.0364583328125 0.6412615734375 0.0364583328125 0.6625578703125 0.0328125 0.682928240625 0.03515625 0.6880208328125 0.04375 0.6940393515625 0.0473958328125 0.6875578703125 0.0479166671875 0.670891203125 0.04375 0.6171875 0.0494791671875 0.59774305625 0.0450520828125 0.5870949078125001 0.0388020828125 0.5852430562500001
1 0.05989583281250001 0.6070023140625 0.054947917187499994 0.601909721875 0.0466145828125 0.6037615734375 0.0427083328125 0.6181134265624999 0.0473958328125 0.6671875 0.0453125 0.6968171296875 0.0479166671875 0.7301504624999999 0.0494791671875 0.7320023140625 0.058333332812500006 0.7301504624999999 0.0609375 0.7107060187500001 0.0609375 0.688483796875 0.05625 0.6403356484375 0.061979167187499996 0.6171875 0.05989583281250001 0.6070023140625
1 0.10364583281249999 0.5968171296875 0.115625 0.595891203125 0.1166666671875 0.5625578703125 0.11119791718750001 0.5500578703125 0.10390625 0.551909721875 0.1010416671875 0.5597800921875 0.0994791671875 0.5810763890625 0.10364583281249999 0.5968171296875
1 0.0838541671875 0.5912615734375001 0.0880208328125 0.5773726859374999 0.08515625 0.5695023140625001 0.0799479171875 0.5657986109375 0.0723958328125 0.569965278125 0.0703125 0.5884837968750001 0.0713541671875 0.61163194375 0.0791666671875 0.6477430562500001 0.08645833281250001 0.6421875 0.0838541671875 0.5912615734375001
1 0.1434895828125 0.5195023140625 0.1385416671875 0.5218171296875 0.1380208328125 0.53570601875 0.1325520828125 0.538946759375 0.1296875 0.5449652781250001 0.1296875 0.56070601875 0.134375 0.569965278125 0.1348958328125 0.582928240625 0.1388020828125 0.5833912031249999 0.1432291671875 0.5755208328125 0.1453125 0.5653356484375001 0.1453125 0.5495949078125 0.14791666718750002 0.5440393515624999 0.1484375 0.5282986109375 0.1434895828125 0.5195023140625
1 0.11875 0.5745949078125 0.12552083281249998 0.5588541671875 0.1260416671875 0.5412615734374999 0.1216145828125 0.5287615734375 0.11536458281249999 0.5278356484375 0.11145833281249999 0.5347800921875 0.1109375 0.54866898125 0.11875 0.5745949078125
1 0.1682291671875 0.5653356484375001 0.1666666671875 0.5801504625 0.1677083328125 0.5884837968750001 0.1731770828125 0.5926504625 0.1776041671875 0.6032986109375 0.1765625 0.66070601875 0.1817708328125 0.6866319437499999 0.184375 0.688483796875 0.1864583328125 0.6875578703125 0.18802083281249998 0.6718171296875 0.1859375 0.6190393515625 0.1885416671875 0.6051504624999999 0.1848958328125 0.5912615734375001 0.1828125 0.5653356484375001 0.17890625 0.5593171296875 0.17421875 0.558391203125 0.1682291671875 0.5653356484375001
1 0.723510859375 0.853125 0.753777375 0.853125 0.761997609375 0.843176328125 0.7648272203125 0.8309317437499999 0.7648272203125 0.678340325 0.7586879015625 0.6467588234375 0.7596791062499999 0.6087534375 0.7648272203125 0.5735048593750001 0.7648272203125 0.54592280625 0.761205428125 0.5336746515625 0.753494334375 0.5240342453125 0.7460731734375 0.5222672390625 0.7376074890625001 0.5279258234374999 0.7268894609375 0.5498275015624999 0.7232322 0.579523796875 0.7224352359375 0.6203069593749999 0.7182571421875 0.650009315625 0.7101066234375001 0.6825379296875 0.7020265640625001 0.7011655390625 0.6890625 0.742825428125 0.6890625 0.759038865625 0.6897626953125 0.7643224359375 0.70466119375 0.7910227765625001 0.7100580546874999 0.8085668859374999 0.7063331890625 0.8447507218750001 0.714370875 0.8516072890625 0.723510859375 0.853125
0 0.8733998125 0.83662135 0.8849704234375 0.8112265640625 0.890625 0.7810284640624999 0.890625 0.7569806906250001 0.8902740281250001 0.7381117484375 0.8843832546874999 0.710300640625 0.8730533578124999 0.6875503046875 0.8641291640625 0.67546175625 0.8411424671875001 0.6632913953124999 0.8260436859375 0.6641294453125 0.8094362765625001 0.6742176687500001 0.7932051 0.7042148125000001 0.7859375 0.7368755499999999 0.7859375 0.7822990546874999 0.7943669718749999 0.814403028125 0.80123476875 0.8311090859375 0.810422075 0.8436621125 0.8196673921875 0.8484375 0.8596392187500002 0.8484375 0.8733998125 0.83662135