1 0.3203125 0.2520833328125 0.31875 0.2298611109375 0.316015625 0.225 0.289453125 0.225 0.28515625 0.23541666718749998 0.28515625 0.26180555625 0.28984375 0.3451388890625 0.27265625 0.42291666718750004 0.2703125 0.48402777812500003 0.284375 0.571527778125 0.290234375 0.5791666671875 0.30703125 0.5798611109375 0.314453125 0.5791666671875 0.3203125 0.5673611109375 0.3328125 0.49930555625000006 0.334375 0.4548611109375 0.33046875 0.4145833328125 0.315625 0.35069444375000003 0.31484375 0.3145833328125 0.3203125 0.2520833328125
1 0.383203125 0.2375 0.367578125 0.23055555625 0.35703125 0.24236111093749999 0.353125 0.259027778125 0.35859375 0.3673611109375 0.34140625 0.44097222187499996 0.33828125 0.5020833328125 0.3421875 0.5381944437499999 0.35390625 0.5951388890625 0.362890625 0.6041666671875 0.38046875 0.6034722218749999 0.38828125 0.596527778125 0.396875 0.559027778125 0.403125 0.51875 0.4046875 0.48125 0.40078125 0.43958333281249995 0.384375 0.3645833328125 0.3890625 0.2576388890625 0.383203125 0.2375
1 0.451953125 0.252777778125 0.441796875 0.2486111109375 0.433984375 0.252777778125 0.425 0.2770833328125 0.4296875 0.384027778125 0.41171875 0.46458333281249997 0.409375 0.5243055562500001 0.4234375 0.615972221875 0.429296875 0.6263888890625 0.45078125 0.6270833328125 0.45859375 0.621527778125 0.4671875 0.578472221875 0.4734375 0.5243055562500001 0.4734375 0.49375 0.46953125 0.45347222187499997 0.45625 0.39375 0.46015625 0.27569444375 0.451953125 0.252777778125
1 0.809765625 0.22777777812500002 0.783984375 0.22777777812500002 0.7796875 0.23819444375 0.7796875 0.26597222187499997 0.7859375 0.33541666718749996 0.784375 0.3576388890625 0.76640625 0.44097222187499996 0.765625 0.48541666718750004 0.78125 0.5770833328125 0.787109375 0.584722221875 0.80625 0.5854166671875001 0.813671875 0.58194444375 0.81953125 0.5645833328125 0.828125 0.5104166671875 0.83046875 0.44930555625 0.82265625 0.39791666718749996 0.81015625 0.353472221875 0.81328125 0.23402777812500003 0.809765625 0.22777777812500002
1 0.714453125 0.23611111093749998 0.701171875 0.23333333281250002 0.694921875 0.2375 0.6875 0.25625 0.69296875 0.37013888906250003 0.6765625 0.44236111093749997 0.67265625 0.49652777812500004 0.678125 0.546527778125 0.68984375 0.6006944437499999 0.697265625 0.6083333328125 0.71484375 0.6076388890625 0.719921875 0.60555555625 0.725 0.59375 0.734375 0.546527778125 0.73828125 0.5173611109375 0.73828125 0.46458333281249997 0.71875 0.37152777812500004 0.72265625 0.25625 0.714453125 0.23611111093749998
1 0.48125 0.35208333281250004 0.4791666671875 0.3256172828125 0.48515625 0.23402777812500003 0.480078125 0.225 0.457421875 0.225 0.453125 0.2298611109375 0.45078125 0.24236111093749999 0.459375 0.2673611109375 0.4609375 0.284027778125 0.45625 0.38680555625 0.471875 0.46875 0.4734375 0.528472221875 0.46796875 0.5798611109375 0.47421875 0.5826388890625 0.481640625 0.58055555625 0.48359375 0.5729166671875 0.48046875 0.5409722218749999 0.48125 0.5020833328125 0.4859375 0.4701388890625 0.49453125 0.43958333281249995 0.49609375 0.415972221875 0.48125 0.35208333281250004
1 0.612109375 0.25 0.602734375 0.25694444375000003 0.59609375 0.2770833328125 0.6 0.3923611109375 0.5828125 0.46458333281249997 0.5796875 0.5298611109375 0.583984375 0.55 0.607421875 0.565277778125 0.6328125 0.6020833328124999 0.6390625 0.5798611109375 0.64375 0.49652777812500004 0.640625 0.45069444374999995 0.6265625 0.3895833328125 0.63203125 0.28680555625 0.62890625 0.26597222187499997 0.622265625 0.25555555625 0.612109375 0.25
1 0.645703125 0.22638888906250001 0.619921875 0.22638888906250001 0.615625 0.2479166671875 0.62734375 0.26180555625 0.63203125 0.278472221875 0.62734375 0.38819444375 0.64296875 0.46875 0.64375 0.5201388890625 0.6390625 0.58125 0.64375 0.5840277781250001 0.65078125 0.57569444375 0.66171875 0.5229166671875001 0.66640625 0.4798611109375 0.665625 0.4451388890625 0.64609375 0.34930555625 0.6515625 0.246527778125 0.65 0.23263888906250002 0.645703125 0.22638888906250001
1 0.535546875 0.23194444375 0.5234375 0.246527778125 0.5203125 0.26597222187499997 0.53046875 0.2826388890625 0.5328125 0.2979166671875 0.528125 0.36319444375 0.52890625 0.41041666718750003 0.5421875 0.4701388890625 0.5453125 0.5520833328125 0.55 0.559027778125 0.564453125 0.55 0.56796875 0.5381944437499999 0.571875 0.47291666718750003 0.56484375 0.42430555625000005 0.5515625 0.37013888906250003 0.55625 0.2576388890625 0.548828125 0.2375 0.535546875 0.23194444375
1 0.519140625 0.2666666671875 0.504296875 0.272222221875 0.496875 0.290972221875 0.5015625 0.40625 0.484375 0.48125 0.48125 0.51180555625 0.48203125 0.5576388890625 0.4875 0.5951388890625 0.4984375 0.6451388890625 0.50703125 0.6479166671875001 0.51015625 0.6451388890625 0.52109375 0.6006944437499999 0.5453125 0.55625 0.5421875 0.47291666718750003 0.528125 0.409027778125 0.53203125 0.290972221875 0.528125 0.278472221875 0.519140625 0.2666666671875
0 0.572265625 0.55 0.541015625 0.56805555625 0.52421875 0.5951388890625 0.51328125 0.6298611109375 0.51015625 0.671527778125 0.51640625 0.71319444375 0.533203125 0.7486111109375 0.549609375 0.765277778125 0.573046875 0.777777778125 0.58125 0.7770833328125 0.609765625 0.75555555625 0.6265625 0.7284722218749999 0.6375 0.690972221875 0.63984375 0.659027778125 0.63125 0.60625 0.616015625 0.5763888890625 0.599609375 0.559722221875 0.572265625 0.55