1 0.10084410156250001 0.509375 0.10833541718749999 0.4820142265625 0.11378630468749999 0.4376516671875 0.11340390156249999 0.397169171875 0.1041497046875 0.3325023546875 0.10652776875 0.2963503 0.1140625 0.253489359375 0.1140625 0.2067510984375 0.0889746703125 0.20543630156249998 0.0837664546875 0.2156277796875 0.0814577265625 0.2420166671875 0.078854503125 0.3255956640625 0.06983404531250001 0.35449950625 0.06983404531250001 0.509375 0.10084410156250001 0.509375
1 0.18352239374999998 0.509375 0.1859375 0.497956284375 0.1859375 0.397235403125 0.1768786609375 0.3415154421875 0.1859375 0.2525415875 0.1859375 0.22645117812499999 0.1831085484375 0.2145003640625 0.171649853125 0.20995740624999998 0.16653892812499999 0.20995740624999998 0.15665354375 0.2208858125 0.151776571875 0.23777999374999997 0.1509356234375 0.3457948078125 0.1373788171875 0.39289652343750003 0.1373788171875 0.509375 0.18352239374999998 0.509375
1 0.271875 0.509375 0.271875 0.3915293078125 0.2657439328125 0.3704875859375 0.2620848390625 0.25213603125 0.252413146875 0.2298409609375 0.247929975 0.22837983906249998 0.2389201796875 0.22837983906249998 0.234444396875 0.23120255156249997 0.2270175921875 0.25618890156249996 0.2385584046875 0.3627781484375 0.22575188906250002 0.44469529375 0.2272353125 0.504595115625 0.2282871265625 0.509375 0.271875 0.509375
1 0.2647246921875 0.509375 0.26689497812499996 0.4794002703125 0.273256615625 0.4471554390625 0.2834517140625 0.41604917031250005 0.2859375 0.39499809531249996 0.2859375 0.3906181140625 0.2747561453125 0.32940027031249997 0.27405983906250003 0.30306772656250003 0.28484942343749997 0.2110943921875 0.28048350312500003 0.202843834375 0.2731941890625 0.202843834375 0.2575881765625 0.2038439140625 0.25303654062500003 0.20898038125 0.2501663015625 0.22108806250000002 0.2501663015625 0.22206228281249998 0.2573212484375 0.24607986249999997 0.25801028593750003 0.2626464 0.2501663015625 0.3429079875 0.2501663015625 0.381654415625 0.259266903125 0.446667715625 0.25769949531249997 0.5062898078125 0.257212803125 0.509375 0.2647246921875 0.509375
1 0.4 0.509375 0.4 0.24328154687499998 0.3943414578125 0.2576497390625 0.390860371875 0.3729275171875 0.37967078593750003 0.409971315625 0.37967078593750003 0.509375 0.4 0.509375
1 0.35775465624999997 0.509375 0.359375 0.49235928749999996 0.359375 0.426173484375 0.35739708124999997 0.407934025 0.346007375 0.35268321875 0.35462346093749997 0.24056585625000002 0.3479048515625 0.2198211234375 0.33481760625 0.2131814296875 0.32219896718749996 0.22677628125 0.31960748125 0.23984904375 0.31960748125 0.248181375 0.3279691921875 0.2634613484375 0.329779428125 0.278930446875 0.32281237812499997 0.3438255828125 0.3219445921875 0.39111158281249997 0.333140296875 0.45191794375 0.3333244390625 0.509375 0.35775465624999997 0.509375
1 0.33125 0.509375 0.33125 0.4394482609375 0.322362634375 0.390780278125 0.330391475 0.2729750453125 0.326921734375 0.2602247203125 0.31834961875 0.247843421875 0.303311865625 0.25244774531249997 0.295235225 0.2707221296875 0.2958971375 0.3863002984375 0.28044080625 0.443968109375 0.28044080625 0.509375 0.33125 0.509375
1 0.533439665625 0.37016779375 0.5375 0.3386740875 0.5375 0.28818383281250004 0.5309208078125 0.2374863640625 0.53522590625 0.19724953125 0.5163890609375 0.1927741890625 0.51335090625 0.1961031109375 0.5122923187499999 0.235114828125 0.49924712812500005 0.2775631640625 0.49924712812500005 0.415625 0.5206433625 0.415625 0.5217387812500001 0.4142028015625 0.533439665625 0.37016779375
1 0.0960096296875 0.509375 0.0928724859375 0.5348140406249999 0.0797829875 0.5662849609375 0.0797829875 0.734375 0.089519678125 0.734375 0.0907913953125 0.73352910625 0.1009994703125 0.7110423484374999 0.11311706875000001 0.67121495 0.11915835781249999 0.6380453890625 0.121171884375 0.6060600015625 0.115459403125 0.5457645703125 0.1222602609375 0.509375 0.0960096296875 0.509375
0 0.30045818281250003 0.6625 0.3237143234375 0.654240471875 0.3356858484375 0.6302521171875 0.3359375 0.6286323796875 0.3359375 0.5744286859375001 0.3295706390625 0.5507739515625001 0.3161079640625 0.53466279375 0.2888506015625 0.53466279375 0.271840859375 0.5527476375 0.2603495859375 0.587811409375 0.2596079078125 0.6129890109375 0.265808475 0.6362449234375 0.2817301671875 0.6580663953125 0.2970492734375 0.6625 0.30045818281250003 0.6625
1 0.08655708281249999 0.509375 0.0828595296875 0.5358544140625 0.0957944296875 0.547095965625 0.1023153 0.559375 0.1046875 0.559375 0.1046875 0.509375 0.08655708281249999 0.509375
1 0.79094736875 0.509375 0.7885652484375 0.585855253125 0.7825027109375 0.604713509375 0.7825027109375 0.7734375 0.7962504390625 0.7734375 0.8044525546875001 0.7541187171875 0.8163964640625 0.70730593125 0.81875 0.6804048953125 0.81875 0.6535404484375 0.8097805109374999 0.5855718421875 0.81875 0.519982515625 0.81875 0.509375 0.79094736875 0.509375
1 0.8710966953125 0.509375 0.8688467453125 0.5158990859375 0.8679249046875 0.6253027890625 0.8571226968750001 0.66394011875 0.8571226968750001 0.8359375 0.877574321875 0.8359375 0.88407765625 0.8292202515625 0.8998133984375001 0.772936653125 0.9046875 0.7292097953125 0.9046875 0.6888637203125001 0.9042902312500001 0.682704378125 0.8936252609374999 0.62519009375 0.8946236687500001 0.5946800390625 0.9030045874999999 0.5443615203125 0.9046875 0.5154670265625 0.9046875 0.509375 0.8710966953125 0.509375
2 0.4 1 1 1 1 0.9414706078125 0.44108002500000004 0.9414706078125 0.4 0.94417375 0.4 1