1 0.231640625 0.21805555625 0.22890625 0.22152777812500002 0.228125 0.23680555625 0.234375 0.3104166671875 0.23359375 0.3645833328125 0.209375 0.4673611109375 0.20625 0.5395833328124999 0.21015625 0.5826388890625 0.2265625 0.6659722218749999 0.234765625 0.675 0.2546875 0.67569444375 0.265234375 0.6736111109375 0.26953125 0.6673611109375 0.28203125 0.615972221875 0.2890625 0.4673611109375 0.26875 0.37013888906250003 0.27421875 0.22569444375 0.261328125 0.21944444375 0.231640625 0.21805555625
1 0.901171875 0.25 0.8984375 0.25347222187499996 0.8984375 0.2854166671875 0.9046875 0.353472221875 0.90234375 0.39791666718749996 0.87578125 0.50625 0.87265625 0.5409722218749999 0.8734375 0.5854166671875001 0.89140625 0.6979166671875 0.900390625 0.7083333328125 0.9296875 0.7090277781250001 0.940625 0.690972221875 0.95546875 0.615972221875 0.9609375 0.5645833328125 0.96171875 0.509027778125 0.9375 0.4048611109375 0.94453125 0.25486111093749997 0.934765625 0.25 0.901171875 0.25
1 0.81640625 0.2826388890625 0.815625 0.25486111093749997 0.805859375 0.24444444375000002 0.773046875 0.24305555625 0.7671875 0.2576388890625 0.76796875 0.30763888906250003 0.7734375 0.35625 0.771875 0.41875 0.746875 0.5173611109375 0.74375 0.546527778125 0.74375 0.6034722218749999 0.74921875 0.653472221875 0.7640625 0.7284722218749999 0.773046875 0.7361111109375 0.80234375 0.7354166671875 0.8140625 0.7145833328125 0.82578125 0.6604166671875 0.834375 0.5951388890625 0.834375 0.5451388890625 0.8265625 0.49375 0.809375 0.42152777812500003 0.809375 0.36875 0.81640625 0.2826388890625
1 0.6765625 0.2645833328125 0.667578125 0.2416666671875 0.648046875 0.2375 0.6359375 0.24930555625 0.6296875 0.27291666718749996 0.63515625 0.43263888906250003 0.6171875 0.5006944437499999 0.615625 0.5173611109375 0.6375 0.55625 0.646875 0.5868055562500001 0.65234375 0.6256944437499999 0.65078125 0.684027778125 0.6328125 0.7520833328125 0.642578125 0.7597222218749999 0.6671875 0.76180555625 0.67578125 0.7479166671875 0.690625 0.6770833328125 0.696875 0.628472221875 0.69765625 0.571527778125 0.6890625 0.51180555625 0.671875 0.43541666718750005 0.678125 0.31736111093749997 0.6765625 0.2645833328125
1 0.721875 0.2479166671875 0.713671875 0.240277778125 0.678515625 0.240277778125 0.67578125 0.24375 0.67578125 0.25625 0.67890625 0.27430555624999997 0.6796875 0.36319444375 0.67265625 0.43125 0.675 0.45347222187499997 0.69375 0.53125 0.6984375 0.5729166671875 0.6984375 0.61875 0.6890625 0.6979166671875 0.7078125 0.69930555625 0.71484375 0.69375 0.7203125 0.6729166671875 0.73359375 0.6048611109375 0.73828125 0.5631944437499999 0.73671875 0.49791666718750005 0.71484375 0.39375 0.71484375 0.3270833328125 0.721875 0.2479166671875
1 0.35546875 0.23541666718749998 0.351171875 0.22638888906250001 0.317578125 0.2236111109375 0.310546875 0.22638888906250001 0.3078125 0.23680555625 0.3125 0.3923611109375 0.29140625 0.478472221875 0.28671875 0.52569444375 0.2859375 0.59930555625 0.3046875 0.70625 0.312109375 0.7125 0.3359375 0.71319444375 0.34921875 0.7048611109375 0.3640625 0.63819444375 0.371875 0.515972221875 0.36484375 0.4673611109375 0.34921875 0.39930555624999997 0.34921875 0.3395833328125 0.35546875 0.27430555624999997 0.35546875 0.23541666718749998
1 0.4421875 0.259027778125 0.433203125 0.23333333281250002 0.410546875 0.22777777812500002 0.3984375 0.23958333281250002 0.3921875 0.26597222187499997 0.39765625 0.35208333281250004 0.39765625 0.42152777812500003 0.3734375 0.5215277781250001 0.36875 0.6104166671875 0.37421875 0.6659722218749999 0.390625 0.74375 0.398828125 0.7513888890625 0.42265625 0.7506944437499999 0.429296875 0.7458333328125 0.43203125 0.73680555625 0.42265625 0.7048611109375 0.41328125 0.5868055562500001 0.42109375 0.5243055562500001 0.44140625 0.4673611109375 0.43515625 0.4201388890625 0.4421875 0.259027778125
1 0.540234375 0.23333333281250002 0.534375 0.24236111093749999 0.5328125 0.26875 0.5390625 0.33541666718749996 0.5390625 0.4048611109375 0.51640625 0.490972221875 0.51328125 0.51319444375 0.515625 0.51875 0.548828125 0.49305555625 0.59375 0.49375 0.57578125 0.409027778125 0.57734375 0.321527778125 0.58203125 0.2645833328125 0.58125 0.2451388890625 0.576171875 0.23611111093749998 0.540234375 0.23333333281250002
1 0.451171875 0.23055555625 0.44921875 0.23680555625 0.45390625 0.3576388890625 0.453125 0.3770833328125 0.4390625 0.43263888906250003 0.440625 0.45625 0.44453125 0.46319444374999996 0.45703125 0.44375 0.46484375 0.409027778125 0.4703125 0.29375 0.480859375 0.26805555625 0.4953125 0.2576388890625 0.49609375 0.24236111093749999 0.493359375 0.23333333281250002 0.451171875 0.23055555625
0 0.608203125 0.5097222218749999 0.590234375 0.49583333281249997 0.559765625 0.4916666671875 0.541015625 0.497222221875 0.523046875 0.5125 0.49765625 0.55625 0.48203125 0.6048611109375 0.48125 0.659027778125 0.4890625 0.7048611109375 0.517578125 0.76805555625 0.531640625 0.784722221875 0.561328125 0.8013888890624999 0.57421875 0.80069444375 0.607421875 0.777777778125 0.63515625 0.73819444375 0.65078125 0.68125 0.65234375 0.6326388890625 0.64296875 0.57569444375 0.634375 0.55069444375 0.620703125 0.5263888890625 0.608203125 0.5097222218749999
2 1 0.1395833328125 0.999609375 0 0 0.00069444375 0.000390625 0.20694444375 0.187109375 0.21944444375 0.252734375 0.215277778125 0.288671875 0.225 0.345703125 0.222222221875 0.375390625 0.22916666718749998 0.408203125 0.2236111109375 0.435546875 0.22916666718749998 0.483984375 0.22638888906250001 0.514453125 0.23472222187499997 0.549609375 0.22916666718749998 0.598828125 0.2375 0.705078125 0.23472222187499997 0.741015625 0.24444444375000002 0.796484375 0.240277778125 0.850390625 0.2486111109375 0.912109375 0.24583333281250003 0.99453125 0.25347222187499996 1 0.2520833328125 0.999609375 0.19583333281249998 0.918359375 0.19305555624999998 0.914453125 0.20277777812500003 0.909375 0.19097222187500001 0.90703125 0.165972221875 0.909765625 0.13888888906250002 1 0.1395833328125