1 0.3530919421875 0 0.3530919421875 0.0765625 0.372757721875 0.0765625 0.37405891874999997 0.07506063125 0.3900588015625 0.04073843125 0.4018149125 0.01018199375 0.4040922375 0 0.3530919421875 0
1 0.3412272234375 0 0.3383824890625 0.016143490625 0.33251176718750003 0.036589884375 0.33246427968750003 0.0375 0.3382143328125 0.0375 0.3385117671875 0.0369743828125 0.34375 0.020861356249999997 0.34375 0 0.3412272234375 0
0 0.062366865625000004 0 0.062366865625000004 0.07108339999999999 0.0633708109375 0.0758234453125 0.071437365625 0.098784175 0.0852256484375 0.12451788125 0.1020603328125 0.145038990625 0.1224515625 0.160101403125 0.1246639296875 0.1609375 0.18588076874999998 0.1609375 0.19900811406250002 0.15506740937500002 0.221092259375 0.1367652296875 0.2409706453125 0.1112273890625 0.2525707546875 0.08838107656250001 0.2616665375 0.061535189062499995 0.265625 0.042529975 0.265625 0 0.062366865625000004 0
2 1 0.43188932343750003 0.8238995250000001 0.4145012421875 0.442228553125 0.386740403125 0.439817984375 0.40111897343749997 0.44204425937499997 0.45102796874999995 0.44716888906249996 0.47759886875 0.4518948171875 0.49377585156250003 0.46884955625 0.49683749375 0.46779100468749996 0.5085292906250001 0.46346377812500006 0.5027462234375 0.4589644953125 0.5100893453124999 0.46236068125 0.524114740625 0.4703551484375 0.528125 0.4738678328125 0.528125 0.4765506984375 0.5214843171875 0.47843156093749994 0.528125 0.5067565453125 0.528125 0.5076954546875 0.5219155328125 0.5109868093750001 0.528125 0.5131367953125 0.528125 0.5148319484374999 0.523713946875 0.5195194484375 0.5239869625 0.5216365546875 0.5006033640625 0.5264070265624999 0.507103628125 0.5253323171875 0.4980531 0.50749108125 0.49355706875000005 0.50823390625 0.477698603125 0.5130873484375 0.49042611562499994 0.5169935984375 0.49065362968750004 0.5201408703125 0.48599727968749995 0.5197421671875 0.4756033640625 0.527742884375 0.483674528125 0.5331448171875 0.498508125 0.5468915859375001 0.4951605078125 0.560909540625 0.5056562734375001 0.8722613656250001 0.528125 1 0.528125 1 0.43188932343750003
1 0.06624995624999999 0.559375 0.06690945781249999 0.563512265625 0.07945135 0.6242314734375001 0.08959474375000001 0.65806545625 0.1200696734375 0.812111540625 0.1276593625 0.88357471875 0.1286788390625 1 0.2875218828125 1 0.267349334375 0.953363725 0.24620655 0.91052888125 0.2210999125 0.848082709375 0.2068012796875 0.784485590625 0.19914684375 0.7120964875 0.1948116484375 0.6426854203125 0.194580496875 0.559375 0.06624995624999999 0.559375
1 0.5625518171875 0.740625 0.575 0.740625 0.575 0.6456299921875 0.5713533140625 0.6341246328125 0.569976025 0.5832112265625 0.563039046875 0.5735084406250001 0.5563945296874999 0.573121440625 0.5510617640625 0.5845892640625 0.5580642765625 0.6333506343749999 0.549286059375 0.6811928828125 0.5515508312499999 0.711080803125 0.5625518171875 0.740625
1 0.6037231765625 0.63922886875 0.6078125 0.60430463125 0.6078125 0.59517163125 0.604720709375 0.5890625 0.5961108859375 0.5890625 0.591239103125 0.5968876468750001 0.5906119140625 0.6504368375 0.584023909375 0.6680441078125 0.584023909375 0.7405859671874999 0.5859498546874999 0.74375 0.5993209593750001 0.74375 0.607314228125 0.72017531875 0.6078125 0.7163336421875 0.6078125 0.6624520328125 0.6037231765625 0.63922886875
1 0.632273978125 0.7375 0.6407644515625 0.7122570406250001 0.6421875 0.6982314374999999 0.6421875 0.6795404421875 0.637382221875 0.6542492375 0.6416089828125 0.6056232890625 0.6399244390625001 0.6001645 0.633556671875 0.5996496125 0.6316295515625 0.5996496125 0.6254799234374999 0.6117081046874999 0.62501083125 0.6538750875 0.6194044796875 0.6703068562500001 0.6194044796875 0.7375 0.632273978125 0.7375
1 0.6703125 0.6499191484375 0.66877194375 0.6187958828125 0.6593428250000001 0.6101423765625 0.6546523437499999 0.6178910578125001 0.6601268 0.6615840578125 0.6559471312499999 0.679891434375 0.6572956109375 0.7047448109375 0.66493911875 0.7359375 0.6703125 0.7359375 0.6703125 0.6499191484375
1 0.465625 0.6203214156250001 0.4606355796875 0.6121704484375 0.454821625 0.6117978734375 0.45165011718750003 0.61965300625 0.4555285484375 0.663292784375 0.451020821875 0.6816001593750001 0.4511884140625 0.7076456390625 0.460240753125 0.7390625 0.465625 0.7390625 0.465625 0.6203214156250001
1 0.4723651515625 0.740625 0.48380320625 0.740625 0.48624165625 0.7391715171875 0.49375 0.708460846875 0.49375 0.6748957171875001 0.48891238125 0.6532969703125 0.49224803906250003 0.6120946296875001 0.49094211249999997 0.6034837703125 0.48616037343750007 0.5998087296875 0.4853108375 0.5998087296875 0.47672102499999996 0.6068792546874999 0.476453909375 0.6540953453125 0.4710909296875 0.6708177890625 0.4710909296875 0.7360881359375 0.4723651515625 0.740625
1 0.5174485062499999 0.740625 0.5328125 0.740625 0.5328125 0.660039584375 0.5311996156250001 0.6543056265625 0.5289161671875 0.598265775 0.5189840968749999 0.5883694890625 0.512254128125 0.596052946875 0.5157927609375 0.6422269078125 0.5075512546875001 0.68398763125 0.5084138921875 0.7051582406250001 0.5173097875 0.740462853125 0.5174485062499999 0.740625
1 0.59375 0.6519374250000001 0.59375 0.6204026546875 0.5896226578125 0.6118989453125 0.585743825 0.6198848406249999 0.586774571875 0.6560477421875001 0.580547609375 0.67953984375 0.5783865203125 0.708134103125 0.5850507359375 0.7421875 0.59069245625 0.7421875 0.5843743734375 0.6983406296875 0.5864485125 0.6747276921875 0.59375 0.6519374250000001
1 0.8802243734375 0.6506085703125 0.8790923515625 0.6069930234375 0.8750757359375001 0.6015625 0.8687957015624999 0.6015625 0.8666900406250001 0.6015992546875 0.8630396843749999 0.6160002859375 0.8671747515625 0.6545765203125 0.8633086234375 0.6720981265625 0.8647125812500001 0.7069818640625 0.8691937703124999 0.7109375 0.8764467140625001 0.7109375 0.88125 0.71071201875 0.88125 0.6538911390625 0.8802243734375 0.6506085703125
1 0.959375 0.70625 0.959375 0.6714657453124999 0.9541322906249998 0.6470498953125 0.958602975 0.598656259375 0.9485507453124999 0.5898356312499999 0.9417539968749999 0.593106990625 0.9384664468749999 0.602243690625 0.938250075 0.6484370578124999 0.9296191734375 0.6748454046875001 0.9296191734375 0.70625 0.959375 0.70625
1 0.89375 0.709375 0.89375 0.6857620125 0.8871708703125 0.6559827453125 0.891083378125 0.6211280015625 0.8835735875000001 0.6117421203125 0.8797091874999999 0.6148337015625 0.8787265546875 0.631687315625 0.8787265546875 0.668618025 0.8834613375 0.68585616875 0.8832873390625 0.709375 0.89375 0.709375