1 0.36782665625 0 0.3701599765625 0.024269346875 0.37089889375 0.07258775625 0.372068559375 0.08125 0.39789048125000004 0.08125 0.401623496875 0.0797745 0.40343311406250004 0.0775315046875 0.40343311406250004 0 0.36782665625 0
1 0 0 0 0.16198684531250002 0.014540690625 0.193050309375 0.017944478125 0.196875 0.0264352 0.196875 0.0373559671875 0.1948340046875 0.0373559671875 0.0498418421875 0.031392101562500004 0.0354693953125 0.0129083859375 0 0 0
1 0.06772429375 0 0.06261705 0.025896896875 0.06002874375 0.047727765625 0.059375 0.077522715625 0.059375 0.0808889015625 0.061034796875 0.10455887500000001 0.07093931249999999 0.1417723140625 0.08612500625 0.1836540671875 0.0901220265625 0.190625 0.11575082343750001 0.190625 0.1174177765625 0.18823430624999998 0.11716556874999999 0.1812505546875 0.11426987656250001 0.1721816484375 0.110887159375 0.147651215625 0.11105797656250001 0.1043128828125 0.11680274375 0.0691405609375 0.1275301265625 0.0356368671875 0.12399674062499999 0.024054640625000002 0.1137033234375 0 0.06772429375 0
1 0.0484375 0.123718534375 0.0484375 0.14983469062500002 0.0493968796875 0.1530334375 0.051868360937500003 0.1578125 0.055576151562499995 0.1578125 0.0553968796875 0.1533128921875 0.0497709296875 0.1320550015625 0.0484375 0.123718534375
1 0.305945078125 0 0.3087061953125 0.01180440625 0.3119527875 0.060500571875 0.31569200625 0.0808180375 0.3188225734375 0.11060541406249999 0.3190385515625 0.1109375 0.335100153125 0.1109375 0.3433588015625 0.10879015 0.34676458593750004 0.106222525 0.34940224375 0.1014332640625 0.355199175 0.0624800234375 0.35689461875 0.0156595171875 0.35555719531249996 0 0.305945078125 0
0 0.15356415625 0 0.15176786874999998 0.0022350265625 0.1403449125 0.0221056484375 0.1317527828125 0.046765535937500005 0.12601635 0.078949853125 0.12505105625 0.112736809375 0.12807085468749999 0.141644546875 0.1351603015625 0.17164140156250002 0.145040803125 0.1987200328125 0.1573093796875 0.2218766703125 0.1779361546875 0.24796243125 0.20055797968750003 0.2668852640625 0.223955953125 0.277871003125 0.23931415312499998 0.28096305625 0.260060425 0.2802029375 0.277274378125 0.2741400296875 0.2972296546875 0.2596885703125 0.3134685328125 0.239681440625 0.326508425 0.21437928125 0.328125 0.209419290625 0.328125 0.068459034375 0.32047419062500004 0.0471804953125 0.30408623437500004 0.0174644140625 0.29108629375 0.0005057234375 0.2905604765625 0 0.15356415625 0
1 0.9345698062500001 0.46875 0.9415541265625 0.4395200453125 0.9415541265625 0.43891458749999995 0.9251478765625001 0.4347565390625 0.8671875 0.43986470625 0.8671875 0.46875 0.9345698062500001 0.46875
1 0.9266492249999999 0.21512600937499998 0.9094928171875001 0.18963113125 0.8908337453125 0.19308341406250001 0.8796378328125 0.2112567140625 0.8870986437500001 0.3064873921875 0.86875 0.3799752453125 0.86875 0.39137695 0.870749778125 0.4015625 0.9378088203124999 0.4015625 0.9415240671875 0.398871346875 0.9415240671875 0.3748270875 0.9215645718750001 0.3090123765625 0.9266492249999999 0.21512600937499998
1 0.6804638578125 0.409375 0.6815314609375 0.409375 0.7046730015625 0.40859889687499995 0.7046730015625 0.294629640625 0.6928424328125 0.26160927031250003 0.6932243625 0.1945581625 0.6791986140625 0.178125 0.6707475953125 0.178125 0.6619743625 0.1936488796875 0.6698054499999999 0.26717730781250004 0.6578125 0.3228455484375 0.6578125 0.3231894078125 0.664114259375 0.3730635953125 0.6804638578125 0.409375
1 0.5637568578125001 0.3139605 0.5486591171875 0.26810236249999997 0.552675 0.1916489890625 0.5389679921875 0.1772963140625 0.53187493125 0.1772963140625 0.5301732921875 0.177576565625 0.521425 0.1905577171875 0.523622753125 0.27035434375 0.5109375 0.31492776562499997 0.5109375 0.3749269921875 0.511394378125 0.380909896875 0.5243854531250001 0.4140625 0.5478042249999999 0.4140625 0.5532546140625 0.41050811718749997 0.5647375546875 0.3640150640625 0.5637568578125001 0.3139605
1 0.3341220671875 1 0.33558146718750004 0.9213404890625 0.32941928125 0.900791078125 0.315093184375 0.887385728125 0.313257459375 0.887385728125 0.294041121875 0.8905951296874999 0.284896528125 0.9117176640625001 0.2959187671875 1 0.3341220671875 1
1 0.4429757296875 1 0.45108454375000007 0.9387202609374998 0.44799078124999997 0.9263623515624999 0.4334565421875 0.913180221875 0.42991179218750003 0.913180221875 0.41654424375000004 0.9160768109374999 0.4074664640625 0.93107215 0.4112100734375 1 0.4429757296875 1
1 0.181058646875 1 0.18220159375 0.9672634046875 0.174267721875 0.9579197781250001 0.15721794375 0.9579197781250001 0.14950595312499998 0.9698377328125 0.149038190625 1 0.181058646875 1
1 0.47506373125 1 0.47647957031250004 0.9749327062500001 0.4731008421875 0.96255594375 0.45989166875 0.9513443484374999 0.4583545015625 0.9513443484374999 0.451994003125 0.9555763578124999 0.45 0.9705343234375 0.45 1 0.47506373125 1
1 0.3781790125 1 0.3825641796875 0.9594661671875 0.371051765625 0.9383200625000001 0.35487053749999997 0.9386966843749999 0.3453125 0.95225448125 0.3453125 0.9856568593749999 0.34595415625000003 1 0.3781790125 1
1 0.26835572343749997 1 0.27250215624999996 0.9426224281250001 0.2657090625 0.9246320609375 0.2550665828125 0.918101796875 0.237338475 0.9232201234375002 0.22874159062500002 0.9410854093750001 0.2339434984375 1 0.26835572343749997 1
1 0.21824347031250002 1 0.22435719999999998 0.952492553125 0.2142313703125 0.9408394953125001 0.208967275 0.940625 0.19609619218750002 0.940625 0.1853084484375 0.9570326 0.1876926765625 1 0.21824347031250002 1
1 0.8238488593750001 0.46875 0.826855809375 0.5064037078125 0.8161018484374999 0.5561855171875 0.8140625 0.5787756140625 0.8140625 0.6099825234375 0.816813665625 0.6436446078125 0.8239159203125 0.646875 0.8602288156250001 0.646875 0.8602288156250001 0.55524435625 0.8488763125000001 0.510952203125 0.8484717125 0.46875 0.8238488593750001 0.46875
1 0.7594177249999999 0.46875 0.76325325625 0.5181424828125001 0.7522889328125 0.5711384500000001 0.7515625 0.5779641171875001 0.7515625 0.64375 0.800591428125 0.64375 0.800591428125 0.5871803359375 0.7844682437499999 0.5219409578125 0.7863706859375 0.46875 0.7594177249999999 0.46875
1 0.5541156953125 0.46875 0.5598338093749999 0.5341291859374999 0.553125 0.5807109031250001 0.553125 0.6437222140625 0.5544541328125 0.644876584375 0.5645261703125 0.6453125 0.59222100625 0.6453125 0.59222100625 0.571182121875 0.58161980625 0.53337679375 0.580781865625 0.46875 0.5541156953125 0.46875
2 1 0.6510920796875 0.8811425093749999 0.6453125 0.5 0.6453125 0.5 0.7261836265625 0.9812637609374999 0.7482608 1 0.7494930234374999 1 0.6510920796875