1 0.1989888765625 0 0.199073075 0.007374014062500001 0.19627340625 0.033991078125000004 0.1890887484375 0.065441146875 0.17428493750000001 0.1041770921875 0.1648918578125 0.1346185359375 0.1648918578125 0.3979086046875 0.1696883015625 0.41875 0.23535187343750003 0.41875 0.26091012812500003 0.33202595625 0.2735963734375 0.2606048234375 0.275 0.24102024218749998 0.275 0.17268805781250002 0.270830296875 0.1413645796875 0.250995140625 0.0648392859375 0.2461642453125 0.034588790625 0.24777524374999998 0 0.1989888765625 0
1 0.3344862046875 0 0.341182325 0.0382712578125 0.3442597390625 0.0671956890625 0.33998646250000003 0.1147731546875 0.3298907 0.15057126406250002 0.3222467640625 0.193424865625 0.32146698125 0.24806994218749998 0.329061475 0.3035932359375 0.3465632359375 0.3693818671875 0.35757597812499997 0.40074095468750004 0.36094758437499996 0.403125 0.40625 0.403125 0.40625 0.1523986171875 0.38559221250000003 0.0910998421875 0.3818597015625 0.0496754125 0.383790165625 0 0.3344862046875 0
1 0.41156699999999996 0 0.41031292343750003 0.035707171875 0.413298221875 0.06216056875 0.41371972343749996 0.104275334375 0.409213096875 0.134023446875 0.40459750000000005 0.14822506875000002 0.40459750000000005 0.3875 0.41963328281249995 0.3875 0.43460871093750003 0.38695989375 0.4384047390625 0.38453128593749997 0.4435226359375 0.36959055625000004 0.4584354390625 0.3154176109375 0.4625 0.2875163578125 0.4625 0.185278734375 0.4460016984375 0.11990574218750001 0.44691255781250006 0.0894612375 0.44975655625 0.0613119921875 0.4547541375 0.040133384375 0.45732600312500005 0 0.41156699999999996 0
1 0.48183779375 0.043564425000000004 0.48936314843749995 0.10852636093750001 0.4908229875 0.1444820421875 0.48036729375 0.185697378125 0.48651463125000005 0.22173488125000002 0.4884589390625 0.25457465468749996 0.487396428125 0.29751613125 0.48367519999999997 0.3357246515625 0.4897043609375 0.3616059046875 0.49478409062499995 0.37302039374999996 0.49881182968750004 0.3734375 0.5286179093750001 0.3734375 0.5319464046875 0.367029790625 0.5421875 0.31413175 0.5421875 0.2217687 0.5411112265625 0.2148769546875 0.51998965625 0.1449911484375 0.5194714874999999 0.1004598984375 0.5226264234375 0.05833603750000001 0.5213211265625 0.0356616046875 0.5191559765625 0.028593990625 0.5104304125 0.017115860937499998 0.4979031421875 0.014553921875 0.48579537500000003 0.0256684046875 0.48183779375 0.043564425000000004
1 0.303747609375 0.1335300515625 0.3035222921875 0.1436923625 0.29709444375 0.173464709375 0.3022840515625 0.20857247499999998 0.3036934390625 0.257009975 0.297089746875 0.334456753125 0.30777719531250003 0.3703125 0.33171756406249997 0.3703125 0.3318759265625 0.3660940734375 0.31470314374999997 0.2951760765625 0.30973885156250003 0.24990600000000002 0.309509528125 0.2241186890625 0.31355852500000003 0.184214334375 0.33266221875 0.10662210624999999 0.3328125 0.1027930703125 0.3328125 0.0296571296875 0.3324268828125 0.026910365624999998 0.3266739828125 0.017208375 0.318181525 0.0118365921875 0.310369025 0.0119274984375 0.304209953125 0.015125223437499998 0.2979609546875 0.0241853546875 0.29479249531249996 0.040634026562499995 0.2966297828125 0.06796565624999999 0.300934846875 0.0905794828125 0.303747609375 0.1335300515625
1 0.0730533828125 0 0.0756570890625 0.0160918625 0.0789224890625 0.05677748125 0.078246540625 0.0872007671875 0.05013356249999999 0.1941039859375 0.0476697953125 0.2346229015625 0.048897326562499996 0.27681040156250003 0.0594563984375 0.33566178125 0.07757991875 0.404100328125 0.07895650781249999 0.4046875 0.1274600640625 0.4046875 0.137539940625 0.372279678125 0.140625 0.35524980625 0.140625 0.166269284375 0.12372016718750001 0.1119415703125 0.11880334374999998 0.0860390828125 0.117507615625 0.0415078328125 0.121722990625 0 0.0730533828125 0
1 0.1147997140625 0.08543964062500001 0.11781108437500001 0.1052076890625 0.13617928906250001 0.1722534796875 0.1412330859375 0.19921064375 0.1436736265625 0.227532975 0.14352818125 0.252532975 0.139088803125 0.2990922453125 0.12251117812500001 0.372087534375 0.1226310265625 0.3734375 0.13569236406250001 0.3734375 0.14453162343749998 0.34874512343749997 0.154161153125 0.3057055203125 0.1578125 0.26607318750000003 0.1578125 0.24008833125 0.1551910484375 0.218244984375 0.13685465937500002 0.145730446875 0.1370364671875 0.114480446875 0.14307015781250002 0.062570825 0.1432337859375 0.034445825 0.13422146875000002 0.016177039062500002 0.12122336250000001 0.0112841296875 0.11781294687499999 0.015324471875 0.11507696875 0.037783390625 0.1147997140625 0.08543964062500001
1 0.8085528640625 0 0.8085528640625 0.1083239796875 0.8368732874999999 0.11208426875 0.8521141515625 0.0650591609375 0.853125 0.051896646874999994 0.853125 0 0.8085528640625 0
1 0.90742039375 0 0.9058140640625 0.0076822421875000005 0.906492184375 0.0517808765625 0.922268465625 0.109375 0.94375 0.109375 0.94375 0 0.90742039375 0
1 1 0 0.9697053328124999 0 0.9644073765625001 0.019127084375 0.9644073765625001 0.09998422500000001 0.9653472109375001 0.10625 0.989113375 0.10625 1 0.0723777734375 1 0
1 0.94438786875 0 0.9515949375 0.0276592859375 0.9442220171875 0.1078125 0.9541348624999999 0.1078125 0.9578125 0.0934336375 0.9578125 0.0141127609375 0.954119371875 0 0.94438786875 0
1 0.8674929234375 0 0.8678042843749999 0.002902221875 0.8641209859375 0.1007512625 0.867640178125 0.1078125 0.8858176890625 0.1078125 0.8890625 0.09555947031249999 0.8890625 0.006901968749999999 0.8869416015624999 0 0.8674929234375 0
1 0.7797783109374999 0 0.7763322171875 0.012391384375 0.7744700812499999 0.051483253124999996 0.784493565625 0.103125 0.81019038125 0.103125 0.8109375 0.0477356640625 0.8109375 0 0.7797783109374999 0
1 0.747685425 0 0.7460548453125 0.007092390625 0.7460548453125 0.1015625 0.760514709375 0.1015625 0.7664122765625 0.08984402500000001 0.764667625 0.04854880625 0.7695360609375 0 0.747685425 0
1 0.7267439687499999 0 0.72719095 0.004811278125 0.724254175 0.056243842187500004 0.7389600578125 0.0563293984375 0.741508309375 0.01101953125 0.748421203125 0.051484474999999995 0.743347853125 0.049004975 0.74712999375 0.0563769296875 0.7393028375 0.0612313578125 0.7399883953125 0.071035278125 0.7432106265625 0.0820789515625 0.7468671203125 0.075975265625 0.7502728296875001 0.103125 0.7515625 0.103125 0.7515625 0 0.7267439687499999 0
1 0.2370317953125 0.690596609375 0.2370317953125 0.815208346875 0.24217316718749998 0.81875 0.2926497796875 0.81875 0.3075694875 0.8175521296875001 0.321875 0.8017586031249999 0.321875 0.7209998265625 0.299313646875 0.605072296875 0.3100962578125 0.46075199843750003 0.301603365625 0.44358539218750004 0.2934961640625 0.44162744375 0.28454543593750004 0.44162744375 0.2725172859375 0.4446011 0.2604755109375 0.453753196875 0.257640190625 0.48650451875 0.2588046234375 0.6173980890624999 0.2370317953125 0.690596609375
1 0.160937859375 0.41875 0.1699397640625 0.51576919375 0.15173474375 0.60065805625 0.14609031249999999 0.684787284375 0.158040078125 0.7015625 0.2234375 0.7015625 0.2234375 0.5788352734375 0.20180789531249999 0.49975656874999996 0.1975625203125 0.41875 0.160937859375 0.41875
1 0.06141234375 0.41875 0.061976704687499995 0.4437029578125 0.0450174109375 0.48826398437499996 0.0450174109375 0.599958984375 0.066814553125 0.603125 0.094618921875 0.603125 0.109375 0.5863354624999999 0.109375 0.524499003125 0.09176797187499999 0.43209689687499997 0.0930896640625 0.41875 0.06141234375 0.41875
1 0 0.41875 0 0.5265625 0.029204720312499998 0.5265625 0.045313953125 0.522040971875 0.046875 0.5156767171875 0.046875 0.4791257875 0.0349902453125 0.41875 0 0.41875
1 0.3812968296875 0.41875 0.3908663953125 0.5149911546875 0.3711152125 0.586283284375 0.373118359375 0.6756186640624999 0.38862147343750003 0.7 0.44371321718749995 0.7 0.4453125 0.6977789671875 0.4453125 0.5950637249999999 0.4275480328125 0.5254969890625001 0.4271742484375 0.41875 0.3812968296875 0.41875
1 0.4829112453125 0.41875 0.4846622328125 0.43392016875 0.4614336875 0.5096822484375 0.460023328125 0.5860791734374999 0.4822637921875 0.60625 0.525 0.60625 0.525 0.4877138828125 0.5178665046875001 0.4512658765625 0.5133147734375 0.41875 0.4829112453125 0.41875
1 0.5396974125 0.41875 0.5307877328124999 0.45392629375000004 0.52749020625 0.49564351875 0.52749020625 0.499489553125 0.541547625 0.521875 0.6 0.521875 0.6 0.459299884375 0.5900550499999999 0.41875 0.5396974125 0.41875
1 0.34504395 0.41875 0.34504395 0.5184914015625 0.3562365265625 0.5234375 0.35855557031249996 0.5234375 0.3691471875 0.41875 0.34504395 0.41875
1 0.20197132031249998 0.41875 0.21588445156249997 0.5098002 0.22071933124999998 0.5234375 0.23125 0.5234375 0.23125 0.4216523578125 0.23008361093750002 0.41875 0.20197132031249998 0.41875
0 0 0.8676400281250001 0.014232954687499999 0.8462517078125 0.0251420453125 0.8407872265624998 0.03786931875 0.82166154375 0.048778409375 0.777945696875 0.048778409375 0.7451588109375 0.041505681249999996 0.7014429640625 0.02150568125 0.6659238390625 0 0.6443789843750001 0 0.8676400281250001