1 0.78477159375 0.41875 0.78477159375 0.362768634375 0.753655934375 0.3024464171875 0.7460821890625 0.280045521875 0.7379101109375 0.22761094062499998 0.7354478703125 0.1780811078125 0.7298495390624999 0.1481346984375 0.725667584375 0.1384433546875 0.71726185625 0.129201284375 0.7109995640625 0.1255550765625 0.70194710625 0.12496198437499999 0.6931044796875 0.1273696453125 0.6856290625 0.135011159375 0.6828125 0.141543121875 0.6828125 0.1871442015625 0.6996691078125 0.24630491718749997 0.7068969359375 0.285236121875 0.7061526421875 0.3175465515625 0.6968984625 0.39281840468749996 0.6979430843750001 0.41875 0.78477159375 0.41875
1 0.5507487578125 0.41875 0.5507487578125 0.3898365171875 0.513009940625 0.30018613125 0.5070581562500001 0.2618451046875 0.504337184375 0.2115941765625 0.5047219187499999 0.178644109375 0.4992220609375 0.139564534375 0.49340479843749996 0.12669496875 0.48231349999999995 0.113328115625 0.46924166562499997 0.1105279390625 0.46523275625 0.1105279390625 0.457861575 0.1135080578125 0.44971250312500005 0.1226817453125 0.4453125 0.1329245375 0.4453125 0.1703464484375 0.4492795515625 0.1938331859375 0.459875559375 0.23452951406250003 0.46341393281250004 0.25858206875 0.466894675 0.26615376875 0.4712022375 0.302209321875 0.4571441796875 0.40225730937500004 0.45606040312499996 0.41875 0.5507487578125 0.41875
1 0.305501090625 0.3361020703125 0.309375 0.32301559062499996 0.309375 0.314685134375 0.309195578125 0.283845271875 0.3048866578125 0.27344538749999997 0.2967698078125 0.266194665625 0.2899580828125 0.266194665625 0.28485610625 0.26691241718750003 0.279151934375 0.27442090937499997 0.2765625 0.2821603328125 0.2765625 0.2966915078125 0.27684397031249997 0.307268953125 0.2854431140625 0.35625 0.2866932734375 0.35625 0.289110203125 0.353799390625 0.28982746875 0.3482210453125 0.305501090625 0.3361020703125
1 0.200790303125 0.41875 0.1758265734375 0.3380333265625 0.1742195296875 0.32687366562500003 0.17724121718750002 0.2975232 0.175923471875 0.2852266109375 0.17247699218749998 0.2910043890625 0.1719257265625 0.299643190625 0.17124121875 0.2978026546875 0.1743085359375 0.2242609859375 0.17854205625 0.20309271875 0.182430503125 0.16321634062499998 0.18176881250000002 0.139280203125 0.178240359375 0.125963128125 0.1714488109375 0.113172521875 0.163263175 0.10456616406250001 0.1519203578125 0.100600659375 0.1388941625 0.10195633281250001 0.1271583875 0.1092436421875 0.11584515 0.1258733640625 0.1107950078125 0.1418368921875 0.11011839375000002 0.1898023203125 0.11728459531249999 0.2418962671875 0.1188153 0.2695367671875 0.11692910781250002 0.32355026875 0.1070144640625 0.364456290625 0.0948093953125 0.39947725312500004 0.090625 0.4151613046875 0.090625 0.41875 0.200790303125 0.41875
1 0.9421603734375001 0 0.9416666671874999 0.0157986109375 0.9479166671874999 0.1120949078125 0.9322916671874999 0.1870949078125 0.9338541671874999 0.195428240625 0.9463541671875 0.220428240625 0.9552083328125001 0.2593171296875 0.9567708328125001 0.308391203125 0.9473958328125001 0.3565393515625 0.9505208328125001 0.36116898124999997 0.9752604171874999 0.35978009218749996 0.9802083328125001 0.35376157343750003 0.9916666671875 0.295428240625 0.9963541671874999 0.25561342656249997 0.9963541671874999 0.22598379687499998 0.9932291671875 0.195428240625 0.9744791671874999 0.1176504625 0.9744791671874999 0.09542824062500001 0.9729166671874999 0.09172453750000001 0.9786458328125001 0.0296875 0.9786458328125001 0.0000578703125 0.9786269078125001 0 0.9421603734375001 0
1 0.9199450125 0 0.9229166671875 0.10653935156250001 0.9197916671874999 0.126909721875 0.909375 0.1667245375 0.91171875 0.17274305625 0.9302083328125 0.188946759375 0.9328125 0.18524305624999998 0.946875 0.1195023140625 0.9473958328125001 0.08616898125 0.9416666671874999 0.013946759375000001 0.9424924609375 0 0.9199450125 0
1 0.896875 0 0.896875 0.0222800921875 0.9010416671874999 0.06302083281250001 0.9015625 0.09172453750000001 0.8864583328125001 0.16024305625 0.88828125 0.163483796875 0.9067708328125 0.1685763890625 0.9098958328125001 0.16487268593749999 0.9140625 0.14913194375 0.9229166671875 0.100983796875 0.9203125 0.09172453750000001 0.9229166671875 0.0880208328125 0.9234375 0.0796875 0.91875 0.021354167187500002 0.9200846359374999 0 0.896875 0
1 0.8789799031250001 0 0.8828125 0.0843171296875 0.8682291671875 0.14820601875 0.8682291671875 0.1667245375 0.8869791671874999 0.16116898125 0.8916666671875 0.1306134265625 0.9005208328125001 0.09820601875 0.9010416671874999 0.0676504625 0.896875 0.0148726859375 0.8979757750000001 0 0.8789799031250001 0
0 0.8223958328125001 0.23802083281250003 0.8182291671874999 0.26116898125 0.8166666671874999 0.2945023140625 0.8182291671874999 0.3157986109375 0.825 0.34913194375 0.8419270828125001 0.3810763890625 0.85703125 0.39866898125 0.8838541671875 0.41394675937500003 0.8940104171875 0.41440972187499997 0.91171875 0.4051504625 0.9325520828125 0.3820023140625 0.9453125 0.3593171296875 0.9510416671874999 0.338946759375 0.95625 0.3046875 0.95625 0.2870949078125 0.9505208328125001 0.238946759375 0.9359375 0.20098379687499998 0.91953125 0.1801504625 0.9075520828125001 0.169965278125 0.88828125 0.16533564843749998 0.8653645828125001 0.169965278125 0.8486979171875 0.1838541671875 0.8380208328125001 0.2000578703125 0.8270833328125 0.22135416718749998 0.8223958328125001 0.23802083281250003
2 0.104814740625 0.6203125 0.14386823437500001 0.6203125 0.19936799375 0.617402021875 0.20082052187500002 0.6155900609375 0.20082052187500002 0.6006853015625 0.197170790625 0.5859375 0.197139946875 0.5859375 0.1949199671875 0.5873503390625 0.1924086328125 0.5999094328125001 0.1112881265625 0.6031795078125001 0.1046875 0.602462909375 0.1046875 0.6201752890625001 0.104814740625 0.6203125
1 0.9317582796874999 0.5129583078125 0.9317582796874999 0.526847196875 0.9376176546874999 0.5442083078125 0.9430864046874999 0.5442083078125 0.9473832796874999 0.5282360859375 0.9481645296875 0.517124975 0.9426957796875 0.494902753125 0.9434770296874999 0.476847196875 0.9356645296874999 0.4754583078125 0.9364457796875 0.494902753125 0.9317582796874999 0.5129583078125
1 0.9611803375000001 0.480527640625 0.9553209625000001 0.4756665296875 0.9518053375000001 0.4819165296875 0.9533678375000001 0.49997208437499996 0.9502428375 0.53330541875 0.9568834625000001 0.549277640625 0.9643053375000001 0.5444165296875 0.9650865875000001 0.5166387515624999 0.9611803375000001 0.49997208437499996 0.9611803375000001 0.480527640625
1 0.9786744734375 0.501026228125 0.97893236875 0.48406878906250006 0.9764147125000001 0.4752221703125 0.9705553375000001 0.4773055046875 0.9721178375000001 0.49119439375 0.9682115875000001 0.5106388374999999 0.967842465625 0.528524796875 0.9697740875 0.545361059375 0.9811022125000001 0.5460555046875 0.9830553375000001 0.538416615625 0.9830588531250001 0.5294414125 0.981769321875 0.51660874375 0.9786744734375 0.501026228125
1 0.9950319828125 0.49906941875 0.9949224765625001 0.4767358453125 0.9880007328125 0.476847196875 0.9884748468750001 0.4987346890625 0.9848757328125 0.5087916421875 0.9846062765625 0.5211918390625 0.9856569828125 0.53518053125 0.9903444828125 0.5462916421874999 0.9946413578125 0.545597196875 0.9993068562499999 0.5308163359375 0.9985331515624999 0.5124839718749999 0.9950319828125 0.49906941875
1 0.92554605 0.4923183625 0.926319771875 0.4762775375 0.9232249046875 0.474444290625 0.91925075 0.4754722734375 0.9193563328125001 0.49002680625000006 0.9153445 0.5060278296874999 0.91612575 0.524083384375 0.9215945 0.5379722734375 0.9266726249999999 0.53866671875 0.9309695 0.5226944953125 0.9281251078124999 0.5037760921875 0.92554605 0.4923183625
1 0.8149048406249999 0.50606763125 0.8102625484375 0.48865188281250005 0.810520478125 0.4767358453125 0.8007200703124999 0.474444290625 0.8017516859375 0.497359765625 0.7986568375 0.515692128125 0.798141046875 0.52669155 0.8017516859375 0.546398853125 0.8100046531249999 0.5496070234375 0.8133574328125001 0.53814929375 0.81438905 0.5253166265625 0.8149048406249999 0.50606763125
1 0.8293475421875 0.490485115625 0.8296054359375 0.474444290625 0.8257368656249999 0.4721527515625 0.8192507328125 0.47544434375 0.8208132328125 0.4934998984375 0.8169069828125 0.517111009375 0.8184694828125 0.535166565625 0.8231569828125 0.5434998984374999 0.8317507328125 0.53933323125 0.8340944828125 0.522666565625 0.831926565625 0.50469270625 0.8293475421875 0.490485115625
1 0.8479166734374999 0.49140173125000003 0.8465944828125 0.4745416921875 0.8399538578125 0.4724583578125 0.839147915625 0.48911019062500005 0.837858403125 0.5005679203125 0.8357951359375001 0.5170670687500001 0.839147915625 0.5331078921875 0.8426882328125 0.53843058125 0.8505007328125 0.5342639140625 0.8512694515625 0.519816915625 0.8510115218750001 0.5065259390625 0.8479166734374999 0.49140173125000003