1 0.3203125 0 0.3203125 0.0721110125 0.3211200609375 0.0742510484375 0.3303916921875 0.1156370328125 0.332074828125 0.1383372921875 0.3266856609375 0.1859375 0.330068165625 0.1859375 0.33963166718750004 0.1771031203125 0.37487101875 0.1266457640625 0.3884840765625 0.090491696875 0.3929866671875 0.05940190468749999 0.392024465625 0.0254516453125 0.3849859203125 0 0.3203125 0
1 0.030560725 0 0.0243402328125 0.005949296875 0.020522065625 0.016446996875 0.018183184375 0.03135606875 0.020544190625 0.0644992546875 0.0300749921875 0.1034674828125 0.0460850765625 0.1469925671875 0.05308578125 0.1734062375 0.0571279171875 0.190997165625 0.058009640625000004 0.2197289796875 0.0561647390625 0.2321562390625 0.027600637500000004 0.28249695625000004 0.016080625 0.312740059375 0.0109375 0.33996511875 0.0109375 0.3829068140625 0.013133553125 0.3993968296875 0.0193127265625 0.422042315625 0.0293401671875 0.4466719140625 0.0471623984375 0.4771447421875 0.0632105546875 0.49758119531249995 0.095242684375 0.5312757015625 0.106195234375 0.5378348546875 0.11102601406249998 0.5390625 0.1493764109375 0.5390625 0.1590581953125 0.5343806343749999 0.171824221875 0.521959128125 0.19916841875 0.4840638515625 0.2026533578125 0.47757801562499996 0.2026533578125 0.305975071875 0.20009797968749998 0.299373009375 0.1897730890625 0.280975221875 0.1541914734375 0.23313638281250001 0.14679505312500002 0.2110795265625 0.14453231093750002 0.1798113421875 0.155402540625 0.11335461093750002 0.1583717390625 0.074750096875 0.157951240625 0.0429114671875 0.1548288984375 0.030963724999999998 0.1456884984375 0.0113523125 0.13347700625 0 0.030560725 0
1 0.2617033265625 0 0.26163496406250003 0.0029326984375 0.25559265937500003 0.0358585109375 0.249053903125 0.05125157031250001 0.246875 0.07081825 0.246875 0.07783171875 0.24776289375 0.099605853125 0.25722543125 0.1298377953125 0.2802535421875 0.166256884375 0.3011421171875 0.20843199375000002 0.30933043437499996 0.2481372 0.3105478171875 0.27691995468749997 0.307839378125 0.3015625 0.32415711875 0.3015625 0.3294095796875 0.29725281875 0.355717125 0.253358259375 0.355717125 0.0814185921875 0.3321872953125 0.027454664062500002 0.3310011890625 0 0.2617033265625 0
1 0.1387532375 0 0.14076171875000001 0.0084218125 0.14888671874999998 0.0188103984375 0.15701171875 0.043573984375 0.15576171875 0.09173535625 0.15201171875 0.11746947031249999 0.14076171875000001 0.1627968125 0.13638671875 0.2085491109375 0.14138671875 0.2334036265625 0.18326171875 0.2946851875 0.19513671875 0.3268396609375 0.20326171875000001 0.362853246875 0.20383502031249998 0.4046875 0.2175760484375 0.4046875 0.22388671875 0.399128121875 0.26138671874999997 0.3405369828125 0.27638671875 0.3013505265625 0.28201171875000003 0.25618685625 0.27576171875 0.20574371249999998 0.26951171875 0.19030056875 0.26201171875 0.179893796875 0.25763671875 0.16314609687499998 0.23138671875 0.11390989375 0.22888671875000002 0.0952326359375 0.22951171874999998 0.06271445 0.24472316093750002 0 0.1387532375 0
2 0.459375 0.3188858609375 0.500226296875 0.32150373125 0.61856094375 0.3355950578125 0.63384311875 0.3337852 0.6950641078124999 0.34142733281250004 0.899230775 0.35451092968750003 0.9159060531249998 0.3578125 0.9599133125 0.3578125 0.9605176968750001 0.35704378124999997 0.9663523906249999 0.29047724375 0.9672556203125 0.26822164531250003 0.96489539375 0.2601677015625 0.9647379078124999 0.260157609375 0.925456028125 0.260157609375 0.9251340531250001 0.260408865625 0.9226489125 0.260157609375 0.459375 0.260157609375 0.459375 0.3188858609375
1 0.13647216874999998 0.559375 0.1361273046875 0.5658291 0.1307475359375 0.600814025 0.1140625 0.641292428125 0.1140625 0.821875 0.123980146875 0.821875 0.1257698140625 0.821305521875 0.1384807984375 0.7984120078125001 0.154006934375 0.7519908203125001 0.15977567343750002 0.7272578328125 0.1634281265625 0.686583846875 0.15700016562500002 0.61551256875 0.1580682140625 0.598845903125 0.1621689703125 0.567497928125 0.16408093125 0.559375 0.13647216874999998 0.559375
1 0.0600719703125 0.559375 0.057919632812499997 0.6068754171874999 0.053338859375000006 0.63488999375 0.034375 0.6858848296875 0.034375 0.825 0.07890572500000001 0.825 0.07918301093749999 0.8247594046875001 0.088985065625 0.786204446875 0.0928508984375 0.7619330421875 0.094284046875 0.71478975 0.0856661046875 0.6416628703125 0.0879338625 0.6082900718750001 0.0974324734375 0.559375 0.0600719703125 0.559375
1 0 0.559375 0 0.7040986953124999 0.0142363546875 0.7578125 0.015386612499999999 0.7578125 0.015804267187500002 0.757634890625 0.015804267187500002 0.5994655375 0.010376890625 0.5732336171875 0.011157446875000001 0.559375 0 0.559375
1 0.8670447328125 1 0.865703884375 0.9808059890624999 0.8513017749999999 0.9141120234375 0.8567464015624999 0.7656785109375 0.8487446734375 0.74760930625 0.8388067859374999 0.7442122343750001 0.8234535203125001 0.7550592500000001 0.81646591875 0.7770310234375 0.8153546687500001 0.8130829359374999 0.8199644703125 0.8736020515625 0.8167084078125001 0.920883471875 0.8125 0.9372032484374999 0.8125 1 0.8670447328125 1
1 0.8755320265625001 1 0.878274453125 0.9891093265625 0.8836864265625 0.9280027609375001 0.88105925625 0.8904709453125002 0.8708907734375 0.8390002421875 0.8792657250000001 0.7181623640625 0.8731593968750001 0.700758075 0.865557384375 0.6979348437499999 0.85208791875 0.7054987374999999 0.8484375 0.715022946875 0.8484375 0.7452776328125 0.8543832015625 0.7680396453125 0.8484375 0.8527988265625 0.8484375 0.9267337015624999 0.8558448468750001 0.9653573156250002 0.8578241515624999 1 0.8755320265625001 1
1 0.9169650734375001 0.9515625 0.9169650734375001 0.8181652796875 0.9061647718749999 0.7884998953125001 0.9017052421875 0.6885226281250001 0.8957900500000001 0.6724026484375 0.8850372734375 0.6667777796875 0.8843555750000001 0.6667777796875 0.8739247625000001 0.6793936734375 0.8734375 0.6860815812500001 0.8734375 0.692665371875 0.881703321875 0.7087421953125 0.8847749578125 0.7226992812499999 0.8913065046875002 0.832444234375 0.9114249734375001 0.9037549406250001 0.9165458718749999 0.9515625 0.9169650734375001 0.9515625
1 0.7517071468750001 1 0.7517071468750001 0.9198123015625 0.7319485265625 0.85852768125 0.7252732234374999 0.7543610125 0.713950028125 0.73056725 0.7020532703125 0.7284036265625 0.6945967859375 0.7343686171874999 0.6921875 0.7421215109375 0.6921875 0.781421715625 0.703803740625 0.8474607046875 0.7068100921875 0.882141984375 0.69849328125 0.9480748578125 0.7011235234375001 1 0.7517071468750001 1
1 0.775030684375 1 0.779150390625 0.9910143296874999 0.785400390625 0.90194358125 0.778369140625 0.859092615625 0.764306640625 0.8192240140625 0.762744140625 0.7123250328124999 0.756103515625 0.69515714375 0.741259765625 0.6928112765625001 0.734375 0.7072095203125001 0.734375 0.740154909375 0.740087890625 0.79353981875 0.740087890625 0.826873153125 0.734375 0.8541227124999999 0.734375 0.896054903125 0.745556640625 0.9378251375 0.7507781671875 1 0.775030684375 1
1 0.6181969703125001 1 0.624250234375 0.9299212515624999 0.6204208390625 0.8980495328125 0.605309825 0.8399434671874999 0.610859353125 0.7358040703125 0.6045425375 0.7213070984375001 0.59235826875 0.7172858828125 0.58245705 0.724339415625 0.5796875 0.7318853328125 0.5796875 0.8090592515624999 0.5810019875 0.8207990140625 0.5796875 0.8381461437500001 0.5796875 1 0.6181969703125001 1