1 0.6636717234375 0.3796875 0.6636717234375 0.3709630109375 0.6602850859375 0.35574255 0.6590390296875 0.3362981046875 0.6543449328125 0.3318477375 0.653125 0.33550387812500004 0.653125 0.3705566078125 0.653330228125 0.3796875 0.6636717234375 0.3796875
1 0.634860384375 0.3128447796875 0.6328125 0.33017162031249997 0.6328125 0.3677371140625 0.6335986703125001 0.371875 0.6408137640625 0.371875 0.6435038078125 0.357213603125 0.6399871562499999 0.31062795468750004 0.638830075 0.31062795468750004 0.634860384375 0.3128447796875
1 0.710456 0.3796875 0.711556675 0.3651620375 0.70998601875 0.330781540625 0.707965575 0.3265625 0.707942659375 0.3265625 0.70625 0.32830819375 0.70625 0.3796875 0.710456 0.3796875
1 0.680974090625 0.3081029921875 0.68134581875 0.32939928749999997 0.6796875 0.34070236249999997 0.6796875 0.35951461406249996 0.679844321875 0.3628418046875 0.6829351156250001 0.36875 0.689383890625 0.36875 0.6917265171875 0.356658446875 0.685881603125 0.3055288671875 0.680974090625 0.3081029921875
1 0.6744791671874999 0.35283564843750004 0.678125 0.3500578703125 0.6796875 0.33339120312500004 0.6760416671874999 0.295428240625 0.67109375 0.29126157343750003 0.6677083328125001 0.3343171296875 0.6708333328125 0.3500578703125 0.6744791671874999 0.35283564843750004
1 0.6666666671874999 0.33616898125 0.6682291671874999 0.32320601875 0.6638020828125001 0.28015046250000003 0.6588541671874999 0.28524305625 0.659375 0.29913194375 0.6567708328125 0.3195023140625 0.6583333328125001 0.3343171296875 0.6625 0.3380208328125 0.6666666671874999 0.33616898125
1 0.6317708328125 0.3565393515625 0.6333333328124999 0.345428240625 0.6307291671875 0.29913194375 0.62890625 0.294965278125 0.6244791671875001 0.3000578703125 0.6229166671875 0.3343171296875 0.6239583328125 0.35190972187499997 0.6265625 0.357465278125 0.6317708328125 0.3565393515625
1 0.6411458328124999 0.3093171296875 0.64609375 0.3088541671875 0.6479166671875001 0.300983796875 0.6473958328125 0.2796875 0.6440104171875001 0.2597800921875 0.6395833328125 0.2620949078125 0.6380208328125 0.2935763890625 0.6411458328124999 0.3093171296875
0 0.45 0.6343798140625 0.4422034484375 0.628599390625 0.439756684375 0.628288509375 0.425274984375 0.628288509375 0.42010429687500006 0.6317938296875 0.409375 0.6652309890625 0.409375 0.6853731046875 0.4243039859375 0.725658490625 0.43371569374999996 0.7296875 0.4365120453125 0.7296875 0.449594071875 0.7277402171875 0.45 0.7274120109375 0.45 0.6343798140625
1 0.319638565625 0.3796875 0.31875 0.38383615312499997 0.31875 0.44968019375 0.32003955624999997 0.4546875 0.3316313140625 0.4546875 0.33936754062499996 0.42703205000000005 0.3400540234375 0.3973599046875 0.3360214078125 0.3796875 0.319638565625 0.3796875
1 0.2515625 0.3796875 0.2515625 0.4421875 0.2578661390625 0.4421875 0.2585657359375 0.441330325 0.2666804265625 0.41001554687499997 0.2678137953125 0.3812815328125 0.2675008703125 0.3796875 0.2515625 0.3796875
1 0.41854217812499994 0.3796875 0.415625 0.39323355625 0.415625 0.40342882031249994 0.416775371875 0.42570636874999995 0.42066311875 0.4453125 0.43659476562500005 0.4453125 0.43983749687499996 0.43283868906249995 0.440400190625 0.426314028125 0.440400190625 0.39511925 0.43843169687500005 0.3796875 0.41854217812499994 0.3796875
1 0.05415296093750001 0.3796875 0.052604167187499995 0.392766203125 0.054166667187499996 0.4159143515625 0.059375 0.436284721875 0.0625 0.4409143515625 0.0705729171875 0.4413773140625 0.0739583328125 0.4372106484375 0.0791666671875 0.4029513890625 0.07790028593750001 0.3796875 0.05415296093750001 0.3796875
1 0.0220703125 0.3796875 0.0192708328125 0.39461805625 0.021354167187500002 0.42887731406249996 0.0260416671875 0.4464699078125 0.0302083328125 0.45109953750000004 0.0377604171875 0.45063657343749997 0.040625 0.4464699078125 0.046875 0.423321759375 0.0484375 0.40758101875 0.0458333328125 0.3807291671875 0.045517828125 0.3796875 0.0220703125 0.3796875
1 0 0.3796875 0 0.45734953593750005 0.00625 0.45387731406250004 0.0067708328125 0.4436921296875 0.013020832812499999 0.4279513890625 0.014583332812499999 0.4159143515625 0.013020832812499999 0.392766203125 0.00986793125 0.3796875 0 0.3796875
1 1 0.4080149203125 0.98948935 0.39425144218749997 0.977188046875 0.39425144218749997 0.9687810171875 0.39587422499999997 0.9628035359375 0.421310628125 0.97491685 0.5671676484375 0.9662143562499999 0.625625871875 0.9577579671875001 0.64475593125 0.9613268921875001 0.6572796171874999 0.95625 0.6617200046875 0.95625 0.674349503125 0.95643943125 0.6889333625 0.9647200609375 0.75339790625 0.9881554171874999 0.8385055765625001 0.9989852453125 0.8564125546875001 1 0.8565491203125 1 0.4080149203125
1 0.9567772937499999 0.43321140781250006 0.9619500562500001 0.40886017187499996 0.9513813328125 0.38767390625 0.9477913453125 0.38767390625 0.9355206828124999 0.39059999843750004 0.9285161125 0.40860833124999996 0.9278535203124999 0.5274669734375 0.9171875 0.578847325 0.9171875 0.7498270437500001 0.9196845 0.762148246875 0.9239936406249999 0.7625 0.9280144328125001 0.7625 0.9271712828125 0.6810068874999999 0.95591348125 0.5570083203125 0.9567772937499999 0.43321140781250006
1 0.8331356203125001 0.3970147625 0.8139819546875 0.3853243875 0.8109027296875 0.3853243875 0.7986400921875 0.40219749531250004 0.79788471875 0.5407519859375001 0.796875 0.5448087890625001 0.796875 0.825 0.801760140625 0.825 0.8128535390625 0.8208150578125 0.836630003125 0.7274728484375 0.8409333015625 0.6706827265624999 0.8263029859375 0.55147719375 0.837982371875 0.4157151359375 0.8331356203125001 0.3970147625
1 0.7177685265625 0.8 0.72410115625 0.792227459375 0.73176334375 0.7392436390625 0.73176334375 0.6450445859375 0.7073343624999999 0.5484381125000001 0.70222924375 0.41525035781249997 0.6928782265625 0.3972049640625 0.6761253609375 0.39314015625 0.6672484296875 0.40225525624999997 0.6671875 0.40261709218749997 0.6671875 0.46198591406249995 0.6769512046875 0.5599160046875 0.6671875 0.624301353125 0.6671875 0.6961980453125 0.6789671296875 0.7550505203125001 0.698217125 0.8 0.7177685265625 0.8
1 0.5711805562500001 0.39334490781250003 0.5545138890625 0.38840663593749997 0.54131944375 0.409394290625 0.5427083328125 0.4489004625 0.5538194437499999 0.508159721875 0.5427083328125 0.6686535499999999 0.5538194437499999 0.7229745375000001 0.5760416671875 0.7797646609375 0.5947916671875 0.7785300921875 0.6024305562500001 0.76741898125 0.612152778125 0.70322145 0.6135416671875 0.6513695984375 0.606597221875 0.6069251546875 0.584375 0.535320215625 0.5788194437499999 0.409394290625 0.5711805562500001 0.39334490781250003
1 0.9045138890625001 0.3834683640625 0.893402778125 0.3859375 0.8885416671874999 0.399517746875 0.8913194437499999 0.49828317968749997 0.8802083328125001 0.5476658953125 0.8802083328125001 0.594579475 0.8913194437499999 0.6538387343750001 0.8982638890625001 0.6612461421875 0.9052083328125 0.6538387343750001 0.9010416671874999 0.5847029328125 0.9135416671875 0.51309799375 0.9121527781250001 0.3970486109375 0.9045138890625001 0.3834683640625
1 0.934375 0.5254436734375 0.9322916671874999 0.3859375 0.9211805562500001 0.3859375 0.9135416671875 0.3970486109375 0.91631944375 0.5007523140625001 0.9010416671874999 0.5871720671875 0.90381944375 0.6489004625 0.919097221875 0.70322145 0.9149305562500001 0.6340856484375 0.934375 0.5254436734375
1 0.7135416671874999 0.4069251546875 0.7072916671874999 0.390875771875 0.690625 0.3859375 0.6885416671875 0.394579475 0.699652778125 0.409394290625 0.7024305562500001 0.426678240625 0.7052083328125001 0.555073303125 0.731597221875 0.6686535499999999 0.737152778125 0.6118634265624999 0.71493055625 0.5155671296875 0.7135416671874999 0.4069251546875
1 0.8079861109375 0.5649498453125 0.805902778125 0.49704861093749997 0.7927083328125001 0.5649498453125 0.7927083328125001 0.6316165125 0.8079861109375 0.5649498453125