1 0.2296875 0.359375 0.2296875 0.2228235953125 0.21691970624999998 0.17245516562500002 0.21444615156250002 0.10162183124999999 0.217775621875 0.062432553125 0.2169078359375 0.015160265624999999 0.21272105468750002 0.008404790625 0.175103165625 0.008404790625 0.1721340796875 0.011069514062499999 0.1715416015625 0.038947420312499995 0.18026515625 0.1093802375 0.18249620312499998 0.173269125 0.178783959375 0.17907500468749998 0.161527025 0.2678766875 0.1603368359375 0.345904790625 0.162197053125 0.359375 0.2296875 0.359375
1 0.3074255609375 0.359375 0.309375 0.3185867359375 0.309375 0.3151970859375 0.2895910078125 0.21324947187499999 0.290576840625 0.12852725 0.29657890781249996 0.08301243593749999 0.2962986546875 0.0399113765625 0.28831370624999997 0.0206835984375 0.2625647796875 0.016404234375 0.253459196875 0.026297621875 0.2493428484375 0.0441256640625 0.25293139062500003 0.1388431234375 0.2513905640625 0.20407540000000002 0.2284650875 0.2930791046875 0.22663131875000003 0.3314471578125 0.22663131875000003 0.359375 0.3074255609375 0.359375
1 0.4 0.359375 0.4 0.2540296140625 0.39610495625 0.24050323125 0.38930251562499996 0.1571698984375 0.3905887953125 0.1157215546875 0.3875153296875 0.0685357203125 0.3746442875 0.039572267187499996 0.3545461671875 0.0317181421875 0.3465192875 0.038262325 0.3381832046875 0.06485443125 0.3398961828125 0.0953735984375 0.35317537187500003 0.1817758078125 0.35613546406249996 0.2275727546875 0.341188646875 0.320961965625 0.34149156718749996 0.359375 0.4 0.359375
1 0.4890625 0.359375 0.4890625 0.3249934578125 0.47504735781249996 0.26425586874999996 0.4733230296875 0.178149303125 0.477336928125 0.1281811171875 0.4762862046875 0.09207000625 0.4709925140625 0.0712094015625 0.456034234375 0.0537642046875 0.437405471875 0.0578217875 0.43032710312500005 0.0695841625 0.4261649671875 0.0876124484375 0.42782188125 0.14455689375 0.43556714375 0.19598214375 0.43620033124999996 0.24458870781250003 0.4146277546875 0.359375 0.4890625 0.359375
1 0.5371608515624999 0.359375 0.5362950953125 0.31624082656249997 0.5147728046875 0.207337059375 0.5238107656250001 0.0473965828125 0.515202159375 0.026182546875 0.48790689687500005 0.02435963125 0.47947346093750004 0.0378405375 0.47515507812499996 0.0615880578125 0.4796165546875 0.2085647421875 0.4703378625 0.2409746390625 0.4703378625 0.28914370312500004 0.48395246875 0.359375 0.5371608515624999 0.359375
1 0.6359375 0.359375 0.6359375 0.2686640921875 0.627118378125 0.2389209046875 0.62559873125 0.12784615625 0.62073841875 0.069508275 0.6092731828125 0.0451459046875 0.5963847 0.039517626562500005 0.583589053125 0.046384803125 0.5770898234375 0.059536068750000004 0.574349021875 0.076180009375 0.5911808781250001 0.238711825 0.5726836703125 0.3427285 0.5719745109375001 0.359375 0.6359375 0.359375
1 0.6703125 0.359375 0.6703125 0.276801821875 0.6535935359375 0.1915169140625 0.6550805671875 0.12762802499999998 0.6616161 0.0814122796875 0.66346413125 0.0355243171875 0.6612017390625 0.0322819984375 0.6205977546875 0.0322819984375 0.620250228125 0.032306299999999996 0.617079440625 0.05124750625 0.6204038093750001 0.0759743546875 0.6199943796875 0.160587315625 0.61856659375 0.1884197234375 0.61359748125 0.2175815078125 0.61359748125 0.25243574375 0.6271496484375 0.322322490625 0.6313801984375 0.359375 0.6703125 0.359375
1 0.3853035078125 0.342540640625 0.38746190625 0.346875 0.389841240625 0.346875 0.40436697343750005 0.3033642875 0.4185389 0.2346207515625 0.417394309375 0.1077812765625 0.42356964374999995 0.0761372203125 0.4328125 0.0593716109375 0.4328125 0.028127243750000003 0.42788390156249995 0.0255679390625 0.3943548390625 0.022026265625 0.390548115625 0.028050976562500003 0.3884730953125 0.0557786859375 0.3904486640625 0.1311291390625 0.386233934375 0.18797345468749999 0.3806587078125 0.20421426875 0.3806587078125 0.300012759375 0.3815813484375 0.3046901875 0.3853035078125 0.342540640625
1 0.730500734375 0 0.730500734375 0.011891578125 0.7335263984375 0.039402371874999995 0.7528840046874999 0.1226487453125 0.7599381828125 0.1359375 0.8086156921875001 0.1359375 0.81704199375 0.11817363125 0.8375 0.024062375 0.8375 0 0.730500734375 0
1 0.1446824578125 0.359375 0.1400707296875 0.3859296671875 0.1401625 0.41097973281249994 0.1491437625 0.453125 0.165625 0.453125 0.165625 0.3669683203125 0.16408143749999998 0.359375 0.1446824578125 0.359375
1 0.0990916921875 0.359375 0.090821490625 0.3908294625 0.090821490625 0.44148372656249996 0.0956488921875 0.4671875 0.1141240734375 0.4671875 0.12018264999999999 0.4538957703125 0.121875 0.41865895468750003 0.121875 0.40755298125 0.11871160624999999 0.3787592609375 0.1132178734375 0.359375 0.0990916921875 0.359375
1 0.067426584375 0.359375 0.0637614484375 0.383363740625 0.0638995578125 0.4041243 0.0763854171875 0.4546875 0.084375 0.4546875 0.084375 0.359375 0.067426584375 0.359375
1 0.026967400000000002 0.359375 0.023290540625 0.377131240625 0.024139203125 0.4062979078125 0.033042840625 0.4438433578125 0.0341434625 0.4453125 0.0484375 0.4453125 0.0484375 0.359375 0.026967400000000002 0.359375
1 0 0.359375 0 0.4359375 0.0059187671875 0.4359375 0.0125 0.4160072078125 0.0125 0.359375 0 0.359375
1 0.19075719062500002 0.359375 0.18791095468750002 0.3777051171875 0.189853365625 0.40548289375 0.1994380109375 0.44375 0.209375 0.44375 0.209375 0.359375 0.19075719062500002 0.359375
1 0.2241083546875 0.359375 0.22263139999999998 0.3653345296875 0.22263139999999998 0.40231975000000003 0.22891540312499997 0.434375 0.242524625 0.434375 0.246209084375 0.4290533984375 0.25 0.40736735625 0.25 0.359375 0.2241083546875 0.359375
1 0.16305330625 0.359375 0.1683790359375 0.3839686578125 0.17148223125 0.43125 0.1718713890625 0.43125 0.1765625 0.41003650937499997 0.1765625 0.3635347953125 0.175570675 0.359375 0.16305330625 0.359375
1 0.07523450781249999 0.359375 0.083712821875 0.40625 0.0847781984375 0.40625 0.0875 0.392638175 0.0875 0.359375 0.07523450781249999 0.359375
1 1 0.8683495359375 0.994319603125 0.8499826781250001 0.994383803125 0.7845547046875 0.9835970390625001 0.76714999375 0.9826270171875 0.739372215625 0.9791522953125 0.7302439078124999 0.9787956609374999 0.7302439078124999 0.9804720390625 0.7673502484375 0.9731930500000001 0.783128678125 0.97810735625 0.8565895921875001 0.9714588828125 0.8904235734375 0.9712059109375 0.9280237046875002 0.9822784484374999 0.976034040625 0.984542721875 0.9796875 0.9968223281249999 0.9796875 1 0.9765622593749999 1 0.8683495359375