1 0.2804060734375 0.10275688281249999 0.2805272796875 0.08192354843750001 0.2770399359375 0.0767960390625 0.2679714515625 0.0754882828125 0.255773659375 0.0754882828125 0.2531835296875 0.0798515625 0.257442771875 0.1538178734375 0.2453125 0.213535559375 0.2453125 0.24805234375000002 0.24597038750000003 0.2484375 0.289670025 0.2484375 0.2883210765625 0.22007474375 0.27616045 0.1607942171875 0.27550040625 0.13990168593750002 0.2804060734375 0.10275688281249999
1 0.1497915484375 0.2515625 0.15444819999999998 0.2469257796875 0.15703438125 0.23315972187499998 0.1578586484375 0.1859375 0.144862846875 0.1240894046875 0.14456645937499998 0.0962706828125 0.1480066203125 0.078378903125 0.14391458906250001 0.0734375 0.142792703125 0.0734375 0.12615586406249998 0.07584359375000001 0.126894096875 0.12314770312500001 0.11875 0.1577240046875 0.11875 0.25067303281250003 0.130793528125 0.2515625 0.1497915484375 0.2515625
2 0.5 0.26319083593750003 0.3658273125 0.267828296875 0.1197658859375 0.28350330156250003 0.074404903125 0.2817113625 0.056436153125 0.2826530640625 0.0546875 0.287432721875 0.0546875 0.3421875 0.5 0.3421875 0.5 0.26319083593750003
1 0.7409426765625 0.5296875 0.7537192328125 0.46144287500000003 0.7508220031249999 0.3974697515625 0.7268683140625 0.3000242734375 0.735822515625 0.1658394328125 0.722126128125 0.1316987609375 0.7172075 0.129211865625 0.697950121875 0.129211865625 0.6959823375 0.129717703125 0.68360623125 0.14962241406250001 0.68763836875 0.29950366875 0.6625 0.39390630625 0.6625 0.503685453125 0.6680337734374999 0.5296875 0.7409426765625 0.5296875
1 0.8011226 0.5296875 0.8147454843749999 0.4665456734375 0.8143521781249999 0.395381609375 0.7930165125 0.3059474453125 0.8019910343750001 0.1665840953125 0.7812408546875 0.1383528484375 0.77728693125 0.1383528484375 0.762322003125 0.143652740625 0.752971428125 0.1640150890625 0.75732549375 0.2893576203125 0.746875 0.33110009375 0.746875 0.4044672109375 0.75153338125 0.4337941984375 0.746875 0.46525044531250004 0.746875 0.5296875 0.8011226 0.5296875
1 0.871796334375 0.5296875 0.8833122578125 0.4695314625 0.8833122578125 0.3990245828125 0.8824421906250001 0.3843778390625 0.8602021703125 0.2997067625 0.86531213125 0.176815209375 0.8478558109375001 0.15197906875 0.831544459375 0.155286384375 0.8195319765625 0.17676196875 0.8259454828124999 0.3064070296875 0.8171875 0.3412278671875 0.8171875 0.373823703125 0.8272859109375 0.421603109375 0.8263078765625 0.478061290625 0.8171875 0.529567759375 0.8171875 0.5296875 0.871796334375 0.5296875
1 0.902714146875 0.5296875 0.893310865625 0.47729779375000003 0.893310865625 0.423376225 0.9145526953124999 0.33268995156250003 0.9096507359375 0.2493566171875 0.9145526953124999 0.1807291671875 0.9071997546875 0.1623468140625 0.894127859375 0.154993871875 0.8810559640625 0.1623468140625 0.8720690359375001 0.1807291671875 0.876970996875 0.298376225 0.867167075 0.3400428921875 0.8818729578125 0.4013174015625 0.8818729578125 0.46259191250000004 0.8688010625 0.521415440625 0.870455475 0.5296875 0.902714146875 0.5296875
1 0.9390902671875001 0.5296875 0.93987949375 0.137837009375 0.928441584375 0.140287990625 0.9161866828124999 0.1684742640625 0.9227226312500001 0.3032781859375 0.893310865625 0.43072916718750004 0.896578840625 0.4969056375 0.9059450859375 0.5296875 0.9390902671875001 0.5296875
1 0.1516644296875 0.8995697437500001 0.1528192296875 0.8931428546875001 0.1528640703125 0.86070815 0.152123225 0.8583523921874999 0.150243740625 0.8614976000000001 0.14750401875000002 0.884059953125 0.1431981515625 0.8768834968749999 0.142415078125 0.8620140859375001 0.1234601953125 0.7831717796875 0.127337521875 0.6805031859375 0.12489497499999999 0.67110744375 0.118341846875 0.662125978125 0.1038154625 0.662125978125 0.0988694703125 0.668816734375 0.0949488828125 0.6843664046875 0.09545719999999999 0.7149765515625 0.098226634375 0.735510696875 0.0979070375 0.7836861374999999 0.0921875 0.8069980671874999 0.0921875 0.8312170140624999 0.106613134375 0.8374318546874999 0.1225326984375 0.8512409812499999 0.14302036875 0.8870686796874999 0.14638203593750002 0.9 0.1512501484375 0.9 0.1516644296875 0.8995697437500001
0 0.14609375 1 0.153125 0.9729166671874999 0.1541666671875 0.946990740625 0.14895833281249998 0.9053240734375001 0.14375 0.88680555625 0.1299479171875 0.859490740625 0.1184895828125 0.846527778125 0.10755208281249999 0.840046296875 0.0830729171875 0.8354166671875 0.0627604171875 0.847453703125 0.0432291671875 0.884027778125 0.0333333328125 0.92569444375 0.0322916671875 0.9729166671874999 0.037760415625 1 0.14609375 1
1 0.5692709546875 0.5296875 0.55 0.60575594375 0.55 0.6692865671874999 0.5524852078125 0.7081075328125 0.5771125046875001 0.7740644203125 0.587068953125 0.775 0.6268012765625001 0.775 0.6302647765625 0.7734024921875 0.6511590593750001 0.67494168125 0.6484703953125 0.5997048828125 0.6278155156249999 0.5296875 0.5692709546875 0.5296875
1 0.6505424140625 0.5296875 0.6508511640625001 0.5362123640625 0.646875 0.550303115625 0.646875 0.5979118875 0.64956930625 0.6096498640625 0.6500954125 0.6691067515625 0.646875 0.6880792343750001 0.646875 0.776611421875 0.6700067171875 0.782753171875 0.6869080078125 0.784375 0.6880911109375 0.784375 0.698268084375 0.776414640625 0.7169010828125 0.6945028984375 0.7193363359375 0.6445847859375 0.6939760421875001 0.5296875 0.6505424140625 0.5296875
1 0.5 0.5296875 0.5 0.7796875 0.5230160374999999 0.7796875 0.5288694046875 0.7721189859375001 0.5418115625000001 0.6973577125 0.5418115625000001 0.6469980484375 0.537897865625 0.607483275 0.5168581125 0.54604780625 0.517587296875 0.5296875 0.5 0.5296875
1 0.5487192624999999 0.5296875 0.55 0.54921875 0.5359375 0.60234375 0.54375 0.63984375 0.54375 0.70078125 0.5484375 0.70390625 0.553125 0.69453125 0.5453125 0.65703125 0.5484375 0.61484375 0.5684124234375 0.5296875 0.5487192624999999 0.5296875
1 0.706176296875 0.5296875 0.70625 0.53046875 0.703125 0.56640625 0.7234375 0.63671875 0.715625 0.74453125 0.75234375 0.7453125 0.7578125 0.73984375 0.76875 0.68828125 0.7671875 0.63046875 0.740625 0.53203125 0.7408171109375 0.5296875 0.706176296875 0.5296875
1 0.75658203125 0.5296875 0.753125 0.57578125 0.7703125 0.65546875 0.7640625 0.72890625 0.778125 0.73359375 0.79921875 0.7328125 0.809375 0.71484375 0.8171875 0.65390625 0.8125 0.61484375 0.790625 0.55078125 0.7918658093750001 0.5296875 0.75658203125 0.5296875