1 0.8003050593750001 0 0.8017857140625001 0.014806546875000002 0.8482142859374999 0.107663690625 0.8883928578125 0.1088541671875 0.916071428125 0.06480654687500001 0.9387537203124999 0 0.8003050593750001 0
0 0.6126674109375 0 0.6142857140625 0.0409970234375 0.6303571421874999 0.08623511874999999 0.652678571875 0.113616071875 0.6964285718750001 0.1338541671875 0.7258928578124999 0.1302827375 0.75625 0.11123511875 0.7821428578124999 0.0743303578125 0.7946428578125 0.026711309375 0.79273490625 0 0.6126674109375 0
2 0.5796875 0.6298197515625 0.083984375 0.6171875 0 0.6191716265625 0 0.807465278125 0.225390625 0.807465278125 0.51328125 0.813715278125 0.550390625 0.8130208328125 0.569140625 0.7949652781250001 0.573828125 0.79913194375 0.5796875 0.7939236109375 0.5796875 0.7869791671875 0.578515625 0.7838541671875 0.5796875 0.7838541671875 0.5796875 0.6298197515625
0 0.917500590625 0.7358148765625 0.9175801937500001 0.7117832468749999 0.9115391703124999 0.68522850625 0.89961970625 0.667692896875 0.8880286703125 0.6598476796875 0.8744870046875001 0.6603994578125 0.8610780390624999 0.66926335 0.8474766703124998 0.6878388546875 0.8453125 0.693480371875 0.8453125 0.7798084890625 0.8526519046875001 0.7943694609375 0.8629424499999999 0.8015625 0.8882697859375 0.8015625 0.898700865625 0.7878722671875 0.9115193203124999 0.7637836546875 0.917500590625 0.7358148765625
1 0.9598958328125 0.40567129687500003 0.9640625 0.42696759218749997 0.9640625 0.463078703125 0.95625 0.49733796249999995 0.9526041671875 0.543634259375 0.953125 0.5565972218749999 0.9614583328125 0.5991898140625 0.9708333328125001 0.605671296875 0.9768229171874999 0.606134259375 0.9828125 0.6010416671875 0.9854166671875 0.5778935187500001 0.9916666671875 0.5612268515625 0.9932291671875 0.5427083328125001 0.9927083328125 0.509375 0.9802083328125001 0.459375 0.9796875 0.43993055625000005 0.9833333328125 0.4112268515625 0.9833333328125 0.4047453703125 0.9809895828125 0.400578703125 0.9627604171874999 0.4015046296875 0.9598958328125 0.40567129687500003
1 0.9140625 0.40567129687500003 0.9177083328125001 0.4390046296875 0.91875 0.47418981406250005 0.909375 0.5232638890625 0.9078125 0.5677083328125001 0.9088541671874999 0.587152778125 0.915625 0.6177083328125 0.9192708328125001 0.6223379625 0.9341145828125 0.6228009265625 0.9375 0.618634259375 0.9473958328125001 0.56493055625 0.9458333328125 0.5241898140625001 0.9354166671874999 0.4825231484375 0.9338541671874999 0.46863425937500003 0.9385416671875 0.41307870312499995 0.9375 0.40381944374999995 0.93515625 0.4015046296875 0.9184895828125 0.4015046296875 0.9140625 0.40567129687500003
1 0.8557291671874999 0.40567129687500003 0.8614583328125001 0.431597221875 0.8604166671875 0.462152778125 0.8484375 0.5177083328125001 0.8484375 0.5584490734375 0.8557291671874999 0.593634259375 0.8591145828125001 0.6024305562500001 0.8677083328125 0.6047453703125 0.878125 0.6010416671875 0.88125 0.5769675921874999 0.8869791671874999 0.559375 0.8890625 0.5427083328125001 0.8880208328125001 0.5103009265624999 0.8770833328125001 0.462152778125 0.8765625 0.43622685156249996 0.8802083328125001 0.40659722187499997 0.87734375 0.4015046296875 0.86015625 0.4015046296875 0.8557291671874999 0.40567129687500003
1 0.8 0.40289351875 0.8005208328125001 0.443634259375 0.7911458328125001 0.481597221875 0.7885416671875 0.5019675921875 0.7880208328125 0.5195601859375 0.790625 0.5464120375 0.7973958328125 0.5778935187500001 0.8036458328125 0.5862268515625 0.8143229171874999 0.5866898140625001 0.8203125 0.5806712968750001 0.8302083328125001 0.5269675921875 0.828125 0.484375 0.8177083328125001 0.4454861109375 0.81875 0.4047453703125 0.81640625 0.4015046296875 0.8 0.40289351875
1 0.7481770828125 0.400578703125 0.7453125 0.4047453703125 0.7442708328125 0.42696759218749997 0.7317708328125 0.47881944374999996 0.7317708328125 0.5103009265624999 0.7375 0.5519675921875 0.74140625 0.5635416671875 0.7463541671875 0.5667824078125 0.7580729171875 0.5672453703125 0.7635416671875 0.5612268515625 0.7729166671875001 0.505671296875 0.771875 0.47418981406250005 0.7604166671875 0.42696759218749997 0.7614583328125 0.40381944374999995 0.75859375 0.400578703125 0.7481770828125 0.400578703125
1 0.8513020828125001 0.4015046296875 0.8489583328125001 0.40567129687500003 0.8473958328125001 0.42696759218749997 0.8401041671874999 0.4547453703125 0.8354166671875 0.4890046296875 0.8364583328125 0.5177083328125001 0.8442708328125 0.5445601859375 0.846875 0.562152778125 0.8484375 0.559375 0.8489583328125001 0.5130787031249999 0.8604166671875 0.462152778125 0.8619791671874999 0.43807870312499997 0.8567708328125001 0.40659722187499997 0.8513020828125001 0.4015046296875
1 0.915625 0.40567129687500003 0.9122395828125001 0.40243055625 0.9041666671874999 0.4047453703125 0.9046875 0.44456018593749996 0.8932291671874999 0.4982638890625 0.89375 0.538078703125 0.9020833328125001 0.5788194437499999 0.9046875 0.5834490734375001 0.9088541671874999 0.5806712968750001 0.9088541671874999 0.5269675921875 0.91875 0.47418981406250005 0.9177083328125001 0.43993055625000005 0.9140625 0.4140046296875 0.915625 0.40567129687500003
1 0.9604166671875 0.40567129687500003 0.95703125 0.4015046296875 0.9515625 0.4047453703125 0.9484375 0.4325231484375 0.9369791671875 0.475115740625 0.9369791671875 0.4825231484375 0.9473958328125001 0.530671296875 0.9489583328125001 0.559375 0.9520833328125 0.5584490734375 0.9510416671874999 0.5510416671874999 0.9557291671874999 0.49918981406250007 0.9640625 0.462152778125 0.9645833328125001 0.4325231484375 0.9604166671875 0.40567129687500003