0 0.5138020828125 0.60555555625 0.5049479171875 0.6111111109375 0.4927083328125 0.63101851875 0.48854166718750003 0.6513888890625 0.48854166718750003 0.6726851859375 0.4921875 0.690277778125 0.50078125 0.7083333328125 0.51484375 0.7212962968750001 0.5244791671875 0.721759259375 0.53359375 0.7175925921874999 0.5473958328124999 0.6958333328124999 0.5526041671875 0.6754629624999999 0.5526041671875 0.6523148140624999 0.5484375 0.63101851875 0.5403645828125 0.615740740625 0.53046875 0.60648148125 0.5138020828125 0.60555555625
1 0.5916666671875 0.4171296296875 0.5838541671875 0.4495370375 0.5822916671875 0.4828703703125 0.5838541671875 0.49490740781250003 0.5895833328125 0.508796296875 0.5911458328125 0.5263888890625 0.6041666671875 0.528240740625 0.6078125 0.5236111109375 0.6114583328125 0.5097222218749999 0.6151041671875 0.46805555625000006 0.6109375 0.4393518515625 0.6052083328125 0.41898148125 0.6046875 0.3856481484375 0.5919270828125 0.38333333281250004 0.5916666671875 0.4171296296875
1 0.3947916671875 0.383796296875 0.3947916671875 0.4050925921875 0.3859375 0.44398148125 0.3859375 0.46898148125 0.3921875 0.508796296875 0.3966145828125 0.5129629625 0.40520833281249996 0.5125 0.40989583281249997 0.5097222218749999 0.415625 0.48842592656250006 0.41822916718750003 0.4486111109375 0.41614583281249995 0.43101851875 0.40833333281249995 0.40138888906250003 0.40729166718750004 0.384722221875 0.40026041718750005 0.38148148125 0.3947916671875 0.383796296875
1 0.42760416718750005 0.383796296875 0.42864583281249996 0.4125 0.42083333281249996 0.446759259375 0.4192708328125 0.48379629687500003 0.42552083281249997 0.5236111109375 0.42942708281249997 0.527777778125 0.43854166718750004 0.528240740625 0.44375 0.5236111109375 0.44739583281249995 0.5097222218749999 0.45104166718750005 0.4865740734375 0.4515625 0.46342592656250003 0.4421875 0.4171296296875 0.4421875 0.383796296875 0.43255208281249996 0.38148148125 0.42760416718750005 0.383796296875
1 0.47473958281249995 0.38240740781250004 0.46380208281249996 0.38240740781250004 0.4609375 0.3856481484375 0.46302083281249995 0.4328703703125 0.45416666718750004 0.466203703125 0.4526041671875 0.4893518515625 0.4604166671875 0.5384259265625 0.4653645828125 0.54351851875 0.47291666718750003 0.54305555625 0.47760416718750004 0.540277778125 0.4817708328125 0.521759259375 0.4859375 0.47453703750000004 0.4838541671875 0.4578703703125 0.4765625 0.43009259218749996 0.4760416671875 0.40972222187499996 0.47864583281249995 0.3856481484375 0.47473958281249995 0.38240740781250004
1 0.4760416671875 0.42731481406249994 0.4859375 0.4754629625 0.490625 0.478240740625 0.496875 0.44490740781250004 0.4875 0.40138888906250003 0.4869791671875 0.3865740734375 0.4856770828125 0.38333333281250004 0.4809895828125 0.38333333281250004 0.47864583281249995 0.38842592656249997 0.47552083281249996 0.4125 0.4760416671875 0.42731481406249994
1 0.49635416718750003 0.40046296249999996 0.5005208328124999 0.43379629687500004 0.49114583281249996 0.4754629625 0.4895833328125 0.5106481484375001 0.4973958328125 0.553240740625 0.5018229171875 0.5574074078125 0.5114583328125 0.55694444375 0.5166666671875 0.5486111109375 0.5223958328125 0.5143518515625 0.521875 0.4893518515625 0.5114583328125 0.43379629687500004 0.5161458328124999 0.391203703125 0.51484375 0.38333333281250004 0.49817708281249995 0.38333333281250004 0.49635416718750003 0.40046296249999996
1 0.5119791671875 0.4458333328125 0.5203125 0.47268518593750003 0.5223958328125 0.4986111109375 0.5213541671875 0.5236111109375 0.5260416671875 0.5245370375 0.5328125 0.4893518515625 0.5338541671875 0.4671296296875 0.5322916671875 0.45231481406249996 0.5229166671875001 0.4171296296875 0.5229166671875001 0.384722221875 0.5153645828125 0.38333333281250004 0.5114583328125 0.42731481406249994 0.5119791671875 0.4458333328125
1 0.5427083328125 0.3921296296875 0.5458333328125 0.41805555625 0.5447916671875 0.4328703703125 0.5359375 0.4671296296875 0.5354166671875 0.49583333281249997 0.5421875 0.5375 0.5481770828125 0.54444444375 0.5567708328125 0.54398148125 0.5619791671875001 0.5375 0.5671875 0.5097222218749999 0.5677083328125 0.49583333281249997 0.565625 0.459722221875 0.5578125 0.4199074078125 0.5604166671875 0.3856481484375 0.5440104171875 0.38333333281250004 0.5427083328125 0.3921296296875
1 0.5588541671875 0.4050925921875 0.5567708328125 0.4106481484375 0.5572916671875 0.4263888890625 0.565625 0.4625 0.5666666671875 0.5097222218749999 0.5697916671875001 0.5125 0.5776041671875001 0.4800925921875 0.5791666671875 0.45046296249999995 0.5692708328125 0.403240740625 0.56875 0.38935185156249996 0.5658854171875001 0.38333333281250004 0.56328125 0.38333333281250004 0.559375 0.39027777812500003 0.5588541671875 0.4050925921875
1 0.6375 0.384722221875 0.6375 0.40138888906250003 0.628125 0.4393518515625 0.6270833328125 0.46898148125 0.634375 0.508796296875 0.6377604171875 0.5129629625 0.6484375 0.5134259265625001 0.6520833328125 0.5097222218749999 0.6572916671875 0.4828703703125 0.6588541671875 0.4495370375 0.6572916671875 0.434722221875 0.6489583328124999 0.403240740625 0.6484375 0.383796296875 0.6419270828125 0.38240740781250004 0.6375 0.384722221875