0 0.641796875 0.7111111109375 0.629296875 0.7180555562500001 0.61328125 0.740972221875 0.60546875 0.7673611109375 0.6046875 0.79930555625 0.61171875 0.8326388890624999 0.623828125 0.85555555625 0.640234375 0.86944444375 0.65625 0.8701388890624999 0.664453125 0.8666666671875 0.6828125 0.8340277781250001 0.69140625 0.8020833328125001 0.69140625 0.7743055562500001 0.684375 0.7451388890625 0.675390625 0.727777778125 0.658984375 0.7125 0.641796875 0.7111111109375
1 0.621875 0.13263888906250001 0.6109375 0.17986111093749999 0.61171875 0.2076388890625 0.6171875 0.23819444375 0.619921875 0.24305555625 0.63046875 0.24236111093749999 0.6359375 0.23402777812500003 0.6421875 0.20208333281250002 0.6421875 0.171527778125 0.6328125 0.1270833328125 0.63671875 0.0979166671875 0.632421875 0.0916666671875 0.6203125 0.09652777812499999 0.621875 0.13263888906250001
1 0.64609375 0.18819444375 0.64609375 0.2076388890625 0.65390625 0.24930555625 0.665625 0.2520833328125 0.671875 0.2451388890625 0.6796875 0.19097222187500001 0.66953125 0.13819444375 0.67265625 0.0951388890625 0.657421875 0.09305555625 0.65546875 0.11041666718750001 0.6578125 0.1395833328125 0.64609375 0.18819444375
1 0.69140625 0.0979166671875 0.6953125 0.146527778125 0.684375 0.18402777812499999 0.68203125 0.209027778125 0.69140625 0.2604166671875 0.70390625 0.26180555625 0.7140625 0.228472221875 0.715625 0.19513888906250001 0.71015625 0.1604166671875 0.7046875 0.146527778125 0.70859375 0.0979166671875 0.705078125 0.0916666671875 0.698046875 0.0916666671875 0.69140625 0.0979166671875
1 0.71484375 0.18125 0.71796875 0.21458333281250003 0.721875 0.17569444375 0.71015625 0.1270833328125 0.71328125 0.09652777812499999 0.709765625 0.09305555625 0.709375 0.12569444375 0.70546875 0.1354166671875 0.70546875 0.14791666718750002 0.71484375 0.18125
1 0.72890625 0.1020833328125 0.72890625 0.12847222187500001 0.73359375 0.1548611109375 0.725 0.1770833328125 0.71953125 0.2076388890625 0.71953125 0.2270833328125 0.72734375 0.2673611109375 0.7375 0.2701388890625 0.74453125 0.26319444375 0.753125 0.22430555624999998 0.7515625 0.1979166671875 0.74296875 0.15625 0.74765625 0.10625 0.741796875 0.09305555625 0.733203125 0.09444444375 0.72890625 0.1020833328125
1 0.7453125 0.13680555625 0.7421875 0.159027778125 0.75390625 0.2270833328125 0.7578125 0.1826388890625 0.746875 0.1395833328125 0.75078125 0.09652777812499999 0.749609375 0.0916666671875 0.743359375 0.0916666671875 0.74140625 0.0979166671875 0.7453125 0.109027778125 0.7453125 0.13680555625
1 0.7640625 0.1895833328125 0.76328125 0.21458333281250003 0.771875 0.2604166671875 0.7859375 0.26180555625 0.79765625 0.21319444375000002 0.7984375 0.19375 0.7859375 0.14236111093749998 0.78984375 0.0951388890625 0.778515625 0.090277778125 0.771875 0.0979166671875 0.77578125 0.1451388890625 0.7640625 0.1895833328125
1 0.77578125 0.14791666718750002 0.784765625 0.147222221875 0.7875 0.1520833328125 0.79609375 0.1923611109375 0.7984375 0.1923611109375 0.80078125 0.1895833328125 0.7984375 0.16319444375 0.7890625 0.1270833328125 0.79296875 0.0979166671875 0.787109375 0.090277778125 0.773828125 0.0916666671875 0.771875 0.1076388890625 0.77578125 0.14791666718750002
1 0.80625 0.1826388890625 0.80625 0.209027778125 0.81171875 0.24375 0.815234375 0.2513888890625 0.8234375 0.2520833328125 0.8296875 0.24930555625 0.83828125 0.20486111093749998 0.8375 0.178472221875 0.828125 0.1395833328125 0.830078125 0.090277778125 0.81484375 0.09375 0.81875 0.13819444375 0.80625 0.1826388890625
1 0.85078125 0.1604166671875 0.8484375 0.196527778125 0.85625 0.23958333281250002 0.86953125 0.24097222187499998 0.878125 0.2076388890625 0.8796875 0.1729166671875 0.86875 0.1270833328125 0.87265625 0.07569444374999999 0.866796875 0.06944444375 0.85703125 0.09652777812499999 0.8609375 0.12569444375 0.85078125 0.1604166671875