1 0.440234375 0.0672780046875 0.43359375 0.0761512203125 0.4296875 0.09133807968749999 0.43359375 0.1803178875 0.43203125 0.201114853125 0.4125 0.277049146875 0.4078125 0.31860671093750004 0.409375 0.3769764109375 0.41953125 0.43276835625 0.426953125 0.446135546875 0.43069591875 0.446875 0.450297365625 0.446875 0.45703125 0.4405856234375 0.46953125 0.39643212031249997 0.4765625 0.327151328125 0.47578125 0.29102203437499996 0.46015625 0.217047246875 0.46015625 0.1781583578125 0.46640625 0.1269149390625 0.4671875 0.08665534531249999 0.455078125 0.0648457203125 0.440234375 0.0672780046875
2 0 0.759375 0.4890625 0.759375 0.4890625 0.703154471875 0 0.5147018906249999 0 0.759375
1 0.7087890609375 0.5639394359375001 0.716080725 0.5770721140624999 0.7175868890625 0.584375 0.7240168328125 0.584375 0.7314453109375 0.5751149156250001 0.7397786453125 0.5725310968749999 0.74375 0.5687518171875 0.74375 0.542253165625 0.7426432249999999 0.540653328125 0.741080725 0.5183947375 0.7416015609375 0.48044389687500005 0.74375 0.4609192375 0.74375 0.4168547734375 0.7408203109375 0.407740528125 0.7319661453125 0.3992011109375 0.726236975 0.3990677625 0.7179036453125001 0.4062812125 0.7124348953125 0.4232835546875 0.7166015609375 0.49467683124999995 0.7150390609375 0.522418240625 0.7166015609375 0.530787940625 0.7134765609375 0.535344834375 0.7087890609375 0.5639394359375001
1 0.8611913 0.5227608984375001 0.8570712140625 0.537478003125 0.8570712140625 0.625 0.8573981625 0.625 0.885605603125 0.6082949515625 0.9007428281250001 0.5819929171875 0.903125 0.570756175 0.903125 0.5505029171875 0.900373115625 0.546529021875 0.8917233515625 0.5208070828125 0.886143559375 0.47834867187499996 0.8841156703124999 0.439431621875 0.8758188562499999 0.4086623171875 0.863628403125 0.4064066046875 0.8570712140625 0.438363321875 0.8570712140625 0.447067215625 0.8599869578125 0.47206660781250004 0.8611913 0.5227608984375001
1 0.803376046875 0.5231200687500001 0.797682784375 0.546518340625 0.797682784375 0.735058465625 0.7994947296875 0.7359375 0.807390275 0.7359375 0.8189630093750001 0.7156476671875 0.829956053125 0.6855616984374999 0.8375 0.64044879375 0.8375 0.565188928125 0.833520834375 0.5373069640625 0.8323431796874999 0.5052520656249999 0.8300960093749999 0.46305836874999995 0.8245818625 0.43764514375 0.8175570562499999 0.430739034375 0.809570884375 0.43561010624999996 0.803738303125 0.44895962031250003 0.8026184671875001 0.47602752812500004 0.805298778125 0.4995656484375 0.803376046875 0.5231200687500001
0 0.7921549484374999 0.759375 0.8083333328125001 0.7265625 0.8151041671874999 0.6904513890625 0.8125 0.6413773140625 0.7979166671875 0.592303240625 0.7794270828125001 0.5705439812499999 0.7658854171874999 0.5649884265625 0.75546875 0.5649884265625 0.7372395828125 0.573321759375 0.7231770828125 0.586284721875 0.715625 0.6015625 0.7067708328125001 0.629340278125 0.6984375 0.6737847218749999 0.6989583328125001 0.6950810187500001 0.703125 0.70711805625 0.7046875 0.723784721875 0.7216145828125 0.7575810187500001 0.7233637140625 0.759375 0.7921549484374999 0.759375
1 0.3015625 1 0.3015625 0.9734745890625 0.29306640625 0.9239895562499999 0.29462890625 0.873099996875 0.2912434890625 0.86515083125 0.28603515625 0.863177753125 0.2818684890625 0.8649326265624999 0.2779622390625 0.8764157812500001 0.2810872390625 0.9227848125 0.2717122390625 0.969788828125 0.27119140625 0.997554484375 0.27161546875 1 0.3015625 1
1 0.3265625 1 0.3265625 0.9523127265625 0.32356605 0.9316416656250001 0.3265625 0.903636378125 0.3265625 0.8659361656250001 0.32637254531250004 0.8653530578125 0.32337703906250004 0.8633556562500001 0.314849465625 0.8657453015625001 0.31136978593750003 0.8744081781249999 0.3098777453125 0.888272809375 0.31106319375 0.9236278046875 0.3038134171875 0.9531431453125 0.3038134171875 1 0.3265625 1
1 0.3703125 1 0.3703125 0.9413559046875 0.36874763125 0.930180634375 0.3703125 0.9160571609374999 0.3703125 0.8644853859375001 0.363625871875 0.8618765671874999 0.358711625 0.86454524375 0.35393617499999996 0.8751024718749999 0.351921553125 0.9381381703124999 0.3467129625 0.9540972234374999 0.3467129625 1 0.3703125 1
1 0.4291666671875 1 0.4291666671875 0.99398148125 0.4171875 0.94305555625 0.4192708328125 0.8726851859375 0.41484375 0.8620370375 0.40651041718750003 0.859259259375 0.40234375 0.8620370375 0.3984375 0.871759259375 0.4010416671875 0.9328703703125001 0.39114583281250004 0.9773148140625001 0.39031363125 1 0.4291666671875 1
1 0.47476325781249995 1 0.475 0.9976851859375 0.47083333281249995 0.9662037031249999 0.46302083281249995 0.9365740734375001 0.465625 0.8745370375 0.46119791718750003 0.8620370375 0.45390625 0.8601851859374999 0.4486979171875 0.8638888890625 0.4458333328125 0.8726851859375 0.44895833281249997 0.9328703703125001 0.4390625 0.9875 0.4388671875 1 0.47476325781249995 1