2 1 0 0.559375 0 0.559375 0.0721933296875 0.9008645203124999 0.0842661890625 0.9417320281249999 0.0799251140625 1 0.084574303125 1 0
1 0.4035440515625 0.7774143390625 0.4161671 0.7544719718749999 0.4273884109375 0.7143317375 0.43045597031250005 0.677841440625 0.43045597031250005 0.6704726484375 0.4263827578125 0.63097110625 0.40783037968749997 0.574460203125 0.40509154062499997 0.5511755734375 0.4058746375 0.506785725 0.4139547890625 0.46370393593750003 0.4121660375 0.424733159375 0.4089656234375 0.411606421875 0.40133004375 0.39685878125 0.393105884375 0.39128785312500003 0.378843928125 0.39128785312500003 0.3685390890625 0.39884285625000004 0.3590356515625 0.4210230703125 0.3592619015625 0.45991195781250005 0.3700825828125 0.5299023187499999 0.3707219265625 0.550299984375 0.3682685921875 0.57608943125 0.35552787812500003 0.6235551859375 0.353125 0.6513550312499999 0.353125 0.69221076875 0.35334388906249997 0.6956409296875 0.35976626718750004 0.7255981078125 0.378511728125 0.7705485859375 0.3897843328125 0.7796875 0.39566724375 0.7796875 0.4035440515625 0.7774143390625
1 0.48574625937500004 0.5369337484375001 0.4860337765625 0.5137522265625 0.47638266093750004 0.446317896875 0.4784590171875 0.41675502187499996 0.48853838906249997 0.3672890453125 0.48977057031250004 0.3469520515625 0.48581233125 0.333242425 0.4773560265625 0.32492564687500003 0.47177033125 0.32492564687500003 0.461951 0.328929328125 0.45487473749999996 0.34471582500000003 0.45308938750000005 0.36594536875 0.454755865625 0.392964103125 0.4533978375 0.4318529921875 0.4514149953125 0.4437899015625 0.4359621296875 0.482703546875 0.4359375 0.48281034062499995 0.4359375 0.6093012859375 0.439883609375 0.6170505562499999 0.4401153796875 0.6171875 0.459551625 0.6171875 0.46323853125000003 0.6134432203125 0.479406234375 0.5690073921875 0.48574625937500004 0.5369337484375001
1 0.52788678125 0.40335297812499993 0.524097078125 0.38673909218749997 0.5231265640625 0.36822057343750003 0.5276296375 0.3347781453125 0.5267432249999999 0.30791720312500004 0.5234176484375 0.2991709078125 0.5174458515625 0.29464128125 0.508119378125 0.295730846875 0.501743225 0.3083535796875 0.50507855 0.3620481921875 0.5043895125 0.37874213125 0.5028884890625 0.38988960625 0.4920868890625 0.42251520156249994 0.490625 0.44025698593749996 0.490625 0.4479403875 0.5049460640625 0.5186751328125 0.5063675546875 0.5203125 0.52086709375 0.5203125 0.5226058703125 0.5174401062499999 0.52788678125 0.500252996875 0.52788678125 0.40335297812499993
1 0.53984375 0.27633101875 0.5330729171875 0.27725694375 0.5270833328125 0.2851273140625 0.5260416671875 0.3351273140625 0.5203125 0.36753472187499997 0.5197916671875 0.3832754625 0.5276041671875 0.43049768593749993 0.5291666671875 0.45827546249999995 0.53359375 0.45688657343750005 0.5359375 0.45179398125 0.5432291671875 0.42864583281249996 0.5473958328124999 0.4064236109375 0.5473958328124999 0.3832754625 0.540625 0.3471643515625 0.5473958328124999 0.2906828703125 0.54375 0.279571759375 0.53984375 0.27633101875
1 0.2901041671875 0.3499421296875 0.3010416671875 0.45271990781250004 0.2916666671875 0.4971643515625 0.2890625 0.5304976859374999 0.2932291671875 0.56475694375 0.3010416671875 0.592534721875 0.31171875 0.6198495375 0.3192708328125 0.6249421296875 0.3309895828125 0.6217013890625 0.3395833328125 0.6017939812499999 0.3458333328125 0.5656828703125 0.346875 0.52586805625 0.3411458328125 0.49253472187499997 0.325 0.442534721875 0.3234375 0.4184606484375 0.3260416671875 0.3823495375 0.3244791671875 0.3453125 0.31640625 0.330034721875 0.3049479171875 0.32725694375000003 0.2940104171875 0.336516203125 0.2901041671875 0.3499421296875
1 0.2546875 0.32864583281250004 0.2630208328125 0.37586805624999997 0.2625 0.39623842656249997 0.25625 0.4369791671875 0.2557291671875 0.466608796875 0.2635416671875 0.4999421296875 0.271875 0.523090278125 0.2776041671875 0.5286458328125001 0.2872395828125 0.5281828703125 0.28958333281250004 0.523090278125 0.290625 0.5008680562500001 0.2989583328125 0.45271990781250004 0.2984375 0.436053240625 0.2932291671875 0.41475694374999994 0.2822916671875 0.38790509218749997 0.2802083328125 0.31197916718749996 0.2752604171875 0.3031828703125 0.2643229171875 0.3004050921875 0.2575520828125 0.30596064843750004 0.2546875 0.3156828703125 0.2546875 0.32864583281250004
1 0.2325520828125 0.2874421296875 0.2286458328125 0.299016203125 0.2375 0.35179398125 0.2375 0.3629050921875 0.2328125 0.38697916718750003 0.2328125 0.41197916718750005 0.23854166718749997 0.43790509218749996 0.2515625 0.4656828703125 0.2557291671875 0.46197916718749993 0.2557291671875 0.4369791671875 0.2630208328125 0.38975694375000003 0.2630208328125 0.37586805624999997 0.2541666671875 0.3527199078125 0.25 0.29253472187499996 0.24505208281250002 0.2846643515625 0.2377604171875 0.2837384265625 0.2325520828125 0.2874421296875
1 0.38828125 0.2911458328125 0.3817708328125 0.2971643515625 0.3776041671875 0.311053240625 0.3817708328125 0.3582754625 0.38125 0.3906828703125 0.39401041718749996 0.3929976859375 0.4018229171875 0.40225694375 0.40520833281249996 0.411053240625 0.4088541671875 0.411053240625 0.40208333281249997 0.386053240625 0.4010416671875 0.3721643515625 0.40416666718750005 0.3064236109375 0.3981770828125 0.29392361093749997 0.38828125 0.2911458328125
1 0.3388020828125 0.2744791671875 0.33359375 0.2781828703125 0.3307291671875 0.2851273140625 0.3348958328125 0.34809027812500004 0.32760416718749996 0.3814236109375 0.3270833328125 0.411053240625 0.3385416671875 0.4592013890625 0.3447916671875 0.4629050921875 0.3528645828125 0.46151620312499997 0.3567708328125 0.45271990781250004 0.3583333328125 0.42679398125 0.3635416671875 0.40549768593749996 0.3635416671875 0.3934606484375 0.35 0.3351273140625 0.35104166718749996 0.2851273140625 0.34609375 0.2754050921875 0.3388020828125 0.2744791671875
1 0.44244791718750004 0.26984953749999996 0.43671875 0.2707754625 0.4302083328125 0.2832754625 0.4322916671875 0.341608796875 0.4203125 0.38975694375000003 0.4223958328125 0.42864583281249996 0.42864583281249996 0.454571759375 0.43645833281249996 0.46012731406250007 0.4453125 0.45549768593749995 0.45208333281249996 0.4342013890625 0.45625 0.40086805625000005 0.45520833281249995 0.37771990781250003 0.446875 0.341608796875 0.45104166718750005 0.28420138906250003 0.4486979171875 0.2754050921875 0.44244791718750004 0.26984953749999996
1 0.9843790609374998 0.5187290109375 0.9699233187499999 0.45039943437499996 0.9641025750000001 0.43435844218749997 0.9633716531250001 0.398220034375 0.968804540625 0.3475943609375 0.969136834375 0.31521425000000003 0.9648624296874999 0.29647736562500004 0.9548878437500001 0.2869226859375 0.9518284375 0.2869226859375 0.9390569390625 0.2909595609375 0.9326407921875 0.30682206718750005 0.9323354343750001 0.343831809375 0.9378023375 0.38854921249999996 0.9375293015625001 0.43111450781249994 0.9237954 0.4868590046875 0.9203125 0.508387034375 0.9203125 0.60710136875 0.9208821828125 0.6125938609375 0.9229726062499999 0.6171875 0.9805098171874999 0.6171875 0.9851139906250002 0.5829291125 0.9851139906250002 0.5404129156249999 0.9843790609374998 0.5187290109375
1 0.840625 0.5141846015625 0.840625 0.6172444859375 0.866556884375 0.61999931875 0.8896957203125 0.621875 0.8946215421874999 0.621875 0.8991898015625001 0.6197705375 0.9021247546875 0.57309471875 0.9006846140625001 0.539594503125 0.8861161718750001 0.46349307812500007 0.8877328734375001 0.4171967828125 0.894913584375 0.361049065625 0.8952657703125 0.3360156890625 0.8935381109375001 0.325696996875 0.8884412015625 0.3146983953125 0.8801028421874999 0.3109375 0.8695959468750001 0.3109375 0.864450534375 0.314089003125 0.8561709359374999 0.3344383765625 0.854845240625 0.3724013390625 0.8577543671875001 0.42362765312499995 0.8553870046875 0.4615238625 0.840625 0.5141846015625
2 1 0.6317708328125 0.56796875 0.6317708328125 0.559375 0.6320805171874999 0.559375 0.7271716609375 0.5606770828125 0.727141203125 0.6044270828125 0.7308449078125 0.6143229171875 0.7345486109375 0.6200520828125 0.732696759375 0.6231770828125 0.7354745375 0.6346354171875 0.732696759375 0.6377604171875 0.7354745375 0.6783854171875 0.7354745375 0.72890625 0.72899305625 0.7924479171875 0.7317708328125 0.7997395828125 0.7354745375 0.80546875 0.7308449078125 0.8278645828125001 0.72899305625 0.8658854171874999 0.7364004625 0.9174479171875 0.7317708328125 0.94453125 0.7364004625 0.9486979171875 0.7336226859375 0.9971354171875 0.732696759375 1 0.733096178125 1 0.6317708328125