1 0.436287 0.3390625 0.4347855640625 0.3333816234375 0.43550872968750004 0.29652685624999997 0.4400989859375001 0.24277758437500002 0.439418903125 0.22444133437499997 0.43347517187499995 0.2107046359375 0.4218468171875 0.2071230484375 0.410292703125 0.219631246875 0.407051303125 0.23084736718749999 0.407051303125 0.2792522625 0.4093903265625 0.3390625 0.436287 0.3390625
1 0.5286963140625 0.3390625 0.52807974375 0.3285720890625 0.5301486093750001 0.241662596875 0.5286776859375 0.22579431093750002 0.5266428359375 0.21729091718750002 0.5196789203125001 0.20514288593750002 0.513455853125 0.2000030734375 0.5046016890625 0.1992803140625 0.4938518828125 0.21090875156250002 0.49011447343750003 0.226351884375 0.4904844703125 0.2523203265625 0.4994662296875 0.32067819375 0.500132565625 0.3390625 0.5286963140625 0.3390625
1 0.6078125 0.3390625 0.6078125 0.3364603765625 0.6006413359375 0.2968526703125 0.598374778125 0.2375722 0.6008424265625 0.198692403125 0.59306045 0.1861454359375 0.5837070015625001 0.1851649671875 0.5748654125 0.19576311875000002 0.5708963109375 0.20963079687500003 0.57137765 0.23371093125 0.5774193484375 0.28745705625 0.577663621875 0.321722375 0.5737719703125 0.3390625 0.6078125 0.3390625
1 0.6415097484375 0.3390625 0.64070826875 0.32305625 0.64542805625 0.2545559109375 0.6443791765625 0.21009934531250002 0.64001494375 0.19618318437499999 0.6332315328125 0.1854941328125 0.6187559546875001 0.1807796578125 0.61031486875 0.18536080625 0.6030142265625 0.19689397343749998 0.5988296140625 0.22002091250000003 0.599009234375 0.25706400937499996 0.607590446875 0.3136030609375 0.60800275625 0.3390625 0.6415097484375 0.3390625
1 0.723433875 0.3390625 0.7150959203125 0.31705220624999997 0.7090822875 0.269049740625 0.7083690640625 0.23464480000000001 0.70385059375 0.192125046875 0.694749065625 0.173671659375 0.68270463125 0.16970540781250001 0.6800007499999999 0.16970540781250001 0.6724288125 0.1761636546875 0.6681989343750001 0.18530594218750002 0.6665773406250001 0.19752508124999998 0.6702644015624999 0.2298596484375 0.6836617734375 0.29131396249999997 0.6870547484375 0.3264627265625 0.685877621875 0.3390625 0.723433875 0.3390625
1 0.7578125 0.3390625 0.7578125 0.3330481953125 0.7463099921875 0.29059875156250004 0.7458687625 0.2665337671875 0.7504002875 0.1804196265625 0.74555685625 0.1670255171875 0.73539894375 0.1615305640625 0.7273708171875001 0.16620564531249998 0.72201320625 0.17503072656250002 0.7188484046875001 0.18708291562499998 0.7185963 0.2148546328125 0.7229520953125 0.26666709375000003 0.72217915625 0.294441840625 0.7155911078124999 0.32080001406249997 0.7155911078124999 0.3390625 0.7578125 0.3390625
1 0.8049121765624999 0.3390625 0.8061135859374999 0.3171741796875 0.8159039828125 0.23729889062499998 0.8177565921875001 0.20028915 0.8130625203124999 0.1682365859375 0.8086782953124999 0.15969959843749998 0.8000261859375 0.1543982625 0.7843648078125 0.1543982625 0.7835728140625 0.15455560625 0.7708222796875 0.16722044687499998 0.764611828125 0.179081125 0.7585002625 0.201549009375 0.7567531375 0.2450129359375 0.7590540046875 0.2901103484375 0.7611834828124999 0.297381278125 0.7616935421875 0.3390625 0.8049121765624999 0.3390625
1 0.8535884296875 0.3390625 0.85 0.32557870312500004 0.8479166671874999 0.27835648125 0.8526041671875 0.21631944375 0.8510416671875 0.17557870312499999 0.8424479171874999 0.15381944375 0.8268229171874999 0.14826388906250001 0.8174479171875 0.1547453703125 0.8119791671875 0.16631944375000002 0.8192708328125 0.193171296875 0.8213541671875 0.21817129687499998 0.8175994937500001 0.3390625 0.8535884296875 0.3390625
1 0.8871988937499999 0.3390625 0.8807291671874999 0.3237268515625 0.8734375 0.293171296875 0.8723958328125001 0.2552083328125 0.875 0.17743055624999998 0.8729166671874999 0.1607638890625 0.86640625 0.14826388906250001 0.85390625 0.14363425937500002 0.8442708328125 0.15335648125 0.8505208328125 0.17094907343750002 0.8526041671875 0.1885416671875 0.8526041671875 0.224652778125 0.8479166671874999 0.28483796250000004 0.8505208328125 0.32743055625 0.85344795 0.3390625 0.8871988937499999 0.3390625
1 0.9151306625 0.3390625 0.9114583328125001 0.3135416671875 0.8973958328125 0.26631944375 0.8963541671874999 0.224652778125 0.8994791671875 0.1894675921875 0.8989583328125 0.156134259375 0.88984375 0.14085648125 0.8799479171875 0.13993055625 0.87265625 0.1464120375 0.8708333328125001 0.15335648125 0.8739583328125 0.1644675921875 0.8755208328125 0.1829861109375 0.8760416671875 0.2172453703125 0.8729166671874999 0.2857638890625 0.8765625 0.306134259375 0.8874341874999999 0.3390625 0.9151306625 0.3390625
2 0.3390625 0.609038284375 0 0.609038284375 0 0.7369405578125 0.1812283375 0.7225441046875 0.3390625 0.7074575984375 0.3390625 0.609038284375
1 0.446875 1 0.446875 0.9973580921874999 0.4189278734375 0.9192006093749999 0.4226278203125 0.9085684828125 0.42310469062500006 0.82660126875 0.4104886875 0.8064366671875 0.39233866093750003 0.7994880171875 0.3795637015625 0.806645821875 0.3721320171875 0.8333745562499999 0.38623239375 0.9110646265625 0.3859780609375 0.9547804734374999 0.3716547578125 0.9907284390625 0.3716547578125 1 0.446875 1
1 0.6625 1 0.6625 0.996396021875 0.6458784328125 0.9483120906250001 0.6467687421875 0.9100607249999999 0.6588225171875 0.8609438624999999 0.6595856390625 0.8281569781249999 0.64028516875 0.797985978125 0.618212615625 0.8087880046875 0.6085493640624999 0.8333252796874999 0.6136599078125 0.926263765625 0.58303250625 0.996863209375 0.58303250625 1 0.6625 1
1 0.884376153125 1 0.8776593484374999 0.9702720171875001 0.8788040328125 0.9210916890625 0.8983849093749999 0.8610881796874998 0.8984375 0.858828671875 0.8984375 0.8273976953125001 0.8797203750000001 0.803594775 0.868811284375 0.8035313078125 0.8521296812500001 0.8170973078125 0.8442210171875001 0.8443774015625 0.838168096875 0.9481813812500001 0.808186878125 0.9862635015624999 0.8039425375 1 0.884376153125 1
1 0.7187297984375001 0.9740464687500001 0.7239944921875 0.978125 0.74516296875 0.978125 0.74826676875 0.977476715625 0.75 0.9729279187500002 0.75 0.659134475 0.7381139765625 0.6493620546875001 0.728334325 0.6493620546875001 0.7130812515625 0.6584402828125 0.708741859375 0.6724829031249999 0.719961271875 0.7651247984375 0.71766309375 0.7817725203125 0.7021576453125 0.815830803125 0.6943709859375 0.8548450062499999 0.698385540625 0.9040253343749999 0.7187297984375001 0.9740464687500001
1 0.5017683671875 0.6687145921875001 0.49735059687500005 0.7942070796875 0.4897276875 0.800052709375 0.48839778593750005 0.8043485406249999 0.48839778593750005 0.97268615625 0.48886595 0.9734375 0.5099867031249999 0.9734375 0.51124920625 0.9732009328124999 0.522508478125 0.9671647328125001 0.544892453125 0.9006380921874999 0.5453125 0.8940833515625 0.5453125 0.8279765687499999 0.5340644109375 0.7868368625 0.5358153109374999 0.75951445625 0.5325291265625001 0.7542405515625 0.54260329375 0.7101435578124999 0.5450545531250001 0.6718921890624999 0.537189271875 0.653242940625 0.52197885 0.649394528125 0.518120575 0.649394528125 0.5080983625 0.65476753125 0.5017683671875 0.6687145921875001
1 0.6416193187499999 0.795346653125 0.64525568125 0.7407018437499999 0.6488920453125 0.7352373640625001 0.64525568125 0.702450478125 0.6307102265625 0.6696635921875 0.6307102265625 0.6259477453125 0.6379829546875 0.6040898218749999 0.6379829546875 0.5658384562500001 0.6288920453125 0.5467127734374999 0.6107102265625001 0.5467127734374999 0.60161931875 0.5658384562500001 0.60161931875 0.6641991125000001 0.5870738640625 0.696985996875 0.5798011359374999 0.7297728828125 0.5834374999999999 0.795346653125 0.5907102265624999 0.8062756140625 0.5979829546875 0.8335980187499998 0.6034375 0.841794740625 0.6088920453125001 0.8390625 0.6125284093750001 0.8172045765625 0.62161931875 0.803543375 0.6416193187499999 0.795346653125
1 0.46343750000000006 0.6860570359375 0.452528409375 0.6696635921875 0.452528409375 0.6423411890625 0.4488920453125 0.6368767078124999 0.452528409375 0.620483265625 0.452528409375 0.560373975 0.43980113593750003 0.5412482921875 0.42525568125 0.5412482921875 0.412528409375 0.5658384562500001 0.4161647734375 0.615018784375 0.4234375 0.6314122265625001 0.4234375 0.6641991125000001 0.40889204531249995 0.7079149593749999 0.40889204531249995 0.7680242484375001 0.4270738640625 0.8281335375000001 0.43616477343749993 0.841794740625 0.45616477343749995 0.8390625 0.46343750000000006 0.8281335375000001 0.474346590625 0.7789532109375 0.474346590625 0.7297728828125 0.46343750000000006 0.6860570359375
1 0.5434375 0.5713029374999999 0.5470738640625 0.47294228125000004 0.5416193187499999 0.464745559375 0.534346590625 0.464745559375 0.5307102265625 0.4592810796875 0.5270738640625 0.464745559375 0.5198011359375 0.464745559375 0.514346590625 0.4784067625 0.514346590625 0.5002646859375 0.5179829546875 0.5057291671875 0.5179829546875 0.5713029374999999 0.5034375 0.609554303125 0.4998011359375 0.65873463125 0.5088920453125001 0.666931353125 0.5161647734375 0.6560023906250001 0.5307102265625 0.6505379093749999 0.5434375 0.6696635921875 0.5434375 0.691521515625 0.554346590625 0.691521515625 0.56161931875 0.6641991125000001 0.56161931875 0.6259477453125 0.5434375 0.5713029374999999