1 0.7453125 0.1023547609375 0.7453125 0.171875 0.7496516203125 0.171875 0.752139959375 0.167501834375 0.754155034375 0.14797549999999998 0.7505918015624999 0.12226794218749999 0.7510443765625 0.102823496875 0.7467142703125 0.09888884375 0.7453125 0.1023547609375
1 0.734820084375 0.1238721515625 0.7326210609375 0.0775913421875 0.7296875 0.0796740078125 0.7296875 0.1421875 0.7310106218750001 0.1421875 0.734820084375 0.1238721515625
1 0.8 0.09247337343749999 0.8 0.15349586875000001 0.802049596875 0.14670377343750002 0.8034267343749999 0.1309630328125 0.8022573640624999 0.09648540781250001 0.8003554765625001 0.0923634953125 0.8001101500000001 0.0923634953125 0.8 0.09247337343749999
1 0.7765625 0.0727737609375 0.7765625 0.132785678125 0.7774268390625 0.134375 0.784095896875 0.134375 0.7850282453125 0.12892672968750002 0.7850282453125 0.11488135625 0.779057528125 0.071480171875 0.7765625 0.0727737609375
1 0.7742750765624999 0.097830246875 0.7694948937499999 0.061103765624999994 0.765625 0.0576970953125 0.765625 0.11293011093750001 0.7661942671874999 0.11539962968749999 0.7684163796875 0.1171875 0.771643828125 0.1171875 0.773485934375 0.11586690156249999 0.7742750765624999 0.102533378125 0.7742750765624999 0.097830246875
1 0.7504213203125 0.0511950671875 0.7511037640625 0.0651142890625 0.75 0.0745419984375 0.75 0.0961876421875 0.7504715140625 0.10023880468749999 0.7518835515625 0.1015625 0.75893755 0.1015625 0.760238059375 0.0897040609375 0.7553099781249999 0.0463906578125 0.7504213203125 0.0511950671875
1 0.72186828125 0.1203125 0.7235768015625 0.1109079484375 0.7228590625 0.06458134843749999 0.7212059265625 0.06039347187500001 0.7203125 0.0613652578125 0.7203125 0.1203125 0.72186828125 0.1203125
1 0.73125 0.0734375 0.7361006953125 0.0734375 0.7379375171875 0.0669417625 0.7384085734375001 0.045609046874999996 0.7359503609375 0.025464906250000002 0.7314154625 0.02747015 0.73125 0.029184020312499996 0.73125 0.0734375
1 0.4851417890625 0.675931815625 0.482792628125 0.6427622578125 0.45950053906250005 0.5371689500000001 0.46498539218749996 0.4356162890625 0.4633393703125 0.4225242015625 0.42221060312500003 0.42953485156250004 0.4241503296875 0.5473447453125 0.409375 0.6120125015625 0.409375 0.8008960500000001 0.4158315375 0.8377044109374999 0.42020037343750005 0.846875 0.45438822031250004 0.846875 0.4642690375 0.8351659093750001 0.48309979375 0.7301394265625 0.4851417890625 0.675931815625
1 0.3899280703125 0.6387030328125001 0.3767182296875 0.572219540625 0.37651541875 0.5529117984375 0.3799146390625 0.5043006875 0.3905307796875 0.4302111203125 0.385792575 0.42579428906250005 0.344973334375 0.43212629375 0.3414177203125 0.45521383593750003 0.3434872484375 0.5033464921874999 0.33921822968750004 0.5755003656250001 0.3390625 0.5760061390625 0.3390625 0.6755070562500001 0.36964985625 0.72882223125 0.3808667796875 0.7875 0.38281554375 0.7875 0.38851411874999997 0.7699639734375 0.3930745 0.6936434359375 0.3899280703125 0.6387030328125001
1 0.25841466875 0.7427902062499999 0.273918865625 0.8077845703125 0.28386711249999996 0.8376063359374999 0.2944575875 0.855602071875 0.3150481328125 0.8804005468749999 0.323993396875 0.8859375 0.352359090625 0.8859375 0.3554301078125 0.8853073921875 0.38542961249999996 0.842929 0.3850822328125 0.8289582249999998 0.3796306390625 0.8105341750000001 0.38103660625 0.7854932328124999 0.374612915625 0.7781802953125 0.3690047890625 0.7346334171875 0.34978554375000004 0.6896755828125001 0.3204447140625 0.639303896875 0.2955312046875 0.61009309375 0.29061783750000003 0.5944877671875 0.27889908750000003 0.5938736140625 0.24988741874999998 0.48143024062500006 0.24242194375 0.4635982796875 0.2396509484375 0.46077000156250003 0.20517887968749998 0.46077000156250003 0.203125 0.4642669890625 0.203125 0.5312380125 0.20374219999999998 0.5334268984375 0.2245932796875 0.568703453125 0.2367984328125 0.5951553546875 0.243864703125 0.62203556875 0.25436833281250004 0.6365386109375001 0.25841466875 0.7427902062499999
1 0.1653046578125 0.72331351875 0.1735243578125 0.7521936859375 0.17886753125 0.8257092953124999 0.174870196875 0.862043240625 0.167238525 0.8860045203125001 0.16668364687499998 0.8915919109375 0.16713975625 0.8921875 0.17868496250000002 0.8921875 0.1830333046875 0.8895345171875 0.1859198421875 0.8727559015625002 0.1859198421875 0.652807025 0.16349502656249998 0.582876575 0.159170525 0.534360965625 0.16073436562500001 0.43830479687499996 0.15623941562500002 0.43361876875 0.11645225937499999 0.43663116718749995 0.1125 0.44437974843749994 0.1125 0.44526372343750004 0.11297598125 0.45694514062499997 0.12137651093749999 0.5094682500000001 0.1246023046875 0.588634915625 0.11331285625000001 0.657263475 0.147008071875 0.6871923843750001 0.1653046578125 0.72331351875
1 0.0659360015625 0.5478174203125 0.0698146796875 0.457990228125 0.0692811703125 0.44271245 0.06549878906249999 0.43484826875 0.0241895390625 0.4349726140625 0.020892168750000002 0.440997321875 0.029546290625 0.5995309140625 0.013070609375 0.6857792953125 0.0128176390625 0.723179165625 0.0125 0.7235506453125 0.0125 0.725 0.014188000000000001 0.725 0.0243961171875 0.6975913125 0.04322671875 0.6676179640625 0.07175485000000001 0.6510857015625 0.07175485000000001 0.6094965531250001 0.0672455296875 0.5853174203125 0.0659360015625 0.5478174203125
1 0 0.7751278546875 0.0050501828125 0.6992428359374999 0.019818639062499997 0.6265417765625 0.023121790625 0.599137771875 0.023121790625 0.555828721875 0.016475348437500002 0.43970751718749995 0 0.43970751718749995 0 0.7751278546875
0 0.1436090015625 0.9243367875 0.16101041562500001 0.893918740625 0.16411232343749999 0.8798954250000002 0.16411232343749999 0.7443209328125 0.160058725 0.7297798 0.1456981734375 0.6981990671875 0.1191877984375 0.6662762390625 0.09033475625000001 0.65459459375 0.0668163640625 0.653887665625 0.0538586875 0.659829665625 0.030233878125000002 0.6841682015625 0.012536576562499999 0.7229423140625 0.009375 0.740031421875 0.009375 0.833712865625 0.011546821875 0.853747921875 0.035904000000000005 0.9226013343750001 0.0551936515625 0.938039353125 0.07407130468749999 0.94375 0.11774826093749999 0.94375 0.1436090015625 0.9243367875
1 0.7849084296875001 0.7250292140625 0.7760039515624999 0.682955240625 0.77966051875 0.6152534640624999 0.7782919796875 0.60700201875 0.7719647468749999 0.5994728453125 0.7641091453125 0.6017341328125 0.7578286203125 0.6145480328125 0.7590104109375 0.6755226656250001 0.753125 0.7028458515625 0.753125 0.7822912921875 0.755016234375 0.8024291078125 0.759644290625 0.8140625 0.77224528125 0.8140625 0.776176440625 0.8096433187500001 0.78519580625 0.75738203125 0.7849084296875001 0.7250292140625
1 0.73845465 0.609282140625 0.7319737484375001 0.602026928125 0.7250734234375 0.60447115 0.71833925 0.6156433171875 0.715566553125 0.6849054953125 0.7140625 0.6904092140625 0.7140625 0.8171875 0.7244714078125 0.8171875 0.7249929765625 0.8165984125 0.7385146453125 0.7638807890625 0.7399981140625 0.7278608125 0.7322979671875001 0.6825214265625 0.73936968125 0.6184046984375 0.73845465 0.609282140625
1 0.6989360515625 0.6168243109375 0.6954405578125 0.6059441515625 0.6924775765625 0.6039285234375 0.6851049015624999 0.604472309375 0.680510084375 0.6121379625 0.677200190625 0.6380092968750001 0.6770038625 0.676136034375 0.6765625 0.6777404875 0.6765625 0.821875 0.6803740484375 0.821875 0.681033278125 0.8214539406250001 0.6940998609375 0.773769821875 0.6967845640625 0.7311226359375 0.6899436875 0.6777443546875 0.6968298421875 0.6408983859375 0.6989360515625 0.6168243109375
1 0.6826127125 0.8125 0.6826127125 0.8004026640624999 0.6790736984375 0.7855515125 0.6750358453125 0.7504724406250001 0.6826127125 0.6945548796875001 0.6826127125 0.6607094468750001 0.6797628609374999 0.6232173624999999 0.682171015625 0.6054974359375 0.674819075 0.5979135671875 0.668161425 0.6009672359375 0.6640625 0.6117501578125 0.6640625 0.61797785625 0.6684849125 0.6793247 0.6646274359375 0.69988606875 0.6728393234375 0.7477795515625 0.67116274375 0.8090604390625 0.6750619828125 0.8125 0.6826127125 0.8125
1 0.6423219171875 0.746233440625 0.6532056828125 0.767717615625 0.6586045328125 0.7883883734375 0.660321725 0.822681009375 0.662058475 0.825 0.6630458 0.825 0.6665070562500001 0.8212296765625 0.6669410546875 0.8189793468750001 0.6669410546875 0.7169233671875 0.6597999546875 0.6886887625 0.6594259 0.6184518984375 0.6545623078125 0.6056681984375001 0.6472574453125001 0.6015625 0.64704733125 0.6015625 0.641052975 0.605726334375 0.638560234375 0.6161909125 0.6421239546875 0.6884798875 0.634375 0.7333012968749999 0.634375 0.736560496875 0.6423219171875 0.746233440625
1 0.6399736296875 0.6901204125 0.638198703125 0.626001071875 0.639599590625 0.6122031874999999 0.6390033390625 0.60569136875 0.6330554234375001 0.59944136875 0.6325816296875 0.59944136875 0.6256843796875 0.6016770828125 0.6208711390625 0.6129629765625 0.6237409859375 0.6806769078125 0.6140625 0.7219810125 0.6140625 0.7306301671875 0.61471430625 0.7324305234375 0.6159816625000001 0.7328125 0.6309869156250001 0.7328125 0.6316252265625 0.7320275234375 0.6399736296875 0.6909794687499999 0.6399736296875 0.6901204125
1 0.5908784109375 0.6027004218750001 0.5833981015624999 0.6072452046875 0.5789447875 0.6206256781249999 0.5791343265625 0.6799152390625001 0.575851040625 0.696551603125 0.575 0.698763990625 0.575 0.7648521406250001 0.5800411515625 0.7535718046875 0.6019460671875 0.73390984375 0.5937931125 0.6782330812499999 0.599370471875 0.6180842578125001 0.595935828125 0.60646473125 0.5908784109375 0.6027004218750001
1 0.57826979375 0.6800345765625 0.5790327546875 0.6187777859375 0.5838463093749999 0.6051802593750001 0.5797857921875 0.5970003171875 0.5713662078125 0.5982694453125 0.5657929703125 0.611349378125 0.56494375625 0.674458021875 0.559375 0.6933121484375 0.559375 0.8109375 0.560842234375 0.8109375 0.562814071875 0.8099345703124999 0.5643301218750001 0.799822225 0.56271451875 0.767196296875 0.567169765625 0.7164160515625 0.574239153125 0.6992605015625 0.57826979375 0.6800345765625
1 0.5296875 0.790271546875 0.534260784375 0.8084130828125 0.5372295953124999 0.8140625 0.5551288828125001 0.8140625 0.5551288828125001 0.7082682203124999 0.5478136953125 0.6828068953124999 0.5470018750000001 0.6151233749999999 0.544379253125 0.6059247359375 0.53746436875 0.599169721875 0.5308013921875 0.6012185859375 0.5296875 0.6042726890625 0.5296875 0.6517492468749999 0.5320269078125001 0.6804837578124999 0.5296875 0.6942902921874999 0.5296875 0.790271546875
0 0.6415868453125 0.8494085015625 0.6494603921875 0.82496103125 0.6511701453125001 0.7963362609375 0.6466083484375 0.76816381875 0.6343974859375 0.74358578125 0.6262365625 0.7355469109375 0.6206346484375 0.7341834828125 0.6032501234375001 0.7341834828125 0.5927739203125 0.73857661875 0.57898621875 0.759329484375 0.5734375 0.7763931078125 0.5734375 0.8215563718750001 0.575634971875 0.8360629375 0.5858271546875 0.85770533125 0.5990144625 0.86875 0.6245243890625 0.86875 0.63105345 0.8648426125 0.6415868453125 0.8494085015625