1 0.0652049984375 0.4463854171875 0.07961554062500001 0.40112529375 0.0909010828125 0.3557013953125 0.0945239125 0.3182423390625 0.09366972968750001 0.27775984375 0.08132344062499999 0.21297019687500002 0.0866301703125 0.15328891718749998 0.0935277875 0.12436791250000001 0.0953125 0.108472628125 0.0953125 0.07158360312499999 0.0911049890625 0.0580067265625 0.0717842265625 0.054205359375 0.064670003125 0.0601073390625 0.05751735625 0.08204295625 0.056250507812499996 0.17121845 0.052522434375 0.21006639531250001 0.041315476562499995 0.2409935203125 0.041315476562499995 0.4515625 0.05953392187499999 0.4515625 0.0652049984375 0.4463854171875
1 0 0.314045265625 0.0123488953125 0.354329428125 0.016380571875 0.3578125 0.0296875 0.3578125 0.0296875 0.1696576296875 0.022238345312499998 0.14460720625 0.0176237796875 0.1043294296875 0.01993521875 0.0626627640625 0.01747006875 0.040440540625 0.0112868828125 0.025857209375000002 0 0.0178620375 0 0.314045265625
1 0.1517880234375 0.359375 0.1520051625 0.359255525 0.157568453125 0.34863194218750004 0.1716159890625 0.29815444062499996 0.1786322765625 0.24796343906249999 0.176666684375 0.20645593906249998 0.16727672031250002 0.1569334421875 0.1690233109375 0.1194334421875 0.1796875 0.0394835203125 0.1796875 0.038256159375 0.1732579171875 0.0201438015625 0.16818140625 0.016624117187500002 0.1605379546875 0.016624117187500002 0.1561997953125 0.0180663609375 0.146342125 0.037182446875000004 0.1416248484375 0.15520616874999998 0.1266255 0.200501571875 0.1266255 0.35545984375 0.12923756250000001 0.359375 0.1517880234375 0.359375
1 0.2149291296875 0 0.2056329109375 0.0177129578125 0.2003969703125 0.11505358125000001 0.187949096875 0.1511571953125 0.187949096875 0.3 0.2047145125 0.3 0.2098405375 0.29448894531250003 0.21374250312499998 0.283614634375 0.2268080859375 0.23154724999999998 0.2286362328125 0.16047711874999998 0.22344598906250002 0.12238512187499999 0.22567976406249998 0.0904406796875 0.2359375 0.026737909375 0.2359375 0.015357867187499999 0.235219009375 0.010181121875 0.2273668671875 0 0.2149291296875 0
1 0.254508540625 0 0.25370119375 0.0020597593750000002 0.254326346875 0.082742859375 0.23834083437500003 0.1348757359375 0.23834083437500003 0.2358969515625 0.2384214703125 0.23992827968750002 0.24348365468750002 0.2484375 0.265917896875 0.2484375 0.2680604875 0.2465183171875 0.27212835 0.232948290625 0.2794828234375 0.20574447031249998 0.2796875 0.203745446875 0.2796875 0.1237901203125 0.27227893281250004 0.08559852500000001 0.2796875 0.01965650625 0.2796875 0 0.254508540625 0
1 0.13005465624999998 0 0.13392408281249998 0.0837331109375 0.12110095937500001 0.154476215625 0.1221516859375 0.190587325 0.1258424609375 0.20975837031250003 0.12906136875000002 0.2171875 0.1366360203125 0.2171875 0.15173135937499999 0.157366103125 0.153509334375 0.137716603125 0.14841753124999998 0.0434772125 0.1546875 0.022546465625 0.1546875 0 0.13005465624999998 0
1 0 0 0 0.0135225484375 0.0007141578125 0.0160169796875 0.014839998437499998 0.03375631875 0.0097513046875 0.1464748359375 0.027179037499999996 0.2140625 0.0286831984375 0.2140625 0.0328125 0.19365098593750002 0.0328125 0.12696656875 0.0320384359375 0.12133407968750001 0.019581453125000002 0.0750405703125 0.025022078125000003 0 0 0
1 0.0957785171875 0.1608576765625 0.0957785171875 0.216670715625 0.0991296640625 0.2328125 0.0998053921875 0.2328125 0.104111984375 0.2185423765625 0.1046875 0.20756088749999999 0.1046875 0.1851058625 0.098876221875 0.1477479890625 0.0957785171875 0.1608576765625
1 0.06019850624999999 0.2024083734375 0.0609375 0.1950407359375 0.0609375 0.145008784375 0.0509038984375 0.17884875 0.0509038984375 0.2265625 0.051778006249999994 0.2265625 0.06019850624999999 0.2024083734375
1 0.0733242234375 0 0.0679161171875 0.0064054296875 0.0665556234375 0.0411458328125 0.0688764734375 0.053125 0.073328703125 0.053125 0.0962996875 0.050522610937500004 0.096875 0.035831906250000004 0.096875 0.01383633125 0.09129190625 0 0.0733242234375 0
1 0.9207619625 0.07062624375 0.9186025046874999 0.1353528796875 0.9123918578125 0.155236875 0.9123918578125 0.1953125 0.9359375 0.1953125 0.9359375 0.1434323703125 0.9335069578125001 0.124978753125 0.9359375 0.107458784375 0.9359375 0.0688746296875 0.9207619625 0.07062624375
1 0.5 0.2243324421875 0.5088207062500001 0.19245536875 0.5109375 0.16178273125 0.5109375 0.15611055468749999 0.5019585828124999 0.1054010375 0.5043570468749999 0.07064698281250001 0.5 0.0702260015625 0.5 0.2243324421875
2 1 0.20186347968749999 0.672338715625 0.20186347968749999 0.65700331875 0.20341006718750002 0.64761860625 0.2117823453125 0.646947153125 0.23252441250000003 0.646947153125 0.25260418125 0.6493314875 0.26073715000000003 0.653356575 0.2625 0.6731770859375 0.2625 0.8311346593750001 0.2576517375 1 0.2395686890625 1 0.20186347968749999
1 0.078125 0.7735354390625 0.06170884375 0.7721208640625 0.0597598734375 0.8340697234375 0.0499637828125 0.8639171296875 0.0499637828125 0.9098244484375 0.05699787656250001 0.9109375 0.078125 0.9109375 0.078125 0.8566650375 0.0744983796875 0.836236540625 0.078125 0.807478015625 0.078125 0.7735354390625
2 0 0.985156696875 0.026522140625000003 0.9883138031250001 0.16943219062499998 0.9953125 0.1980851859375 0.9953125 0.201056621875 0.99248046875 0.3009941296875 0.9953125 0.3383012265625 0.9953125 0.3395483578125 0.9952582453125001 0.357140678125 0.97998046875 0.3765625 0.9812529218750001 0.3765625 0.932772396875 0.37368667499999997 0.9251193593749999 0.3691873921875 0.9327582484375 0.3657466609375 0.9285915796875 0.3361644046875 0.92998046875 0.3261579421875 0.9216471374999999 0.2984984609375 0.91748046875 0.0771942234375 0.9147026921875 0 0.9089137203125001 0 0.985156696875
1 0.7484375 1 0.7484375 0.9784901921875001 0.74208083125 0.9320816703125001 0.7484375 0.879731975 0.7484375 0.834319290625 0.74026110625 0.8267087640625 0.7275121890625 0.8448650828125001 0.724172778125 0.9199879124999999 0.718425571875 0.9437447546875 0.718425571875 1 0.7484375 1
1 0.6698021859375001 0.8986088296875 0.6698021859375001 0.9702710203125001 0.6726885078125 0.9910575453125 0.684854453125 0.9953125 0.688083259375 0.9953125 0.6922197578125 0.9904892453125 0.697828778125 0.9639639640625 0.7 0.9429478296875 0.7 0.889399309375 0.69433810625 0.8627796640625001 0.6989614078125 0.7974336890625 0.69090116875 0.7824059640625001 0.6897483109375 0.7595461265625 0.686159934375 0.7617317531250001 0.68465116875 0.7825878203125 0.679451790625 0.7862077984375 0.6779810609375 0.761275996875 0.678519103125 0.8687898593749999 0.6698021859375001 0.8986088296875