1 0.081540290625 0.1774470359375 0.0859375 0.13980744843749998 0.0859375 0.114365396875 0.08353138125000001 0.0896751421875 0.07748577031250001 0.0706128390625 0.08266115 0.0546537328125 0.0859375 0.0220773328125 0.0859375 0.0088771078125 0.0841313828125 0.0033603781249999997 0.078335815625 0.0015625 0.0757156921875 0.0015625 0.0710512140625 0.004968696874999999 0.0683217796875 0.011110046875 0.06679880625 0.059176307812499995 0.069033765625 0.07290142187500001 0.060090640625000004 0.10012773593749999 0.060090640625000004 0.2046875 0.061884078125 0.2046875 0.0705038828125 0.20386428437499998 0.07606823124999999 0.1980357734375 0.081540290625 0.1774470359375
1 0.1158770921875 0 0.11336661249999999 0.006023453125 0.11418891874999999 0.042037531249999996 0.11709106875 0.063164021875 0.11201556093750001 0.07449345625 0.1068605140625 0.0968644125 0.1068605140625 0.17917086875 0.10861888281250001 0.1890625 0.1251032859375 0.1890625 0.1278948078125 0.1856086796875 0.130233325 0.163313684375 0.1355998390625 0.14365091562500001 0.1359375 0.13735408437500002 0.1359375 0.1096576078125 0.1270192359375 0.0617771890625 0.13315828125 0.0051016421875 0.13003777968750002 0 0.1158770921875 0
1 0.0128603859375 0.20340229999999998 0.015358312499999999 0.209375 0.0326903328125 0.209375 0.03736649375 0.20204908906250002 0.043266370312500003 0.16030060156249998 0.0408507953125 0.15386457656250002 0.042592945312500005 0.1297723203125 0.0410753890625 0.11036424062500001 0.0361275296875 0.0836123921875 0.0441376828125 0.0409016140625 0.0453125 0.025828921875 0.0453125 0.0053600171875 0.0408989484375 0.0012147625 0.0388923515625 0.0012147625 0.0261645203125 0.0055852937499999995 0.01989205 0.0154120640625 0.0182846078125 0.0348746921875 0.0210233640625 0.08387603593750001 0.0111950625 0.12060891250000001 0.0111950625 0.18188679375 0.012797560937499999 0.18767065 0.0128603859375 0.20340229999999998
1 0.7015625 0.5296875 0.7015625 0.503117621875 0.6865082250000001 0.44241742500000003 0.686663421875 0.29762367031250003 0.676040571875 0.273246328125 0.6563501875 0.2684245140625 0.656326803125 0.2684245140625 0.6425730578125 0.3035643796875 0.6530149953125 0.4533442671875 0.6386144796875 0.5259911546875 0.6384698328124999 0.5296875 0.7015625 0.5296875
1 0.7417000109375 0.5296875 0.73846946875 0.501355175 0.7484375 0.404235353125 0.7484375 0.39888879374999997 0.7430797359375 0.3787867546875 0.7277859125 0.3744376671875 0.7166127828125 0.3969132875 0.7148663796875 0.5051674625 0.7094567140625 0.5296875 0.7417000109375 0.5296875
1 0.5985210484375 0.5296875 0.5951820421875 0.5002280796874999 0.603125 0.4069040765625 0.603125 0.3936673234375 0.5976052921875 0.37499604999999997 0.585256378125 0.3710659859375 0.5831623359375 0.3710659859375 0.5730204609375 0.3903298796875 0.5716543078124999 0.5039036796875 0.5651711046875001 0.5296875 0.5985210484375 0.5296875
1 0.552878390625 0.5296875 0.5609375 0.4625482359375 0.5609375 0.44753811250000003 0.557518459375 0.4354796375 0.5472824828125 0.433380821875 0.53728308125 0.45573884062500003 0.5358350078124999 0.5296875 0.552878390625 0.5296875
1 0.6264904203125 0.5296875 0.6265262265625 0.48852047968749995 0.6190715953125 0.47126568593749996 0.61256118125 0.4708484796875 0.60569289375 0.48718541875000004 0.6105940999999999 0.5296875 0.6264904203125 0.5296875
1 0.713399790625 0.5296875 0.71875 0.48715439375 0.71875 0.48387237499999997 0.7071535875 0.47029765 0.6995786046875 0.48463453906250004 0.699806984375 0.5296875 0.713399790625 0.5296875
1 0.7832095578125 0.5296875 0.7856770828124999 0.4537871453125 0.778515625 0.4369912796875 0.7680989578124999 0.4369912796875 0.7609375 0.4537871453125 0.76431220625 0.5296875 0.7832095578125 0.5296875
1 0.80760038125 0.5296875 0.8091145828125 0.4951308140625 0.8045572921874999 0.4783349484375 0.7954427078124999 0.47575096875 0.78828125 0.4873788765625 0.790946196875 0.5296875 0.80760038125 0.5296875
1 0 0.859375 0.0162706515625 0.859375 0.0205306171875 0.858047896875 0.021875 0.8554746671875 0.021875 0.6969695359375 0.0085500484375 0.6567453734375001 0.007185040625 0.6475042953125 0.0043754671875 0.5521248359375 0 0.5408170984375 0 0.859375
1 0.042771221875 0.5296875 0.040782832812499996 0.5326813687499999 0.035370109375 0.552344178125 0.037281960937500004 0.660213484375 0.034532740625 0.6788138890625 0.029418456250000002 0.6985256734374999 0.029418456250000002 0.9007094562500001 0.029812509375 0.9015625 0.0523501890625 0.9015625 0.0591238453125 0.8985396171875 0.06179394218749999 0.89332419375 0.07524993906250001 0.8372500203125 0.0796875 0.8105976390624999 0.0796875 0.7187562171875 0.065466296875 0.6578135890625 0.06745076718750001 0.610645959375 0.07327227187499999 0.5522034421875001 0.071854825 0.5338214031249999 0.0697318328125 0.5296875 0.042771221875 0.5296875
1 0.130306315625 0.5296875 0.12853433593750002 0.5390240453125 0.127434978125 0.5705055265625 0.1291014578125 0.5972360890624999 0.1335984421875 0.6173638765625 0.1336123984375 0.676526103125 0.123989190625 0.728741828125 0.12141757187499999 0.734296240625 0.12141757187499999 0.920693915625 0.1299358453125 0.9604942640624999 0.1373896078125 0.9671875 0.1524472390625 0.9671875 0.16605292656249998 0.9611231328125001 0.1725436875 0.9464923125 0.1813550546875 0.9026341812500001 0.1875 0.8607327296874999 0.1875 0.7607799859375 0.1858101765625 0.7452752874999999 0.17274654218750002 0.7024359984374999 0.1669780640625 0.6740476515625 0.165997578125 0.657453759375 0.1713143140625 0.5647641343750001 0.17137200625 0.5333311703125 0.1703057890625 0.5296875 0.130306315625 0.5296875
1 0.20468631718750002 0.5296875 0.2033719578125 0.5340192906250001 0.2024093234375 0.570057628125 0.20509823749999997 0.620692453125 0.2038708984375 0.645668196875 0.1961538453125 0.674541315625 0.1961538453125 0.884375 0.21380456875 0.884375 0.21922978437500001 0.8826022453124999 0.2247280515625 0.8745014203125001 0.23310041875 0.8067390203125001 0.24375 0.7619348265625 0.24375 0.70670644375 0.24262680625000002 0.6927773546875 0.23147506718750002 0.6443825109375 0.23373549843750002 0.5972088046875 0.24044678125000002 0.5296875 0.20468631718750002 0.5296875
1 0.2890625 0.5296875 0.2647811453125 0.5296875 0.2661347046875 0.5649990296875 0.279884503125 0.6735000484375 0.27972999062500004 0.7049359640625 0.2759080953125 0.7342010546875001 0.2693419703125 0.751201278125 0.260092584375 0.8058910609375 0.25720093906249997 0.8703869031250001 0.26085387187500003 0.916030678125 0.27305561875 0.9809220421875 0.27590786718750004 0.990625 0.2890625 0.990625 0.2890625 0.5296875
1 0.507244453125 0.5296875 0.507410203125 0.5379205046875 0.4764377984375 0.6903861390625 0.4717637375 0.781273478125 0.48436577812500003 0.88932190625 0.5103212015625 1 0.5823658578125 1 0.584375 0.99002584375 0.584375 0.6293600703125 0.5613927140625 0.5387245 0.5609077546875 0.5296875 0.507244453125 0.5296875
1 0.5855339265625 0.5296875 0.575147509375 0.563762071875 0.575147509375 0.915625 0.6023434906249999 0.915625 0.606281959375 0.9142371171875 0.6264025171875 0.867090146875 0.648601515625 0.74939099375 0.653608059375 0.686512390625 0.6521469171875001 0.64832349375 0.6349120734375 0.5296875 0.5855339265625 0.5296875
1 0.7227215515625 0.5296875 0.7227215515625 0.5902038203125001 0.7268902421875 0.61047099375 0.7308223968750001 0.6660434421875 0.72697235625 0.7202359875 0.7227215515625 0.74172370625 0.7227215515625 0.7921875 0.747971215625 0.7921875 0.756394703125 0.7746212124999999 0.7765625 0.6540727093750001 0.7765625 0.586079321875 0.7651006359375 0.5296875 0.7227215515625 0.5296875
1 0.6615603765625 0.5296875 0.6615603765625 0.84375 0.674175965625 0.84375 0.679385878125 0.8399851250000001 0.7013001078125 0.76416523125 0.712804334375 0.7114439109374999 0.7176898890625 0.6555518265625 0.7158388390625 0.612150121875 0.7034197765625 0.5296875 0.6615603765625 0.5296875
1 0.8252580999999999 0.5296875 0.8252166937500001 0.5329184140625001 0.8179624640625001 0.582843046875 0.791770534375 0.6886438421875 0.7865583203125001 0.7457208265624999 0.7872487671874999 0.8050576515625 0.793780953125 0.8614187109374999 0.8197731843749999 0.9909626921874999 0.82769115625 1 0.881456459375 1 0.8844384546875 0.993133321875 0.903030934375 0.9075887515625001 0.903125 0.9068872718750001 0.903125 0.678926175 0.87966625 0.5830111578125 0.8732356015625001 0.5353761 0.8733829343749999 0.5296875 0.8252580999999999 0.5296875
1 0.91424249375 0.5296875 0.91437263125 0.5319533796875 0.937555778125 0.625831196875 0.9453019375 0.6768818031249999 0.9466118281250001 0.7519254328125 0.9344137140625 0.834375 0.9447559234374999 0.834375 0.9527018312500001 0.820302390625 0.959375 0.785050775 0.959375 0.5932689484375 0.9443161968750001 0.5296875 0.91424249375 0.5296875
1 0.869020996875 0.5296875 0.869020996875 0.583481075 0.8892453249999999 0.681411853125 0.8936042765625001 0.733665196875 0.8912683859375001 0.813944428125 0.8759842843750001 0.9014269328125 0.8778012624999999 0.9078125 0.8857792234375002 0.9078125 0.89604914375 0.8853778671875 0.9161336515624999 0.8013002046875 0.9246721421874999 0.743588790625 0.9265625 0.7051222453125 0.9265625 0.6871643890625 0.92364504375 0.6441808046874999 0.9019345046874999 0.5296875 0.869020996875 0.5296875