1 0.238489684375 0.309375 0.23325392812499998 0.2712999140625 0.24375 0.17695852031249998 0.24375 0.17265734531250002 0.212766675 0.1706054703125 0.2080445078125 0.17546658125 0.2065863640625 0.19213325 0.20747267812499998 0.2712999140625 0.20103183125 0.282411025 0.19400148749999999 0.3039401015625 0.19400148749999999 0.309375 0.238489684375 0.309375
1 0.30378841562500003 0.309375 0.29951227343750003 0.286824825 0.30223165 0.24793593593750002 0.30993417343749996 0.21608695 0.3125 0.18956889999999998 0.3125 0.18229443437499998 0.312066540625 0.17440664687500002 0.3065470875 0.169443259375 0.2830124671875 0.17042304531250002 0.276618928125 0.177959659375 0.2744822765625 0.2085152140625 0.2777258234375 0.2628046109375 0.27607477343750003 0.286415721875 0.2679722296875 0.309375 0.30378841562500003 0.309375
1 0.7399621203125 0.309375 0.7578125 0.1716061734375 0.7578125 0.11250491874999999 0.757784946875 0.1122740453125 0.7483779953124999 0.0939697140625 0.7368843828125 0.084508484375 0.7145746640625 0.084508484375 0.69981295 0.0975058921875 0.680871759375 0.1387675609375 0.6749154765625001 0.309375 0.7399621203125 0.309375
1 0.5087055765625 0 0.5007379109375 0.022119140625 0.49308265 0.109619140625 0.4945098671875 0.236181640625 0.48598473281250004 0.309375 0.5576700828125001 0.309375 0.566208503125 0.184619140625 0.58587574375 0.120556640625 0.59375 0.055088165625 0.59375 0.0071359531249999995 0.592335471875 0 0.5087055765625 0
1 0.4609617078125 0.309375 0.4703125 0.15568970937499998 0.4703125 0.09116129375000001 0.45703268750000003 0.0545554125 0.44315271875000006 0.0447281453125 0.4162600484375 0.0447281453125 0.39758496249999997 0.06426361093750001 0.38619293125 0.10396315 0.3963475359375 0.3047976078125 0.396149325 0.309375 0.4609617078125 0.309375
1 0.6407811484374999 0.309375 0.6465427703125 0.200672528125 0.6333530234375 0.15001755625 0.6218388234375001 0.137752996875 0.6047331453125 0.1322649765625 0.5898893953125001 0.1985653 0.5898893953125001 0.29206668750000003 0.5901392984375 0.309375 0.6407811484374999 0.309375
1 0 0.9150174718749999 0.04440984375 0.915625 0.055348596875 0.915625 0.04398295625 0.8382532859375 0.042026890625 0.7778293453125 0.0875 0.6635314125 0.0875 0.6407844921875 0.06615324375000001 0.590800484375 0.0875 0.47279233749999994 0.0875 0.4526508890625 0.0686470140625 0.4245865609375 0.060267671875 0.42351688281249994 0.03353954375 0.42351688281249994 0.015448799999999999 0.428218928125 0.0014815937499999998 0.46054580468750006 0.008012670312500001 0.5975991921875 0 0.614111571875 0 0.9150174718749999
1 0.0790570140625 0.975 0.12138583750000001 0.975 0.15293225 0.9422241218749999 0.1634308890625 0.8222241203125 0.2 0.73207925625 0.2 0.7153680578125 0.17126205625 0.6311130125 0.1929826140625 0.48444634375 0.18309647499999998 0.4730399921875 0.15289900625 0.46000189999999996 0.12892802812499998 0.4623701265625 0.1040937265625 0.48444634375 0.10641541406249999 0.63842335625 0.074157678125 0.7033886953125 0.074157678125 0.9623884046875 0.0790570140625 0.975
1 0.30366762187499996 1 0.328292775 0.950213453125 0.33125 0.907923159375 0.33125 0.7545652375 0.303689921875 0.6749918312500001 0.3311507625 0.5275257625 0.29539309375 0.49797745937500004 0.2595267515625 0.5018012796875 0.2351801125 0.5349180546875 0.23210784218749997 0.6043033624999999 0.24182718906249998 0.659462690625 0.1994080015625 0.7551820218749999 0.1994080015625 1 0.30366762187499996 1
1 0.359375 0.45576891562499994 0.3499436671875 0.4478109734375 0.316958375 0.45703619062499995 0.301988371875 0.48817227343749997 0.301988371875 0.48878865625 0.336310815625 0.53408963125 0.3169095296875 0.6421672859375 0.31832195625000004 0.693624021875 0.3523067171875 0.8320963703124999 0.35668835468750004 0.9040649453124999 0.3510178390625 0.9578125 0.359375 0.9578125 0.359375 0.45576891562499994
1 0.1625 0.41038070781249997 0.1316558984375 0.38841796875 0.1051703296875 0.392862415625 0.08652855781249999 0.42619574531249993 0.1016728625 0.470640190625 0.09359134999999999 0.5995290796875 0.12010012656249999 0.625 0.125408546875 0.625 0.11092394531250001 0.4795290796875 0.1625 0.45937630625 0.1625 0.41038070781249997
1 0.31875 0.45330936250000003 0.31875 0.40621770156250003 0.3047861390625 0.38909602187500003 0.282513421875 0.3832522578125 0.2774598734375 0.3832522578125 0.254913084375 0.39613285625 0.244747121875 0.41800786875 0.26645206250000003 0.4342317171875 0.2690506875 0.4953125 0.2809649328125 0.4953125 0.291308246875 0.494589225 0.31875 0.45330936250000003
1 0.24092289843749998 0.5300470140625 0.265625 0.49486082187499997 0.265625 0.43151741250000003 0.25271648281250003 0.41565361562500003 0.21202842031250002 0.41565361562500003 0.1910305109375 0.42643466406249997 0.18529730312499998 0.46067824999999996 0.20355636875 0.4878810734375 0.201005884375 0.6440062515625 0.24386961718750003 0.7125 0.24392049375 0.7125 0.259689146875 0.6625259078125 0.24092289843749998 0.5300470140625
1 0.5586982953125 0.8901310703124998 0.5543807890625 0.9030455484375001 0.5554615125 0.9046875 0.5804460296875 0.9046875 0.58979745625 0.903457659375 0.586877165625 0.8858287031250001 0.587699675 0.8599088375000001 0.59375 0.8087222328125 0.59375 0.7838891421875 0.58929791875 0.76732230625 0.5797648578125 0.758413890625 0.5719415828125 0.7592489125 0.562480390625 0.76654723125 0.554035765625 0.7983977390625 0.553734090625 0.8243236640625 0.5544776312499999 0.8275734968750001 0.55838926875 0.8271559843750002 0.5587915859375 0.8373472312499999 0.5586982953125 0.8901310703124998
1 0.6855754421875 0.881245928125 0.7015625 0.8158919140624998 0.7015625 0.7690059781249999 0.700454234375 0.765745315625 0.6936986015625 0.7609375 0.6866872140625 0.7609375 0.67514778125 0.773697821875 0.669696209375 0.789608340625 0.6619276859375001 0.8720581921874999 0.660491184375 0.8785585484375 0.660491184375 0.91621375625 0.683592125 0.925 0.6853664109375 0.925 0.6875337234375 0.92084851875 0.6839964515625001 0.8942301125000001 0.6855754421875 0.881245928125
1 0.75942405 0.9171875 0.7694254140625 0.9171875 0.7885895109375001 0.915336453125 0.7890869953124999 0.8977438609374999 0.7939593875 0.871817934375 0.8128361453124999 0.8227438609375 0.8165396406250001 0.8042253421875 0.8171875 0.78640364375 0.8171875 0.7836247453125 0.8115045234375 0.7695031218749999 0.8060993890624999 0.7657994171875 0.797164215625 0.7667253421875 0.790949 0.7722808984375 0.7849884828125 0.7838549718750001 0.778912409375 0.8116327515624999 0.773056484375 0.8607068234374999 0.766424790625 0.882929046875 0.75942405 0.89456254375 0.75942405 0.9171875
1 0.711181446875 0.919979721875 0.71836599375 0.89553814375 0.7215414546875 0.8575842703125 0.7184612046875 0.8046883093750001 0.7222279593750001 0.7806505984375 0.7328125 0.73911598125 0.7328125 0.697996003125 0.727759546875 0.690359184375 0.7144797265625 0.6938356078125001 0.707616059375 0.7062310593750001 0.7054060890625 0.7154630453124999 0.7019040328124999 0.7506300484375 0.7010794625 0.8071660765625002 0.6947270984375 0.8314444875 0.6947270984375 0.921875 0.705436409375 0.921875 0.711181446875 0.919979721875
1 0.41223927343749994 0.72015198125 0.41314589999999995 0.73852348125 0.4171078578125 0.7558733921874999 0.419834215625 0.789950640625 0.41966183125 0.80476545625 0.41223927343749994 0.8465442421875 0.41223927343749994 0.897555009375 0.41513974375 0.90264781875 0.434600340625 0.9109375 0.4436585953125 0.9109375 0.446875 0.8969950890625 0.446875 0.8277518671875 0.443110103125 0.8024744500000001 0.4409692234375 0.7628113125 0.44168031562500004 0.7017002 0.4397047234375 0.6925622828125 0.43382826874999997 0.6831889125 0.42486020468749996 0.6821908750000001 0.422725834375 0.6821908750000001 0.41578948593750004 0.6902539921875 0.41223927343749994 0.7018452234375 0.41223927343749994 0.72015198125
1 0.359375 0.8953125 0.3828125 0.8953125 0.3828125 0.8863878062499999 0.3775022875 0.8720949296875 0.37717539843750003 0.8609595609374999 0.3736265390625 0.8552341984375001 0.37792250312500003 0.84802085625 0.372811140625 0.8422227187499999 0.3741114 0.8274564203124999 0.37093062187500003 0.7707808734375 0.3679834078125 0.7604501390625 0.36265203437500004 0.7523250578125 0.359375 0.7500667421875 0.359375 0.8953125
1 0.470057209375 0.9203125 0.484375 0.91062524375 0.484375 0.8607959859375001 0.48143129531250006 0.7769820578125 0.4747814640625 0.760778353125 0.4651423640625 0.7542968734375 0.451827065625 0.7598524296875 0.44579562656250005 0.784389465625 0.45920021718750004 0.8705005765625 0.45939622812500003 0.8880931703125 0.45439127187499995 0.9186487234375 0.456226825 0.9203125 0.470057209375 0.9203125
1 0.51645525 0.8010757703125 0.5048417171875 0.8430381703125001 0.5048417171875 0.9035971906250001 0.5307874390625 0.9109375 0.542245240625 0.9109375 0.549321396875 0.9041183296875002 0.5544938453125 0.88712388125 0.5546875 0.8804684171874999 0.5546875 0.867357959375 0.5529942890624999 0.84934301875 0.5415360734375 0.7965498203125 0.5421109109375 0.7410671046874999 0.5454605015625 0.69740290625 0.5408493562500001 0.6861748249999999 0.53474245625 0.6820434515625 0.5295260296875 0.6820434515625 0.5226471328125 0.68652360625 0.5172546765625 0.702147375 0.51645525 0.8010757703125
1 0.48291969999999995 0.6950418140625001 0.48599134374999997 0.731978721875 0.4824357015625 0.7600568890625 0.486987021875 0.782045475 0.48874463593749995 0.8636270859374999 0.4915448140625 0.881086171875 0.4957340265625 0.88778029375 0.49762851250000006 0.8890625 0.5136017765625 0.8890625 0.5140625 0.8884953843750001 0.5140625 0.7544791234375 0.5064170296875 0.733454815625 0.5065007484375 0.6842472359375 0.5039876640625 0.648202878125 0.499088975 0.6369125046875 0.4915066046875 0.6339083640625001 0.48781722343750006 0.6339083640625001 0.48117681718750005 0.6394528828125 0.477689265625 0.6563865609375 0.47941741406249994 0.6859828140625 0.48291969999999995 0.6950418140625001
1 0.3958333328125 0.645659721875 0.3932291671875 0.6586226859375 0.403125 0.7354745375 0.3953125 0.7864004625 0.3947916671875 0.8104745375 0.40208333281249997 0.85399305625 0.41041666718750003 0.8688078703125001 0.42083333281249996 0.8067708328125001 0.4203125 0.777141203125 0.41197916718750005 0.7151041671875 0.4125 0.702141203125 0.41979166718750005 0.6799189812499999 0.4192708328125 0.652141203125 0.41380208281249997 0.6387152781250001 0.40390625 0.6359375 0.3958333328125 0.645659721875
1 0.47552083281249996 0.5993634265625 0.46484375 0.59241898125 0.4596354171875 0.595196759375 0.4546875 0.6095486109375 0.4546875 0.6373263890625 0.459375 0.6660300921875 0.45885416718750005 0.6873263890625 0.4505208328125 0.7225115734374999 0.4484375 0.75491898125 0.44921875 0.7600115734374999 0.45703125 0.75445601875 0.46640625 0.7535300921875 0.4770833328125 0.7604745375 0.48125 0.7364004625 0.48125 0.707696759375 0.4770833328125 0.6854745375 0.47552083281249996 0.6604745375000001 0.4791666671875 0.6197337968750001 0.47552083281249996 0.5993634265625
1 0.5901041671874999 0.7428819437499999 0.5921875 0.6567708328125 0.58515625 0.639641203125 0.5763020828125001 0.6368634265625 0.5703125 0.64288194375 0.565625 0.6567708328125 0.5630208328125 0.6864004625 0.5671875 0.69195601875 0.56875 0.732696759375 0.5625 0.764178240625 0.58046875 0.7590856484375 0.5877604171874999 0.764641203125 0.5921875 0.7725115734375 0.5963541671874999 0.7864004625 0.5916666671874999 0.839178240625 0.5921875 0.8475115734374998 0.5947916671875 0.851215278125 0.6015625 0.8252893515625 0.6020833328125 0.8123263890625001 0.6 0.7910300921875 0.5901041671874999 0.7428819437499999
1 0.671875 0.8623263890625001 0.6713541671875 0.7975115734375 0.675 0.770659721875 0.6703125 0.7493634265625 0.6703125 0.7336226859375 0.678125 0.676215278125 0.678125 0.6614004625 0.6734375 0.645659721875 0.6669270828125 0.6405671296875 0.65546875 0.6461226859375 0.6510416671874999 0.6586226859375 0.6505208328125001 0.7419560187500001 0.6385416671874999 0.7725115734375 0.6369791671874999 0.789178240625 0.6385416671874999 0.8114004625 0.6473958328125 0.8595486109374999 0.6463541671874999 0.8965856484374999 0.6486979171874999 0.901678240625 0.65625 0.901215278125 0.6643229171874999 0.8961226859375 0.6682291671874999 0.8882523140625 0.671875 0.8623263890625001
1 0.7541666671874999 0.8225115734374999 0.753125 0.79195601875 0.7479166671874999 0.7614004624999999 0.7473958328125001 0.7428819437499999 0.75625 0.6660300921875 0.7541666671874999 0.65491898125 0.7450520828125 0.6442708328125001 0.73515625 0.6498263890625 0.73125 0.657696759375 0.7291666671874999 0.6725115734375 0.7291666671874999 0.689178240625 0.7359375 0.7002893515624999 0.7385416671874999 0.714178240625 0.7375 0.7354745375 0.7291666671874999 0.776215278125 0.7265625 0.8049189812499999 0.7333333328125 0.8558449078125001 0.7338541671875 0.882696759375 0.7359375 0.889178240625 0.74375 0.8734375 0.7479166671874999 0.8586226859374999 0.7541666671874999 0.8225115734374999
1 0.8453125 0.9095486109375 0.8442708328125 0.9160300921874999 0.8463541671874999 0.91695601875 0.8833333328125 0.9067708328125 0.8848958328125001 0.8836226859374999 0.9052083328125 0.807696759375 0.9052083328125 0.79288194375 0.8986979171874999 0.776678240625 0.8924479171874999 0.7711226859375 0.8856770828125 0.7720486109375 0.8755208328125 0.7845486109375 0.8640625 0.8697337968750001 0.8604166671875 0.8836226859374999 0.8453125 0.9095486109375
1 0.43854166718750004 0.651215278125 0.4328125 0.6817708328125001 0.44166666718750003 0.6993634265625 0.44375 0.7558449078125 0.4458333328125 0.764178240625 0.45 0.726215278125 0.4578125 0.69288194375 0.45885416718750005 0.6688078703125 0.4546875 0.652141203125 0.453125 0.5743634265625 0.45026041718750004 0.56741898125 0.4408854171875 0.5655671296875 0.43645833281249996 0.570659721875 0.434375 0.582696759375 0.43854166718750004 0.651215278125
1 0.5161458328124999 0.770659721875 0.5166666671875 0.7012152781250001 0.5260416671875 0.6771412031249999 0.51875 0.651215278125 0.5203125 0.582696759375 0.5143229171875 0.56741898125 0.5080729171875 0.5655671296875 0.4994791671875 0.5762152781250001 0.4973958328125 0.5956597218749999 0.5041666671875 0.651215278125 0.503125 0.732696759375 0.5119791671875 0.7660300921875 0.5161458328124999 0.770659721875
1 0.6364583328125001 0.8049189812499999 0.6359375 0.7632523140624999 0.6401041671875 0.7493634265625 0.64375 0.707696759375 0.6377604171875 0.689641203125 0.6299479171875 0.683159721875 0.6236979171874999 0.683159721875 0.61796875 0.688715278125 0.6119791671874999 0.702141203125 0.6114583328125001 0.7308449078125 0.6140625 0.769733796875 0.6130208328125001 0.794733796875 0.5973958328125001 0.844733796875 0.5927083328125 0.8715856484375 0.5916666671874999 0.8910300921874998 0.5950520828125001 0.90445601875 0.6416666671875 0.9095486109375 0.6458333328125001 0.902141203125 0.6473958328125 0.8614004625 0.6447916671874999 0.8401041671874999 0.6364583328125001 0.8049189812499999
1 0.3953125 0.5882523140625 0.3927083328125 0.5725115734375 0.38984375 0.56741898125 0.3825520828125 0.5655671296875 0.3776041671875 0.570659721875 0.37552083281250004 0.57991898125 0.3807291671875 0.651215278125 0.37447916718749996 0.6882523140625001 0.37447916718749996 0.719733796875 0.3776041671875 0.7401041671875 0.3838541671875 0.7604745375 0.38723958281250004 0.7692708328125 0.39114583281250004 0.770659721875 0.390625 0.72991898125 0.3963541671875 0.6965856484375 0.3932291671875 0.6651041671875 0.3953125 0.644733796875 0.3927083328125 0.6225115734375001 0.3953125 0.5882523140625
1 0.4223958328125 0.6243634265625 0.41875 0.6364004624999999 0.41979166718750005 0.6789930562500001 0.42109375 0.6822337968750001 0.4302083328125 0.682696759375 0.4359375 0.66788194375 0.4380208328125 0.6530671296875 0.434375 0.5965856484375001 0.43645833281249996 0.5614004625 0.43359375 0.5479745375 0.42473958281249996 0.545196759375 0.4203125 0.5521412031249999 0.41875 0.5614004625 0.42291666718750004 0.6123263890625 0.4223958328125 0.6243634265625
1 0.44895833281249997 0.5188078703125 0.4484375 0.5364004625 0.4546875 0.5910300921875 0.45729166718750003 0.5965856484375001 0.46510416718750003 0.589178240625 0.46302083281249995 0.5549189812499999 0.46510416718750003 0.526215278125 0.4622395828125 0.5137152781250001 0.45390625 0.5109375 0.44895833281249997 0.5188078703125
1 0.41171875 0.514641203125 0.40598958281249997 0.5118634265625 0.40208333281249997 0.5151041671875 0.4 0.5252893515625 0.403125 0.5743634265625 0.40208333281249997 0.589178240625 0.4109375 0.5938078703125 0.4078125 0.539178240625 0.41041666718750003 0.52991898125 0.41510416718750004 0.5252893515625 0.41171875 0.514641203125
1 0.6143229171875 0.5970486109375 0.6080729171874999 0.6007523140625001 0.6026041671875 0.6178819437499999 0.6026041671875 0.6901041671874999 0.590625 0.7401041671875 0.5911458328125001 0.751215278125 0.5989583328125001 0.7836226859375001 0.6020833328125 0.8123263890625001 0.60625 0.8132523140625001 0.6119791671874999 0.7984375 0.6135416671874999 0.7864004625 0.6114583328125001 0.7067708328125001 0.6140625 0.694733796875 0.6229166671874999 0.6799189812499999 0.6260416671875 0.6308449078125 0.6239583328125 0.60491898125 0.6143229171875 0.5970486109375
1 0.6372395828125 0.6877893515625 0.6442708328125001 0.707696759375 0.6380208328125001 0.764178240625 0.6416666671875 0.7632523140624999 0.65 0.7382523140624999 0.6510416671874999 0.6586226859375 0.6567708328125 0.6086226859374999 0.6541666671874999 0.5780671296875 0.64609375 0.5711226859374999 0.6377604171875 0.576678240625 0.6354166671874999 0.5873263890625 0.6354166671874999 0.652141203125 0.6276041671874999 0.6799189812499999 0.6372395828125 0.6877893515625
1 0.6947916671875 0.6965856484375 0.6953125 0.6725115734375 0.7 0.644733796875 0.7 0.6169560187500001 0.6971354171874999 0.6063078703125 0.6888020828125001 0.6007523140625001 0.678125 0.6114004625 0.6755208328125001 0.6345486109375 0.675 0.644733796875 0.678125 0.657696759375 0.6786458328125 0.6725115734375 0.6713541671875 0.7215856484375001 0.6708333328125 0.7493634265625 0.6734375 0.764178240625 0.6770833328125001 0.7715856484375 0.68671875 0.7618634265625001 0.7002604171875 0.7655671296875 0.7020833328125 0.7614004624999999 0.7015625 0.7410300921874999 0.6947916671875 0.6965856484375
1 0.6572916671875 0.6132523140625 0.653125 0.639178240625 0.6536458328125001 0.6465856484375 0.6611979171875 0.6405671296875 0.6723958328125 0.639178240625 0.6713541671875 0.62991898125 0.6760416671874999 0.5901041671874999 0.6760416671874999 0.5725115734375 0.6739583328125001 0.5595486109375 0.6684895828125 0.5526041671874999 0.6611979171875 0.5535300921874999 0.6572916671875 0.5614004625 0.6557291671875 0.5734375 0.6572916671875 0.6132523140625
1 0.36770833281250004 0.607696759375 0.3630208328125 0.6632523140625001 0.3630208328125 0.6864004625 0.36666666718749996 0.7151041671875 0.375 0.7308449078125 0.3739583328125 0.695659721875 0.3807291671875 0.644733796875 0.37552083281250004 0.5808449078125 0.38229166718749996 0.5614004625 0.37552083281250004 0.5475115734375 0.3747395828125 0.5331597218749999 0.37447916718749996 0.5465856484375 0.3658854171875 0.5544560187500001 0.3630208328125 0.5623263890625 0.36770833281250004 0.607696759375
1 0.4778645828125 0.52945601875 0.47161458281249996 0.526678240625 0.46640625 0.5303819437499999 0.46302083281249995 0.539178240625 0.46302083281249995 0.564178240625 0.465625 0.5901041671874999 0.47760416718750004 0.6002893515625 0.4791666671875 0.5938078703125 0.47864583281249995 0.5549189812499999 0.48229166718750005 0.5401041671875 0.4778645828125 0.52945601875
1 0.47864583281249995 0.5854745375 0.48125 0.6030671296875 0.48125 0.6243634265625 0.47864583281249995 0.639178240625 0.48125 0.6401041671875 0.48723958281249996 0.6340856484375 0.49765625 0.6359375 0.49895833281249996 0.6308449078125 0.49583333281249997 0.6197337968750001 0.4973958328125 0.5604745375 0.49583333281249997 0.5521412031249999 0.48828125 0.5433449078125 0.48151041718750004 0.5479745375 0.478125 0.5586226859375 0.47864583281249995 0.5854745375
1 0.6234375 0.657696759375 0.6234375 0.676215278125 0.6260416671875 0.6799189812499999 0.6338541671875 0.6595486109375 0.6354166671874999 0.6484375 0.634375 0.5993634265625 0.6390625 0.5465856484375 0.6364583328125001 0.5373263890625 0.63203125 0.532233796875 0.62578125 0.5331597218749999 0.6203125 0.545659721875 0.621875 0.5984375 0.6265625 0.6169560187500001 0.6234375 0.657696759375
1 0.69375 0.6864004625 0.7026041671875 0.7493634265625 0.7026041671875 0.7586226859375 0.7 0.7632523140624999 0.7046875 0.76695601875 0.7078125 0.7095486109375 0.71875 0.6864004625 0.715625 0.670659721875 0.7151041671874999 0.652141203125 0.7203125 0.5938078703125 0.7192708328125 0.5864004625 0.71328125 0.576678240625 0.7 0.5882523140625 0.7005208328125001 0.6401041671875 0.69375 0.6864004625