1 0.28125 0.3796875 0.28125 0.3436502015625 0.281024271875 0.3392141109375 0.2613301453125 0.2446321578125 0.248451640625 0.24709056875000002 0.247050746875 0.2749138109375 0.23125 0.35100434375 0.23125 0.3560195984375 0.232149290625 0.3796875 0.28125 0.3796875
1 0.2137299171875 0.3796875 0.21462788906250002 0.3625531734375 0.20335077968749998 0.295015975 0.2048356890625 0.24436245156249997 0.1840233796875 0.24716875468750002 0.1822570296875 0.295752584375 0.171875 0.330732528125 0.171875 0.3796875 0.2137299171875 0.3796875
1 0.1602077140625 0.3796875 0.16015625 0.3768518765625 0.14609375 0.3117377296875 0.148046875 0.2443538921875 0.121875 0.24674176406249998 0.12578125 0.302251865625 0.1097723375 0.3796875 0.1602077140625 0.3796875
1 0.11674069375 0.3796875 0.11674320468749999 0.37130428437499996 0.12939253125 0.3077790734375 0.12628249375 0.2577608890625 0.1323035890625 0.2613694890625 0.142917646875 0.2546796171875 0.1476648484375 0.2728260921875 0.149202484375 0.24719529062499998 0.1470876390625 0.243677609375 0.123715365625 0.2431336140625 0.118092740625 0.2431336140625 0.1148921734375 0.2477840921875 0.116056565625 0.2727840921875 0.1064725375 0.3183446703125 0.10625 0.32070310625 0.10625 0.3796875 0.11674069375 0.3796875
1 0.09018605625000001 0.3796875 0.08059990781250001 0.332409103125 0.08673197499999999 0.24624344531250003 0.057556353125 0.2432826 0.053138225 0.246829825 0.05294421875000001 0.2523853796875 0.0543179484375 0.2801222484375 0.059447190625 0.2897490125 0.06003966875 0.3174995171875 0.046875 0.370637196875 0.046875 0.3796875 0.09018605625000001 0.3796875
1 0.0625 0.244827965625 0.0803250921875 0.2551184734375 0.085273065625 0.3046875 0.085672109375 0.3046875 0.0869601921875 0.24555990625000002 0.0625 0.2443229703125 0.0625 0.244827965625
1 0.0551795625 0.3796875 0.063336765625 0.3391236390625 0.063336765625 0.295747315625 0.06282999375000001 0.295096046875 0.063336765625 0.2946372390625 0.063336765625 0.27454164062499997 0.0609817203125 0.26453139999999997 0.061132454687500004 0.2464849359375 0.057495578125 0.24297180468750001 0.053319954687500004 0.24639402968750002 0.056482992187500004 0.29224554375 0.0476362703125 0.329627365625 0.0453125 0.34920416875 0.0453125 0.3796875 0.0551795625 0.3796875
1 0 0.3796875 0.024060076562499998 0.3796875 0.0114331125 0.316845225 0.015457853125 0.24443168437499999 0 0.2436402609375 0 0.3796875
1 0.7051424078124999 0 0.6953332046874999 0.0252126 0.6971060859375 0.1321224140625 0.66875 0.20481350625 0.66875 0.3125 0.669509028125 0.3125 0.7016808484375 0.2434416578125 0.7041451953125 0.2258834734375 0.7000357734375 0.1321394578125 0.7111204140625 0.10364860000000001 0.7221182125000001 0.094926325 0.7422868499999999 0.08991834374999999 0.75014523125 0.054819021875 0.7528225859375001 0.0299401953125 0.7495553640625 0.0079555359375 0.7451200203124999 0 0.7051424078124999 0
1 0.6029751296875 0 0.6 0.0024892859375 0.6 0.10221767343749999 0.616629565625 0.0977965328125 0.6257686828125 0.1046875 0.634635346875 0.1046875 0.6395532296875001 0.0964017421875 0.64414641875 0.0716820625 0.6446118796875 0.0277922984375 0.6311131078125001 0.000245534375 0.630344453125 0 0.6029751296875 0
1 0.8351227937499999 0 0.8262885921875001 0.0103773203125 0.8217248828124999 0.038059390625 0.8245207921875 0.0980886734375 0.8208435890625001 0.144804415625 0.7956820125 0.1910201078125 0.7875 0.22083160156249998 0.7875 0.2536130265625 0.789145921875 0.3020211421875 0.798505975 0.3359375 0.801336640625 0.3359375 0.8170570765624999 0.2938955328125 0.8433997953125001 0.25209495937500004 0.8485090484375 0.23612591875 0.8504350984375 0.13086775 0.855407965625 0.1119704546875 0.87175861875 0.086025271875 0.8791624625000001 0.045717553125 0.8791624625000001 0.033773040625 0.87400376875 0.0085628203125 0.8658917765625 0 0.8351227937499999 0
1 0.9828180875000001 0.3796875 0.996875 0.3607149859375 0.996875 0.3483654 0.9827820781250001 0.34292240625 0.9635836624999999 0.346632746875 0.9499447015625 0.36586989999999997 0.9484375 0.378912178125 0.9484375 0.3796875 0.9828180875000001 0.3796875
1 0.8906841546875001 0.3796875 0.890234375 0.3777543921875 0.890234375 0.361648975 0.8931640625 0.3382229140625 0.9146484375 0.2694088578125 0.917578125 0.23573389531250002 0.913671875 0.2181643484375 0.90341796875 0.205719253125 0.8931640625 0.2167002203125 0.874609375 0.2752653734375 0.86728515625 0.28624633906249997 0.8501953125 0.2957631765625 0.843359375 0.3587207171875 0.8293746953125 0.3796875 0.8906841546875001 0.3796875
1 0.8270413453125001 0.3796875 0.8453125 0.348471815625 0.8482421875 0.2445186671875 0.8560546875 0.2137719625 0.870703125 0.184489384375 0.88046875 0.13178074687500002 0.8921875 0.10689055624999999 0.8931640625 0.10103404062500002 0.88681640625 0.095909590625 0.86435546875 0.09737371875 0.84921875 0.11567532968750001 0.8443359375 0.13324487499999998 0.8384765625 0.234269765625 0.831640625 0.25476757031249997 0.808203125 0.2884425328125 0.790625 0.33090226875 0.78671875 0.360184846875 0.7979924515625 0.3796875 0.8270413453125001 0.3796875
1 0.70767601875 0.3796875 0.7154296875 0.361648975 0.70810546875 0.255499634375 0.6880859375 0.2942990484375 0.675390625 0.341151171875 0.6734375 0.3777543921875 0.673778803125 0.3796875 0.70767601875 0.3796875
1 0.7681640625 0.13178074687500002 0.7603515625 0.10689055624999999 0.75009765625 0.095909590625 0.72666015625 0.0944454609375 0.714453125 0.10689055624999999 0.7076171875 0.1273883609375 0.7056640625 0.1493502921875 0.7134765625 0.234269765625 0.72763671875 0.2145040265625 0.7583984375 0.21084370468750002 0.7681640625 0.13178074687500002
1 0.7345350609375 0.3796875 0.74130859375 0.36384516875 0.761328125 0.348471815625 0.7740234375 0.28551427500000004 0.775 0.25915995625 0.7701171875 0.23134150781249999 0.75888671875 0.2159681546875 0.74814453125 0.21011163906250002 0.72763671875 0.2159681546875 0.7134765625 0.23719802343750002 0.710546875 0.2884425328125 0.7154296875 0.3631131046875 0.711744690625 0.3796875 0.7345350609375 0.3796875
1 0.6 0.3725037234375 0.60556640625 0.36530929687499997 0.63388671875 0.36384516875 0.6353515625 0.34261529999999996 0.6421875 0.3338305265625 0.640234375 0.3060120796875 0.6431640625 0.2957631765625 0.6373046875 0.25183931249999997 0.62998046875 0.2350018296875 0.61630859375 0.22475292812499997 0.60458984375 0.2232888 0.6 0.2260413625 0.6 0.3725037234375
1 0.6631165640625001 0.3796875 0.6646484375 0.36896961875 0.6607421875 0.33090226875 0.648046875 0.2869784046875 0.63779296875 0.28331808125 0.63583984375 0.2774615671875 0.6353515625 0.291370790625 0.640234375 0.28551427500000004 0.640234375 0.3016196921875 0.6373046875 0.30454795 0.632421875 0.361648975 0.64722994375 0.3796875 0.6631165640625001 0.3796875
1 0.6 0.22475292812499997 0.61923828125 0.22475292812499997 0.6265625 0.234269765625 0.6275390625 0.25915995625 0.632421875 0.25915995625 0.63583984375 0.27160505156250003 0.640234375 0.2664806 0.6421875 0.24891105468750002 0.6333984375 0.23573389531250002 0.6412109375 0.2196284765625 0.6421875 0.1347090046875 0.63388671875 0.1120150078125 0.61826171875 0.10030197656249999 0.6 0.1042132921875 0.6 0.22475292812499997
2 0.6 0.8404671624999999 0.3137040390625 0.8404671624999999 0.2120344921875 0.8420589093749999 0.20459911718749998 0.8559068937500001 0.15389869218750002 0.8528336781250001 0.146133309375 0.8645960562500001 0.1421875 0.9013796953125001 0.1421875 0.9796875 0.20395547343749998 0.9796875 0.2095086203125 0.9691490625 0.2066260953125 0.9607975468750001 0.2110577078125 0.94276471875 0.2101081015625 0.9351190109375 0.205831434375 0.9343995671875 0.2251135015625 0.9296498124999999 0.282845178125 0.932763934375 0.5198468140625 0.9244189015625001 0.5540601640625 0.9301744453125 0.6 0.9267374875 0.6 0.8404671624999999
1 0.6 0.7916316906249999 0.5887178859375 0.7481338296875 0.592354909375 0.6580197453125 0.58989803125 0.6482156765625 0.5815736984375001 0.6375125515625 0.5699034328125 0.6412699875 0.5642460687499999 0.6584264875000001 0.568421546875 0.7488133890625 0.555738259375 0.7997384875 0.5546875 0.8203516750000001 0.5546875 0.8371983562499998 0.5929701453125 0.8390625 0.6 0.8390625 0.6 0.7916316906249999
1 0.22949286406249997 0.6266519515625 0.223796034375 0.6386348374999999 0.221704590625 0.6636621187499999 0.2245723765625 0.6982206515625 0.2213357390625 0.7302196609375 0.2125 0.7623210031250001 0.2125 0.8390625 0.2497175859375 0.8390625 0.24996044374999998 0.8387414796874999 0.25214409843749996 0.797074815625 0.24228391093749999 0.732260828125 0.251066996875 0.6390688625000001 0.24511786406249997 0.6261063140625 0.22949286406249997 0.6266519515625
1 0.7753525265625 0.7275953234375001 0.78664933125 0.6795047484375 0.7923875546875 0.6434209078124999 0.7942734734375 0.57860609375 0.78998115625 0.547094309375 0.776987384375 0.49237983750000003 0.7792953109375 0.4488673796875 0.7760850140625 0.4428291640625 0.7557725140625 0.442710990625 0.748072253125 0.4477596453125 0.74625821875 0.49220106093750005 0.7360749671875 0.519924296875 0.728125 0.5556634859375 0.728125 0.703323421875 0.7285494109374999 0.7069492125 0.73385198125 0.7305951687500001 0.7477577046875 0.7390625 0.7539008578125 0.7390625 0.7654072828125 0.7381874140625 0.7753525265625 0.7275953234375001
1 0.6 0.803125 0.6105398796875 0.803125 0.6113614171874999 0.8025178203125 0.6239370203125 0.7777762312500001 0.624993109375 0.7698922234375 0.6329672796875 0.7651262265625001 0.6367280265625 0.769224709375 0.639946540625 0.751586659375 0.6447354671875 0.6293553468749999 0.643884315625 0.6090122499999999 0.6383635765625 0.5956908734375 0.6299153296875 0.5916742109375 0.6213128593749999 0.55480990625 0.6217262234375001 0.513161421875 0.6305987703125 0.45285805156250003 0.6279766921875 0.445963609375 0.6 0.4493651890625 0.6 0.803125