1 0.21334535 0 0.20423403593749997 0.01599088125 0.196253009375 0.0851985265625 0.186992271875 0.1277804859375 0.18016383125 0.1468105328125 0.167361034375 0.1604907484375 0.167361034375 0.3078125 0.1802792875 0.3078125 0.1964229796875 0.27370492031250004 0.2126092765625 0.210704025 0.21523153437500003 0.173204025 0.21296776093749997 0.12695629375 0.217545284375 0.09518945 0.2318820046875 0.0474071328125 0.2359375 0.02058589375 0.2359375 0.017346928125 0.23210980781249999 0.0048388218750000005 0.2274055234375 0 0.21334535 0
1 0.038446282812499996 0 0.0378535671875 0.002276440625 0.032118165625 0.047727360937500005 0.0265605328125 0.062622725 0.00449160625 0.09442641093750001 0 0.10976519062500001 0 0.2158328390625 0.0018152921875 0.218595390625 0.002865 0.21875 0.011683095312499999 0.21875 0.0218220109375 0.2054051296875 0.0252702234375 0.1500680953125 0.034001339062500004 0.12705791718749998 0.0482012046875 0.104430153125 0.0507954453125 0.0615384875 0.06875 0.008830606250000001 0.06875 0 0.038446282812499996 0
0 0.031022120312500002 0.22696316875 0.0472033921875 0.25450258593749997 0.07113477968750001 0.2640625 0.085282915625 0.2640625 0.0859439484375 0.2640557625 0.10346147187500002 0.2526152859375 0.1131180140625 0.233296503125 0.1203125 0.19573759531249998 0.1203125 0.1436069578125 0.11403408749999999 0.12209438749999998 0.0978689765625 0.0973327453125 0.0824894078125 0.09382444375 0.057957309375 0.09382444375 0.0540866546875 0.0943253375 0.04090236875 0.1117655484375 0.027404220312499998 0.14242295625 0.02368381875 0.174594915625 0.0246347546875 0.20371607812499998 0.031022120312500002 0.22696316875
1 0.291144821875 0.2961446203125 0.291144821875 0.32597667656249996 0.29176355468750004 0.32711458437499996 0.298432028125 0.33125 0.3242173421875 0.33125 0.3511870375 0.32432988906250004 0.36188744375000004 0.31138092500000003 0.37168263437500004 0.27548801875 0.380190065625 0.21594763593750002 0.3898882890625 0.1883880640625 0.4234375 0.12672923125 0.4234375 0.10582657499999999 0.41874586718750006 0.092505809375 0.40637515625000004 0.08110375625 0.39543765625 0.08084918437500001 0.38555082343749997 0.091038553125 0.365691025 0.15239860624999998 0.35847585625 0.173833978125 0.341599865625 0.19732513125 0.312776309375 0.233828271875 0.300750496875 0.2599444046875 0.291144821875 0.2961446203125
1 0.81222349375 0.459375 0.8156878187500001 0.44435966406249994 0.8198366203124999 0.3998879234375 0.81941610625 0.37962673593749996 0.811375484375 0.325652203125 0.8127442171875 0.30253135000000003 0.8234375 0.23888459062499998 0.8234375 0.2157374375 0.81897085625 0.2040157765625 0.812630934375 0.2022522375 0.80644875 0.2022522375 0.7973858171874999 0.21113977031250003 0.7924550781249999 0.22707158125000002 0.7897602125000001 0.298204103125 0.7865266500000001 0.325110546875 0.7770242749999999 0.3542986 0.7770242749999999 0.459375 0.81222349375 0.459375
0 0.9939549281249999 0.459375 0.9902125546875 0.44907628749999995 0.9793396953125001 0.4372003515625 0.9689499625 0.43184231874999995 0.95278796875 0.43349106718749997 0.9407333859375001 0.44561636718750003 0.9337579140625 0.459375 0.9939549281249999 0.459375
1 0.1421068390625 0.6909385671875 0.156462053125 0.6357903203124999 0.1578125 0.6239979609375 0.1578125 0.5485922765625 0.15455865468750002 0.5322376796875 0.1356566859375 0.5322376796875 0.125717765625 0.532758553125 0.11863223437499999 0.5464983828125 0.11060887500000001 0.576069175 0.11060887500000001 0.687128546875 0.1119658453125 0.69804998125 0.1122616671875 0.6984375 0.13867776874999999 0.6984375 0.1421068390625 0.6909385671875
1 0.0890625 0.6310012671875 0.0890625 0.5530104890625 0.0855162578125 0.5390527625 0.0774419109375 0.5347175984375 0.05563166093750001 0.5321340828125 0.050003900000000004 0.5414813734375 0.043412309375 0.5690460828124999 0.043412309375 0.6692260296875 0.046003953125000004 0.6875 0.0745508765625 0.6875 0.0885151015625 0.6346902984375 0.0890625 0.6310012671875
1 0 0.6734375 0.018937465625 0.6734375 0.028541214062499997 0.6278001328125 0.0296875 0.6170887765625 0.0296875 0.5558990968749999 0.026958862500000003 0.5415433421875 0.023087625 0.535251671875 0 0.5324111375 0 0.6734375
1 0.22144514375000002 0.6857909515625 0.23257290312499998 0.6249222921875 0.2328125 0.615231809375 0.2328125 0.57837160625 0.2312006609375 0.5637626906250001 0.22676096562499998 0.5423572906249999 0.2229139734375 0.5371737796875 0.20559018281250002 0.5359375 0.2032184921875 0.5359375 0.1900583765625 0.540113765625 0.18225310156250002 0.561697246875 0.1799219640625 0.582945053125 0.1796875 0.60309485 0.1796875 0.6138196468749999 0.1818796828125 0.638561221875 0.19246886093749999 0.6911366703125 0.19702219999999998 0.69375 0.21681494687499997 0.69375 0.22144514375000002 0.6857909515625
1 0.2494791671875 0.6060763890625 0.253125 0.6375578703125 0.2604166671875 0.6745949078125 0.2638020828125 0.682465278125 0.2828125 0.6838541671874999 0.2890625 0.676446759375 0.2989583328125 0.6292245375000001 0.3020833328125 0.6023726859374999 0.3005208328125 0.5625578703125 0.29635416718749996 0.5421875 0.29296875 0.5380208328125 0.2606770828125 0.5380208328125 0.2536458328125 0.54866898125 0.25 0.57274305625 0.2494791671875 0.6060763890625
1 0.34375 0.6727430562500001 0.35208333281250004 0.6690393515624999 0.3625 0.619965278125 0.365625 0.5903356484375 0.3640625 0.54866898125 0.35859375 0.538946759375 0.3216145828125 0.5407986109375 0.3171875 0.5477430562500001 0.3145833328125 0.5755208328125 0.3177083328125 0.6255208328124999 0.3260416671875 0.6671875 0.33046875 0.6722800921875 0.34375 0.6727430562500001
2 0 0.459375 0 0.5276736109375 0.014322917187500001 0.526909721875 0.0299479171875 0.533391203125 0.0653645828125 0.5287615734375 0.0799479171875 0.5306134265625 0.09036458281250001 0.53616898125 0.1216145828125 0.53616898125 0.14921875 0.5287615734375 0.16015625 0.5370949078125 0.1893229171875 0.5370949078125 0.20390625 0.533391203125 0.2299479171875 0.538946759375 0.25390625 0.538946759375 0.2731770828125 0.5306134265625 0.27682291718749996 0.5343171296875 0.2950520828125 0.5370949078125 0.30026041718749996 0.5417245375 0.35598958281250004 0.5343171296875 0.36328125 0.5380208328125 0.3658854171875 0.5435763890625 0.3947916671875 0.5431134265625001 0.40052083281249995 0.5403356484375 0.403125 0.51163194375 0.39791666718749996 0.5051504625 0.39791666718749996 0.47644675937500003 0.3947157125 0.459375 0.3939778640625 0.459375 0.3908854171875 0.46487268593750003 0.3830729171875 0.4620949078125 0.3815104171875 0.4722800921875 0.3736979171875 0.47598379687500003 0.3591145828125 0.4750578703125 0.35546875 0.4685763890625 0.3513020828125 0.4713541671875 0.34817708281250004 0.46672453750000004 0.31015625 0.46672453750000004 0.2888020828125 0.46302083281249995 0.2809895828125 0.46579861093749997 0.22890625 0.46487268593750003 0.2151091734375 0.459375 0.152707740625 0.459375 0.1513020828125 0.46487268593750003 0.14951171875 0.459375 0 0.459375