1 0.0780852171875 0.23562779687500002 0.0598470953125 0.237708828125 0.06466963125 0.2865567390625 0.0640771515625 0.31421611562499996 0.053125 0.37654065625 0.053125 0.3774425453125 0.054655865625 0.3828125 0.092135590625 0.3828125 0.092135590625 0.35333960000000003 0.0819974015625 0.31418881718749997 0.08250334375 0.239425615625 0.0780852171875 0.23562779687500002
2 0 0.4625 0.218379959375 0.4625 0.23834936406249999 0.4575400421875 0.2766306140625 0.45820824687500006 0.2822283796875 0.4625 0.2888632984375 0.4625 0.2915207828125 0.4522105265625 0.2949200015625 0.40359941718750003 0.29291403125 0.393135021875 0.2883236515625 0.3916643125 0.1267215671875 0.38726633593750004 0 0.38726633593750004 0 0.4625
1 0.8152634046875 0.48085891406250003 0.8201449109375 0.4867696671875 0.8244717515625 0.4875 0.8281233921875 0.4875 0.83449095 0.481202415625 0.83449095 0.3967692 0.8221753187499999 0.36640992968749997 0.8228700312499999 0.31936530625000004 0.8200446890624999 0.29375 0.8180290203125 0.29375 0.80625 0.295094025 0.80625 0.3174938328125 0.8096753187499999 0.3654627359375 0.80625 0.3840332546875 0.80625 0.44421688125000003 0.8152634046875 0.48085891406250003
1 0.8890625 0.3890625 0.8969190093750001 0.3890625 0.901572509375 0.378899159375 0.9081981359375 0.34007845625 0.9025180031249999 0.298261784375 0.8921168093750002 0.2959943546875 0.8890625 0.30448217187500004 0.8890625 0.3890625
1 0.930078125 0.36006944375 0.93515625 0.3454861109375 0.9375 0.31215277812500003 0.93515625 0.2954861109375 0.931640625 0.290625 0.9140625 0.294097221875 0.91328125 0.3302083328125 0.92109375 0.359375 0.930078125 0.36006944375
1 0.871875 0.296875 0.868359375 0.29340277812500004 0.85390625 0.296875 0.85390625 0.33298611093749997 0.846875 0.3732638890625 0.84921875 0.40243055625 0.8546875 0.42604166718750003 0.859375 0.4329861109375 0.867578125 0.43368055625 0.87265625 0.42743055625000004 0.878125 0.396875 0.878125 0.36770833281250004 0.86875 0.32465277812500004 0.86875 0.30520833281250004 0.871875 0.296875
1 0.83203125 0.396875 0.83984375 0.38576388906250003 0.84375 0.33993055625 0.8359375 0.3010416671875 0.826171875 0.29756944375 0.821875 0.30381944375000003 0.82109375 0.3635416671875 0.83203125 0.396875
1 0.80234375 0.37465277812500003 0.79296875 0.337152778125 0.789453125 0.29618055625 0.77734375 0.2982638890625 0.77890625 0.33159722187499996 0.77265625 0.37465277812500003 0.77421875 0.4107638890625 0.78359375 0.43715277812500003 0.792578125 0.43645833281249996 0.79765625 0.42604166718750003 0.80234375 0.37465277812500003
1 0.771875 0.39409722187499996 0.77578125 0.3454861109375 0.775 0.3302083328125 0.765234375 0.2989583328125 0.75703125 0.30243055625 0.7515625 0.3357638890625 0.7515625 0.369097221875 0.76015625 0.3982638890625 0.771875 0.39409722187499996
1 0.74375 0.369097221875 0.7515625 0.36493055625 0.75546875 0.3079861109375 0.751171875 0.29756944375 0.737890625 0.2989583328125 0.73359375 0.31493055625 0.7359375 0.349652778125 0.74375 0.369097221875
1 0.479296875 0.2892361109375 0.470703125 0.2864583328125 0.46328125 0.3010416671875 0.46875 0.35243055624999997 0.46171875 0.381597221875 0.4609375 0.40520833281249996 0.4703125 0.444097221875 0.478125 0.44965277812500004 0.490625 0.4427083328125 0.496875 0.39548611093749997 0.4953125 0.3802083328125 0.48359375 0.35104166718749996 0.4828125 0.296875 0.479296875 0.2892361109375
1 0.409375 0.45129886875 0.416015625 0.4517361109375 0.42421875 0.4454861109375 0.42578125 0.421875 0.4296875 0.4107638890625 0.4296875 0.3885416671875 0.4171875 0.349652778125 0.4171875 0.30381944375000003 0.413671875 0.29618055625 0.409375 0.293830128125 0.409375 0.45129886875
1 0.43828125 0.2829861109375 0.426953125 0.27256944375000003 0.41953125 0.2857638890625 0.42578125 0.3260416671875 0.4203125 0.3607638890625 0.42890625 0.3829861109375 0.43046875 0.4107638890625 0.43359375 0.41493055625 0.44609375 0.409375 0.45078125 0.38576388906250003 0.45078125 0.3607638890625 0.43828125 0.32326388906250003 0.43828125 0.2829861109375
1 0.4984375 0.2760416671875 0.494921875 0.268402778125 0.487109375 0.268402778125 0.48046875 0.2829861109375 0.484375 0.306597221875 0.48359375 0.346875 0.49453125 0.37881944375 0.49765625 0.409375 0.505078125 0.40868055625000005 0.50703125 0.40243055625 0.5046875 0.35381944375 0.4984375 0.2760416671875
1 0.45703125 0.30520833281250004 0.45703125 0.26909722187499996 0.447265625 0.255902778125 0.440625 0.2677083328125 0.44453125 0.30381944375000003 0.44140625 0.32743055625 0.44921875 0.35243055624999997 0.45234375 0.384375 0.4609375 0.3829861109375 0.4671875 0.3552083328125 0.4671875 0.3385416671875 0.45703125 0.30520833281250004
1 0.36040695 0.6296875 0.34155551093750003 0.6540627671875 0.352254453125 0.8091524765625 0.3296875 0.8644939468749999 0.3296875 1 0.409375 1 0.409375 0.6384607453125 0.4000088078125 0.6296875 0.36040695 0.6296875
1 0.21158628125 0.6296875 0.2171896734375 0.7955832765624999 0.1984375 0.8541379718750001 0.1984375 0.91046026875 0.21439686406249997 0.9555832765625001 0.21683137968750002 1 0.31861806718749996 1 0.32106353125 0.958686959375 0.3143957546875 0.873991815625 0.28806805 0.8109857328124999 0.3044269296875 0.6380403578125 0.300990871875 0.6296875 0.21158628125 0.6296875
1 0.07594775312499999 0.6296875 0.0821344453125 0.7499108125 0.0699501484375 0.8103062812499999 0.05625 0.8454099984375001 0.05625 1 0.18391058437500002 1 0.17969421562500001 0.9590675546874999 0.1508825046875 0.7983693515625 0.180030775 0.6296875 0.07594775312499999 0.6296875
1 0.8765625 0.6296875 0.8765625 0.68995983125 0.8870783953124999 0.7385716359375 0.8911727703124999 0.746875 0.9174077875 0.746875 0.9194993968750002 0.7447222546875001 0.9205320218749999 0.737876978125 0.9205320218749999 0.6296875 0.8765625 0.6296875
1 0.6332544671875 0.6296875 0.631652221875 0.6369926109375 0.6265947265625 0.6502285328124999 0.5970939375000001 0.6902239625 0.5856176046874999 0.7116714500000001 0.5780529078125001 0.7333771812500001 0.5706390515625 0.7680458781249999 0.5671875 0.7994401875 0.5671875 0.81875 0.580878865625 0.81875 0.6093889750000001 0.8063174203125 0.6207718890624999 0.79923543125 0.6261490593750001 0.79107845625 0.639662078125 0.74311925 0.6445831859375 0.673374553125 0.6495760374999999 0.654583078125 0.660966265625 0.6296875 0.6332544671875 0.6296875