1 0.49349131718750006 0 0.4971899015625 0.0422749921875 0.486911428125 0.10238480937500001 0.48663338593749994 0.125845725 0.493299390625 0.1842791875 0.5029517265625 0.22356859375 0.5158505734375 0.2644471515625 0.525954646875 0.273381259375 0.526480078125 0.2734375 0.5357833109375 0.2734375 0.5357833109375 0.058857264062500005 0.5284920765625001 0.035994315625 0.5239579265625001 0 0.49349131718750006 0
1 0.34375 0 0.34375 0.140625 0.36376528124999996 0.140625 0.3695692359375 0.1301785890625 0.37665984375 0.09259676875 0.3804672328125 0.04536090625 0.3785190703125 0.014873534375 0.37455202656250003 0 0.34375 0
1 0.7976263546875 0 0.7983198671875 0.009834234375 0.8080298656250001 0.06754203125 0.803562040625 0.0875118828125 0.7824966484375 0.13680235937500002 0.7775890000000001 0.15766476093749998 0.7765625 0.1710621265625 0.7765625 0.19100626406250001 0.7886875718749999 0.24308358281250003 0.8010127015625 0.3543615765625 0.8121467656250001 0.372108671875 0.8293659953125001 0.38125 0.84554636875 0.38125 0.8493913093749998 0.38103850625 0.8493913093749998 0.1123639 0.8400899453124999 0.0788038796875 0.8493913093749998 0.0187902046875 0.8493913093749998 0 0.7976263546875 0
1 0.7599320437499999 0.44464672812500006 0.7599320437499999 0.1924953875 0.758841334375 0.1855499875 0.744502615625 0.1442652671875 0.7517035828124999 0.0725142734375 0.75018368125 0.0474960859375 0.740548953125 0.0190470125 0.7314556718749999 0.006828925 0.72326525625 0.0024721140625 0.7059348375 0.00772013125 0.6951773625 0.0327027734375 0.6937742734375 0.041108857812499996 0.6950839140625 0.07634860624999999 0.7046595515625 0.1168710921875 0.7074396187499999 0.1381310140625 0.7000380140625 0.1690321390625 0.6834290640624999 0.21511183749999999 0.6828125 0.2224045453125 0.6828125 0.287124996875 0.7046691703125 0.4177259234375 0.708029165625 0.42689424374999996 0.7183152796875 0.4409278078125 0.7285126078124999 0.446875 0.7576444578125 0.446875 0.7599320437499999 0.44464672812500006
1 0.6289677375 0.5 0.6359375 0.49184027812500003 0.6421875 0.4566550921875 0.6526041671875 0.42054398125 0.6614583328125 0.3520254625 0.6614583328125 0.31776620312500004 0.6572916671875 0.28350694375 0.6520833328125 0.2640625 0.6463541671875 0.2538773140625 0.64375 0.2409143515625 0.6265625 0.2001736109375 0.6270833328125 0.1807291671875 0.6338541671875 0.148321759375 0.6359375 0.1094328703125 0.6348958328125 0.0936921296875 0.62734375 0.0719328703125 0.6174479171875 0.06082175937499999 0.6111979171875 0.05804398125 0.60234375 0.05804398125 0.59296875 0.06452546249999999 0.584375 0.0770254625 0.5791666671875 0.092766203125 0.5776041671875001 0.10295138906250001 0.578125 0.13628472187500001 0.5880208328125 0.19461805625 0.5848958328125 0.21035879687499998 0.5619791671875001 0.27054398125 0.5546875 0.32054398125 0.5588541671875 0.379803240625 0.5739583328125 0.4751736109375 0.5830729171875 0.49508101875 0.588330078125 0.5 0.6289677375 0.5
1 0.5505457671875 0 0.5458333328125 0.0140625 0.5395833328124999 0.0640625 0.5416666671875 0.08443287031249999 0.5505208328125 0.1094328703125 0.5630208328124999 0.166840278125 0.5700520828125 0.18211805625 0.5807291671875 0.1909143515625 0.58515625 0.18767361093749999 0.5859375 0.18350694375 0.5776041671875001 0.141840278125 0.5760416671875 0.1140625 0.5817708328125 0.08072916718749999 0.58984375 0.0663773140625 0.5986979171875 0.05804398125 0.6169270828125 0.0589699078125 0.6283854171875001 0.0747106484375 0.6322916671875001 0.0714699078125 0.6338541671875 0.0594328703125 0.6333333328124999 0.0381365734375 0.6286458328125 0.011284721875 0.6246132046875 0 0.5505457671875 0
1 0.6703312421875001 0 0.6625 0.027025462500000003 0.6479166671875001 0.0622106484375 0.6380208328125 0.10480324062499999 0.6359375 0.14554398125 0.640625 0.21035879687499998 0.6442708328125 0.23350694375 0.6552083328125 0.2557291671875 0.66875 0.19832175937500002 0.68125 0.17239583281249998 0.6942708328125 0.1372106484375 0.6947916671875001 0.12054398125000002 0.690625 0.10017361093749999 0.6880208328124999 0.0659143515625 0.690625 0.0316550921875 0.7041666671875 0.0029513890625 0.7040283203125 0 0.6703312421875001 0
1 0.092629253125 0.5 0.086479078125 0.5526105921875 0.0799617625 0.649790821875 0.0807017984375 0.7115274703125 0.08563185 0.7560386671874999 0.10774892968750001 0.8430843203125 0.1246581484375 0.8883631765625001 0.1380258890625 0.9168418625000001 0.18086074531250002 0.9891023156250001 0.1919277328125 1 0.236687265625 1 0.236687265625 0.5 0.092629253125 0.5
1 0.35 0.5 0.35 0.7546875 0.356179303125 0.7546875 0.361562115625 0.7515238671875 0.4038617390625 0.6800314234375 0.42361387656250005 0.6315923578125 0.433443803125 0.5999745062499999 0.44300342812500004 0.5563378046875 0.44744651874999997 0.5 0.35 0.5
1 0.5390625 0.5 0.4762125640625 0.5 0.4770833328125 0.5185763890625 0.47552083281249996 0.551909721875 0.46979166718750004 0.59820601875 0.47578125 0.61070601875 0.4895833328125 0.6176504625 0.49973958281249997 0.6181134265624999 0.50546875 0.61163194375 0.5338541671875 0.550983796875 0.5390625 0.5318039015625 0.5390625 0.5
1 0.9039321593749999 0.5 0.92791281875 0.6286003640625 0.9315506812500001 0.6808444093749999 0.923524625 0.7591241765625 0.951486365625 0.84060433125 0.9693475140625001 0.9135229796874998 0.9736713921875001 0.9434575031249999 0.9793333546875 1 1 1 1 0.711343953125 0.9989995593749998 0.7085745609374999 0.9884157859375 0.6710586890625 0.981934915625 0.6300567046875 0.9789678265624999 0.5 0.9039321593749999 0.5
1 0.7948848156249999 0.5 0.8053125 0.599722221875 0.8053125 0.6775 0.7821875 0.7897222218750001 0.7846875 0.8119444437500001 0.8053125 0.9063888890625 0.8096875000000001 0.97194444375 0.809959590625 1 0.9259375000000001 1 0.9259375000000001 0.9463888890625001 0.9121874999999999 0.8375 0.8765625 0.7063888890625 0.8684375 0.6575 0.8678125 0.565277778125 0.8721751234375 0.5 0.7948848156249999 0.5
1 0.6670048953125 0.5 0.6696875 0.5208333328125 0.6753125 0.6286111109375 0.6734375 0.68194444375 0.6671875 0.72194444375 0.6546875 0.7686111109375 0.6428125 0.83194444375 0.6646875 0.9341666671875 0.6716580875 1 0.7921896109375 1 0.7915625000000001 0.9908333328125 0.7934375 0.9775 0.7925 0.9702777781249999 0.7878125 0.9697222218749999 0.7896875 0.9475 0.7859375 0.93194444375 0.7828125 0.9286111109374999 0.7815624999999999 0.9119444437500001 0.783125 0.9013888890625001 0.7959375 0.889722221875 0.7959375 0.8808333328125 0.7884375 0.8363888890625001 0.7590625 0.729722221875 0.7521875 0.6963888890625001 0.7465625 0.6486111109375 0.7459374999999999 0.569722221875 0.7509799109374999 0.5 0.6670048953125 0.5
1 0.6478691921874999 0.5 0.6596875 0.61305555625 0.6603125000000001 0.6552777781250001 0.6559375000000001 0.70194444375 0.6346875 0.8008333328124999 0.6390625 0.8230555562500002 0.6434375 0.82194444375 0.6640625 0.73305555625 0.6740625 0.6575 0.6734375 0.5963888890625 0.6684375 0.515277778125 0.6663770109375 0.5 0.6478691921874999 0.5
1 0.5390625 0.5 0.5390625 1 0.6701406249999999 1 0.6690625 0.9808333328125001 0.6534375 0.8908333328125 0.6084375 0.705277778125 0.6015625 0.65305555625 0.5996875 0.5974999999999999 0.6015625 0.5419444437500001 0.6047418 0.5 0.5390625 0.5