1 0 0.56875 0.08276986875 0.56875 0.081935909375 0.564345 0.059938703125000006 0.49478337968749997 0.05691605625 0.4770452359375 0.046698704687499995 0.4423008140625 0.038076171874999995 0.40207360937500003 0.0345919453125 0.3741260234375 0.033131795312500004 0.35646065625 0.0339920015625 0.2981515828125 0.0429555984375 0.1902063796875 0.0432033953125 0.1476137875 0.0397784234375 0.1094810171875 0.03260526875 0.08877103125 0.023064124999999998 0.07211855 0.003347875 0.05823377656249999 0 0.058269828125 0 0.56875
1 0.1828125 0.56875 0.1828125 0.557027590625 0.174625775 0.532152634375 0.1629948046875 0.4881487546875 0.15757336718749998 0.437131821875 0.1544242125 0.3613575703125 0.1516689515625 0.345525825 0.1482228375 0.334263040625 0.13840124375 0.3175588078125 0.126902440625 0.3095143640625 0.1166260984375 0.3107595125 0.1075020546875 0.32036833124999997 0.1019792984375 0.33986621562499997 0.1012992125 0.3582633921875 0.105106909375 0.3879840265625 0.1166380203125 0.437513128125 0.1223590328125 0.4719543984375 0.126107340625 0.5145773265625 0.11916040000000001 0.56875 0.1828125 0.56875
1 0.1988461125 0.56875 0.189330028125 0.5381318078125 0.183289975 0.43442810468750004 0.1756740125 0.41491518281250006 0.16915436718750002 0.40977536875 0.1608749640625 0.41002105 0.1529553265625 0.420893621875 0.1506931921875 0.43545334843749994 0.15283189531250002 0.4632736390625 0.1597304859375 0.5016192390625 0.17201765468750002 0.5523845140625 0.1775461671875 0.56875 0.1988461125 0.56875
1 0.073518125 0.466038125 0.0636222921875 0.46523033593749996 0.058755181249999996 0.471770884375 0.05935143281250001 0.47829488124999997 0.0755905578125 0.5323481171875 0.07592384375 0.5328125 0.0765625 0.5328125 0.0765625 0.4719415734375 0.073518125 0.466038125
1 0.2015288 0.56875 0.1984034609375 0.5558560984375001 0.1977423921875 0.4742167515625 0.1930126640625 0.4613418203125 0.1847278171875 0.45793257968749995 0.1823113375 0.46192164843750005 0.1808336890625 0.4738464265625 0.1808336890625 0.5375308328124999 0.188261865625 0.56875 0.2015288 0.56875
1 0.6805577078124999 0 0.6782331312500001 0.0194621765625 0.6822055921875 0.12467564843750001 0.6785231890625 0.1845203984375 0.667888353125 0.22153523281249998 0.641271103125 0.2834376203125 0.629821115625 0.31728864218749997 0.62043264375 0.354986696875 0.615625 0.394802775 0.615625 0.48365642031249995 0.6235266484374999 0.5395557640625 0.62902196875 0.56875 0.7163295468750001 0.56875 0.712675134375 0.5468337671875 0.7067051171875001 0.49841766875 0.7040429796875 0.45453182343750004 0.7039790187499999 0.39388741562499996 0.70671536875 0.35337885625 0.7122992984375001 0.324881140625 0.7225501921874999 0.2822219 0.72591625 0.2767521515625 0.7297898796875 0.2556768109375 0.73442775625 0.24651528437499998 0.7403738093750001 0.22741197500000002 0.7368092515625 0.195362315625 0.7387595390625 0.14668994062500001 0.7427422515625001 0.1068646 0.7482716375 0.0877418859375 0.7547543515624999 0.0480329859375 0.75625 0.0219020109375 0.75625 0.01094708125 0.7554047125000001 0 0.6805577078124999 0
1 1 0.56875 1 0 0.952932584375 0 0.9538968421875001 0.019635184375 0.9573704859374998 0.043210523437499995 0.9607517203124999 0.1105164578125 0.9599059734375001 0.147410865625 0.9502084109375 0.193462809375 0.92044025625 0.282301865625 0.9112829937499999 0.3177094 0.9073486984375 0.344428653125 0.9073486984375 0.5095961250000001 0.9081442703124999 0.5158732125000001 0.9189804671874999 0.56875 1 0.56875
1 0.8544776609374999 0 0.8510968265625 0.027872923437500002 0.8493203703125 0.08993076562499999 0.8524145484375 0.143055765625 0.8551004765625001 0.1606918140625 0.8942659765624998 0.292026740625 0.904496134375 0.3395139609375 0.9083267671874999 0.369684021875 0.9112630109375001 0.4414569859375 0.9090822156249999 0.48233285156249994 0.8977789875 0.5516994000000001 0.8942716359375 0.56875 0.9125 0.56875 0.9125 0.253624796875 0.9072033843749999 0.2364782171875 0.9033038624999999 0.21936513125 0.901867934375 0.2018311203125 0.90061010625 0.17311513125 0.9024548671874999 0.1620692046875 0.9017957124999999 0.13651222968750001 0.9072129640625001 0.0728854984375 0.9057731234374999 0.041044509374999996 0.9007854500000001 0.0194884 0.8960363515624999 0.009148278125000001 0.8890239843749999 0 0.8544776609374999 0
1 0.7736981484375001 0 0.778118809375 0.058256973437500005 0.7791245515625 0.1089159859375 0.7773393921875 0.134370925 0.767797559375 0.1729296328125 0.7423475406250001 0.2395368625 0.727907525 0.2864374234375 0.7176996296875 0.33930310625 0.71332506875 0.3926449609375 0.7137977828125 0.43326996093750003 0.7187571546875 0.5017350828125 0.7263932015625001 0.5498132906250001 0.730207909375 0.56875 0.8687312546874999 0.56875 0.8796875 0.52243190625 0.8796875 0.3012250171875 0.873866625 0.27337570625 0.8521242250000001 0.193550096875 0.84638029375 0.16498293749999998 0.8436039375 0.141028865625 0.8445869859374999 0.0824149140625 0.8502406375 0.031675096874999996 0.8555170421875001 0 0.7736981484375001 0
1 0.272345740625 1 0.27105429375 0.9683383031249999 0.25244423125000004 0.8900813187499999 0.251382728125 0.8470985390625 0.260897665625 0.7675316125 0.2565004203125 0.7635542734375 0.22284514687499998 0.7635542734375 0.2194752546875 0.7708490250000001 0.219184353125 0.7958490250000001 0.2256176390625 0.8469104296874999 0.224286909375 0.894169040625 0.2054131328125 0.9727837265625 0.20471231093750003 0.9843845343750001 0.20471231093750003 1 0.272345740625 1
1 0.72797836875 0.56875 0.7255608859375 0.570349884375 0.71840843125 0.5908557296875 0.71828991875 0.6112261015625 0.725107540625 0.693047196875 0.7106517984374999 0.7599848203125 0.7099796546875 0.7785141390625 0.7099796546875 0.799877971875 0.7128573390625 0.8286246281249999 0.7255549578125 0.8847866359375001 0.7291523484375 0.8921875 0.7544051749999999 0.8921875 0.7588990640625 0.8844873124999999 0.7611224562500001 0.8605102703125 0.7686295984375 0.82381285 0.76875 0.8201971218749999 0.76875 0.7744891 0.7664456093750001 0.7514693343750001 0.7495974828125 0.69233548125 0.748609684375 0.6830277062500001 0.749685365625 0.5876815921875 0.743795440625 0.57027299375 0.7420656593749999 0.56875 0.72797836875 0.56875
1 0.7872079109375 0.56875 0.7834732796875 0.5854456234375001 0.7910668734375 0.693366565625 0.7892888906250001 0.711957859375 0.7757855375 0.7769457375 0.7757855375 0.83899695 0.7815665109375 0.8835209953125001 0.7925076875 0.927431759375 0.7960782656250001 0.934375 0.8200314484375 0.934375 0.825510571875 0.93190988125 0.8279135796875 0.926708128125 0.8384558609375 0.870691665625 0.8421875 0.8380729828125 0.8421875 0.7920389625 0.83670995 0.7523186984375 0.8192026484374999 0.691130696875 0.8187104609375 0.6439569921875 0.8214725656249999 0.585526625 0.8192942984375 0.56875 0.7872079109375 0.56875
1 0.8785943968750001 0.56875 0.87824546875 0.5730464093750001 0.8806309953125 0.604527890625 0.8852698718750001 0.6315314203125 0.8920217812499999 0.652205140625 0.8985955125 0.7115857390625 0.8947121124999999 0.7629825625000001 0.8916977375 0.7711035531249999 0.8878737296875 0.8095980828125 0.8921941062500001 0.873456640625 0.8998284312500001 0.9126185437500001 0.9263853921875 0.9962090203125001 0.9305473828124999 1 0.946875 1 0.946875 0.7567618703125 0.940804553125 0.7416993187500001 0.9318586828125 0.7126012562499999 0.9290332609374999 0.6958435875 0.9241003453125 0.6033723359375001 0.9206731546875 0.5718301828125 0.9194671265625001 0.56875 0.8785943968750001 0.56875
1 0.9508383703125001 0.56875 0.9515308890625 0.6034824000000001 0.956595575 0.6548088437499999 0.9565345265625 0.6798422203125 0.9421518078125001 0.7434811515625 0.9421518078125001 0.8567425625 0.951861528125 0.9030237421875 0.9588076359375 0.9171875 0.9851448640625 0.9171875 0.988147453125 0.91276750625 0.9933665203125 0.845408553125 1 0.811397415625 1 0.7509013421875 0.9975798125 0.731619790625 0.9841386937500001 0.681611171875 0.9841961359375 0.6343222 0.9876702203125 0.56875 0.9508383703125001 0.56875