1 1 0.459375 1 0.2306281640625 0.9953161250000001 0.2139557328125 0.9952742984375 0.076404940625 0.9902535562499999 0.05970947812500001 0.9762818828125 0.044425259375 0.9605839625 0.049016528125 0.9497716546875001 0.0787896328125 0.961716334375 0.2213694828125 0.9453125 0.315403528125 0.9453125 0.4076410703125 0.9469204874999999 0.4275322375 0.9538427453124999 0.459375 1 0.459375
1 0.870983078125 0.459375 0.8898313343750001 0.3751321953125 0.892896775 0.322500615625 0.8765135921875 0.205571440625 0.888409996875 0.07372124375 0.88257175 0.0563048828125 0.8724276609375 0.0494642125 0.8583426062499999 0.055984873437500006 0.8477604359375001 0.08381691875 0.8468839640624999 0.20747019375 0.8375 0.2473959578125 0.8375 0.459375 0.870983078125 0.459375
1 0.8272514421875 0.44894046875000004 0.8292321578124999 0.432448190625 0.8292321578124999 0.26567056093749997 0.810485740625 0.1933013703125 0.8101230312500001 0.0805194140625 0.8063356953125 0.06548181875 0.7935153500000001 0.0495043765625 0.7808935296875 0.051384074999999994 0.7708164078124999 0.076760015625 0.78206749375 0.1970607703125 0.7671875 0.2983490109375 0.7671875 0.3253116625 0.7679358421875 0.3436773109375 0.7801403671875 0.4094667796875 0.79127260625 0.44894046875000004 0.7950697124999999 0.4515625 0.825038684375 0.4515625 0.8272514421875 0.44894046875000004
1 0.7360517124999999 0.0764956203125 0.7234090156249999 0.053581478125000005 0.711505921875 0.057815178125 0.701131078125 0.0779185265625 0.6994623609375 0.1923214703125 0.696875 0.20272625781250003 0.696875 0.4265625 0.7090189468749999 0.4265625 0.7172889484375 0.4202649890625 0.7322085234375 0.3578037328125 0.7374795187500001 0.3126047109375 0.7377223921875 0.2638618875 0.7253849499999999 0.1837678328125 0.7360517124999999 0.0764956203125
1 0.8947089546875 0.4203125 0.8964609359375 0.41786280781249996 0.907625759375 0.3704267484375 0.915082903125 0.3081502390625 0.9114985515625001 0.2595244921875 0.899046796875 0.1925453296875 0.9061598328125001 0.079615515625 0.8999051093749999 0.062078734375 0.8875 0.057069990625 0.8875 0.066886815625 0.8879814453125 0.116118384375 0.8875 0.12187156875 0.8875 0.2492228875 0.8994804015625 0.3313966421875 0.8913909703125 0.4203125 0.8947089546875 0.4203125
1 0.2794773296875 0.459375 0.2629103453125 0.5043102734375 0.2546875 0.553310634375 0.2546875 0.55362355625 0.26763682499999997 0.6401293734375 0.29738390937500003 0.715625 0.3807012015625 0.715625 0.4054641359375 0.643772746875 0.40779939374999996 0.6288403109375 0.40779939374999996 0.499641234375 0.3912239375 0.459375 0.2794773296875 0.459375
1 0.0683225125 0.459375 0.0588028296875 0.48730263125000006 0.053125 0.5237323421875 0.053125 0.5705522734375 0.060141675000000006 0.618388990625 0.0915189625 0.6969503687499999 0.11235749218749999 0.7324202640624999 0.1195773125 0.7328125 0.1804546609375 0.7328125 0.183421096875 0.7302672015624999 0.183421096875 0.4829888515625 0.172249234375 0.459375 0.0683225125 0.459375
1 0.1304370125 0.459375 0.15617803125000002 0.54236230625 0.146548196875 0.6222135796874999 0.120878775 0.6889031125 0.12111517812499999 0.696875 0.1361645875 0.696875 0.13899104843750001 0.6957329671875 0.1698581515625 0.622547771875 0.1826768875 0.57986895 0.18895858125 0.5219745625 0.18210254374999998 0.47254777187499997 0.17749379999999998 0.459375 0.1304370125 0.459375
1 0 0.459375 0 0.51099036875 0.0021574078125 0.5177254015624999 0.0046702890625 0.6053072890625 0 0.6309692734375 0 0.68125 0.0123204671875 0.68125 0.01590319375 0.678335353125 0.025828078124999997 0.6453405546875001 0.025828078124999997 0.459375 0 0.459375
1 0.88546136875 0.459375 0.8838299578125 0.46606460937499994 0.889185503125 0.5616611453125 0.8886628671875 0.5728314578125 0.88902355625 0.6120762937500001 0.878125 0.6881448703124999 0.878125 0.7253297234375 0.8784472484375 0.7391748265625 0.8867392421875 0.792808696875 0.8952952562500001 0.8241611453125 0.8996113828125001 0.828125 0.9286258078125 0.828125 0.93357650625 0.8212603656249999 0.9417933359374999 0.76859885625 0.9417933359374999 0.6606080265625 0.9237387171875 0.6069190125 0.9221973703125 0.5341155640624999 0.9236737078124999 0.46304543125000003 0.922459546875 0.459375 0.88546136875 0.459375
1 0.790625 0.459375 0.790625 0.4697992109375 0.819435653125 0.5597823578125001 0.8293754609375 0.6528788249999999 0.8462846796875001 0.6975550937499999 0.8670196687499999 0.73125 0.8726142484375 0.73125 0.8726142484375 0.5897584703125001 0.8438564156249999 0.54356570625 0.836019178125 0.5240121671875 0.8209231812500001 0.459375 0.790625 0.459375
1 0.75979521875 0.459375 0.759375 0.46848761406249995 0.759375 0.6984375 0.767336678125 0.6984375 0.7734982484375 0.6919191765624999 0.7876349546875 0.6330945203125 0.7912876609375 0.56928751875 0.7815333718749999 0.517246725 0.7795792171875 0.4744777734375 0.7802065578125 0.459375 0.75979521875 0.459375