1 0.25723862343750004 0.459375 0.25916385625 0.4566245125 0.2708664015625 0.398882040625 0.2708664015625 0.31698651093749997 0.25465634531250003 0.24838821093750002 0.254638471875 0.20206765781249997 0.257982628125 0.175971925 0.2581048203125 0.14168840625 0.252458296875 0.1266653390625 0.24403876875 0.1196460640625 0.23883043750000002 0.119888646875 0.23264508281250001 0.1257353 0.22778874375 0.1338361234375 0.2253138671875 0.145068525 0.23017717656249997 0.24952834687499997 0.2172604078125 0.30386276562500003 0.215625 0.31599841875 0.215625 0.398230884375 0.22297855156250002 0.43700203281250005 0.2304423484375 0.459375 0.25723862343750004 0.459375
1 0.178040096875 0.459375 0.1820867203125 0.4428866375 0.18817504375 0.382728725 0.1855421171875 0.3391889953125 0.17059954375 0.2650179578125 0.1781749 0.140971153125 0.1753516140625 0.1279900109375 0.1711077171875 0.12009388437499999 0.16354999374999998 0.1140625 0.1584891140625 0.1140625 0.155091190625 0.11444439375 0.1471062828125 0.12180635 0.14069645 0.1398270609375 0.13955063437499998 0.16667588125 0.142812153125 0.2055890125 0.14147597812499998 0.26299641875 0.1265625 0.3189133046875 0.1265625 0.459375 0.178040096875 0.459375
1 0.09938205624999999 0.3888464734375 0.1038292640625 0.3360838453125 0.10001129375 0.29623873125 0.08916033125 0.24894378593750002 0.09600374687499999 0.142480484375 0.0896030109375 0.124384021875 0.0793480140625 0.119693790625 0.06971434062500001 0.12704665625 0.06423291249999999 0.14229564687500001 0.065198509375 0.23398655468750001 0.0641926640625 0.2478724140625 0.0609375 0.259833871875 0.0609375 0.3336705609375 0.0691702359375 0.3738528828125 0.07178137812499999 0.4035037234375 0.0714923359375 0.453125 0.0829812734375 0.453125 0.0875785140625 0.44341853125 0.09938205624999999 0.3888464734375
1 0.0528781984375 0.459375 0.053576475 0.45580338437499995 0.056910359375 0.408608459375 0.05539733125 0.36996523125 0.042996275 0.29317009843749997 0.046565151562500004 0.236743209375 0.0569048609375 0.17996147499999998 0.06030608125 0.1382948078125 0.055051024999999996 0.116904040625 0.04122351875 0.1084090609375 0.0287908546875 0.11459241875 0.0213356546875 0.1265076890625 0.01655608125 0.1405876484375 0.0130119421875 0.17765198124999998 0.0129294875 0.24219383749999998 0.008176025 0.2940729875 0.0046875 0.3048273515625 0.0046875 0.459375 0.0528781984375 0.459375
1 0.9579206062499999 0.459375 0.962038596875 0.40457382500000005 0.967894528125 0.3520958640625 0.9800383781249999 0.27394814218749997 0.98691906875 0.1960762453125 0.985716365625 0.1722896484375 0.9786068140624999 0.1406143078125 0.9684095796874999 0.130714509375 0.9599885265625 0.13115583749999998 0.9490109296875 0.14365596249999998 0.9384326281250001 0.16731467656250001 0.930847678125 0.1960336203125 0.9252264984374999 0.26489589687500004 0.9243700359375 0.35884869375 0.9179705546875001 0.459375 0.9579206062499999 0.459375
1 0.88477426875 0.459375 0.870324390625 0.3809726109375 0.8675608312499999 0.2717402 0.8704263640625 0.17323196875 0.8685966828125 0.1208367578125 0.8639192171874999 0.09222204843750001 0.8554250765625 0.067166003125 0.8438969296875 0.05479378593749999 0.8312171062499999 0.05479378593749999 0.8273212328125 0.0598787609375 0.8189732703124999 0.08415037343750001 0.8156514453125 0.109403365625 0.8195792921875 0.19178772500000002 0.8261980890625 0.2459005625 0.8311298390624999 0.3118913890625 0.8334822890625 0.3792566625 0.829470215625 0.429885215625 0.8249389296875 0.45059816250000007 0.8238541937499999 0.459375 0.88477426875 0.459375
1 0.717080496875 0 0.710981478125 0.009938196875 0.7032903296875 0.045435042187500004 0.700044771875 0.1038458578125 0.70127069375 0.2127963 0.698418775 0.29657346875 0.6875 0.35382261875 0.6875 0.459375 0.7510238296875 0.459375 0.750888565625 0.45510564843749995 0.7346648375 0.2961672453125 0.7363314531249999 0.237839178125 0.7504631171874999 0.0922434328125 0.7519588031250001 0.048857843750000005 0.7495993484375 0.0206078125 0.744418271875 0.0022124421875 0.742316571875 0 0.717080496875 0
1 0.608115590625 0 0.6065214375 0.034227104687499996 0.6087549765625 0.1108440578125 0.6049966437500001 0.2141865 0.5953125 0.2661450171875 0.5953125 0.459375 0.65439276875 0.459375 0.655242025 0.449066 0.6532491375 0.3559574671875 0.6390677218749999 0.21877389374999998 0.642376234375 0.1364140484375 0.652837228125 0.036384296875 0.6542193015625 0 0.608115590625 0
1 0.8296875 0 0.8296875 0.0560451140625 0.8364558328125 0.05513485 0.8470377359375 0.0641168859375 0.8551662546875001 0.09480550625 0.8577520984374999 0.115763590625 0.8542216343749999 0.183128859375 0.84165233125 0.29241029687500003 0.8367881359375 0.38522466875 0.8441532140625 0.459375 0.8681573015625 0.459375 0.8700343390625 0.41366778281250005 0.866062340625 0.33881748125 0.8568500499999999 0.25348814375 0.8547479499999999 0.183128859375 0.8580757718750001 0.13971568750000002 0.860808671875 0.12773963906250002 0.8603836781249999 0.115763590625 0.869938978125 0.043907303125000005 0.8722400640625001 0 0.8296875 0
1 1 0.459375 1 0.45150109374999997 0.9966301421875 0.41697634062500005 0.9890625 0.3765025671875 0.9890625 0.459375 1 0.459375
1 0.9396411703125 0.459375 0.9411194078125 0.34491996875000003 0.9408544437499999 0.3358949703125 0.9371030874999999 0.328836225 0.917936028125 0.43456178593750006 0.915625 0.453547496875 0.915625 0.459375 0.9396411703125 0.459375
1 0.949811840625 0 0.9467927625 0.00330276875 0.93863486875 0.026506362500000002 0.9360032890625 0.047464446874999996 0.9354769734375001 0.0863866015625 0.93863486875 0.1567458828125 0.9407401312499999 0.1642309125 0.9520559203125 0.1380333078125 0.9620559203125 0.12755426718750001 0.974161184375 0.130548278125 0.9810032890624999 0.1425243265625 0.9828453953124999 0.1387818109375 0.9854769734375001 0.09836265 0.9854769734375001 0.0549494765625 0.9823190796875 0.02800336875 0.9736348687499999 0.00330276875 0.9699854328124999 0 0.949811840625 0
1 0.3363207734375 1 0.334758325 0.9734263765625 0.318756715625 0.8946135906249999 0.315495403125 0.8686634203124999 0.3170151046875 0.8251449046874999 0.3240988125 0.771471503125 0.325913009375 0.7344374953124999 0.3220015265625 0.712188003125 0.31736078125 0.7033629203125 0.3081797859375 0.6977528234375 0.2987724515625 0.6986242062500001 0.2902127796875 0.7050572046875001 0.2813153453125 0.7286213515625001 0.28248889843749997 0.87402808125 0.279173384375 0.8943833031249999 0.2625 0.9544892109374998 0.2625 1 0.3363207734375 1
1 0.51332243125 0.6326490890625001 0.5216379015625 0.5879589828125 0.5245100421875 0.5527737984375001 0.51865856875 0.532336253125 0.509367396875 0.5254474640625 0.4997656484375 0.528716565625 0.49239015625000004 0.536478815625 0.48544754218749997 0.5548209765625 0.48287773281249996 0.5863024578125 0.48318143750000003 0.6397605000000001 0.4801581296875 0.6767975374999999 0.47447156718750005 0.7019886078124999 0.4734375 0.7048220078125 0.4734375 0.9359375 0.48377026250000005 0.9359375 0.48380945937500003 0.9052534515625 0.49065450468750005 0.8468109359374999 0.517559184375 0.752282475 0.5184661765625 0.7411713625 0.5085016328124999 0.678999978125 0.51332243125 0.6326490890625001
1 0.48196070625000004 0.805591028125 0.48300935 0.77605843125 0.48610899375 0.745696940625 0.48977692812500007 0.727507840625 0.48977692812500007 0.6541455953125 0.47904272812500004 0.6177978718749999 0.4775230296875 0.5742793546875 0.4802346625 0.532806753125 0.47897363437499996 0.49669564375 0.47180037031250005 0.4774109328125 0.46431200468749995 0.47098510937500004 0.45602571718749996 0.47098510937500004 0.45184703437499996 0.4718594921875 0.44333062968750003 0.48856460312500005 0.4426734828125 0.5144177546875 0.4496890359375 0.5813027453124999 0.4509500625 0.61741385625 0.4390625 0.6773371953125 0.4390625 0.777981003125 0.439518021875 0.7814281484375 0.45486690625000004 0.848701271875 0.46148751875 0.8609375 0.47996306562499996 0.8609375 0.4858870796875 0.8584658375 0.48196070625000004 0.805591028125
1 0.2448198171875 1 0.2506944390625 0.9673611078125 0.2630053125 0.9149906375000001 0.2646009640625 0.8807313796875 0.2630716140625 0.8466358906250001 0.2462920953125 0.7606906859375 0.24840525468750002 0.715320315625 0.2561580046875 0.660417728125 0.2570603171875 0.6298894671874999 0.2533215828125 0.6097647593750001 0.24470294531249998 0.5995942859375 0.22951252656249999 0.6022377125 0.2220715828125 0.6114025 0.2168234484375 0.6236851999999999 0.21292883749999997 0.662683271875 0.21715525468750002 0.7169580578125 0.21612688750000003 0.761347909375 0.2046875 0.8103805843749999 0.2046875 1 0.2448198171875 1
1 0.3936833703125 0.459375 0.3934271640625 0.462461590625 0.39539442187499996 0.5098778796875 0.3940177234375 0.5506428765625 0.3859375 0.5828532171875 0.3859375 0.778125 0.40824999687499997 0.778125 0.409622971875 0.7759298640625 0.41017363125 0.7304867171874999 0.4136801125 0.7000281921875 0.4334053796875 0.6239283484375 0.42014564062500004 0.5500039359375 0.42191379375000004 0.5120409734375 0.42884383281250005 0.46411115000000003 0.4288924640625 0.459375 0.3936833703125 0.459375
1 0.3550150609375 0.459375 0.35331495468749996 0.49181496406249997 0.3453125 0.5210211453125 0.3453125 0.709375 0.3636409578125 0.709375 0.366015321875 0.7066297796875001 0.3656789125 0.673296446875 0.369085390625 0.6381112609375 0.3868358453125 0.567740890625 0.386958796875 0.54551866875 0.3772732875 0.49181496406249997 0.3793977546875 0.459375 0.3550150609375 0.459375
1 0.21822606093750002 0.7625798921875 0.2193772171875 0.7264566609375 0.21178733749999998 0.684058028125 0.211068915625 0.6655637546875 0.2164154140625 0.59787418125 0.2170942234375 0.5589852921875 0.21143596250000002 0.5401432203125001 0.20220642187500001 0.5320280921875 0.194393921875 0.5322099312499999 0.1880631109375 0.53698503125 0.18351481249999999 0.544032515625 0.18016354375000002 0.557068215625 0.17876995625 0.6070803375 0.1841148765625 0.65878671875 0.18257218749999998 0.687514665625 0.165625 0.7615769921875 0.165625 0.8891046249999999 0.1745625875 0.9375995234375001 0.1778312828125 0.946875 0.193479953125 0.946875 0.194729628125 0.9454600796874999 0.19608724375 0.8676823031249998 0.21822606093750002 0.7625798921875
1 0.3253005296875 0.459375 0.321875 0.473463078125 0.321875 0.6320694109375 0.32421558125 0.6381104671875 0.3278808078125 0.640625 0.3319587234375 0.640625 0.3344391859375 0.636624696875 0.337034528125 0.565370915625 0.3413539046875 0.5425203734374999 0.3523543484375 0.505365203125 0.3550573390625 0.48423896875 0.3556769984375 0.46294267343750006 0.355300575 0.459375 0.3253005296875 0.459375
1 0.2909473828125 0.459375 0.2890625 0.4696759265625 0.28854166718749996 0.5039351859375001 0.2921875 0.5446759265625001 0.3005208328125 0.584490740625 0.30625 0.5891203703125 0.3174479171875 0.5886574078125 0.31979166718749996 0.5817129624999999 0.3171875 0.5520833328125 0.3182291671875 0.51875 0.3234375 0.48356481406249996 0.3288802078125 0.459375 0.2909473828125 0.459375
1 0.1526041671875 0.584490740625 0.153125 0.6233796296875 0.1380208328125 0.6928240734375001 0.13229166718750002 0.73819444375 0.134375 0.78726851875 0.14791666718750002 0.8567129625 0.15234375 0.8701388890625001 0.1598958328125 0.8724537031249999 0.1671875 0.86875 0.1640625 0.821527778125 0.1651041671875 0.78726851875 0.1703125 0.7520833328125001 0.1817708328125 0.7076388890625 0.1859375 0.6668981484375001 0.1796875 0.6057870375000001 0.1796875 0.5604166671875 0.1833333328125 0.5409722218749999 0.1838541671875 0.5048611109375 0.18125 0.4918981484375 0.1700520828125 0.47754629687500005 0.1565104171875 0.48125 0.1515625 0.48819444375 0.14791666718750002 0.5002314812499999 0.146875 0.5261574078125 0.1526041671875 0.584490740625
1 0.129323765625 0.459375 0.1296875 0.4891203703125 0.1338541671875 0.51875 0.1338541671875 0.5585648140625 0.11822916718750001 0.6307870375 0.11510416718750001 0.6641203703125 0.1166666671875 0.71319444375 0.1307291671875 0.7807870375 0.13229166718750002 0.778009259375 0.13125 0.73819444375 0.1328125 0.7206018515625 0.1526041671875 0.61875 0.1520833328125 0.5817129624999999 0.1473958328125 0.540046296875 0.1473958328125 0.5002314812499999 0.15546875 0.48125 0.16354166718750002 0.47430555625000004 0.1640625 0.4668981484375 0.1637369796875 0.459375 0.129323765625 0.459375
1 0.104165153125 0.459375 0.10625 0.4770833328125 0.10625 0.497453703125 0.0921875 0.5613425921874999 0.0895833328125 0.58726851875 0.0921875 0.66226851875 0.09635416718749999 0.67523148125 0.1020833328125 0.7104166671875 0.10651041718750001 0.7173611109375 0.11041666718750001 0.7178240734375001 0.115625 0.7141203703125 0.1140625 0.672453703125 0.1171875 0.63726851875 0.13229166718750002 0.565972221875 0.134375 0.5381944437499999 0.128125 0.4770833328125 0.1283871296875 0.459375 0.104165153125 0.459375
1 0.27286979218749996 0.459375 0.2713541671875 0.4706018515625 0.2744791671875 0.4770833328125 0.2708333328125 0.4983796296875 0.2760416671875 0.5335648140625 0.28177083281250004 0.5428240734374999 0.28958333281250004 0.540046296875 0.28854166718749996 0.46875 0.290231871875 0.459375 0.27286979218749996 0.459375
1 0.077106584375 0.459375 0.0666666671875 0.5113425921875 0.06302083281250001 0.5548611109375 0.0671875 0.5946759265624999 0.0760416671875 0.6446759265625 0.0822916671875 0.6567129625 0.08828125 0.6571759265624999 0.090625 0.6493055562500001 0.0895833328125 0.578009259375 0.1041666671875 0.5067129625 0.1057291671875 0.48171296249999995 0.103055740625 0.459375 0.077106584375 0.459375
1 0.054411457812499994 0.459375 0.050520832812500006 0.48819444375 0.052604167187499995 0.51875 0.060416667187499995 0.5539351859374999 0.065625 0.51319444375 0.076557075 0.459375 0.054411457812499994 0.459375
1 1 0.9166644546875 0.9992116359375001 0.8944795781250001 0.955100571875 0.7754568671875 0.9666589343750001 0.6145648203125 0.9523788812500001 0.5902597109375 0.9307220874999999 0.580757446875 0.90085275 0.5883972296875 0.8822475671875001 0.615636440625 0.8936552328125 0.729780753125 0.891038071875 0.7750841625 0.8564071921874999 0.8530182671875 0.8515625 0.871617628125 0.8515625 1 0.9925656640625 1 1 0.9543744546875 1 0.9166644546875
1 1 1 1 0.7815884515625 0.9855148171875001 0.74424125 0.9987836874999999 0.588036703125 0.9800436109374999 0.5652668234375 0.9536448015625 0.5604247890625 0.9394186109374999 0.5650304734375 0.93125 0.57520055625 0.93125 0.5795489875 0.9571864625 0.5932645578125 0.9667152296874999 0.6112923953125 0.9531735421875001 0.77530944375 0.998644753125 0.9052878359375001 0.9927370046874999 0.9849571546875 0.98754623125 1 1 1
1 0.7700192749999999 1 0.7812177109375 0.9545048859375 0.7856179109375001 0.8624811625 0.75146579375 0.7662546140625001 0.772160415625 0.6080326781250001 0.767185875 0.5927352265625 0.744306353125 0.5775982265625 0.710983671875 0.5855678578125 0.6910379609375 0.610728309375 0.68746668125 0.6544783093750001 0.6933343 0.7350732125 0.68896579375 0.7695301015625 0.65625 0.8360487359375 0.65625 1 0.7700192749999999 1
1 0.8509479687500001 1 0.8538923015625001 0.9908938796874999 0.8538923015625001 0.8294584171875 0.81159321875 0.722949715625 0.8158937937499999 0.5780738624999999 0.7986963703125 0.554653478125 0.782418690625 0.549424478125 0.756879128125 0.549424478125 0.75176680625 0.550907740625 0.74375 0.5599790812500001 0.74375 0.56533230625 0.7651398265625 0.5764899375 0.7792668140625001 0.601327271875 0.7769106828125001 0.7572134 0.81401386875 0.836939440625 0.8263700249999999 0.8780738609375 0.8278630921874999 0.9655010890625 0.8210331234374999 1 0.8509479687500001 1
1 0.5296875 1 0.6018642828124999 1 0.6059768437499999 0.9901167718749999 0.6214606 0.9253991734374999 0.6197568609374999 0.861582334375 0.5796841328125 0.7514570640625 0.59611826875 0.5994032390624999 0.5824753 0.57439991875 0.5625266718749999 0.5676519499999999 0.5309128000000001 0.5771021953125001 0.5296875 0.5787523546875 0.5296875 1