1 0.8688127796874999 0 0.86875 0.0010416671875 0.88046875 0.071875 0.885546875 0.078125 0.90234375 0.07881944375 0.9078125 0.0732638890625 0.915625 0.037152778125 0.9186983 0 0.8688127796874999 0
1 0.8182682296875001 0 0.8265625 0.051041667187499994 0.833203125 0.05729166718749999 0.8453125 0.0579861109375 0.851171875 0.05729166718749999 0.85625 0.045486110937500004 0.8645278031250001 0 0.8182682296875001 0
0 1 0 0.9506114125 0 0.94296875 0.0260416671875 0.9421875 0.05243055625 0.9484375 0.087152778125 0.962109375 0.112847221875 0.984765625 0.1295138890625 0.9921875 0.12881944375 1 0.1214317375 1 0
1 0.6 0.4390625 0.5361002609375001 0.4390625 0.5359375 0.44296875 0.55625 0.52890625 0.56796875 0.5375 0.5875 0.53671875 0.5984375 0.52421875 0.6 0.51828125 0.6 0.4390625
1 0.41810213437500005 0.4390625 0.415625 0.48984375 0.4390625 0.58203125 0.4703125 0.58515625 0.4796875 0.58046875 0.4890625 0.55078125 0.4984375 0.50078125 0.496875 0.45546875 0.49244791718750003 0.4390625 0.41810213437500005 0.4390625
1 0.3522135421875 0.4390625 0.3515625 0.45078125 0.365625 0.51640625 0.37421875 0.5265625 0.3890625 0.52890625 0.4046875 0.52109375 0.4109375 0.50078125 0.415759278125 0.4390625 0.3522135421875 0.4390625
1 0.2770442703125 0.4390625 0.26875 0.47734375 0.265625 0.54921875 0.2703125 0.59609375 0.2859375 0.64765625 0.30078125 0.6578125 0.321875 0.65703125 0.334375 0.65078125 0.346875 0.61171875 0.359375 0.50390625 0.3515625 0.46015625 0.344390625 0.4390625 0.2770442703125 0.4390625
1 0.1828125 0.4390625 0.1828125 0.44609375 0.1953125 0.50546875 0.20390625 0.5171875 0.2140625 0.51796875 0.215497159375 0.4390625 0.1828125 0.4390625
1 0.21554418125 0.4390625 0.2140625 0.48203125 0.228125 0.56015625 0.24140625 0.5734375 0.259375 0.57421875 0.265625 0.56953125 0.26875 0.46328125 0.2744860203125 0.4390625 0.21554418125 0.4390625
1 0.704152965625 1 0.7046875 0.9975661015625 0.7046875 0.9538366609375 0.6941323234375 0.885167 0.699375253125 0.846605884375 0.7046875 0.8301677265624999 0.7046875 0.7761286515625001 0.701053578125 0.76830364375 0.68520870625 0.76300210625 0.677207425 0.766496690625 0.6663175296875 0.78258765 0.6633630921875 0.8828354484375 0.6465189515625 0.9266680359375 0.6465189515625 1 0.704152965625 1
1 0.9885124609375 1 0.9913461531250001 0.9693329515624999 0.98826923125 0.9397712796875 0.9698076921875 0.8755510953125001 0.9767307687500001 0.781769240625 0.9694230765625 0.7659690359375 0.9525 0.7618915640624999 0.942115384375 0.769536825 0.93673076875 0.78686608125 0.9405769234375001 0.8755510953125001 0.9198076921875 0.9367131750000001 0.9175000000000001 0.99583651875 0.917724415625 1 0.9885124609375 1
1 0.9171136765625001 1 0.91826923125 0.941810015625 0.923653846875 0.9204032874999999 0.9075 0.8612799437499999 0.9136538468750001 0.773614296875 0.9040384609375 0.7578140921875001 0.8909615390625 0.75577535625 0.8805769234374999 0.7644399843749999 0.8767307687500001 0.7766724 0.8813461531250001 0.8541443687499999 0.8775000000000001 0.8745317281249999 0.861346153125 0.9204032874999999 0.861346153125 0.932635703125 0.8659615390625 0.9489455906250001 0.8727354187499999 1 0.9171136765625001 1
1 0.818653846875 0.7669884046875 0.8121153843750001 0.7797305046874999 0.8113461531249999 0.8041953359375 0.81673076875 0.8684155203125 0.8144230765625 0.8888028796875 0.79826923125 0.9316163359375 0.80326923125 0.9402809640625 0.807884615625 0.9341647546875 0.8667307687499999 0.975449159375 0.8644230765625001 0.9458874875 0.8459615390625 0.8765704640624999 0.8474999999999999 0.8388538484375001 0.8528846156250001 0.8103115437499999 0.852115384375 0.7787111359375001 0.8401923078125 0.7629109328125001 0.826346153125 0.7618915640624999 0.818653846875 0.7669884046875
1 0.7390384609375 0.9367131750000001 0.73826923125 0.9642361109375 0.7413461531250001 0.966274846875 0.76326923125 0.945377803125 0.7940384609375 0.9341647546875 0.802115384375 0.91938391875 0.7882692312499999 0.8673961515624999 0.7944230765625 0.773614296875 0.786346153125 0.7588334609375 0.7794230765625001 0.7547559890625 0.7640384609375 0.7588334609375 0.7559615390625 0.7746336640625 0.7598076921875 0.8633186796875 0.7390384609375 0.9367131750000001
0 0.86940494375 1 0.8690384609375 0.9978752546875 0.8621153843750001 0.9795266312500001 0.8478846156250001 0.962707059375 0.8294230765625 0.9484359078125 0.8109615390625 0.9413003312499999 0.8074999999999999 0.9316163359375 0.80326923125 0.9300872828125 0.797884615625 0.9351841234375 0.7817307687499999 0.937222859375 0.766346153125 0.9443584359375 0.74173076875 0.9667845312499999 0.7251923078125 0.9968558875 0.7247609265625 1 0.86940494375 1
1 0.6 0.960872196875 0.603653846875 0.9356938078125001 0.61826923125 0.8918609843749999 0.6098076921875 0.853125 0.6174999999999999 0.7746336640625 0.6109615390625 0.7547559890625 0.6040384609375 0.74863978125 0.6 0.7482281125 0.6 0.960872196875
1 0.64653175625 1 0.6459615390625 0.9856428390625 0.651346153125 0.9479262234375 0.6644230765625 0.9102096078125002 0.6551923078125 0.8786092 0.6544230765625 0.8643380484375001 0.6559615390625 0.8337570078125001 0.661346153125 0.8164277515624999 0.6621153843750001 0.7787111359375001 0.6540384609375 0.7588334609375 0.637115384375 0.7537366203125 0.6244230765625 0.7644399843749999 0.6205769234375 0.7766724 0.6259615390625 0.8633186796875 0.6028846156250001 0.941810015625 0.6005769234375 0.9917590468749999 0.6022576671875 1 0.64653175625 1
1 0.70673076875 0.7634206171875 0.712115384375 0.7848273453125 0.7128846156249999 0.8062340718750001 0.7044230765625 0.8837060390625 0.7228846156250001 0.9530230625 0.7251923078125 0.9774878953125 0.7290384609375 0.9785072625 0.73673076875 0.9652554796875 0.73826923125 0.9377325437499999 0.7474999999999999 0.8969578234375 0.7351923078125 0.849047528125 0.7413461531250001 0.7664787203125 0.7348076921875 0.752717253125 0.7201923078125001 0.74863978125 0.71326923125 0.752717253125 0.70673076875 0.7634206171875