2 0 0.659375 0.4296875 0.659375 0.4296875 0.54868425 0.14319003749999998 0.559271340625 0.043076851562500004 0.5588210874999999 0.015959471875 0.5650130765625 0.0095962875 0.5623807703125 0.005293884375 0.55274946875 0.0032331015625 0.5597484640625 0 0.5598237140625 0 0.659375
1 0.4296875 0.659375 0.5688656265625001 0.659375 0.5285139859375 0.5218116968750001 0.5454234375 0.389171203125 0.543235696875 0.350811690625 0.514499621875 0.307873096875 0.5040838937500001 0.3078125 0.473112859375 0.3078125 0.448881659375 0.341413496875 0.44524413437500004 0.3915381296875 0.45971738437500004 0.5155119453125 0.4296875 0.5938053 0.4296875 0.659375
1 0.6961439578124999 0.659375 0.6961439578124999 0.6321983421875 0.6490024562500001 0.49153449687500006 0.6555430765625 0.31422325624999997 0.6374613968749999 0.2806886375 0.6173342421875 0.26934649843749997 0.5919141640625 0.27289080781249997 0.5687384765625 0.30738570468750004 0.5674535437499999 0.37237391406250003 0.58148363125 0.47539011562500005 0.5546875 0.552718265625 0.5546875 0.5703580828125 0.5867831625 0.659375 0.6961439578124999 0.659375
1 0.7835021953125001 0.659375 0.7804979125 0.5992302734375 0.7353112718749999 0.451737646875 0.7353112718749999 0.4045400078125 0.7490637281250001 0.3573423671875 0.7510283640625 0.304245021875 0.724505771875 0.26147216093750003 0.6871776765625001 0.26442201249999997 0.66654899375 0.2983453171875 0.66654899375 0.3573423671875 0.6783368125 0.398640303125 0.6783368125 0.43698838437500004 0.6744075390625 0.46648690937500004 0.6527965375 0.510734696875 0.68792421875 0.659375 0.7835021953125001 0.659375
1 0.87180424375 0.659375 0.8748004671875 0.6493777656249999 0.8669419203125 0.543183075 0.8256845531250001 0.428138828125 0.8374723718750001 0.2688467921875 0.8207729609375001 0.23787334062499998 0.8011265968749999 0.23197363593749998 0.7775509578124999 0.23787334062499998 0.762816184375 0.2629470875 0.7608515468749999 0.3160444328125 0.7706747296875001 0.392740596875 0.7510283640625 0.46353705781250004 0.7903210953124999 0.63167865 0.7888454078125 0.659375 0.87180424375 0.659375
1 0.3973232375 0.659375 0.3859375 0.709122784375 0.3859375 0.803374584375 0.3877893484375 0.815726596875 0.39474333437500003 0.8472474703125 0.39565897968749997 0.8484375 0.426701209375 0.8484375 0.4296875 0.8340935109375 0.4296875 0.6856391546875 0.4239316296875 0.659375 0.3973232375 0.659375
1 0.3041686234375 0.659375 0.2921875 0.724193571875 0.2921875 0.798925653125 0.29276471718749997 0.805356175 0.3062677609375 0.8680645640625 0.3074891703125 0.8703125 0.34056899218750003 0.8703125 0.341390459375 0.8652463515625 0.341390459375 0.713016603125 0.326983225 0.65997829375 0.3269828828125 0.659375 0.3041686234375 0.659375
1 0.183631728125 0.659375 0.1838541671875 0.6712384265625 0.1807291671875 0.6934606484375 0.16875 0.741608796875 0.165625 0.7693865734375 0.165625 0.8036458328125 0.1692708328125 0.8379050921875001 0.1796875 0.8906828703125 0.1838541671875 0.8999421296874999 0.20703125 0.9004050921874999 0.215625 0.8934606484375 0.2260416671875 0.83975694375 0.23020833281250003 0.7971643515625 0.2296875 0.7656828703125 0.22552083281250002 0.7342013890625 0.209375 0.6712384265625 0.209375 0.659375 0.183631728125 0.659375
1 0.2539836203125 0.659375 0.2421875 0.711053240625 0.2390625 0.7406828703125 0.23958333281250002 0.773090278125 0.24322916718749998 0.8036458328125 0.2510416671875 0.841608796875 0.25338541718749996 0.8467013890625001 0.25833333281250004 0.8490162031249999 0.27786458281250004 0.848553240625 0.2828125 0.8434606484374999 0.284375 0.8342013890625001 0.2791666671875 0.7897569437499999 0.2786458328125 0.766608796875 0.28072916718749996 0.7369791671875 0.2890625 0.699016203125 0.2802083328125 0.6638310187500001 0.279752603125 0.659375 0.2539836203125 0.659375
1 0.151330565625 0.659375 0.1375 0.7249421296875 0.134375 0.7554976859375 0.1354166671875 0.792534721875 0.146875 0.8601273140625001 0.15234375 0.8698495375 0.159375 0.8703125 0.1739583328125 0.866608796875 0.1666666671875 0.8193865734375001 0.1651041671875 0.773090278125 0.1677083328125 0.7462384265625001 0.1807291671875 0.6851273140624999 0.174934896875 0.659375 0.151330565625 0.659375
1 0.1177154109375 0.659375 0.1057291671875 0.71383101875 0.10364583281249999 0.7379050921875 0.10625 0.7879050921874999 0.1145833328125 0.8323495375000001 0.11901041718750001 0.842071759375 0.1291666671875 0.8434606484374999 0.1388020828125 0.8429976859374999 0.1427083328125 0.83883101875 0.1348958328125 0.7906828703125 0.1338541671875 0.7554976859375 0.1359375 0.7277199078125001 0.1473958328125 0.6823495375 0.1435188796875 0.659375 0.1177154109375 0.659375
1 0.054490328125 0.659375 0.0557291671875 0.6786458328125 0.0369791671875 0.7675347218749999 0.0348958328125 0.7916087968750001 0.0348958328125 0.817534721875 0.0385416671875 0.854571759375 0.050520832812500006 0.9166087968750001 0.058333332812500006 0.9277199078125001 0.0841145828125 0.9254050921874999 0.08854166718749999 0.9184606484375 0.1 0.8592013890625001 0.1041666671875 0.8212384265624999 0.1041666671875 0.792534721875 0.1010416671875 0.7619791671875 0.0822916671875 0.6842013890625 0.080847028125 0.659375 0.054490328125 0.659375
1 0.030305990625 0.659375 0.0307291671875 0.6721643515625 0.0276041671875 0.6934606484375 0.0166666671875 0.7369791671875 0.0135416671875 0.7721643515625 0.0151041671875 0.817534721875 0.0197916671875 0.8443865734375 0.0302083328125 0.88883101875 0.0395833328125 0.8906828703125 0.0434895828125 0.8902199078125002 0.0442708328125 0.8851273140625 0.0354166671875 0.8304976859375 0.0354166671875 0.7777199078125 0.0411458328125 0.7434606484375 0.0536458328125 0.691608796875 0.055208332812500004 0.673090278125 0.0549594671875 0.659375 0.030305990625 0.659375
1 0.0088153921875 0.659375 0 0.6988447375 0 0.8277199078124999 0.00625 0.8573495375 0.010416667187500001 0.8619791671874999 0.0223958328125 0.8592013890625001 0.0161458328125 0.824016203125 0.0135416671875 0.7656828703125 0.0161458328125 0.73883101875 0.0307291671875 0.6721643515625 0.0307291671875 0.659375 0.0088153921875 0.659375