1 0.5125 0.39776395781249996 0.5125 0.3251265625 0.507479075 0.292033846875 0.5125 0.25850256875 0.5125 0.2136171140625 0.510043740625 0.2073449578125 0.5066025015625 0.20625 0.503397184375 0.20625 0.4973657328125 0.21026818593750002 0.49137943437500003 0.22652946406250002 0.49091789218750004 0.2987032015625 0.48357024375 0.32216523124999996 0.48357024375 0.45625 0.488561378125 0.45625 0.49593493281249995 0.45593485625 0.500457615625 0.4503308171875 0.5085470328125 0.4215543890625 0.5125 0.39776395781249996
1 0.5390625 0.28492111875 0.5348043875 0.2710780953125 0.5320345484375 0.19440834375 0.524520553125 0.179601240625 0.517684971875 0.17820185156249999 0.511789653125 0.18654289375 0.5101566921875 0.20024968125 0.5194612296875001 0.21472129375 0.5245314999999999 0.23534660624999998 0.5224929140625 0.2877237625 0.5237907125000001 0.29887129375 0.5322449687499999 0.3234188296875 0.5375094781249999 0.34682191875 0.5390625 0.361316384375 0.5390625 0.28492111875
1 0.30261317656250003 0.40621058593750003 0.3042994546875 0.3895196609375 0.3078125 0.3809403578125 0.3078125 0.287814596875 0.304904071875 0.2695131625 0.3078125 0.23960385468749998 0.3078125 0.18464643281249998 0.3026768609375 0.1796875 0.3025336984375 0.1796875 0.293966090625 0.1846534078125 0.28736426718749997 0.201111821875 0.2887496671875 0.2481157203125 0.28622167656249997 0.2768436828125 0.27967411875 0.3005740609375 0.27967411875 0.428125 0.28333309375 0.428125 0.291585696875 0.42656677031249995 0.2986464640625 0.418393171875 0.30261317656250003 0.40621058593750003
1 0.40136801406249994 0.31316110468749997 0.40038252500000004 0.3361727734375 0.40602694531249994 0.38720788281249996 0.415714253125 0.42184928125 0.41795115000000005 0.425 0.4234375 0.425 0.4234375 0.42244645781249995 0.4199513796875 0.40823335156249996 0.41847076875000006 0.364796715625 0.42271075312499995 0.3438006765625 0.4234375 0.34265127500000003 0.4234375 0.2233660015625 0.422376553125 0.198022996875 0.42036082343750003 0.191459628125 0.41323530937499997 0.18232213749999998 0.4035984640625 0.185507221875 0.3999807203125 0.19684928125 0.40516905468750003 0.248783021875 0.40282101875 0.259730359375 0.40314189687499996 0.2717400984375 0.40671726875 0.285765465625 0.40136801406249994 0.31316110468749997
1 0.4696859875 0.2703617046875 0.481206328125 0.30503119375 0.48226953437500003 0.332869640625 0.4905137796875 0.35191972968749996 0.49313145 0.3609375 0.49375 0.3609375 0.49375 0.2674322140625 0.492772675 0.264366996875 0.48879233906249997 0.19112784375 0.4834180640625 0.1788856921875 0.47605619062500004 0.17801739218749998 0.4720817015625 0.17801739218749998 0.46630072499999997 0.18081267343750002 0.45993601875 0.19001849375 0.459747071875 0.215139834375 0.4696859875 0.2703617046875
1 0.70858076875 0.4296875 0.720423290625 0.4296875 0.7219334843749999 0.4280500515625 0.7234375 0.42128328593750003 0.7234375 0.3636629734375 0.7191729203125 0.347470253125 0.719399190625 0.334507290625 0.714491678125 0.3321636890625 0.7110658562500001 0.334458809375 0.711881253125 0.34742783125 0.7064143281249999 0.362212346875 0.7025236234375 0.3883562546875 0.7025236234375 0.3916457203125 0.707854821875 0.42889416249999995 0.70858076875 0.4296875
1 0.6792144421875 0.440440521875 0.6809511359375 0.4421875 0.6890625 0.4421875 0.6890625 0.361548928125 0.6883482140625 0.35868021875 0.6880930296875001 0.336445875 0.68508294375 0.332345884375 0.679874609375 0.332467109375 0.67666703125 0.3376384984375 0.6778992125000001 0.35799674531250003 0.6717392375 0.39057386875 0.6724505859375001 0.41094423906250005 0.6792144421875 0.440440521875
1 0.6437618281249999 0.453125 0.64491128125 0.4525715109375 0.653125 0.419852121875 0.653125 0.39542996874999997 0.6488076953124999 0.3674045078125 0.652565628125 0.3331270671875 0.649269215625 0.3317775703125 0.63948545625 0.334204503125 0.6388525234375 0.36844558125 0.6329037578125 0.3913509234375 0.6329037578125 0.4521260359375 0.6329321125 0.452710903125 0.6338616296875 0.453125 0.6437618281249999 0.453125
1 0.652639515625 0.3325015546875 0.6509137203125 0.33376297187500004 0.6523352984375 0.36150433125000003 0.6640266984375 0.4125 0.6640625 0.4125 0.6640625 0.3613732078125 0.6577493000000001 0.33516236093749996 0.652639515625 0.3325015546875
1 0.6234375 0.36684671406249997 0.621959003125 0.35646472500000004 0.6234375 0.3353212421875 0.6234375 0.334192025 0.6202893828125 0.332085365625 0.6177837671875 0.33450934375 0.6135630625 0.36501445625 0.6135630625 0.39357803125 0.616120340625 0.41026546093749994 0.6141779281249999 0.4380432390625 0.61499891875 0.4390625 0.61784066875 0.4390625 0.6234375 0.42122737343749994 0.6234375 0.36684671406249997
1 0.618032590625 0.3743261765625 0.61875 0.357574359375 0.61875 0.34307018125 0.6174950984375001 0.3332453078125 0.6048318015625 0.3339654515625 0.6097640046875 0.37481537187499997 0.6038910609375 0.4095638265625 0.606354303125 0.43736890156249997 0.6113598265625 0.45700441718749996 0.6136997125 0.4625 0.61875 0.4625 0.61875 0.37714040781249997 0.618032590625 0.3743261765625
1 0.5901655875 0.3669663859375 0.6015625 0.40321116874999996 0.6015625 0.3501912265625 0.5964939046875 0.3331173578125 0.5924824125 0.33195598125000003 0.5895638203125 0.3521212375 0.5901655875 0.3669663859375
1 0.5713541671875 0.39623842656249997 0.5708333328124999 0.4221643515625 0.5723958328125 0.4314236109375 0.5765625 0.43790509218749996 0.578125 0.45179398125 0.58046875 0.455034721875 0.5869791671875 0.454571759375 0.5921875 0.4471643515625 0.5958333328125 0.4249421296875 0.5953125 0.39623842656249997 0.5885416671875 0.36938657343750003 0.5911458328125 0.3342013890625 0.5783854171875 0.3318865734375 0.5770833328125 0.341608796875 0.5791666671875 0.36846064843750004 0.5713541671875 0.39623842656249997
1 0.5489583328125 0.43883101875 0.5533854171875 0.4439236109375 0.5598958328125 0.4434606484375 0.5630208328124999 0.43975694374999996 0.5677083328125 0.41938657343749997 0.5692708328125 0.3953125 0.5609375 0.3573495375 0.5619791671875001 0.3332754625 0.55390625 0.3309606484375 0.5510416671875 0.3332754625 0.5520833328125 0.3554976859375 0.5447916671875 0.3851273140625 0.54375 0.41012731406249997 0.5489583328125 0.43883101875
1 0.1417395953125 0.51875 0.1445722984375 0.527650759375 0.162460446875 0.55850980625 0.1799709546875 0.571875 0.2073371375 0.571875 0.22666845000000002 0.5611854015625 0.2328125 0.5444503796875 0.2328125 0.51875 0.1417395953125 0.51875
1 0.6939414562499999 0.6421875 0.6795914828124999 0.6421875 0.6541990953125 0.6440016125 0.6522271890625 0.6547043125 0.6622060703125 0.7165595125 0.6714701453125 0.725 0.6858943484375 0.725 0.6898246593749999 0.72379345 0.6943360671875001 0.7111782859375 0.696875 0.691961009375 0.696875 0.6443547046875 0.6939414562499999 0.6421875
1 0.90011634375 0.51875 0.90011634375 0.541196765625 0.9021933078125001 0.54375 0.917682340625 0.54375 0.9191147671875001 0.5436930140625 0.9237693124999999 0.52790985 0.9241110562499999 0.51875 0.90011634375 0.51875
1 0.9762910515625001 0.51875 0.9802177859375 0.5410215671875 0.9827945 0.5421875 0.9953125 0.5421875 0.9953125 0.51875 0.9762910515625001 0.51875
2 1 0.5342553828125001 0.6103784375 0.5342553828125001 0.55890219375 0.540666921875 0.546340303125 0.54955819375 0.54364044375 0.55475995 0.539296678125 0.6020306875 0.5390625 0.603150184375 0.5390625 0.6911174265625 0.5409410718750001 0.6921875 0.5604982453125 0.6921875 0.563973425 0.6908651015625 0.5733455671875001 0.6830453046875 0.57698854375 0.6754923500000001 0.5803106421875001 0.679952171875 0.5809919140625001 0.6739215234375 0.5791028218750001 0.6712407796875001 0.5887648984375 0.655562740625 0.6015238859375 0.651276840625 0.6375261328125 0.6486770984375 0.6417546890625 0.6401739578125 0.6501499125000001 0.63147675 0.6875204187499999 0.6315820125 0.6998290359375 0.6411607390625 0.8733312828124999 0.6321568359375 0.884916253125 0.622388153125 0.8917518328125 0.62114686875 0.9366082468750001 0.6181347390624999 0.9442265062499999 0.6205486437500001 0.948519809375 0.6111195781250001 0.9625147046875 0.6040073828125 0.9671403156250001 0.6120981359375 0.9746938281249999 0.615437965625 0.9841335749999999 0.6140753906249999 0.9882326359375 0.607424103125 0.9933143328125 0.616416521875 1 0.6189197828124999 1 0.5342553828125001