1 0.5666574468750001 0 0.56510514375 0.092970840625 0.5640625 0.09917204375000001 0.5640625 0.22324410781249998 0.57296906875 0.22670421875 0.5989986187499999 0.228125 0.6181764703125 0.228125 0.6268710328125 0.21682960625 0.6174617484375 0.1275770421875 0.6229005015625 0.0497992640625 0.6314306609375 0 0.5666574468750001 0
1 0.8159775765624999 0 0.80625 0.133159721875 0.80625 0.2220486109375 0.81484375 0.2373263890625 0.853125 0.238715278125 0.865625 0.2359375 0.865625 0.20538194375000002 0.834375 0.07204861093750001 0.8389920390625001 0 0.8159775765624999 0
1 0.7328125 0 0.7328125 0.01649305625 0.7421875 0.12482638906250001 0.740625 0.23038194375 0.7484375 0.2359375 0.8046875 0.23038194375 0.8046875 0.1526041671875 0.8200160437499999 0 0.7328125 0
1 1 0 0.946477140625 0 0.9515625 0.1220486109375 0.9296875 0.238715278125 0.9453125 0.2442708328125 1 0.24243645156250002 1 0
1 0.428590875 0.4153990171875 0.4265625 0.4203125 0.42509253906250005 0.429779175 0.4253257640625 0.43779885937500007 0.42524802343749996 0.44153217343750006 0.42571446875 0.4455420125 0.4266473546875 0.44969013125 0.428125 0.455034721875 0.432421875 0.4557291671875 0.434375 0.45225694375 0.43515625 0.4453125 0.4359375 0.4439236109375 0.4359375 0.43836805625 0.43550980624999996 0.4344803625 0.43574303125 0.4282581890625 0.43359375 0.41614583281249995 0.4330998421875 0.40959165468750003 0.43403272968750006 0.40419909687500005 0.434375 0.40225694375 0.434375 0.39809027812500003 0.433721771875 0.3963176703125 0.43359375 0.3939236109375 0.4306898796875 0.39244609375 0.4280466921875 0.3963176703125 0.4280466921875 0.4059966140625 0.428125 0.40920138906250003 0.428590875 0.4153990171875
1 0.4222161328125 0.43406555625000004 0.420894540625 0.4264606671875 0.4191065015625 0.4180261703125 0.41949520468749996 0.41069781875 0.4197284296875 0.4040608296875 0.42066131718750005 0.3990830828125 0.419312896875 0.39803296875 0.41770716406249997 0.395349775 0.415841390625 0.39576459062499997 0.4145975328125 0.3975621078125 0.41436431406249996 0.40336947500000003 0.41475301875000004 0.40807067343750003 0.41498623593749995 0.415537290625 0.4148307578125 0.419132325 0.41335368125 0.4235569953125 0.4116433875 0.42881126875 0.41094371875 0.43586306874999997 0.411565646875 0.44540374375 0.4125762734375 0.45217900625 0.413820125 0.45577404218749995 0.418951021875 0.4561888578125 0.42143872499999996 0.45065803281249994 0.4223716125 0.4440210390625 0.4222161328125 0.43406555625000004
1 0.101177153125 0.40437675625 0.1000038421875 0.40907219218749996 0.09873275625 0.4179413546875 0.0985372078125 0.4202021046875 0.09883053124999999 0.42524534999999997 0.0985372078125 0.43637526875 0.098828125 0.44461805625000006 0.10078125 0.4453125 0.104296875 0.44461805625000006 0.10625 0.44114583281249997 0.10703125 0.43836805625 0.10703125 0.4328125 0.1078125 0.4314236109375 0.1078125 0.4203125 0.10546875 0.40920138906250003 0.10546875 0.405034721875 0.1046875 0.4036458328125 0.1046875 0.385590278125 0.1034259921875 0.383855975 0.100883821875 0.3850733046875 0.1003949484375 0.389420928125 0.101177153125 0.40437675625
1 0.0825776546875 0.4007247484375 0.08306653281250001 0.40698533125 0.081893228125 0.41237638125 0.0809154703125 0.4188108796875 0.080719921875 0.4273322046875 0.08111101875 0.4353318421875 0.0809154703125 0.44176631874999994 0.08125 0.4467013890625 0.083203125 0.44739583281249995 0.0875642203125 0.4475051875 0.0890625 0.442534721875 0.0890625 0.41892361093749997 0.08828125 0.41753472187499996 0.0875642203125 0.4082026671875 0.0875 0.40225694375 0.088639753125 0.39011655 0.0859020296875 0.3859428296875 0.0836531921875 0.385421115625 0.0826754359375 0.389942646875 0.08238210625 0.3942902703125 0.0825776546875 0.4007247484375
1 0.035058667187499996 0.38159520625 0.03486311875 0.3888992140625 0.0353519984375 0.40228990937500003 0.033103153125 0.4111590453125 0.031929846875 0.42037601249999995 0.032027615625 0.4282017296875 0.033689814062500004 0.4367230734375 0.0345697890625 0.4421141234375 0.038671875 0.44184027812500004 0.03984375 0.4369791671875 0.0415118703125 0.4231584953125 0.0414140875 0.4130720046875 0.03955635625 0.4054201828125 0.0390625 0.3842013890625 0.03828125 0.3828125 0.03593864375 0.3808995890625 0.035058667187499996 0.38159520625
1 0.0934307625 0.4421141234375 0.0962662515625 0.441418515625 0.09753733906249999 0.431505925 0.097439565625 0.4235063 0.09675513125 0.41359373125000004 0.0946040671875 0.4054201828125 0.0956795984375 0.401942084375 0.09665735625 0.3932468375 0.0970484609375 0.3852472125 0.094115190625 0.383855975 0.0902041609375 0.3835081640625 0.0900086140625 0.3913338859375 0.0905952671875 0.39742055781249996 0.0915730234375 0.40263770625 0.0909863703125 0.40681142187499997 0.0893241796875 0.411680765625 0.08903085625 0.4168979140625 0.08903085625 0.422288978125 0.0902041609375 0.4302885953125 0.0898130578125 0.4351579265625 0.089421953125 0.4412446 0.0934307625 0.4421141234375
1 0.116701378125 0.41376761875 0.11582139531249999 0.41811524375 0.11611472187500001 0.4269844 0.116799153125 0.4358535484375 0.1184613390625 0.44280974687499997 0.1216879359375 0.4442009921875 0.12315457187500001 0.385421115625 0.118852440625 0.3835081640625 0.1185591140625 0.3904643609375 0.118754665625 0.40176818125 0.11895021718750001 0.4062897078125 0.116701378125 0.41376761875
1 0.0766133375 0.44402708906250005 0.0786666265625 0.43915774531250007 0.079448834375 0.42941907031250004 0.0798399390625 0.4210716296875 0.0785688515625 0.41446325625 0.076320015625 0.4080287578125 0.07700444375 0.40228990937500003 0.0779822 0.3955076 0.0774933203125 0.384551590625 0.0768088953125 0.3833342546875 0.0742667203125 0.383682065625 0.071920109375 0.3857689265625 0.071724553125 0.39237731249999996 0.07231120625000001 0.40211599375 0.0724089875 0.4054201828125 0.0711379 0.41255029062500004 0.0706490234375 0.4162023046875 0.071822328125 0.42246286718750004 0.071822328125 0.42907125312499994 0.0716267796875 0.434810121875 0.071724553125 0.44107069687500006 0.0722134328125 0.44489661406250003 0.0766133375 0.44402708906250005
1 0.0540271546875 0.44663566406250005 0.0594048171875 0.44611394375 0.060871453124999995 0.44072289375 0.06145810625 0.4282017296875 0.0605781234375 0.41550666875 0.058720390624999994 0.40924610625 0.05920926875 0.40211599375 0.06008924375 0.39446417343749995 0.06008924375 0.38733407343750004 0.05686265 0.38316035312499996 0.054613806249999994 0.3859428296875 0.053636050000000005 0.39011655 0.053733825 0.3984639859375 0.054124928125000006 0.4045506578125 0.054418259375 0.41150685625000005 0.05256051874999999 0.41811524375 0.0522671875 0.42454972812499997 0.0522671875 0.43394059687500003 0.053049396875 0.44333146718750005 0.0540271546875 0.44663566406250005
1 0.044151809375 0.44402708906250005 0.0496272390625 0.4442009921875 0.051093876562499994 0.43550574375 0.0512894390625 0.4242019234375 0.05050723124999999 0.41568057812500003 0.048845046875 0.40872438125 0.0487815609375 0.40409154531249997 0.0502139 0.394811984375 0.0489428140625 0.3859428296875 0.044151809375 0.38229082812500004 0.0434673828125 0.3887253109375 0.0434673828125 0.3958554109375 0.04454290625 0.40368113437500003 0.04327181875 0.4102895203125 0.042391845312499996 0.41498495625 0.042391845312499996 0.4248975453125 0.042880721875 0.4379404171875 0.044151809375 0.44402708906250005
1 0.06360917499999999 0.44854861562500004 0.0692801609375 0.449418140625 0.0711379 0.4400272703125 0.07152900625 0.42646267968749996 0.0698668140625 0.4160283890625 0.0683024046875 0.4111590453125 0.0691956265625 0.4077859078125 0.07025791875000001 0.39950741875 0.0698668140625 0.3890731234375 0.067617978125 0.387160165625 0.06419582812499999 0.389247025 0.06458693125000001 0.397942271875 0.06478248125 0.4071592328125 0.063902496875 0.41289809375 0.0625336375 0.41741962812499994 0.061849209375000005 0.427680021875 0.0625336375 0.43811431875 0.06360917499999999 0.44854861562500004
1 0.2650276453125 0.40136932812500004 0.2649298703125 0.40693428750000005 0.2646365421875 0.41215143593750003 0.2634632359375 0.41841201874999995 0.26258325312499997 0.4257160203125 0.26180104375 0.4354547015625 0.27138044375 0.437340803125 0.272360821875 0.42884631406249996 0.27030753125 0.416499059375 0.2688408953125 0.41232534374999996 0.2682542421875 0.4074560015625 0.2688408953125 0.40223885312499996 0.269720878125 0.39458703906250003 0.269232 0.389195984375 0.2662009546875 0.38815255625 0.26522319687499996 0.39041331874999996 0.2645387671875 0.395108753125 0.2650276453125 0.40136932812500004
1 0.23716157187500003 0.44658461406249994 0.24097482499999998 0.446758521875 0.24390809687499998 0.4392806109375 0.24361476718750003 0.428498503125 0.24195258281249998 0.41719468125 0.24048594687499997 0.4098906734375 0.241170375 0.4081516234375 0.24224590468749999 0.3985868515625 0.24263700937500002 0.390935034375 0.2406814953125 0.38710913125 0.23745489531250003 0.38693521875000003 0.23657491875 0.39128284375 0.2362815890625 0.3985868515625 0.2375526765625 0.404499621875 0.23774822499999998 0.4090211484375 0.23667269375000002 0.41249924687500006 0.23530383124999998 0.41771639531249993 0.23461940625 0.42641165625 0.2347171796875 0.43719374999999994 0.2355971625 0.4432804234375 0.23716157187500003 0.44658461406249994
1 0.21926861562500002 0.4340634625 0.222788540625 0.4347590796875 0.2273840015625 0.43875889062500006 0.22816620312499997 0.4424108984375 0.22836175937499997 0.42988975468749996 0.2266995671875 0.416499059375 0.2254182375 0.40887248437499996 0.22621068906250003 0.3998041875 0.22621068906250003 0.3930218921875 0.2251351578125 0.38884818125 0.22210411406250002 0.38693521875000003 0.22024637343750003 0.38954379375000003 0.219659721875 0.3938914171875 0.2203441484375 0.3998041875 0.22083302656249998 0.40676038437499995 0.2209308078125 0.40954286093750003 0.219561946875 0.413890484375 0.21877973750000002 0.41997715781250006 0.21926861562500002 0.42780288125 0.21926861562500002 0.4340634625
1 0.20978437656249999 0.4408457515625 0.20988215000000002 0.4460629 0.21486871093749998 0.44362823437500004 0.21672645 0.4340634625 0.21809531093749998 0.427107265625 0.2162375703125 0.41249924687500006 0.2163724828125 0.409307115625 0.21682422343750002 0.3992824734375 0.21653090156250002 0.391978465625 0.2130109703125 0.390935034375 0.2113487859375 0.3989346625 0.21183766406250001 0.41093409999999997 0.2109576828125 0.41858591875 0.20968660312499998 0.429368028125 0.20978437656249999 0.4408457515625
1 0.20900216875000002 0.44380214999999995 0.2090999421875 0.43249832968749996 0.21037102968750002 0.41928154375000004 0.211544334375 0.41023848437500005 0.21085990781250002 0.40276057187500003 0.211544334375 0.39441313125 0.2141721640625 0.3884448375 0.2113487859375 0.38537008125 0.2092954984375 0.38884818125 0.2086110640625 0.3987607546875 0.20949104687500003 0.40415181093749997 0.20851329062500001 0.4152817234375 0.20636222656249997 0.42171620781249997 0.20558001875 0.43371565156249997 0.20812218593749998 0.4441499484375 0.20900216875000002 0.44380214999999995
1 0.19208696875 0.4462368078125 0.1981490609375 0.446758521875 0.199420146875 0.43754156093749996 0.20078901562499998 0.43232441406250005 0.20020235468749997 0.421368396875 0.1977579625 0.4119775328125 0.196682425 0.4058908609375 0.1969757546875 0.39841294843749997 0.197269084375 0.3916306546875 0.19678020624999998 0.38884818125 0.1951180234375 0.3876308375 0.19286917812499998 0.3876308375 0.19247808125000002 0.3898916046875 0.19208696875 0.397369515625 0.1922825171875 0.40380399999999994 0.1923803 0.4074560015625 0.19120699531250002 0.41319486874999994 0.19013145625 0.41719468125 0.1902292375 0.42484649531249996 0.1910114453125 0.435106903125 0.19208696875 0.4462368078125
1 0.178789484375 0.43041145625 0.18172275468750002 0.44467167500000004 0.186220428125 0.4441499484375 0.1887626015625 0.43075927968750005 0.1889581515625 0.4210205921875 0.1873937328125 0.41232534374999996 0.1855680234375 0.4073512765625 0.1860248796875 0.40049980312500005 0.186220428125 0.39145675468749996 0.186220428125 0.38797865625 0.1843626953125 0.38537008125 0.18103831406249998 0.3850222640625 0.1807449984375 0.3890220796875 0.18103831406249998 0.404499621875 0.18113609375 0.4064125734375 0.1797672421875 0.41232534374999996 0.17888725156250002 0.41910763281249996 0.178789484375 0.43041145625
1 0.40088649375 0.45980139375 0.40567750468749997 0.45597549062500004 0.406948590625 0.43980232499999994 0.405970834375 0.42467259375 0.40460197343750004 0.417368584375 0.405873059375 0.4071081953125 0.406068609375 0.3980651375 0.40205980625000004 0.395108753125 0.39873543125 0.3989346625 0.3986376578125 0.4057169515625 0.3997131875 0.4111080078125 0.40039761562500004 0.41719468125 0.3989309796875 0.4236291671875 0.39658436875 0.43232441406250005 0.39658436875 0.44501947187499996 0.3981487796875 0.4568450140625 0.40088649375 0.45980139375
1 0.38964228749999996 0.46154044375 0.3919889078125 0.4512800484375 0.3931622203125 0.4384110859375 0.3918911328125 0.427107265625 0.3894467390625 0.42084668281250004 0.3908156015625 0.4105862953125 0.3911089234375 0.40015199843750004 0.3875083625 0.3969201375 0.38436240625 0.3994563765625 0.38416685 0.41093409999999997 0.384949059375 0.41893373125 0.3832868671875 0.42258573125 0.38113580625 0.43806327500000003 0.3814291359375 0.4505844265625 0.384949059375 0.46119263750000006 0.38964228749999996 0.46154044375
1 0.3803535984375 0.43754156093749996 0.37937584062499996 0.43093316875000004 0.37761588281249997 0.42467259375 0.3759536921875 0.41841201874999995 0.3762470203125 0.41249924687500006 0.3766381265625 0.40345618906249997 0.37556259375 0.39493485 0.37332853125 0.3947469828125 0.3719448890625 0.39458703906250003 0.3703804796875 0.4003259015625 0.370673809375 0.40676038437499995 0.37145601093749997 0.413890484375 0.37145601093749997 0.41823810781250004 0.36862051406249996 0.42554211875 0.367349434375 0.4378893671875 0.368424965625 0.44919319375000005 0.3711626890625 0.4577145390625 0.3748781609375 0.45893186875 0.379278065625 0.44954099843749995 0.3803535984375 0.43754156093749996
1 0.3658827984375 0.4460629 0.366665 0.4378893671875 0.3661761203125 0.42745506874999994 0.3646117109375 0.42223792031249996 0.363047303125 0.41406439375000004 0.363731728125 0.4058908609375 0.36353618125 0.3956304671875 0.3613490203125 0.393008459375 0.358451846875 0.3923262765625 0.3570829859375 0.39719561406250004 0.3576696390625 0.406238671875 0.358549621875 0.4152817234375 0.3569852109375 0.42154230625 0.3553230203125 0.43267221874999995 0.3544430375 0.4424108984375 0.35649633281250004 0.44954099843749995 0.358354065625 0.4552798671875 0.3619717703125 0.4561493921875 0.363731728125 0.45180176875000005 0.3658827984375 0.4460629
1 0.350532009375 0.44988881718750007 0.35219420156250003 0.43875889062500006 0.3531719578125 0.42780288125 0.35141199375 0.41823810781250004 0.349749809375 0.4111080078125 0.3510208875 0.40084761406249997 0.350532009375 0.39267408125 0.347780390625 0.391052621875 0.3447632421875 0.39267408125 0.34398103281250003 0.40223885312499996 0.3453499015625 0.41093409999999997 0.344176596875 0.41667296875000004 0.3417322046875 0.43145488906249996 0.3421233015625 0.44293262499999997 0.3451543546875 0.45354081874999996 0.350532009375 0.44988881718750007
1 0.6897197546875 0.3796875 0.68957448125 0.3969998125 0.6850055296875001 0.45114829375000004 0.66875 0.5064709328125 0.66875 0.6546875 0.7303177453125 0.6546875 0.7329331578125 0.6498070375 0.7389589187500001 0.5748252218750001 0.7218214 0.4506140453125 0.725896178125 0.3811514125 0.72618011875 0.3796875 0.6897197546875 0.3796875
2 1 0.657465278125 0.968359375 0.657465278125 0.4890625 0.6640113718749999 0.4890625 0.8253296656250001 0.714453125 0.8185763890625001 1 0.8195998546875 1 0.657465278125