1 0.3003088671875 0.10693359375 0.2956213671875 0.10693359375 0.2907980015625 0.1117947046875 0.2900264640625 0.11943359375 0.284375 0.12258062656249999 0.284375 0.1251042328125 0.289919928125 0.1265625 0.30710200625 0.1265625 0.30710200625 0.10845356718750002 0.3063502125 0.110405815625 0.30379780625 0.1138780390625 0.3003088671875 0.10693359375
1 0.25108534531250004 0 0.2513735328125 0.0157335078125 0.2587347859375 0.05184461875 0.263876590625 0.0625 0.2716497859375 0.0625 0.2992967109375 0.05809461875000001 0.3062937015625 0.061489015625 0.3062937015625 0 0.25108534531250004 0
1 0.1359375 0 0.1359375 0.035690651562499995 0.1385578796875 0.04768824375 0.149977196875 0.084375 0.1725446890625 0.084375 0.17928526718749999 0.07637310625 0.188913475 0.031828665625 0.19004334375 0 0.1359375 0
0 0.725626271875 0.009284578125 0.7186548609375001 0.00048827968750000006 0.7115572968749999 0.0041919828125 0.7109375 0.0073689296875 0.7109375 0.0230313515625 0.7120134546875001 0.02780309375 0.7123321125000001 0.028125 0.7247190828125 0.028125 0.7256952109375 0.0243719875 0.7256952109375 0.0099789328125 0.725626271875 0.009284578125
1 0.4048916453125 1 0.4048916453125 0.978079484375 0.40212762656249995 0.9668945296875 0.396003778125 0.9543945296875 0.393985125 0.9307834187499999 0.398090315625 0.9196723078125 0.3952904078125 0.8960611968750001 0.3888851203125 0.8856445296875 0.3826351203125 0.8856445296875 0.38125 0.8887647609375 0.38125 0.9342631125 0.3836493578125 0.9571723078125001 0.38125 0.9701017609375 0.38125 1 0.4048916453125 1
1 0.5 0.8385347843750001 0.4975090875 0.83856376875 0.4922208390625 0.8476506359375 0.493562459375 0.8906789187499999 0.4890625 0.9137839828125 0.4890625 0.9837795859374999 0.4910818578125 0.9875 0.5 0.9875 0.5 0.8385347843750001
1 0.4819537578125 1 0.4819537578125 0.9278561249999999 0.47580515468750006 0.9033631343749999 0.4755677875 0.8631126281250001 0.4700898546875 0.853125 0.46722954687499996 0.853125 0.4628798859375 0.8539439453125001 0.4625 0.85502903125 0.4625 0.8936120921875 0.4647984375 0.914337884375 0.4625 0.9329205843749999 0.4625 0.980835990625 0.46431391250000004 0.9920520281249999 0.46744104531249997 1 0.4819537578125 1
1 0.4450583984375 1 0.4450583984375 0.9469130187499999 0.4406132140625 0.9350356 0.43707220781249995 0.8766203781249999 0.4259785296875 0.8709231171875 0.421875 0.8842542531250001 0.421875 0.8890030796874999 0.4288944640625 0.9356497546875 0.4234600265625 0.97221124375 0.4242584328125 0.9903077421875001 0.42652549687499997 1 0.4450583984375 1
1 0.440359640625 0.91322113125 0.435949621875 0.9083350249999999 0.4359375 0.908769978125 0.4359375 0.9334935812499999 0.4431465796875 0.959375 0.44437373124999996 0.959375 0.4453125 0.9550707375 0.4453125 0.9452982343749999 0.4438725625 0.9299059828124999 0.440359640625 0.91322113125
1 0.4250801453125 0.8432917124999999 0.4234375 0.8466320984374999 0.4234375 0.8711376187500001 0.425923484375 0.871875 0.43413858125000004 0.871875 0.4363689203125 0.862937178125 0.43542894218750006 0.84772306875 0.43216798437500004 0.841616321875 0.4250801453125 0.8432917124999999
1 0.40520833281249996 1 0.40859375 0.990972221875 0.41015625 0.95625 0.40078125 0.9159722218749999 0.4015625 0.8645833328125001 0.392578125 0.8541666671874999 0.3859375 0.86319444375 0.38515625 0.8756944437499999 0.3859375 0.884027778125 0.39453125 0.8993055562500001 0.3921875 0.9548611109374999 0.40306919687500004 1 0.40520833281249996 1
1 0.364453125 0.8458333328125001 0.359765625 0.8430555562500001 0.353125 0.8506944437499999 0.35234375 0.8701388890625001 0.35703125 0.88680555625 0.3546875 0.928472221875 0.36171875 0.9548611109374999 0.36484375 0.9923611109374999 0.3703125 0.990972221875 0.37578125 0.9548611109374999 0.37421875 0.9298611109374999 0.36640625 0.9020833328125001 0.36796875 0.85625 0.364453125 0.8458333328125001
1 0.3654622390625 1 0.3640625 0.9701388890625001 0.35546875 0.9354166671874999 0.35625 0.88125 0.351171875 0.8708333328125001 0.344140625 0.872222221875 0.3390625 0.884027778125 0.34296875 0.93125 0.334375 0.98125 0.3349300984375 1 0.3654622390625 1
1 0.33185614218750004 1 0.33515625 0.9756944437499999 0.334375 0.95069444375 0.325 0.9159722218749999 0.3265625 0.871527778125 0.320703125 0.8583333328125 0.313671875 0.859722221875 0.309375 0.86875 0.3125 0.921527778125 0.30546875 0.9576388890625 0.30625 0.98680555625 0.30907738125 1 0.33185614218750004 1
1 0.296875 0.85625 0.289453125 0.8458333328125001 0.28125 0.8576388890625001 0.284375 0.90625 0.27890625 0.9270833328125001 0.278125 0.9451388890625001 0.2828125 0.9895833328125001 0.28984375 0.9993055562500001 0.299609375 0.997222221875 0.30390625 0.9854166671875 0.30625 0.940972221875 0.29609375 0.8993055562500001 0.296875 0.85625
1 1 1 1 0.45891319218750004 0.9490074046875 0.45537109375 0.9465067656249999 0.46231553906249995 0.9482795890624999 0.5160192421875001 0.94594395 0.5410192421875 0.9518478671875 0.6039822046875 0.9547238328125001 0.6687970203125 0.9413342890624999 0.7512044281250001 0.9204363499999999 0.8493525734375 0.9144322515625 0.8937970203125001 0.9125 0.936913721875 0.9125 1 1 1
1 0.8684746109375 1 0.8684746109375 0.8653000046875 0.831830640625 0.752656203125 0.812500421875 0.6784124375 0.8050438937500001 0.6107834828125001 0.8021166187500001 0.5163754 0.795240259375 0.4496784328125 0.7914098203125001 0.44269459375000003 0.7720429187500001 0.4421875 0.7129811046875 0.4421875 0.710166415625 0.44591280156249996 0.7100741734375 0.5338091 0.7175637 0.6588030390625 0.72001624375 0.672710109375 0.7125466140625 0.7429410890625 0.6940340046875 0.819520221875 0.67958258125 0.9026232593749999 0.6714866374999999 0.9793235984375 0.6709296515625 1 0.8684746109375 1
1 0.606782934375 1 0.606782934375 0.8101218843750001 0.5805874359375001 0.7349933515625 0.5641066046875001 0.67818645 0.5509137328125 0.5393521531250001 0.5462381453125 0.50983170625 0.54180534375 0.5040179046875 0.5312266593749999 0.50271196875 0.5 0.5048753796875001 0.5 0.7780044078125 0.513155965625 0.8194521937499999 0.5526802234375 0.9243505234375 0.5741030125 0.9957811703124999 0.575005378125 1 0.606782934375 1