1 0.5828432578125 0 0.5842946140625 0.0134688859375 0.5842946140625 0.0673262375 0.5601788578125 0.169218521875 0.556159565625 0.22162026875000002 0.5585711421874999 0.28421124531249997 0.5690213015625 0.35116903125 0.5762560296875 0.387559134375 0.5806772515625 0.3941093515625 0.589117765625 0.39483715468749997 0.614439309375 0.39556495625 0.6220759640625 0.387559134375 0.6421724281250001 0.2856668484375 0.6445840031250001 0.2507323515625 0.6445840031250001 0.19541939531250002 0.618056671875 0.07023744531250001 0.6172528140625 0.029480531250000004 0.62008423125 0 0.5828432578125 0
1 0.7224514390625 0 0.7225582796875 0.006190865625 0.7281852890625 0.052770196874999994 0.72738143125 0.10226073437500001 0.7080888265625 0.18523016718750002 0.7048733921875 0.23035389374999998 0.7072849671875 0.291489265625 0.7193428453124999 0.35990265625 0.72617564375 0.3839201234375 0.735420015625 0.387559134375 0.760741559375 0.38683133125 0.7643589234375 0.3817367171875 0.779632234375 0.30750090937499996 0.7836515265624999 0.26674399531250004 0.7836515265624999 0.2172534578125 0.779632234375 0.182318959375 0.7643589234375 0.1255504 0.7587319125 0.090615903125 0.7579280546875 0.052770196874999994 0.7632963875 0 0.7224514390625 0
1 0.8348154093750001 0 0.8342946140624999 0.02074690625 0.8407254828124999 0.1037163390625 0.8367061890624999 0.13719523281249998 0.821432878125 0.2012418125 0.8190213015625 0.22889828906249998 0.82062901875 0.28857805625 0.83349075625 0.358447053125 0.8387158359375 0.376642103125 0.8495679265625 0.37882550937500004 0.8684586015625001 0.37809770781249996 0.87368368125 0.37009188437499996 0.8905647109375 0.274022015625 0.8905647109375 0.224531478125 0.8873492765624998 0.19541939531250002 0.870468246875 0.1328284203125 0.8672528140625001 0.10517194375000001 0.871778628125 0 0.8348154093750001 0
1 0.9375170828125 0 0.9335711421875 0.0025518562500000002 0.9275422031249999 0.019291303125 0.9331692125 0.13719523281249998 0.9203074765625001 0.188141375 0.9146804656249999 0.22889828906249998 0.9178958999999999 0.3002228890625 0.9307576359375 0.3628138640625 0.9379923640625 0.37009188437499996 0.9576868968750001 0.3708196875 0.9645196953124999 0.3628138640625 0.9765775718749999 0.29731168124999996 0.9789891484375 0.2521879546875 0.9749698546874999 0.2012418125 0.9588926843750001 0.13719523281249998 0.96210811875 0.0222025109375 0.9552753218750001 0.0010962515625 0.953307753125 0 0.9375170828125 0
1 0.793699759375 0.367908478125 0.7989248390625 0.3613582609375 0.8133942921875 0.28275564062499997 0.8125904343749999 0.22016466562499998 0.794905546875 0.134284025 0.79812098125 0.023658115625 0.7848573156249999 0.0040074593749999995 0.7711917203125 0.011285479687499999 0.76516278125 0.029480531250000004 0.7699859328125 0.1415620453125 0.7820438109375 0.19396379218749998 0.7844553859375 0.22016466562499998 0.7836515265624999 0.2754776203125 0.7707897906250001 0.354080240625 0.7707897906250001 0.3657250734375 0.7732013671875 0.3671806765625 0.793699759375 0.367908478125
1 0.65979880625 0 0.65905345625 0.0323917390625 0.6646804656249999 0.1037163390625 0.6622688906249999 0.1328284203125 0.6469955781250001 0.1997862078125 0.6453878625 0.22598708125 0.6494071546875 0.3191457421875 0.6606611734375 0.3715474890625 0.668699759375 0.3759143015625 0.69080586875 0.3751865 0.695227090625 0.36863628125000003 0.7064811093750001 0.30604530625000004 0.7048733921875 0.188141375 0.6904039390625 0.1139055671875 0.695227090625 0.0018240531250000001 0.6946776359375 0 0.65979880625 0
1 0.64136856875 0.35990265625 0.6486032953125 0.32205695 0.6433782156250001 0.27038300625 0.6285068328125 0.358447053125 0.6317222671875 0.36426946875 0.64136856875 0.35990265625
1 0.6477994375 0.1925081875 0.6397608515625001 0.1459288578125 0.6437801453125 0.035302946875000005 0.636947346875 0.0156522921875 0.62247789375 0.011285479687499999 0.618056671875 0.023658115625 0.6196643890625 0.07314865312499999 0.63654541875 0.1459288578125 0.6429762859375 0.1983306046875 0.6477994375 0.1925081875
1 0.45 0.2634461546875 0.45165795781250007 0.3002228890625 0.45969654374999996 0.345346615625 0.4669312703125 0.358447053125 0.4834103703125 0.3591748546875 0.4878315921875 0.354080240625 0.47738143125 0.2900336609375 0.4757737140625 0.2274426859375 0.491047025 0.1459288578125 0.49426245937499996 0.044036571875 0.49185088437499996 0.025113718750000003 0.48260651093749996 0.0156522921875 0.47135249218749997 0.0200191046875 0.4645196953125 0.036758551562500005 0.4669312703125 0.1430176484375 0.45 0.22166377499999998 0.45 0.2634461546875
1 0.4964301796875 0 0.49345860156250004 0.0076464703125000005 0.4966740359375 0.1270060046875 0.48140072343749996 0.191052584375 0.47657757187499994 0.23472070625 0.4781852890625 0.287122453125 0.48943930937499996 0.358447053125 0.49546824687499996 0.367908478125 0.5014971859374999 0.36863628125000003 0.5211917203125 0.367908478125 0.524809084375 0.3628138640625 0.5135550640625001 0.28421124531249997 0.511947346875 0.22162026875000002 0.5143589234375 0.19396379218749998 0.524809084375 0.14884006562500002 0.5223975078125 0.0935271109375 0.5288283765624999 0.009102075 0.5256634625000001 0 0.4964301796875 0
1 0.5330812640625 0 0.5360631031249999 0.0993495265625 0.5183782156250001 0.177952146875 0.51275120625 0.2172534578125 0.5143589234375 0.2856668484375 0.5280245171875 0.37009188437499996 0.5332495984375 0.381008915625 0.5489248390625 0.3817367171875 0.5646000796874999 0.381008915625 0.57062901875 0.37009188437499996 0.556963425 0.2754776203125 0.5553557078125 0.207064228125 0.5690213015625 0.1270060046875 0.56580586875 0.10226073437500001 0.56580586875 0.060048217187499996 0.570227425 0 0.5330812640625 0
1 0.0935413515625 1 0.1020833328125 0.9579861109374999 0.1052083328125 0.92835648125 0.10625 0.9015046296874999 0.1020833328125 0.844097221875 0.0783854171875 0.7464120375000001 0.04609375 0.7473379625 0.04375 0.750578703125 0.03125 0.8042824078125002 0.0239583328125 0.8552083328125001 0.0223958328125 0.9200231484374999 0.025 0.949652778125 0.0360134546875 1 0.0935413515625 1
1 0.094045840625 1 0.0994791671875 0.9737268515625 0.1078125 0.9052083328125 0.1057291671875 0.8616898140625 0.10364583281249999 0.8478009265625 0.1010416671875 0.843171296875 0.09895833281250001 0.819097221875 0.0791666671875 0.7459490734375 0.07760416718749999 0.6950231484375 0.0817708328125 0.6357638890625 0.08072916718749999 0.5894675921875 0.07552083281250001 0.5700231484375 0.06692708281250001 0.562152778125 0.050260417187499996 0.56493055625 0.0434895828125 0.5695601859375 0.0369791671875 0.594097221875 0.0375 0.6357638890625 0.04375 0.69039351875 0.0442708328125 0.7450231484375001 0.0265625 0.8320601859375 0.021875 0.8829861109374999 0.0234375 0.9394675921874999 0.035911071875 1 0.094045840625 1
1 0.1877604171875 0.9741898140625 0.1942708328125 0.96539351875 0.209375 0.8894675921874999 0.21197916718749998 0.8339120375 0.20625 0.7894675921875 0.1916666671875 0.7357638890625 0.1885416671875 0.71631944375 0.1890625 0.65335648125 0.1932291671875 0.618171296875 0.1927083328125 0.5950231484375 0.1890625 0.5765046296875 0.190625 0.5672453703125 0.18671875 0.5640046296875 0.1611979171875 0.563078703125 0.1546875 0.5672453703125 0.15677083281249998 0.5774305562500001 0.1536458328125 0.5996527781250001 0.15677083281249998 0.669097221875 0.159375 0.6829861109375 0.159375 0.718171296875 0.14114583281249998 0.800578703125 0.1385416671875 0.8255787031249999 0.1385416671875 0.8598379625 0.1442708328125 0.9070601859374999 0.1552083328125 0.9589120375 0.1611979171875 0.9714120375 0.171875 0.975578703125 0.1877604171875 0.9741898140625
1 0.2669270828125 0.9195601859375 0.2734375 0.906134259375 0.2838541671875 0.85335648125 0.2869791671875 0.8237268515625 0.2869791671875 0.7950231484375 0.28072916718749996 0.75243055625 0.2677083328125 0.7042824078125001 0.2671875 0.6672453703125 0.2708333328125 0.6172453703125 0.2703125 0.59131944375 0.2669270828125 0.5806712968750001 0.2575520828125 0.5769675921874999 0.2559895828125 0.568634259375 0.25078125 0.5732638890625 0.2466145828125 0.5677083328125 0.2390625 0.5700231484375 0.2401041671875 0.5765046296875 0.2364583328125 0.60335648125 0.2375 0.631134259375 0.240625 0.6515046296875 0.2416666671875 0.7015046296875 0.2270833328125 0.7570601859374999 0.22291666718749997 0.7848379624999999 0.22239583281250003 0.819097221875 0.2270833328125 0.862615740625 0.2359375 0.9042824078125001 0.24296875 0.918634259375 0.2520833328125 0.9209490734375001 0.2669270828125 0.9195601859375
1 0.1119791671875 0.9116898140625 0.1171875 0.8931712968750001 0.12395833281249999 0.8552083328125001 0.1265625 0.831134259375 0.1265625 0.7978009265624999 0.1223958328125 0.7663194437499999 0.1067708328125 0.7015046296875 0.109375 0.600578703125 0.10234375 0.5853009265625 0.0908854171875 0.5853009265625 0.0861979171875 0.5862268515625 0.0828125 0.59131944375 0.0817708328125 0.6607638890625 0.08333333281250001 0.7024305562500001 0.07864583281250001 0.737615740625 0.0817708328125 0.7579861109375 0.0984375 0.818171296875 0.10260416718750001 0.84039351875 0.10625 0.87743055625 0.10625 0.906134259375 0.1088541671875 0.9144675921874998 0.1119791671875 0.9116898140625
1 0 0.9695293203125 0.0153645828125 0.9677083328125 0.021875 0.9533564812499999 0.021875 0.8672453703125 0.0302083328125 0.8070601859375 0.0302083328125 0.793171296875 0.017708332812499998 0.749652778125 0.0119791671875 0.7172453703125 0.0114583328125 0.6894675921875 0.0151041671875 0.6098379625 0.009375 0.5848379625 0.01171875 0.568634259375 0.00859375 0.5723379625 0.0059895828125 0.568634259375 0 0.568922046875 0 0.9695293203125