0 0.1600279421875 0.1669879046875 0.15411646875 0.1533179234375 0.1458262328125 0.1455709578125 0.13886831093750002 0.1444030375 0.1384397265625 0.1444030375 0.130700515625 0.1486592171875 0.125 0.1565340375 0.125 0.20775037031250002 0.1302965015625 0.2181036609375 0.13345931093750002 0.2203125 0.146149134375 0.2203125 0.1543033125 0.2107465515625 0.160940325 0.1892525734375 0.1600279421875 0.1669879046875
2 0.6390625 0.43995192968749997 0.8075720375 0.4453125 0.9309643046874999 0.4453125 0.9439456374999999 0.43224572656250004 0.9663414703125 0.4331582890625 0.9767850718750001 0.42895310468750003 0.979733153125 0.414717975 0.980909490625 0.3916122734375 0.9851084796875 0.386226496875 0.9889159187499998 0.358597275 0.9814941031250001 0.35101625625 0.9497437312500001 0.35101625625 0.9350392984375 0.351308171875 0.929821534375 0.35101625625 0.6390625 0.35101625625 0.6390625 0.43995192968749997
1 0.8536458328125001 0.1488425921875 0.8578125 0.2016203703125 0.8572916671874999 0.227546296875 0.8453125 0.27476851875 0.8411458328125001 0.303472221875 0.8416666671874999 0.3358796296875 0.8432291671875 0.3479166671875 0.8463541671874999 0.35069444375000003 0.8830729171874999 0.35115740781250004 0.8880208328125001 0.346990740625 0.8895833328125 0.29699074062499997 0.8869791671874999 0.27476851875 0.8760416671875 0.227546296875 0.8802083328125001 0.1460648140625 0.8765625 0.1321759265625 0.8716145828125 0.1270833328125 0.8596354171874999 0.1298611109375 0.8536458328125001 0.1488425921875
1 0.310565915625 1 0.2906674609375 0.9118748265625001 0.2901367 0.8687874390625 0.2966695125 0.8204309953125 0.296960403125 0.7704309953124999 0.288882525 0.748568965625 0.27732092812500003 0.7390625 0.2746383140625 0.7390625 0.2639067640625 0.7433836265625 0.254048215625 0.75895793125 0.2529679953125 0.8103149859375 0.2585877296875 0.9189029874999999 0.240359615625 1 0.310565915625 1
1 0.6946167109375 0.8504059250000001 0.7000459046875 0.8126551890625 0.700706796875 0.7886023359375001 0.6982642375 0.7607184484375 0.686592121875 0.70745255625 0.683097121875 0.6813780703125 0.6848858718749999 0.6425528500000001 0.6887148578125 0.6112199234375 0.6888549171875 0.587145853125 0.68244415625 0.5697509421875 0.676741925 0.564887865625 0.669971090625 0.5646119765625001 0.664214990625 0.5690081609375 0.65759414375 0.5877243609375 0.6606420328125 0.6906506984374999 0.6494890578125 0.7272420671875001 0.64375 0.756702415625 0.64375 0.8368876328124999 0.64512676875 0.8502416578125 0.6506512343749999 0.8856602875 0.657282775 0.9015625 0.681390021875 0.9015625 0.68445153125 0.8962990015625 0.6946167109375 0.8504059250000001
1 0.7208333328125 0.582696759375 0.7239583328125 0.6854745375 0.7088541671875 0.7475115734375001 0.7052083328125 0.7836226859375 0.7067708328125 0.8262152781250001 0.7161458328125 0.87899305625 0.72109375 0.8933449078125001 0.7296875 0.894733796875 0.73984375 0.8942708328125001 0.7421875 0.8882523140625 0.7333333328125 0.8243634265625 0.7322916671875 0.782696759375 0.7390625 0.7410300921874999 0.7489583328125 0.6993634265625 0.746875 0.6725115734375 0.7484375 0.6280671296875 0.746875 0.5938078703125 0.7489583328125 0.5743634265625001 0.7388020828124999 0.5627893515625 0.72734375 0.56741898125 0.7208333328125 0.582696759375
1 0.6390625 0.8838078703125 0.6421875 0.8864004624999999 0.6481770828125 0.8859375 0.6510416671875 0.8817708328125 0.6432291671875 0.8252893515625 0.6432291671875 0.7688078703125 0.6510416671875 0.727141203125 0.6583333328125 0.702141203125 0.6609375 0.682696759375 0.6572916671875 0.59195601875 0.6625 0.56695601875 0.65234375 0.5563078703125 0.64296875 0.5600115734375 0.6390625 0.5679138734375 0.6390625 0.8838078703125
1 0.7505208328124999 0.6882523140625001 0.7494791671875001 0.7002893515624999 0.7364583328125 0.7567708328125 0.7322916671875 0.7882523140625001 0.7338541671875001 0.8262152781250001 0.740625 0.8780671296874999 0.746875 0.90399305625 0.7526041671875 0.9086226859375 0.7736979171875 0.9090856484375 0.7776041671875 0.90491898125 0.7833333328125 0.8808449078125001 0.7911458328125 0.81695601875 0.7901041671875 0.769733796875 0.7770833328125 0.7067708328125001 0.7739583328124999 0.6799189812499999 0.7755208328125 0.6438078703125 0.7791666671875 0.6169560187500001 0.7791666671875 0.5910300921875 0.77265625 0.5729745375 0.7658854171875 0.56741898125 0.75390625 0.5720486109375 0.7479166671875 0.5864004625 0.746875 0.6058449078125 0.7505208328124999 0.6882523140625001
1 0.8098958328125001 0.5882523140625 0.8125 0.69288194375 0.8020833328125001 0.7364004625 0.7947916671875 0.7836226859375 0.7947916671875 0.8188078703125001 0.8052083328125 0.8845486109374999 0.81015625 0.9007523140625 0.8161458328125001 0.9030671296874999 0.83359375 0.9035300921874999 0.8390625 0.8965856484374999 0.8510416671875 0.8401041671874999 0.8541666671874999 0.795659721875 0.8510416671875 0.7558449078125 0.8364583328125 0.69288194375 0.8359375 0.669733796875 0.840625 0.6169560187500001 0.840625 0.5882523140625 0.83515625 0.5729745375 0.8252604171875 0.56649305625 0.8153645828125 0.5720486109375 0.8098958328125001 0.5882523140625
1 0.7885416671875001 0.669733796875 0.7807291671875001 0.7215856484375001 0.7880208328125 0.75491898125 0.7911458328125 0.7817708328125 0.790625 0.8252893515625 0.784375 0.87899305625 0.7872395828125 0.8868634265625 0.7911458328125 0.889178240625 0.8018229171875 0.889641203125 0.8041666671875 0.8836226859374999 0.7942708328125 0.8188078703125001 0.79375 0.79195601875 0.7984375 0.75399305625 0.8119791671875 0.694733796875 0.809375 0.59195601875 0.8135416671875 0.5734375 0.8106770828125001 0.5655671296875 0.80234375 0.558159721875 0.7903645828125 0.563715278125 0.784375 0.5808449078125 0.7885416671875001 0.669733796875
1 0.86875 0.5873263890625 0.8723958328125001 0.6882523140625001 0.859375 0.745659721875 0.8552083328125001 0.7780671296875 0.8557291671874999 0.8114004625 0.8604166671875 0.8465856484375 0.8697916671874999 0.8910300921874998 0.8760416671875 0.8965856484374999 0.8924479171874999 0.8961226859375 0.8994791671875 0.89195601875 0.9020833328125001 0.876215278125 0.903125 0.839178240625 0.9135416671875 0.7864004625 0.9130208328125 0.7595486109375 0.896875 0.6901041671875 0.9 0.5854745375 0.89453125 0.570196759375 0.8877604171875 0.564641203125 0.87578125 0.5683449078125 0.86875 0.5873263890625
1 0.9640625 0.57991898125 0.9596354171874999 0.56649305625 0.9528645828125001 0.5600115734375 0.9403645828125 0.563715278125 0.9338541671874999 0.57991898125 0.9364583328125 0.6799189812499999 0.9213541671875 0.7475115734375001 0.9182291671874999 0.77991898125 0.93828125 0.7563078703125 0.9455729171874999 0.751678240625 0.9575520828125 0.7479745375 0.9705729171874999 0.7507523140625001 0.9744791671874999 0.7484375 0.9729166671874999 0.732696759375 0.9692708328125 0.726215278125 0.9609375 0.6864004625 0.9609375 0.6345486109375 0.9640625 0.607696759375 0.9640625 0.57991898125
0 1 0.801678240625 0.9947916671874999 0.77899305625 0.9815104171875 0.7609375 0.96484375 0.7489004625 0.9528645828125001 0.7489004625 0.9408854171875 0.75445601875 0.92109375 0.7813078703125 0.9140625 0.794733796875 0.9078125 0.81788194375 0.9041666671874999 0.8502893515625001 0.9083333328125001 0.889178240625 0.9166666671874999 0.9160300921874999 0.9356770828125001 0.9461226859374999 0.95 0.9539930562500001 0.9638020828125 0.951678240625 0.9825520828125001 0.9368634265625001 1 0.90314764375 1 0.801678240625