1 0.3199210859375 0 0.3217030640625 0.036189709375000004 0.33129078437500004 0.0934342546875 0.3396757328125 0.10413737812499999 0.34288785312500003 0.1046875 0.37034938125 0.1046875 0.3765625 0.0891053578125 0.3765625 0 0.3199210859375 0
1 0.315475284375 0.4290426 0.3208468484375 0.45896983593749996 0.324387709375 0.5108642015625 0.3116763171875 0.58631305 0.31297205781250004 0.635259578125 0.31981671875 0.6726792546875 0.3348698421875 0.72643488125 0.33680024531249997 0.7296875 0.3609375 0.7296875 0.3609375 0.5487810312500001 0.3497467546875 0.5101696703125 0.347463278125 0.46206403749999997 0.3492215953125 0.429954240625 0.347190746875 0.40398579687499997 0.33910788125 0.38535628437499997 0.32784680625 0.37890790937499996 0.319316215625 0.38374070625 0.3138574125 0.4012648203125 0.315475284375 0.4290426
1 0.23921721875 0.574877240625 0.23854363437499998 0.625748603125 0.246740378125 0.677855084375 0.2560164859375 0.715625 0.2839100875 0.715625 0.29255755 0.6785296953125 0.29375 0.6702526859375 0.29375 0.5574100953125 0.27907008437499997 0.502240009375 0.2780320640625 0.4725921921875 0.281261328125 0.41903399218750004 0.28030411875 0.3940158046875 0.273510865625 0.37758475156250004 0.261939396875 0.3707031359375 0.2516681890625 0.3786727140625 0.2480286140625 0.3938140796875 0.254086246875 0.5022929171875 0.23921721875 0.574877240625
1 0.409375 0.39585480781250004 0.4054149140625 0.38578272812500003 0.39179243750000003 0.3807590765625 0.38614408125 0.3852220046875 0.3794279921875 0.403072971875 0.37926272499999997 0.4234281875 0.384075875 0.46058646093750005 0.3864464796875 0.5069282218750001 0.3842140421875 0.5281487453125 0.373987675 0.5685712374999999 0.36978503749999997 0.5962126234375 0.3700884703125 0.6434196906249999 0.37543861562499997 0.6815190453125 0.38726503125 0.7327632203125 0.38934145625 0.7359375 0.409375 0.7359375 0.409375 0.39585480781250004
1 0.409375 0.37470929374999995 0.40597239687500003 0.37956972499999997 0.40597239687500003 0.39433958125 0.408153903125 0.41386448593749997 0.40597239687500003 0.4290222609375 0.40597239687500003 0.563435315625 0.40625059218750004 0.564547959375 0.4078392015625 0.6024018203124999 0.406235475 0.6347849812499999 0.40597239687500003 0.6363887921875 0.40597239687500003 0.7375 0.406066196875 0.7375 0.4077498796875 0.730863071875 0.4064223734375 0.7216523031250001 0.409375 0.705161575 0.409375 0.6829854453124999 0.40806732500000004 0.6569223484375 0.409375 0.6385131171875 0.409375 0.37470929374999995
0 0.17578125 0.8262731484374999 0.1815104171875 0.8207175921874998 0.19765625 0.7984953703125 0.2078125 0.7785879625 0.21458333281250003 0.7508101859375 0.2166666671875 0.7258101859375 0.215625 0.6924768515624999 0.2125 0.6721064812499999 0.20625 0.6535879625 0.1934895828125 0.6290509265625 0.17630208281249998 0.6114583328125001 0.1622395828125 0.6077546296875 0.12109375 0.6197916671874999 0.1080729171875 0.6383101859375 0.1015625 0.6535879625 0.0979166671875 0.6758101859375001 0.0947916671875 0.72118055625 0.096875 0.7582175921875 0.1041666671875 0.781365740625 0.1203125 0.8082175921874999 0.1252604171875 0.8234953703125001 0.1408854171875 0.828125 0.16875 0.8276620375 0.17578125 0.8262731484374999
1 0.61093345 0.53532221875 0.6178500140625001 0.5390625 0.621875 0.5390625 0.621875 0.44705903750000003 0.6183094703125 0.43501746875 0.6184414078125 0.3838836703125 0.6126756875 0.3716635921875 0.6056444375 0.3710896359375 0.6011730140625 0.38109177812499995 0.6073719703125 0.43412464843750004 0.600800559375 0.46814536874999996 0.6017989671875 0.49863715156250005 0.61093345 0.53532221875
1 0.5854998734375 0.5234375 0.5875 0.51547935 0.5875 0.45066341249999997 0.5814057765625 0.4207342875 0.5828525328125 0.36942724375 0.57373481875 0.3614746109375 0.5664705234375 0.3702432140625 0.565810490625 0.377160375 0.57032281875 0.41201900625 0.5618448140625001 0.4630805140625 0.562329678125 0.490858290625 0.5694453218750001 0.5234375 0.5854998734375 0.5234375
1 0.915547296875 0.528125 0.915625 0.5280428468749999 0.915625 0.44553361875 0.9109496890625 0.43057458906249996 0.912226740625 0.3695316734375 0.903109028125 0.361631365625 0.895820490625 0.36905430156249996 0.8990612359375 0.42051138750000006 0.8903650453124999 0.4591274921875 0.8901413890625001 0.4910492015625 0.8969974656249999 0.5259532828125 0.89823668125 0.528125 0.915547296875 0.528125
1 0.8454186390625 0.51875 0.8597399156249999 0.51875 0.86864678125 0.48052135625000003 0.86875 0.4769739546875 0.86875 0.45527051093750004 0.8612115828124999 0.4132539140625 0.8657914343750001 0.36345417343749997 0.860854753125 0.358267640625 0.851439340625 0.3590557515625 0.849344771875 0.36379170156249996 0.8492907703124999 0.4194473859375 0.8424751718749999 0.4436974625 0.8424751718749999 0.507000396875 0.8452294 0.5186778453125 0.8454186390625 0.51875
0 0.409375 0.763109109375 0.4203125 0.7647569437499999 0.440625 0.7286458328125 0.4421875 0.6855902781250001 0.429296875 0.6543402781250001 0.419140625 0.6473958328125 0.409375 0.6485931515625 0.409375 0.763109109375