1 0.46875 0.147069625 0.20749467500000002 0.147069625 0.044788850000000005 0.152674521875 0.030677864062499997 0.156107271875 0.0278343953125 0.1624846265625 0.026144914062500003 0.2322272125 0.026144914062500003 0.28935296093749996 0.0263610328125 0.2916149046875 0.03057305625 0.2962758859375 0.0605571859375 0.2984375 0.0703186421875 0.2984375 0.19463555625 0.2886345515625 0.3082468234375 0.2868124234375 0.46875 0.2786844953125 0.46875 0.147069625
1 0.285985896875 0 0.28649191875 0.00868806875 0.2727573203125 0.0962199703125 0.2734773515625 0.1484375 0.2870150265625 0.1484375 0.3265625 0.1462804140625 0.3265625 0.046378970312500004 0.313754775 0.0052271953125 0.313653403125 0 0.285985896875 0
1 0.8623278734375 0 0.8662527296875 0.0478206859375 0.8530022265625 0.07831205625 0.8530022265625 0.17635245 0.8557658125 0.18367860625000001 0.862765825 0.1921875 0.882214628125 0.1921875 0.8892725625000001 0.18431758125 0.9042917656250001 0.1529888796875 0.9078125 0.13378505000000002 0.9078125 0.073390490625 0.895357684375 0.040848309375 0.900447725 0 0.8623278734375 0
1 0.5721108312500001 0 0.594915675 0.058481429687499996 0.5909474203125 0.0968200875 0.594915675 0.136756190625 0.6112847218749999 0.1711012375 0.6435267859375 0.195861621875 0.653943453125 0.1902705671875 0.6623759921875 0.171899959375 0.6653521828125 0.12237919374999999 0.661383928125 0.0968200875 0.6430307546874999 0.05928015156250001 0.6217013890625 0.0393121 0.614105903125 0 0.5721108312500001 0
1 0.7750053140625 0.3390625 0.7774553578125 0.32525459218749997 0.7754712296875 0.2949031546875 0.76455853125 0.2629542734375 0.7367807546874999 0.2326028359375 0.7347966265625001 0.1878744015625 0.729836309375 0.167107628125 0.72041170625 0.155126796875 0.7075148812500001 0.151931909375 0.6946180562500001 0.1615165734375 0.685193453125 0.1878744015625 0.6901537703124999 0.21503095 0.7090029765625 0.256564496875 0.7000744046875 0.283721046875 0.7000744046875 0.3268520375 0.705175753125 0.3390625 0.7750053140625 0.3390625
1 0.053203334375 0.7359463359375 0.0387727515625 0.7875029765625 0.0347407796875 0.8136471499999999 0.0347407796875 0.8935568484375 0.041915984375 0.9353842828125 0.047879465625 0.9453125 0.07031974375 0.9453125 0.0732566984375 0.9436388843749999 0.0783743171875 0.933686209375 0.090770053125 0.8794488250000001 0.09375 0.8517864484375 0.09375 0.809200090625 0.0923216140625 0.7905599359375 0.08027050625 0.7356108359375 0.080900828125 0.6994997234375 0.08733748125 0.628886771875 0.0839987265625 0.6114639875 0.0736310984375 0.5995660171875 0.0733410765625 0.5995660171875 0.061984526562499996 0.6055505171875 0.05411728125 0.623957815625 0.053203334375 0.7359463359375
1 0.1765625 1 0.1765625 0.7746042890625 0.170221484375 0.753712109375 0.167632890625 0.709267665625 0.1701802453125 0.6542039046875 0.1679336796875 0.6246137421875 0.1634789109375 0.6110011171874999 0.15864735937500002 0.6043921359375 0.15486079218749998 0.6017007578125 0.14134154999999998 0.6017007578125 0.132695815625 0.6124037078125 0.1290868953125 0.631277421875 0.130596909375 0.65720335 0.1376757453125 0.7068876203125 0.140318265625 0.752257990625 0.12428462031250001 0.8362440515625 0.12432297656249999 0.8818117531249999 0.1303601421875 0.9315749562499999 0.1483055359375 0.9971760296875001 0.15115720625 1 0.1765625 1
1 0.2055144234375 0.9190574234375 0.2078132421875 0.93766083125 0.21013236562499998 0.9421875 0.2154686796875 0.9421875 0.21566883906249998 0.9416828687500001 0.2191890546875 0.88629709375 0.223043271875 0.8596150203124999 0.2359375 0.8115822828125001 0.2359375 0.6232634734375 0.23192304375 0.6161110375 0.2282664328125 0.61503655625 0.2173720296875 0.6182945906249999 0.21001927031249998 0.6351164984375 0.21329853124999998 0.7379791671875 0.19991480156250002 0.795739496875 0.195148203125 0.8334902343749999 0.1955145234375 0.8649717171875 0.19952667968749999 0.8966017546875001 0.2055144234375 0.9190574234375
1 0.2631928609375 1 0.264688784375 0.994605896875 0.270795003125 0.9591444453125 0.2743446640625 0.87874675625 0.2694400671875 0.822936203125 0.26304343124999996 0.7810540046875001 0.26595705000000003 0.7393873390625 0.2777781515625 0.6666520531250001 0.2796875 0.643801875 0.2796875 0.6206242062499999 0.2780818875 0.6104468359374999 0.271403890625 0.5985190984375001 0.2700324421875 0.5977796703125 0.25534158749999997 0.5977796703125 0.249008059375 0.600216153125 0.24129696250000002 0.6104711734375 0.2375244921875 0.6199672296875001 0.23266274999999997 0.6746757921875 0.232679890625 0.7188834390625 0.22899216562500002 0.7790291578125 0.213170296875 0.8250431984375 0.213170296875 1 0.2631928609375 1
1 0.332094803125 1 0.3416666671875 0.962384259375 0.3479166671875 0.928125 0.3505208328125 0.878125 0.3473958328125 0.8299768515625001 0.3328125 0.7605324078125 0.3333333328125 0.7179398140625001 0.3385416671875 0.6633101859374999 0.3380208328125 0.6410879625 0.3338541671875 0.6262731484375 0.3294270828125 0.619328703125 0.31692708281250004 0.612847221875 0.3106770828125 0.615625 0.3057291671875 0.62256944375 0.3 0.643865740625 0.3005208328125 0.678125 0.30416666718749996 0.712384259375 0.30416666718749996 0.7512731484375 0.3 0.780902778125 0.28854166718749996 0.82164351875 0.2875 0.8364583328125 0.29635416718749996 0.899421296875 0.29739583281250004 0.99756944375 0.2996744796875 1 0.332094803125 1
1 0.3723958328125 0.9151620375 0.3770833328125 0.903125 0.3932291671875 0.837384259375 0.3963541671875 0.8170138890625 0.3958333328125 0.787384259375 0.3869791671875 0.7457175921875 0.39114583281250004 0.678125 0.39114583281250004 0.6392361109375 0.38671875 0.6276620375 0.38203125 0.6239583328125 0.36953125 0.624884259375 0.3614583328125 0.6410879625 0.3635416671875 0.74664351875 0.3526041671875 0.7855324078125 0.3479166671875 0.812384259375 0.35208333281250004 0.88460648125 0.35208333281250004 0.928125 0.3557291671875 0.943865740625 0.3614583328125 0.9521990734374999 0.365625 0.9484953703125001 0.36875 0.937384259375 0.3723958328125 0.9151620375
1 0.46875 1 0.46875 0.9768904203125001 0.4682291671875 0.9660879625 0.46458333281249997 0.9410879624999999 0.44947916718750003 0.8771990734374999 0.43958333281249995 0.8160879624999999 0.440625 0.7707175921875 0.44947916718750003 0.6855324078125 0.44947916718750003 0.6299768515624999 0.44427083281249996 0.6114583328125001 0.43567708281249995 0.5989583328125001 0.42005208281249995 0.594328703125 0.40807291718750005 0.5989583328125001 0.4028645828125 0.6054398140625 0.3958333328125 0.6197916671874999 0.3927083328125 0.637384259375 0.3927083328125 0.68368055625 0.3963541671875 0.7401620375 0.3994791671875 0.7577546296875 0.39895833281250004 0.8170138890625 0.3651041671875 0.9614583328125 0.3641297984375 1 0.46875 1
1 0.46875 0.6126929015625 0.45911458281249995 0.618402778125 0.45208333281249996 0.63460648125 0.4505208328125 0.7021990734375001 0.45416666718750004 0.7447916671875 0.453125 0.781828703125 0.44427083281249996 0.8179398140625 0.44375 0.8355324078125002 0.4479166671875 0.8660879625 0.4604166671875 0.9151620375 0.46875 0.96454475 0.46875 0.6126929015625
1 0.768328125 0.3390625 0.7641729265625 0.3513081140625 0.7635910921875 0.384641446875 0.767962640625 0.46215238437499995 0.76552374375 0.4826197890625 0.7515493453125 0.5378558734375 0.7497827265625 0.550194871875 0.7497827265625 0.6378307640624999 0.760994596875 0.6921875 0.761425221875 0.6921875 0.764112415625 0.6529173859374999 0.776980496875 0.6014335187500001 0.7782969203125 0.5856442609375 0.7890816703125 0.5342574328125 0.7896635046875 0.500924096875 0.7841209921875001 0.430869084375 0.7841819937500001 0.3975600078125 0.7876625609375 0.37704408906250003 0.79387033125 0.36426511875 0.796875 0.361867784375 0.796875 0.3390625 0.768328125 0.3390625
1 0.90625 1 0.90625 0.7226316859375 0.8923296296875 0.6774422921875 0.8887902125 0.652600159375 0.8850151796875 0.5877853453125 0.8891420468749999 0.5149316609375 0.8862653515625001 0.456558859375 0.8816487953125 0.440168459375 0.8698122375 0.4210701109375 0.864261134375 0.41760055156250003 0.8433890671875 0.41760055156250003 0.8310193828125 0.42865971875 0.8266916500000001 0.43968280000000004 0.8227776140625 0.46229968593750004 0.8268577640625001 0.5233713296875 0.834385046875 0.5627914828125 0.8404222156250001 0.6125546843749999 0.842489975 0.6570385937500001 0.8413418937499999 0.682235925 0.8238536015625 0.768192240625 0.8202092109375 0.79543875625 0.8188823281250001 0.8355298359375001 0.82093163125 0.87071501875 0.8247406937499999 0.900186784375 0.8331478546875001 0.9367502250000002 0.85412785 1 0.90625 1
1 0.7692708328125001 0.7093171296875 0.775 0.76116898125 0.7859375 0.8093171296874999 0.7908854171874999 0.819965278125 0.7932291671874999 0.8195023140625001 0.7953125 0.8167245375000001 0.8 0.776909721875 0.8223958328125001 0.6935763890625 0.828125 0.6445023140625 0.8270833328125 0.59820601875 0.8197916671875 0.5250578703125 0.8182291671874999 0.4750578703125 0.821875 0.44913194375 0.8322916671874999 0.42320601875 0.8333333328125001 0.40190972187499996 0.8291666671875 0.3787615734375 0.82265625 0.3671875 0.8138020828125001 0.36163194375 0.8033854171874999 0.36163194375 0.79453125 0.3671875 0.7875 0.38524305625 0.7859375 0.4176504625 0.79375 0.507465278125 0.7927083328125001 0.5398726859374999 0.7838541671874999 0.5843171296875 0.7822916671875 0.6056134265625 0.7713541671874999 0.6445023140625 0.7682291671874999 0.6657986109375 0.7692708328125001 0.7093171296875
1 0.9002604171874999 0.46811342656249993 0.8984375 0.47413194374999995 0.8994791671875 0.5176504625 0.8973958328125 0.551909721875 0.9104166671874999 0.557465278125 0.9125 0.5546875 0.9140625 0.47598379687500003 0.9002604171874999 0.46811342656249993
1 0.9466145828125001 0.74774305625 0.959375 0.74820601875 0.9684895828125001 0.7412615734375 0.9734375 0.7278356484375 0.98125 0.6778356484375 0.9901041671874999 0.6426504625 0.9916666671875 0.6120949078125 0.9890625 0.57413194375 0.9739583328125001 0.5037615734375 0.9734375 0.46672453750000004 0.9817708328125001 0.388946759375 0.98125 0.3695023140625 0.978125 0.3556134265625 0.9721354171875 0.344965278125 0.96484375 0.33940972187499996 0.9580729171875 0.33940972187499996 0.9502604171875 0.344965278125 0.9421875 0.3657986109375 0.9416666671874999 0.4028356484375 0.9447916671875 0.43524305625000004 0.94375 0.500983796875 0.9239583328125001 0.5713541671875 0.9197916671874999 0.6185763890625 0.9223958328125 0.6630208328125 0.9364583328125 0.7352430562500001 0.9466145828125001 0.74774305625
1 0.652981084375 1 0.6494791671875 0.970428240625 0.640625 0.9315393515625001 0.6166666671875001 0.858391203125 0.6067708328125 0.8361689812499999 0.6015625 0.8176504625 0.5963541671875 0.8093171296874999 0.5916666671875 0.78616898125 0.5885416671875 0.6963541671875 0.59375 0.632465278125 0.5942708328124999 0.5833912031249999 0.590625 0.5445023140625 0.5848958328125 0.5250578703125 0.56953125 0.5005208328124999 0.55703125 0.4940393515625 0.54296875 0.4940393515625 0.5309895828125 0.501446759375 0.5177083328125 0.5213541671875 0.5119791671875 0.5407986109375 0.509375 0.5593171296875 0.5088541671875 0.5815393515625 0.5130208328125 0.625983796875 0.5276041671875 0.69820601875 0.5359375 0.7722800921874999 0.5375 0.82413194375 0.5171875 0.9500578703125001 0.5145833328125 0.983391203125 0.5145833328125 1 0.652981084375 1
1 0.5932291671875001 0.5593171296875 0.5953125 0.632465278125 0.5916666671875 0.6870949078125 0.5921875 0.776909721875 0.5953125 0.7963541671875001 0.60625 0.8315393515625 0.6197916671875 0.8593171296875 0.6229166671875 0.8741319437499999 0.6416666671875 0.9287615734374999 0.646875 0.93524305625 0.6510416671875 0.925983796875 0.6572916671875 0.8935763890625001 0.6630208328125 0.838946759375 0.6640625 0.807465278125 0.6619791671875 0.7657986109375 0.6557291671875001 0.72413194375 0.6296875 0.63524305625 0.625 0.6250578703125 0.6182291671875 0.582465278125 0.6239583328125 0.48709490781250003 0.6234375 0.4528356484375 0.6208333328125 0.432465278125 0.61015625 0.4088541671875 0.5986979171875 0.3995949078125 0.5888020828125 0.3995949078125 0.5783854171875 0.40700231406250004 0.5692708328125 0.42413194374999996 0.5666666671875 0.438946759375 0.5661458328125 0.46116898125 0.56875 0.4935763890625 0.5708333328124999 0.500983796875 0.5864583328124999 0.526909721875 0.590625 0.5398726859374999 0.5932291671875001 0.5593171296875
1 0.665625 0.701909721875 0.665625 0.6398726859374999 0.659375 0.59820601875 0.6385416671875 0.5222800921874999 0.6338541671875 0.47598379687500003 0.6369791671875 0.4620949078125 0.6385416671875 0.426909721875 0.6375 0.383391203125 0.634375 0.370428240625 0.6283854171875001 0.35885416718749996 0.6190104171875 0.3505208328125 0.61015625 0.35144675937500003 0.6044270828125 0.3560763890625 0.5979166671875 0.3685763890625 0.5942708328124999 0.3945023140625 0.6106770828125 0.407928240625 0.621875 0.43339120312499996 0.6255208328124999 0.47783564843750004 0.6192708328125 0.5806134265624999 0.6244791671875001 0.6185763890625 0.6578125 0.72320601875 0.6619791671875 0.7195023140625001 0.665625 0.701909721875
1 0.6169845281249999 0.3390625 0.615625 0.3472800921875 0.6283854171875001 0.35885416718749996 0.6375 0.3796875 0.6375 0.4620949078125 0.634375 0.47690972187499997 0.6380208328125 0.5120949078125 0.6416666671875 0.5343171296875 0.65625 0.582465278125 0.665625 0.6241319437499999 0.6697916671874999 0.608391203125 0.6713541671875 0.5620949078125 0.6671875 0.5241319437499999 0.6520833328125 0.4722800921875 0.646875 0.43987268593749995 0.6463541671875 0.4185763890625 0.65 0.3778356484375 0.6494791671875 0.34820601875 0.647421875 0.3390625 0.6169845281249999 0.3390625
0 0.46875 0.629089034375 0.48151041718750004 0.6412615734375 0.4856770828125 0.6505208328125001 0.49114583281249996 0.6509837968750001 0.5091145828125 0.6440393515625 0.5119791671875 0.63616898125 0.5078125 0.5815393515625 0.5088541671875 0.551909721875 0.5145833328125 0.526909721875 0.5255208328125 0.49635416718750003 0.51640625 0.47737268593749993 0.50078125 0.46811342656249993 0.48411458281249997 0.46811342656249993 0.47838541718750005 0.4718171296875 0.46953125 0.48478009218749996 0.46875 0.48434149531250004 0.46875 0.629089034375