1 0.784765625 0.3458333328125 0.7828125 0.3770833328125 0.76796875 0.43819444374999994 0.76640625 0.48402777812500003 0.778125 0.55069444375 0.782421875 0.55694444375 0.8015625 0.5576388890625 0.8078125 0.55069444375 0.8109375 0.5354166671875 0.81875 0.48125 0.81875 0.4576388890625 0.8140625 0.4201388890625 0.803125 0.3770833328125 0.80234375 0.34930555625 0.784765625 0.3458333328125
1 0.71015625 0.39791666718749996 0.69609375 0.4604166671875 0.6953125 0.5020833328125 0.70078125 0.53680555625 0.713671875 0.5513888890625 0.726171875 0.5763888890625 0.73125 0.5770833328125 0.73671875 0.5701388890625 0.74609375 0.5243055562500001 0.74765625 0.465972221875 0.73203125 0.39930555624999997 0.73203125 0.346527778125 0.711328125 0.34444444375 0.70859375 0.34930555625 0.71015625 0.39791666718749996
1 0.37265625 0.44236111093749997 0.37109375 0.4770833328125 0.38359375 0.553472221875 0.387109375 0.5583333328125 0.40625 0.5576388890625 0.41015625 0.5520833328125 0.4125 0.5298611109375 0.42109375 0.5020833328125 0.42265625 0.45347222187499997 0.40625 0.3770833328125 0.4046875 0.34930555625 0.391796875 0.34722222187499996 0.37265625 0.44236111093749997
1 0.448046875 0.34722222187499996 0.446875 0.39791666718749996 0.43203125 0.465972221875 0.43203125 0.509027778125 0.4453125 0.57430555625 0.451171875 0.58055555625 0.4609375 0.5798611109375 0.468359375 0.5763888890625 0.4734375 0.565972221875 0.484375 0.5048611109375 0.484375 0.478472221875 0.48203125 0.4548611109375 0.46796875 0.39791666718749996 0.46875 0.34930555625 0.448046875 0.34722222187499996
1 0.49296875 0.4798611109375 0.4921875 0.5229166671875001 0.50546875 0.59375 0.508203125 0.5986111109375 0.52734375 0.5979166671875 0.53359375 0.5923611109375 0.5421875 0.54930555625 0.54375 0.48402777812500003 0.52734375 0.4048611109375 0.53125 0.34930555625 0.505078125 0.34722222187499996 0.50703125 0.4145833328125 0.49296875 0.4798611109375
1 0.50390625 0.35069444375000003 0.506640625 0.3763888890625 0.510546875 0.3583333328125 0.521484375 0.365277778125 0.52734375 0.36180555625 0.5265625 0.41180555625000004 0.5421875 0.47569444375 0.5453125 0.5423611109375 0.55390625 0.5020833328125 0.5546875 0.45625 0.55 0.42291666718750004 0.53828125 0.3770833328125 0.53828125 0.35208333281250004 0.534765625 0.34722222187499996 0.505859375 0.34722222187499996 0.50390625 0.35069444375000003
1 0.59921875 0.3548611109375 0.59921875 0.34930555625 0.594921875 0.3458333328125 0.565625 0.34930555625 0.56875 0.43541666718750005 0.55625 0.48819444375 0.553125 0.515972221875 0.5546875 0.5548611109375 0.565625 0.6104166671875 0.570703125 0.61944444375 0.58125 0.6201388890625 0.591015625 0.6180555562500001 0.5953125 0.6104166671875 0.60703125 0.5423611109375 0.6046875 0.4895833328125 0.58984375 0.4201388890625 0.59140625 0.3923611109375 0.596875 0.3826388890625 0.59921875 0.3548611109375
1 0.56953125 0.41180555625000004 0.57265625 0.35902777812500003 0.591015625 0.34861111093749997 0.565625 0.34930555625 0.56953125 0.41180555625000004
1 0.59375 0.3673611109375 0.58984375 0.38680555625 0.58984375 0.3951388890625 0.59296875 0.39791666718749996 0.58984375 0.40208333281249997 0.58984375 0.42430555625000005 0.60390625 0.48402777812500003 0.60859375 0.546527778125 0.615625 0.509027778125 0.61640625 0.478472221875 0.609375 0.43263888906250003 0.59921875 0.3951388890625 0.60078125 0.34930555625 0.596484375 0.3458333328125 0.59296875 0.34930555625 0.59375 0.3673611109375
1 0.66796875 0.34930555625 0.664453125 0.34305555625 0.63828125 0.346527778125 0.640625 0.41875 0.625 0.4895833328125 0.62734375 0.5423611109375 0.6375 0.5868055562500001 0.650390625 0.55694444375 0.666015625 0.5388888890625 0.674609375 0.5361111109375 0.67734375 0.5243055562500001 0.675 0.4770833328125 0.6625 0.41875 0.66171875 0.3895833328125 0.66796875 0.34930555625
1 0.6796875 0.51875 0.6859375 0.48541666718750004 0.6859375 0.45069444374999995 0.67109375 0.3770833328125 0.670703125 0.3458333328125 0.6640625 0.3673611109375 0.66171875 0.4076388890625 0.67421875 0.46875 0.6796875 0.51875
0 0.665234375 0.540277778125 0.653515625 0.5527777781250001 0.63828125 0.58819444375 0.63515625 0.6076388890625 0.63671875 0.6493055562500001 0.6421875 0.6701388890625 0.656640625 0.6958333328124999 0.679296875 0.7111111109375 0.69453125 0.7118055562500001 0.714453125 0.690277778125 0.72578125 0.6673611109375 0.7328125 0.6354166671875 0.73203125 0.6020833328124999 0.725 0.57430555625 0.710546875 0.5486111109375 0.694921875 0.5361111109375 0.665234375 0.540277778125