1 0.11914561718750001 0.21540871718750002 0.12120756562499999 0.306276771875 0.1105682734375 0.3485237953125 0.10748868281249999 0.36790934375 0.10748868281249999 0.3796875 0.15 0.3796875 0.15 0.34596070156250003 0.1439141234375 0.31911407812500003 0.1417140109375 0.2958749890625 0.14278435312499999 0.264411696875 0.1463618921875 0.23859489687500002 0.1462451125 0.2154285609375 0.138959703125 0.1998870578125 0.13013786249999998 0.1977260125 0.12538571406250001 0.2012660265625 0.11914561718750001 0.21540871718750002
1 0.1705288015625 0.29780749375000004 0.1667213609375 0.3257550796875 0.15821026093749999 0.35669876562499997 0.15625 0.37877217500000004 0.15625 0.38125 0.19500492187500001 0.38125 0.197658921875 0.37800329062500004 0.2 0.35661449375 0.2 0.3511467703125 0.193294634375 0.32266605937500004 0.19031508125000002 0.297811609375 0.194923471875 0.2216916171875 0.19290478125 0.21067753906250003 0.18852348593749998 0.2030133625 0.1798213125 0.20031899375 0.1776640984375 0.20031899375 0.17000427499999998 0.208967121875 0.1662830265625 0.2220998921875 0.1705288015625 0.29780749375000004
1 0.2216333359375 0.384375 0.2421875 0.3824220796875 0.2421875 0.345678690625 0.234936396875 0.316404990625 0.2341138875 0.29049421875000003 0.23769875156250003 0.24037298125 0.236962434375 0.22186961875 0.23238989999999998 0.20949843281249997 0.2267365640625 0.2046875 0.2241784046875 0.2046875 0.2156909125 0.20720560625 0.21032451562499999 0.21616102499999998 0.208848209375 0.22361389687500002 0.2097676859375 0.2578580015625 0.212522690625 0.270745190625 0.2138552578125 0.29571488125 0.21309371718749998 0.31981926562499996 0.2012401671875 0.37573853281249997 0.202625046875 0.384375 0.2216333359375 0.384375
2 0.51875 0.8062405968749999 0.42229381093749996 0.804490496875 0 0.7844954875 0 0.9 0.0063416296875 0.9 0.0089445125 0.8984553890625001 0.0756435015625 0.8989315890625 0.09715655937499999 0.9 0.51875 0.9 0.51875 0.8062405968749999
1 0.7046643859375 0.41875 0.70697405 0.525384146875 0.6787294953125 0.6193486296875 0.6787294953125 0.7783071171875 0.6900558375 0.8692654874999999 0.6966559234374999 0.8796875 0.7535469875 0.8796875 0.7628784937499999 0.8663407015625001 0.782395671875 0.7904728890625 0.790625 0.6851253125 0.790625 0.6656777500000001 0.757883140625 0.52716193125 0.7639059453125 0.41875 0.7046643859375 0.41875
1 0.5912366609374999 0.7557964796875 0.596094475 0.81414615 0.606749234375 0.8573538968750001 0.6364858171875 0.8609375 0.639997203125 0.8609375 0.6576901171875 0.8495182859374999 0.6689807015625 0.7834364171875 0.671875 0.732544184375 0.671875 0.695326978125 0.6696801156250001 0.6632178390625001 0.6518797953125001 0.5984908984375 0.6599155140625 0.4670046265625 0.6452774265625 0.4455012796875 0.624550915625 0.4455012796875 0.6126745812500001 0.4637419078125 0.6191843140625 0.594550715625 0.5932846890625 0.6722390125000001 0.5912366609374999 0.7032099640625 0.5912366609374999 0.7557964796875
1 0.5829787765625001 0.8515251124999998 0.5890625 0.8495126156249999 0.5890625 0.6561854109375 0.5879624421875 0.6545921874999999 0.5873901781249999 0.605411859375 0.5890625 0.6028045546875 0.5890625 0.5379928296875 0.581170315625 0.5265625 0.573215534375 0.5265625 0.5628318328125 0.526864634375 0.5539634703125 0.5462548359375 0.5588079484375 0.6499741640625001 0.5415799046875 0.732470415625 0.5420250015625 0.77072178125 0.553569940625 0.82504916875 0.55382428125 0.8469070921874999 0.5628347765624999 0.8546875 0.5639251375 0.8546875 0.5829787765625001 0.8515251124999998
1 0.51875 0.8074893328125 0.527187525 0.8423598437500001 0.5359715281249999 0.8484375 0.54612845 0.8484375 0.5526420703125 0.8438424046874999 0.55200613125 0.81652 0.54409746875 0.7887740046875 0.5425712234375 0.7232002375000001 0.55233563125 0.6746552875 0.553125 0.6422037828125 0.553125 0.5967560234375 0.544782496875 0.5841736656250001 0.5302370390625 0.5833264890625001 0.524973275 0.59120551875 0.530644634375 0.6788490078125 0.5237534687500001 0.6948188625 0.52400784375 0.7057478234375 0.51875 0.7164767796875 0.51875 0.8074893328125
1 0.8848295453125001 0.8577271171875 0.899375 0.7757599046875 0.899375 0.6773992484375 0.8775568187499999 0.606360996875 0.8811931812499999 0.46428449531249993 0.8757386359374999 0.4506232921875 0.8539204546875 0.43969433125 0.8339204546874999 0.46428449531249993 0.8411931812500001 0.606360996875 0.8230113640625 0.6664702874999999 0.819375 0.7593664625000001 0.8375568187500001 0.8577271171875 0.8848295453125001 0.8577271171875
1 0.908465909375 0.527126025 0.9030113640625 0.5407872265625 0.910284090625 0.6446123640625 0.9030113640625 0.6664702874999999 0.899375 0.8140112703125 0.908465909375 0.8495303968750001 0.9430113640624999 0.84679815625 0.9502840906250001 0.8249402328125001 0.9502840906250001 0.8030823093749999 0.95755681875 0.7702954234374999 0.95755681875 0.7320440578125 0.9357386359375 0.622754440625 0.9430113640624999 0.5517161890625 0.9302840906250001 0.52166154375 0.9193749999999999 0.52166154375 0.908465909375 0.527126025
1 0.9793749999999999 0.6664702874999999 0.9757386359375001 0.66100580625 0.9757386359375001 0.6446123640625 0.9793749999999999 0.6391478828125 0.9793749999999999 0.5845030734375001 0.9739204546875001 0.576306353125 0.9557386359375 0.576306353125 0.9502840906250001 0.5845030734375001 0.9539204546875 0.7156506140625 0.95755681875 0.7211150953125001 0.9539204546875 0.83586919375 0.959375 0.844065915625 0.9830113640625001 0.8413336749999999 0.9902840906249999 0.8249402328125001 0.9902840906249999 0.8085467890625001 0.99755681875 0.786688865625 0.99755681875 0.7375085374999999 0.9793749999999999 0.6828637296875 0.9793749999999999 0.6664702874999999
1 0.819375 0.6773992484375 0.8375568187500001 0.611825478125 0.8375568187500001 0.5899675546875 0.8284659093750001 0.576306353125 0.81755681875 0.576306353125 0.808465909375 0.5845030734375001 0.805557225 0.601086134375 0.805557225 0.6193846421875 0.808465909375 0.6446123640625 0.8121022734375 0.65007684375 0.8121022734375 0.6828637296875 0.8048295453125001 0.693792690625 0.800403378125 0.7143960953125 0.7980607093750001 0.7263605109375 0.7975568187500001 0.7320440578125 0.7975568187500001 0.7921533468749999 0.8022774984375 0.8129265046875 0.808465909375 0.8413336749999999 0.8302840906250001 0.8413336749999999 0.8302840906250001 0.8194757515625 0.819375 0.7757599046875 0.819375 0.6773992484375
1 0.6775568187500001 0.7265795765625 0.6775568187500001 0.6391478828125 0.6848295453125 0.617289959375 0.688465909375 0.5845030734375001 0.6830113640625 0.576306353125 0.6721022734375 0.576306353125 0.6630113640624999 0.5954320359375 0.6630113640624999 0.6336834015624999 0.6739204546875 0.6828637296875 0.6739204546875 0.7648309421875 0.6702840906249999 0.7702954234374999 0.6702840906249999 0.797617828125 0.6666477265624999 0.8030823093749999 0.6666477265624999 0.8249402328125001 0.6630113640624999 0.83586919375 0.668465909375 0.8495303968750001 0.6921022734375 0.84679815625 0.6921022734375 0.8194757515625 0.6848295453125 0.7921533468749999 0.6811931812500001 0.7320440578125 0.6775568187500001 0.7265795765625