0 0.09331014374999999 0.4796875 0.11551596718749998 0.44606547812499997 0.1265625 0.39742229375 0.1265625 0.29696809375 0.116346078125 0.24880689375 0.10239138437499999 0.22466042343749998 0.079476553125 0.20270183125000002 0.0317556609375 0.19770080625 0.005435578125 0.2188432234375 0 0.2274989609375 0 0.45946124531250004 0.0044221796875 0.4674997875 0.022581310937499998 0.4796875 0.09331014374999999 0.4796875
2 0 0 0 0.0890625 0.3890625 0.0890625 0.3890625 0.008739415625 0.296110246875 0 0 0
1 0.41316705000000004 0 0.4145422296875 0.0472840578125 0.42304452656249997 0.12261143906250001 0.42722931875 0.21075628281249997 0.425250303125 0.291275459375 0.41964332656250003 0.3253528421875 0.3890625 0.443107809375 0.3890625 0.4796875 0.5445224359375 0.4796875 0.5276140140625 0.40508003906249995 0.513623259375 0.35364485156250003 0.5028544703125 0.293985459375 0.5007674609375 0.24945007343749998 0.501827 0.2031719671875 0.516201696875 0.042497365625 0.51700685625 0 0.41316705000000004 0
1 0.63483405625 0 0.634953453125 0.024173228124999998 0.6456105734375 0.134249325 0.6518138015625 0.1749234 0.6565262734375 0.26654764375 0.65659801875 0.31747963125 0.6544571375 0.357324746875 0.651928390625 0.36383653125 0.6495828015624999 0.3860890546875 0.6327363984375 0.4603691859375 0.6271072921874999 0.4796875 0.7771574828125 0.4796875 0.77546628125 0.460560475 0.77123496875 0.455053403125 0.7678944859375 0.4365712484375 0.763066921875 0.4245887546875 0.7487387453125001 0.35715373437500003 0.7458221296875001 0.3303321828125 0.743649178125 0.23312208124999997 0.7463468921875 0.151598178125 0.7539691312500001 0.0903901 0.75663084375 0.050538921875 0.7577085078125 0.0088540734375 0.7574521859375001 0 0.63483405625 0
1 0.8925458015625001 0 0.8951778687499999 0.048509996875 0.9146502906249999 0.2076017078125 0.9163020890624999 0.299147034375 0.91196888125 0.33307260625 0.8804299984374999 0.4771847765625 0.8800586609375 0.4796875 0.9875 0.4796875 0.9875 0.14070483281249999 0.9787449406250002 0.07185179375 0.9744733515625 0.01802675 0.9737388171875001 0 0.8925458015625001 0
1 0.7567708328125 0 0.7567708328125 0.0254050921875 0.7526041671874999 0.09299768593749999 0.74375 0.1689236109375 0.7395833328125001 0.26984953749999996 0.7416666671875 0.3318865734375 0.7453125 0.36429398125 0.7536458328125001 0.40688657343749995 0.7731141140625001 0.4796875 0.8075269828125 0.4796875 0.8041666671875 0.43836805625 0.7958333328125 0.392071759375 0.76875 0.28559027812500004 0.7609375 0.2457754625 0.759375 0.1707754625 0.7713541671874999 0.042071759375000004 0.7719532890625 0 0.7567708328125 0
0 0.0283477765625 0.669792984375 0.0279272796875 0.6770071421875 0.0279272796875 0.681690353125 0.030685759375 0.690625 0.039626342187500004 0.690625 0.040625 0.689492303125 0.040625 0.6628944 0.0349605484375 0.6604652468750001 0.0283477765625 0.669792984375
1 0.447372096875 0.8676591921875 0.4504493734375 0.9013274921875001 0.45344507968750003 0.9121835140624999 0.46148092500000004 0.921875 0.48044135624999995 0.921875 0.4893502609375 0.9120277375000001 0.499048484375 0.8834846859375001 0.51047081875 0.8409251984375 0.5171875 0.79251711875 0.5171875 0.7895959625 0.51356863125 0.7088532078125 0.5047431109375 0.6623962609375 0.5059930343750001 0.622054709375 0.5170058281250001 0.5476145515625 0.5171875 0.5428758375 0.5171875 0.5160563734375 0.508643659375 0.4948757171875 0.5069638203125 0.4940889484375 0.49166643125 0.4940889484375 0.48440874687499996 0.498241565625 0.47756610781250003 0.516144746875 0.47560509062499995 0.6175974078124999 0.47121400468749997 0.6595829390625 0.4493283578125 0.7293603624999999 0.447372096875 0.7423559109375001 0.447372096875 0.8676591921875
1 0.5864271328124999 0.8596845734375 0.59706675 0.8734375 0.6197486296875001 0.8734375 0.6303064218750001 0.850101246875 0.6468202875 0.77425799375 0.6475152171875 0.7145357718750001 0.63951943125 0.6628467828125 0.6398426546875 0.63506900625 0.653125 0.5506392984375 0.653125 0.521869490625 0.6514049281250001 0.5145903359374999 0.640230334375 0.5010003046875 0.6269167625 0.503314290625 0.618511621875 0.52038894375 0.613377121875 0.625808090625 0.608382559375 0.6520332875 0.5890507578124999 0.7013785234375 0.58125 0.7511740265625 0.58125 0.8138169828125001 0.5864271328124999 0.8596845734375
1 0.693569953125 0.7686423671875 0.7028424734375001 0.826875703125 0.7112248078125 0.834375 0.7327263796875 0.834375 0.7364685468750001 0.8292625828125001 0.745488 0.7985979406249999 0.75625 0.735817190625 0.75625 0.7276997062499999 0.7552134125000001 0.694304003125 0.74683526875 0.6457837984375 0.7464797234375 0.6152282437500001 0.75625 0.5560528421875001 0.75625 0.5148464421875 0.7542277671875001 0.5088737015625 0.7432834640625 0.50128125625 0.7410934156250001 0.50128125625 0.7330855328125001 0.504952484375 0.725100584375 0.5237979359375 0.722277134375 0.6168989421875001 0.718597140625 0.6363888421875 0.699680015625 0.689393884375 0.6932467296875 0.740864590625 0.693569953125 0.7686423671875
1 0.576968503125 0.4796875 0.5763919515625 0.48104120625 0.5760621015625 0.587712634375 0.5588511640625 0.6435195140625 0.5555784859375 0.6779687171875001 0.5634917765624999 0.757408403125 0.5725155 0.7780250671875001 0.5811733015625 0.78125 0.591422828125 0.78125 0.5932469234375001 0.77992533125 0.5995093109375 0.7040824750000001 0.603125 0.6909134874999999 0.603125 0.610102809375 0.6006770015624999 0.5988454390625 0.603125 0.5462486140625 0.603125 0.4796875 0.576968503125 0.4796875
1 0.452922953125 0.4796875 0.4484375 0.5953125 0.4359375 0.6369791671875 0.439453125 0.64461805625 0.4703125 0.6536458328125 0.47421875 0.61336805625 0.475 0.52586805625 0.48515625 0.48975694374999995 0.484156709375 0.4796875 0.452922953125 0.4796875
1 0.437937128125 0.4796875 0.4375 0.5286458328125 0.41484375 0.6161458328125 0.41484375 0.6439236109375 0.42734375 0.6439236109375 0.43515625 0.63836805625 0.4484375 0.5911458328125 0.452260384375 0.4796875 0.437937128125 0.4796875
0 0.3890625 0.9371896046875001 0.398828125 0.93350694375 0.40703125 0.923090278125 0.42409115000000003 0.8879907890624998 0.428125 0.848090278125 0.43125 0.7953125 0.42734375 0.7494791671875 0.42109375 0.7217013890625 0.408984375 0.7015625 0.3890625 0.6822443187499999 0.3890625 0.9371896046875001