1 0.053125 0.1118487734375 0.05406970625 0.0882549046875 0.053125 0.0874614125 0.053125 0.1118487734375
1 0.046875 0.099219175 0.046875 0.115625 0.04691745 0.115625 0.04691745 0.09969308593750001 0.046875 0.099219175
1 0.0578125 0.09603041875 0.0578125 0.1160303984375 0.0589802375 0.1171875 0.0606153296875 0.1171875 0.0625 0.11481100468750001 0.0625 0.0910455703125 0.058072917187499996 0.08628844375 0.0578125 0.09603041875
1 0.08726996249999999 0.085379434375 0.0859375 0.085301828125 0.0859375 0.09484662187500001 0.08739695625 0.1134836671875 0.08795953437500001 0.1140625 0.090625 0.1140625 0.090625 0.1029978453125 0.08945741406249999 0.0896522734375 0.08726996249999999 0.085379434375
1 0.8962219109374999 0.19417292343749998 0.8901436890625 0.17646911406250002 0.8791388515625 0.1714472375 0.8674414031250001 0.1844445296875 0.8623594984375 0.20220693125000003 0.8618235484374999 0.27233471875 0.859375 0.3023307 0.859375 0.5171875 0.8694797859375001 0.5171875 0.877596965625 0.5049686796875 0.8895582687499999 0.460136103125 0.897965809375 0.4016329625 0.8954193609375001 0.3565536921875 0.8860347421875 0.306258478125 0.8962219109374999 0.19417292343749998
1 0.8428820953124999 0.559375 0.8428820953124999 0.3782866265625 0.825692834375 0.3198563421875 0.8235796734375 0.274485971875 0.82541755 0.2247773328125 0.824210034375 0.1988514078125 0.8186600203125 0.18000510625 0.8087862390625 0.1691589859375 0.7959068625000001 0.1691589859375 0.7920776203125 0.1721473671875 0.787973978125 0.178782240625 0.7849750312499999 0.1924161875 0.7858342171875 0.22200939687500001 0.7941078015625 0.2770396484375 0.7961778374999999 0.32148409375 0.7852668359375 0.3770186484375 0.7828125 0.4045129890625 0.7828125 0.44709267500000005 0.784500446875 0.4720248171875 0.799541540625 0.538603221875 0.8068406781250002 0.559375 0.8428820953124999 0.559375
1 0.7536458328125001 0.363209403125 0.7395833328125 0.30594166093749997 0.7416666671875001 0.20300601875000002 0.7341145828125 0.18644865 0.7231770828124999 0.1835737421875 0.71953125 0.1847759328125 0.7145833328125 0.193947159375 0.7145833328125 0.3161693828125 0.7114583328124999 0.344183959375 0.7140625 0.3671347734375 0.73125 0.427869421875 0.7354166671875 0.4544055421875 0.7395833328125 0.5096453640624999 0.7401187968749999 0.5109375 0.7446450109375 0.5109375 0.7473958328125 0.5053496671875 0.7494791671875001 0.48667328125 0.7552083328125001 0.46401692812500006 0.7588541671875 0.4322591828125 0.7588541671875 0.4007777015625 0.7536458328125001 0.363209403125
1 0.739106796875 0.559375 0.739106796875 0.3823050578125 0.726505615625 0.34757151406250003 0.7217609265625 0.287416665625 0.7209975421875 0.24315423125 0.7151764015625 0.1884639296875 0.711241321875 0.1790226625 0.7033594875 0.168890915625 0.69495816875 0.1658198046875 0.68409850625 0.1658198046875 0.6809636546875 0.16758650625 0.6765625 0.17580494062500002 0.6765625 0.2401412859375 0.6888902953125 0.3085323625 0.6925356546875 0.350199028125 0.6868870250000001 0.39224559062500003 0.682974346875 0.44821137499999997 0.6879387109375 0.5286455921875 0.693776090625 0.559375 0.739106796875 0.559375
1 0.6542237875 0.559375 0.6552083328125 0.466608796875 0.6640625 0.4036458328125 0.6630208328125 0.38883101875000003 0.6515625 0.34809027812500004 0.6473958328125 0.3184606484375 0.6473958328125 0.279571759375 0.6510416671875 0.2453125 0.6515625 0.211053240625 0.6458333328125 0.18975694375000002 0.6408854171875 0.1828125 0.6346354171875 0.180034721875 0.6221354171875 0.186516203125 0.6177083328124999 0.1934606484375 0.6135416671875 0.2082754625 0.6130208328125 0.2304976859375 0.6182291671875 0.2851273140625 0.61875 0.32771990781250004 0.6041666671875 0.39716435156249996 0.6010416671875001 0.4453125 0.6036458328125 0.4953125 0.6098958328124999 0.529571759375 0.61747969375 0.559375 0.6542237875 0.559375
1 0.5557291671875 0.354571759375 0.5552083328124999 0.3842013890625 0.5583333328125 0.404571759375 0.5744791671875 0.4703125 0.5791666671875 0.48234953750000004 0.5828125 0.504571759375 0.5859375 0.5156828703125 0.5901041671875 0.5193865734374999 0.5958333328125 0.511053240625 0.5994791671875 0.4953125 0.5994791671875 0.45179398125 0.6036458328125 0.379571759375 0.5989583328125 0.3527199078125 0.5880208328125 0.31383101875 0.5901041671875 0.2082754625 0.58203125 0.192071759375 0.56953125 0.1911458328125 0.56484375 0.1948495375 0.5604166671875 0.2064236109375 0.5604166671875 0.2453125 0.5645833328125 0.31290509218749996 0.5557291671875 0.354571759375
1 0.4602218171875 1 0.462255859375 0.9251136656250001 0.460693359375 0.9168987328125 0.451708984375 0.905773971875 0.438037109375 0.9227821875 0.441162109375 0.9850453890625002 0.438110878125 1 0.4602218171875 1
1 0.4091186515625 1 0.4140625 0.9765625 0.41171875 0.9307291671875 0.4015625 0.89461805625 0.40390625 0.866840278125 0.400390625 0.86336805625 0.38828125 0.8654513890625001 0.3875 0.9029513890625 0.3796875 0.93350694375 0.38125 0.99600694375 0.38298561875 1 0.4091186515625 1
1 0.343451753125 1 0.340625 0.9890625 0.34296875 0.9154513890625001 0.336328125 0.8994791671875 0.325390625 0.8994791671875 0.31953125 0.9126736109374999 0.32265625 0.9876736109375 0.3193545390625 1 0.343451753125 1
1 0.3158528640625 1 0.32109375 0.9640625 0.31796875 0.916840278125 0.30859375 0.8779513890625001 0.31015625 0.8585069437499999 0.306640625 0.855034721875 0.29453125 0.85711805625 0.2953125 0.8904513890625001 0.2875 0.9460069437499999 0.28984375 0.9751736109374999 0.297989909375 1 0.3158528640625 1
1 0.375 0.91961805625 0.3765625 0.891840278125 0.370703125 0.8619791671874999 0.352734375 0.8592013890625001 0.34765625 0.866840278125 0.3453125 0.9126736109374999 0.35390625 0.9446180562500001 0.35859375 0.948784721875 0.36953125 0.9432291671874999 0.375 0.91961805625
1 0.2210186296875 1 0.22421875 0.9876736109375 0.2296875 0.98211805625 0.23046875 0.9015625 0.226953125 0.8758680562500001 0.215234375 0.8786458328125001 0.21015625 0.8904513890625001 0.21484375 0.9682291671875 0.2090477203125 1 0.2210186296875 1