1 0.449876371875 0.13051790937500002 0.4506322921875 0.11809491718750001 0.449751996875 0.09789426875 0.441786675 0.06788848750000001 0.44364918124999997 0.027685890624999997 0.44073737968750004 0.021248484375 0.435578325 0.019691810937500002 0.42979511718749996 0.023377821875 0.4296875 0.0236938328125 0.4296875 0.060694804687500006 0.43013523593749997 0.06488397500000001 0.4296875 0.073757609375 0.4296875 0.1546875 0.4423689515625 0.1546875 0.44500286093749997 0.1521771375 0.449876371875 0.13051790937500002
1 0.3940912703125 0.055825378125000005 0.3948774953125 0.0235130609375 0.3918492046875 0.017410184375000002 0.38662908281249997 0.0161024046875 0.3859375 0.016506367187500003 0.3859375 0.1375 0.398318671875 0.1375 0.40083326093749994 0.1335703 0.4028458578125 0.12455959531250001 0.40473899218750004 0.095188765625 0.40312265937499997 0.0858080953125 0.39507867343749997 0.0647313203125 0.3940912703125 0.055825378125000005
1 0.5296875 0.090376346875 0.5296875 0.0735982828125 0.5210570984375 0.054470534375000004 0.51753360625 0.0111904171875 0.5159102171875001 0.0062724375 0.5121926734375 0.0027003953125000002 0.505279690625 0.0045204484375 0.503125 0.0103021578125 0.503125 0.0155397515625 0.5098397890624999 0.056990425 0.5068117109375 0.0796026125 0.50707819375 0.09375 0.5185256921875 0.09375 0.519138371875 0.093260215625 0.5296875 0.090376346875
1 0.4665743015625 0.11588298281250001 0.468936721875 0.09848373437499999 0.475 0.07944386875000001 0.475 0.0710376453125 0.4733456140625 0.064677371875 0.466058753125 0.0481616546875 0.4645341796875 0.037189965625 0.46372274375 0.00979565 0.460105390625 0.003031815625 0.4554213390625 0.0019814984375 0.45099522812500004 0.006162203125 0.45 0.0097039484375 0.45 0.0123284984375 0.4553833921875 0.0475395296875 0.452203521875 0.0753853109375 0.460304825 0.10037491875 0.4641425 0.1171875 0.465843775 0.1171875 0.4665743015625 0.11588298281250001
1 0.5144055234375 0 0.5181893750000001 0.009607042187500001 0.5195601546875 0.049988409375 0.529739696875 0.0799903484375 0.5308787781250001 0.088022559375 0.53197843125 0.0890625 0.533120275 0.0890625 0.53486139375 0.08728287343749999 0.5369426359375 0.0729901703125 0.5356905453125 0.05848385625 0.5265457796875 0.030538032812499998 0.5257369859375001 0 0.5144055234375 0
0 0.5521327296874999 0.1589837421875 0.5525263375 0.157509459375 0.5525263375 0.1174824421875 0.552428178125 0.11717434374999999 0.5419353453125 0.10087466249999999 0.5302367515624999 0.09177864531249999 0.5149642953125 0.09309425 0.5065411359375 0.0989694984375 0.499054259375 0.1155577390625 0.496875 0.1266748640625 0.496875 0.147892190625 0.505286409375 0.170385159375 0.5152429859375001 0.18170087968749998 0.5181095421874999 0.1828125 0.5359461796875 0.1828125 0.539556028125 0.1814860171875 0.5521327296874999 0.1589837421875
1 0.65 0.7390625 0.6203125 0.7390625 0.6203125 0.7565471703125 0.6278261203125 0.7895376828125 0.6303913171875 0.79343295 0.6318453484375001 0.79375 0.6472216000000001 0.79375 0.6485101734375001 0.791858078125 0.65 0.78589173125 0.65 0.7390625
1 0.591929071875 0.7390625 0.5928521328125 0.7498807140625 0.5949246453125 0.759860265625 0.598078328125 0.7718434875 0.60155370625 0.7753683312499999 0.602034309375 0.778125 0.6190092359375 0.778125 0.6201411109375 0.7726229640625 0.6201411109375 0.7390625 0.591929071875 0.7390625
1 0.49705512812499997 0.7390625 0.4970833328125 0.7398842125 0.5020833328125 0.7682706671874999 0.50525 0.7779818234375 0.50975 0.7792268421874999 0.5199166671875 0.7789778390625 0.5234166671875 0.7712587156249999 0.5197499999999999 0.7463583171875 0.51964148125 0.7390625 0.49705512812499997 0.7390625
1 0.519982221875 0.7390625 0.5200833328125001 0.745860309375 0.5237499999999999 0.768768675 0.5280833328125001 0.7861989546875 0.53025 0.7889379984375 0.5340833328125 0.7896850093750001 0.5455833328125 0.78943600625 0.5484166671875 0.784206921875 0.54375 0.75432644375 0.5435178031250001 0.7390625 0.519982221875 0.7390625
1 0.5439596156250001 0.7390625 0.5444166671875 0.756816484375 0.5520833328125 0.7966571218749999 0.5555833328124999 0.8028822218749999 0.5644166671875 0.8036292328125001 0.5719166671875 0.8033802296875001 0.5734166671875001 0.8016372015625001 0.5774166671875001 0.79217505 0.5779166671875 0.782961903125 0.57975 0.784206921875 0.57925 0.7914280375 0.58375 0.791179034375 0.5840833328125 0.7782308265625 0.58175 0.7757407875 0.5814166671875001 0.7727527390625 0.58575 0.7453623015625 0.585448809375 0.7390625 0.5439596156250001 0.7390625