1 0.431552253125 0.3034960703125 0.4313095515625 0.22414746718749998 0.4291647453125 0.21310913125000003 0.422905034375 0.205743146875 0.40969657187499997 0.2077506203125 0.40625 0.21705762812499999 0.40625 0.2311161984375 0.412802253125 0.304369365625 0.40625 0.34273098125 0.40625 0.396875 0.4424271828125 0.396875 0.4424271828125 0.3415759359375 0.431552253125 0.3034960703125
1 0.3547536765625 0.22083083750000002 0.3488300125 0.2341139203125 0.3452104921875 0.327128565625 0.340625 0.34242954999999997 0.340625 0.3984375 0.3722645890625 0.3984375 0.3754023015625 0.3918063265625 0.3736321484375 0.3585411765625 0.3658790078125 0.3212184546875 0.3753925125 0.2336502703125 0.36673943750000004 0.21645961875 0.3547536765625 0.22083083750000002
1 0.5612961624999999 0.45 0.555520671875 0.3673291765625 0.5461893234375 0.34618346718750004 0.53254413125 0.33985760625 0.5204808625 0.34877313593750003 0.5140625 0.37318320625 0.5140625 0.37749279687500004 0.5260824828125 0.45 0.5612961624999999 0.45
1 0.5857034125 0.45 0.58248713125 0.440137409375 0.5788611343750001 0.3972821125 0.5779561078125 0.3195043375 0.5687697187499999 0.3027189703125 0.5562373953125 0.30074222968750003 0.5489044078124999 0.308856734375 0.5484375 0.3112311234375 0.5484375 0.3441980890625 0.5558493390625 0.3681784359375 0.5583051078125 0.45 0.5857034125 0.45
1 0.612924890625 0.45 0.59296875 0.377777778125 0.59140625 0.28472222187499996 0.583203125 0.2673611109375 0.571484375 0.2673611109375 0.5640625 0.27777777812500004 0.5625 0.2958333328125 0.571484375 0.303472221875 0.57734375 0.31944444375000003 0.58125 0.4375 0.5848373718750001 0.45 0.612924890625 0.45
1 0.41869674375 0.6311728984375 0.4109375 0.6801916125 0.4109375 0.7484375 0.45035975468749995 0.7484375 0.45035975468749995 0.6740198375 0.43908203125 0.63161571875 0.4385870265625 0.5773398890625 0.4355251046875 0.5712172453125 0.4133686609375 0.574337615625 0.41869674375 0.6311728984375
2 0.5 0.7499496109375 0 0.7717928125 0 0.8578125 0.3309958625 0.8578125 0.452964375 0.8523751359375 0.49968115312499994 0.8418483453124999 0.5 0.8418581296875001 0.5 0.7499496109375
0 0.7055505265625 0.9875 0.712364065625 0.9856071015625 0.713036284375 0.9875 0.7214968421875 0.9875 0.7276914328125 0.9742190749999999 0.7288516515625 0.967265721875 0.7288516515625 0.8938316421875001 0.7218327718750001 0.8723914859375 0.70503668125 0.8457922859375 0.683003153125 0.833823909375 0.6674266796875 0.8354775796875 0.650397703125 0.849265325 0.639249953125 0.8706687234375 0.634375 0.8905270937499999 0.634375 0.9464614781249999 0.6360959187499999 0.9599214859374999 0.640990471875 0.9736163109374999 0.6457815 0.980354559375 0.6576150859375 0.9770188421875 0.660151753125 0.9875 0.7055505265625 0.9875
1 0.54947120625 0.72196131875 0.5540928 0.690434384375 0.5509150593750001 0.687252734375 0.52811046875 0.6899630140624999 0.5260534671875 0.746417221875 0.5119843515625 0.7873579703125 0.5109375 0.7917499578125 0.5109375 0.934375 0.5390856703125 0.934375 0.5538487437499999 0.8809660265625 0.557876975 0.8586983484375 0.5603558953125 0.8281337000000001 0.5594131375 0.8022532328124999 0.5485086375 0.745100375 0.54947120625 0.72196131875
1 0.5966145828125 0.688078703125 0.5947916671875 0.6922453703125 0.5932291671875001 0.721875 0.58125 0.7672453703125 0.5765625 0.8052083328125 0.5791666671875 0.8570601859375 0.5869791671875 0.90243055625 0.5916666671875 0.9135416671875 0.5963541671875 0.9116898140625 0.5953125 0.850578703125 0.5973958328125 0.8302083328125001 0.6088541671875001 0.7820601859374999 0.6098958328124999 0.7737268515625 0.6072916671875 0.7663194437499999 0.6125 0.749652778125 0.6119791671875 0.731134259375 0.6088541671875001 0.718171296875 0.6088541671875001 0.699652778125 0.6067708328125 0.6894675921875 0.60390625 0.687152778125 0.5966145828125 0.688078703125
1 0.6130208328125 0.75335648125 0.6078125 0.7663194437499999 0.6114583328125 0.7737268515625 0.5994791671875 0.8200231484374999 0.5958333328125 0.8478009265625 0.596875 0.9135416671875 0.6078125 0.9607638890625001 0.615625 0.9672453703125001 0.6283854171875001 0.9667824078125001 0.6307291671875 0.9635416671874999 0.6276041671875 0.9135416671875 0.6307291671875 0.8903935187500001 0.6385416671875 0.86539351875 0.65 0.844097221875 0.6458333328125 0.81631944375 0.6354166671875 0.774652778125 0.6354166671875 0.7265046296875 0.6390625 0.693171296875 0.63671875 0.687152778125 0.6078125 0.6894675921875 0.6130208328125 0.75335648125
1 0.6901041671875 0.6894675921875 0.6890625 0.6987268515625 0.6927083328125 0.750578703125 0.6927083328125 0.7829861109375 0.684375 0.8292824078125001 0.71015625 0.8510416671875 0.71875 0.8663194437499999 0.7291666671874999 0.9015046296874999 0.7317708328125001 0.8866898140625 0.73125 0.868171296875 0.7276041671875 0.8450231484374999 0.7166666671874999 0.8015046296874999 0.7130208328125001 0.774652778125 0.71875 0.7209490734375 0.7192708328125 0.6922453703125 0.7174479171874999 0.687152778125 0.69296875 0.687152778125 0.6901041671875 0.6894675921875
1 0.6932291671875 0.7672453703125 0.6888020828125 0.688078703125 0.67421875 0.687152778125 0.671875 0.69039351875 0.6734375 0.7459490734375 0.6583333328125 0.8079861109375 0.65625 0.8255787031249999 0.6572916671875 0.8385416671874999 0.6669270828125 0.8325231484375 0.6815104171875 0.8306712968750001 0.6848958328125 0.824652778125 0.6916666671875 0.79039351875 0.6932291671875 0.7672453703125
1 0.7489583328125 0.69131944375 0.7424479171874999 0.6862268515625 0.7369791671874999 0.69039351875 0.7354166671875 0.721875 0.71875 0.800578703125 0.7322916671874999 0.8700231484375 0.7322916671874999 0.906134259375 0.7359375 0.9107638890625 0.73828125 0.9112268515625 0.740625 0.906134259375 0.7380208328125001 0.8987268515625001 0.7354166671875 0.8737268515625001 0.7369791671874999 0.850578703125 0.7416666671875 0.819097221875 0.753125 0.781134259375 0.75625 0.749652778125 0.75625 0.7292824078125 0.7526041671874999 0.7052083328125001 0.7489583328125 0.69131944375
1 0.75625 0.7265046296875 0.7552083328125001 0.7737268515625 0.7447916671874999 0.8079861109375 0.7395833328125001 0.8366898140625001 0.7401041671874999 0.8987268515625001 0.7442708328125001 0.9292824078125002 0.75390625 0.962152778125 0.765625 0.96631944375 0.7763020828125 0.96585648125 0.7817708328125 0.9579861109374999 0.7927083328125001 0.90335648125 0.7953125 0.8737268515625001 0.7932291671874999 0.8348379625 0.778125 0.7737268515625 0.7770833328125001 0.7385416671874999 0.7822916671875 0.6950231484375 0.78046875 0.6862268515625 0.75390625 0.6862268515625 0.7489583328125 0.69039351875 0.75625 0.7265046296875
1 0.815625 0.7459490734375 0.8020833328125001 0.8015046296874999 0.7989583328125001 0.824652778125 0.7984375 0.850578703125 0.8010416671874999 0.8765046296874999 0.8088541671874999 0.9200231484374999 0.8135416671875 0.9348379625 0.8171875 0.9385416671875 0.8388020828125 0.938078703125 0.8442708328125 0.9320601859375 0.85 0.9070601859374999 0.85625 0.8616898140625 0.8541666671874999 0.80335648125 0.8401041671874999 0.7459490734375 0.8411458328125001 0.687615740625 0.8388020828125 0.684375 0.8145833328125001 0.687615740625 0.8166666671874999 0.719097221875 0.815625 0.7459490734375
1 0.87890625 0.6834490734375 0.8739583328125 0.6885416671875 0.8739583328125 0.718171296875 0.8614583328125001 0.769097221875 0.8572916671874999 0.7978009265624999 0.8604166671875 0.8616898140625 0.8713541671874999 0.9079861109374999 0.8807291671874999 0.9144675921874998 0.8940104171875 0.9140046296875 0.9020833328125001 0.9052083328125 0.9145833328125 0.8394675921874999 0.9135416671875 0.7839120375 0.8979166671875 0.719097221875 0.8984375 0.6894675921875 0.8955729171875 0.6834490734375 0.87890625 0.6834490734375