1 0.270937346875 0 0.27051612187499996 0.0109780484375 0.2703125 0.0118004875 0.2703125 0.1234375 0.2759113875 0.1234375 0.2761765765625 0.123391690625 0.2876170453125 0.07890179375 0.2888765265625 0.053906339062499996 0.2831294953125 0.009516437499999999 0.2845175671875 0 0.270937346875 0
1 0.32319588125 0 0.32418785625 0.023282120312499998 0.3203125 0.03939605 0.3203125 0.11013944843750001 0.3211757625 0.119265459375 0.3271041765625 0.13125 0.34297132656249996 0.13125 0.34297132656249996 0.04209420625 0.33755 0.024439184375 0.33750133125000004 0 0.32319588125 0
1 0.35415207031249996 0 0.3539440796875 0.0149164171875 0.35 0.029602373437500003 0.35 0.1203125 0.3641107671875 0.1203125 0.3743366140625 0.0715272046875 0.3736230078125 0.050621095312499996 0.36588920156250004 0.009906671875 0.36705001875 0 0.35415207031249996 0
1 0.3946160703125 0 0.39516953906249996 0.0052400953125 0.3875 0.05473805 0.3875 0.064284046875 0.389997515625 0.08390642968749999 0.40009921562499995 0.115625 0.41214685156249997 0.115625 0.41214685156249997 0.022904079687500002 0.406018034375 0.0028942984375 0.40605233749999997 0 0.3946160703125 0
1 0.4249846 0 0.4203125 0.039017853125 0.4203125 0.058344935937499995 0.424522975 0.082584709375 0.4325564046875 0.1046875 0.44415728750000005 0.1046875 0.446149753125 0.1008837421875 0.446149753125 0.0203556875 0.4398741890625 0 0.4249846 0
1 0.2329099515625 0 0.2265625 0.032902959375 0.2265625 0.08410691406250001 0.23261817968749998 0.111131640625 0.2363764953125 0.1140625 0.2372981609375 0.1140625 0.249773353125 0.11114575625 0.2539235125 0.08518910625000001 0.2539235125 0.039600128125 0.2449081203125 0.0026211046875 0.2449551515625 0 0.2329099515625 0
1 0.1870766671875 0 0.1828125 0.020221317187499997 0.1828125 0.077586559375 0.186603415625 0.09892749375 0.1885656671875 0.1015625 0.20406638593749998 0.1015625 0.2101811 0.069652403125 0.2101811 0.0325767796875 0.20191258437499998 0 0.1870766671875 0
1 0.268560859375 0 0.2640625 0.0311680734375 0.2640625 0.063938278125 0.26411811875 0.06467227187499999 0.2748309109375 0.0984375 0.27539470312500003 0.0984375 0.274108425 0.05166285 0.27726296875 0.025949429687499997 0.27726296875 0 0.268560859375 0
1 0.30864060625 0 0.308837890625 0.0075509671875 0.302587890625 0.0266678625 0.3015625 0.0342703734375 0.3015625 0.0767790546875 0.3060025796875 0.109375 0.3111025265625 0.109375 0.309619140625 0.063147465625 0.319775390625 0.016457509375000002 0.3194329 0 0.30864060625 0
1 0.340649315625 0 0.3390625 0.0072872578125000005 0.3390625 0.0649619625 0.3528471234375 0.0133692203125 0.35265078125 0 0.340649315625 0
1 1 0.509375 1 0.23606712968750002 0.999779159375 0.23227544375 0.9964739171874999 0.2202838625 0.9909597437500001 0.2106480078125 0.9802195046875 0.205274275 0.9665884375000001 0.21292714375 0.9613992828125 0.23572596875000001 0.970402546875 0.3365973484375 0.9702621 0.3968461703125 0.9658456874999999 0.428436746875 0.959375 0.44899840781250006 0.959375 0.4963683859375 0.9600129921875 0.507322275 0.9603255046874999 0.509375 1 0.509375
0 0.88612439375 0.509375 0.8883144875 0.49827724062499995 0.8915140515625 0.432560759375 0.8847579515625 0.406270959375 0.8851426046875 0.384024478125 0.872634790625 0.36442441406250003 0.86423210625 0.363497146875 0.8360475484375 0.363497146875 0.8303341062499999 0.3652372765625 0.8198723421875 0.37866526093749997 0.8084517375000001 0.377205653125 0.8004128671874999 0.3823973359375 0.7952197156249999 0.38818540156250003 0.7904871203124999 0.40188022500000004 0.7859375 0.42247271875000003 0.7859375 0.509375 0.88612439375 0.509375
1 0.65410266875 0.509375 0.65410266875 0.390449915625 0.6413134984375001 0.3470802984375 0.6394608921875 0.30999769375 0.6420584390624999 0.268801284375 0.63898615625 0.22903203125 0.63033635625 0.2125631265625 0.622108503125 0.20676515156250003 0.6148168390625 0.2074030875 0.6044199578125 0.2208827796875 0.601842175 0.2378684125 0.614019203125 0.3625038765625 0.6035762 0.42021567031249996 0.6 0.45182906093749997 0.6 0.47883261875 0.60195724375 0.509375 0.65410266875 0.509375
1 0.51875 0.4796875 0.5277875437499999 0.4796875 0.5374833015625 0.4771987984375 0.5613139734375 0.4762206921875 0.5613139734375 0.3883660296875 0.5560973312499999 0.3713823609375 0.5516621390625 0.3462368125 0.545580340625 0.3293275625 0.5443283515624999 0.27569663437499997 0.5463598843749999 0.235149959375 0.5441406515625 0.20271829375 0.5366839828125001 0.1843595109375 0.528580328125 0.17844008125 0.5253053125 0.1778439515625 0.520616103125 0.1778439515625 0.51875 0.17889553281249998 0.51875 0.4796875
1 0.0142874640625 0.509375 0.01321216875 0.5171673828125 0.0254748734375 0.5859283203125 0.03124035 0.6636377484375 0.0304096671875 0.6874539109375 0.0346027171875 0.7038471765625001 0.0382456328125 0.709375 0.063301034375 0.709375 0.063301034375 0.509375 0.0142874640625 0.509375
1 0.0832143765625 0.509375 0.0796875 0.5460055578125 0.0796875 0.6526434437499999 0.0901129453125 0.7079804890625 0.100453621875 0.7417140812499999 0.10871256562500001 0.7580319828125 0.11379716250000001 0.7609375 0.13953635 0.7609375 0.13953635 0.5263986046875 0.1337693421875 0.509375 0.0832143765625 0.509375
1 0.14265350000000002 0.509375 0.1390625 0.530154834375 0.1390625 0.55076336875 0.1430461921875 0.57873681875 0.14505045 0.66484793125 0.1468193828125 0.7016862578125 0.156532096875 0.722621421875 0.1603025421875 0.7265625 0.1946399328125 0.7265625 0.20380423281249999 0.6945437953125 0.2038357 0.6942370328124999 0.2038357 0.5377319109375 0.19753751875 0.509375 0.14265350000000002 0.509375
1 0.20625 0.509375 0.20625 0.53416600625 0.212809815625 0.5692136453125001 0.21198001249999998 0.667933884375 0.217217065625 0.6913813046875 0.2218071609375 0.7 0.25849295156249996 0.7 0.260005315625 0.698922221875 0.2648169875 0.6868410625 0.2648169875 0.509375 0.20625 0.509375
1 0.278443940625 0.509375 0.2844304609375 0.5378410203125 0.2942019703125 0.6461015781249999 0.3030554328125 0.6671875 0.33196773749999997 0.6671875 0.33196773749999997 0.509375 0.278443940625 0.509375
0 0.382416990625 1 0.394775390625 0.9743449796875 0.399462890625 0.919035084375 0.399462890625 0.894035084375 0.394775390625 0.86462275625 0.381494140625 0.825037828125 0.370947265625 0.8085128656249999 0.33358833906249996 0.7784559468750001 0.312215553125 0.7784559468750001 0.295166015625 0.7809302296875 0.274072265625 0.8006580843750001 0.251806640625 0.846018971875 0.246875 0.8665829984375 0.246875 0.9514417890625001 0.26378050468750003 1 0.382416990625 1
1 0.5265922484375001 0.509375 0.5267434859375 0.5122607593749999 0.535264821875 0.5603169765625 0.5393667375 0.6021414640625 0.5413090171875 0.65482153125 0.5393213625 0.7001970515625 0.5412931171875 0.7222012234375 0.5646270515625 0.8081983171875 0.57001819375 0.8147492125 0.5919480765625 0.81875 0.622450009375 0.81875 0.6233352437499999 0.8185919078125 0.6233352437499999 0.509375 0.5265922484375001 0.509375
1 0.6457335625 0.509375 0.6421875 0.52823921875 0.6421875 0.687806240625 0.6433166140625 0.7012230046875001 0.654799484375 0.7723178421875 0.672103025 0.8471764484375001 0.6783454859375 0.86906213125 0.6820367734375 0.8869028218749999 0.68508131875 0.8945507718750001 0.6950431796875 0.9002969000000001 0.717106515625 0.90401628125 0.7402289984375 0.9046875 0.754776996875 0.9046875 0.7603512625000001 0.9028874234375 0.7620588609375 0.900012234375 0.7748888671875 0.841316040625 0.776248809375 0.8293687328124999 0.7783347375 0.8251541609374999 0.7826446375 0.7991969140625 0.7841630671875001 0.78232959375 0.784901990625 0.7779328890625 0.784901990625 0.5167590984375 0.7833379421875 0.509375 0.6457335625 0.509375
1 0.62461825625 0.7022383546875 0.6201933171875 0.6944237453125 0.6171875 0.7110033031249999 0.6171875 0.7294716484375 0.6298867859375 0.7757001265625 0.6304786375 0.7765625 0.635762009375 0.7765625 0.6358276015625 0.7721950953125 0.6301884203125 0.7416146890624999 0.62461825625 0.7022383546875
1 0.7741035093749999 0.509375 0.7801046234375001 0.5448707234375 0.7833868984375 0.5779916703125 0.7847545140625 0.60716823125 0.784480990625 0.650536653125 0.7809251921875 0.7025194390625 0.776822346875 0.733056753125 0.7677960890625 0.77871220625 0.7656079046875 0.7978177359374999 0.7604109687499999 0.8271994140625001 0.7625991515624999 0.8421411109375001 0.7654711437499999 0.8480576875000001 0.7875749437499999 0.853125 0.8289554953125 0.853125 0.8292019968750001 0.8530451250000001 0.8328945578125 0.8474725828124999 0.8419208156250001 0.8100543609375 0.8446560453125 0.792075796875 0.8577851484375 0.73235749375 0.8627085609374999 0.7029614828125 0.8676319750000001 0.6614841953124999 0.86875 0.6308659624999999 0.86875 0.587092925 0.8673584515625 0.5642705218749999 0.8627085609374999 0.5283321578125 0.859367465625 0.509375 0.7741035093749999 0.509375
1 0.91798773125 0.509375 0.92192825625 0.5421913218750001 0.9230425484375001 0.5730200703125 0.92110065 0.620786465625 0.9152335484374999 0.671164884375 0.909375 0.6998144515625 0.909375 0.775 0.937986178125 0.775 0.9402473078125 0.7704558921875 0.958177678125 0.704004178125 0.9662430593749999 0.6690974421875 0.9724129578125 0.6335746984374999 0.9756508109375 0.5957502921875 0.9758940390624999 0.549574034375 0.9722171109375001 0.5137074312500001 0.9714022078125 0.509375 0.91798773125 0.509375
1 0.8578788390625001 0.509375 0.8620992703125001 0.5321267203125 0.8659976453125001 0.5670332796875 0.8676439390624999 0.613050265625 0.8648244093749999 0.674698309375 0.8605330671875 0.70733705625 0.848400975 0.77172334375 0.8453125 0.7848615921875 0.8453125 0.809375 0.899721525 0.809375 0.901247184375 0.8059748703124999 0.9079842578124999 0.7759384953125 0.9113879375 0.7548796703124999 0.9169766062499999 0.73424254375 0.9260009046875 0.6870551046875 0.9317173671875001 0.644452028125 0.9332702828125001 0.612521740625 0.9322285453125 0.5565882156249999 0.9309248265625001 0.545684896875 0.9287717859375 0.539771703125 0.926972140625 0.5201138656250001 0.9247736374999999 0.509375 0.8578788390625001 0.509375