1 0.0484375 0.5796875 0.0484375 0.2908729796875 0.0438692109375 0.2798511546875 0.033846146875 0.27266195312499997 0.0238345203125 0.2775340328125 0.0183829265625 0.2957532421875 0.030823850000000003 0.40216199062499997 0.0224552578125 0.44967515156250004 0.0207302703125 0.4896111921875 0.02795189375 0.54232835625 0.038030275 0.5796875 0.0484375 0.5796875
1 0.090346303125 0.5796875 0.09107997343749999 0.5700053359374999 0.0903512671875 0.5243679515624999 0.0773545890625 0.4472404734375 0.0807628546875 0.39535524375 0.0908825609375 0.33087419375 0.0921875 0.30970984375 0.0921875 0.2884631640625 0.09057483125 0.27968125625 0.0849414453125 0.2676899765625 0.073383253125 0.2613667609375 0.058098295312500006 0.26969147968749996 0.0494182265625 0.2910001515625 0.046260915624999996 0.332666821875 0.047710171875 0.38951544375 0.042388593749999995 0.445930171875 0.0317692078125 0.47892823125 0.0317692078125 0.5796875 0.090346303125 0.5796875
1 0.1448347390625 0.5796875 0.146599434375 0.5709823593750001 0.1503112203125 0.5293581359374999 0.147456565625 0.4679711359375 0.14257129375 0.44642017031250003 0.1393803859375 0.4147264640625 0.1427493484375 0.37030324375 0.15034431406249998 0.32512387343750004 0.1515625 0.3061143328125 0.1515625 0.2963353390625 0.14683036562500001 0.2780993359375 0.136426890625 0.2693203328125 0.128495715625 0.27085385156249997 0.1211908609375 0.27891129375 0.1152045625 0.294913384375 0.11308165781249999 0.3198921625 0.11356949218750001 0.377469346875 0.1103785359375 0.41911479375000005 0.10339105781249999 0.440472828125 0.10339105781249999 0.5796875 0.1448347390625 0.5796875
1 0.1781996046875 0.5796875 0.18469019375 0.5472702515625001 0.19716496875 0.5037699296875 0.203125 0.47108032031249997 0.203125 0.46072354843749996 0.20101183437499998 0.44149609375 0.190569946875 0.3997322953125 0.1904693046875 0.36366065000000003 0.195695509375 0.317009159375 0.1959540890625 0.294786934375 0.19245909375 0.2821002359375 0.1862271421875 0.2757009640625 0.17552175625 0.2757009640625 0.17088221875 0.2804973515625 0.1647040890625 0.2971549171875 0.1666008390625 0.4024736765625 0.15506346875000002 0.44598029375000003 0.15506346875000002 0.45438889531250004 0.161475275 0.4851968125 0.16477633593750002 0.5145501796875 0.16421608125 0.5626983296875 0.1624807015625 0.5796875 0.1781996046875 0.5796875
1 0.2796875 0.5796875 0.2796875 0.5258359203125 0.27582700312499997 0.5158976921875 0.2651684890625 0.46757982656249997 0.2617340390625 0.4259010390625 0.263327965625 0.344589271875 0.25964024218750004 0.2844162109375 0.24933069375 0.2596791515625 0.24197713593749998 0.2511882265625 0.2291534 0.24626765625 0.21554412968749997 0.2524218296875 0.2098768546875 0.260609690625 0.2030636484375 0.28587263281249997 0.20590966093750002 0.33400865625 0.21844298125 0.41657366093750003 0.2220012140625 0.47489486875000003 0.20443761875000002 0.5796875 0.2796875 0.5796875
1 0.2954903578125 0.5796875 0.2962245765625 0.5331293359375 0.2816060078125 0.4441162125 0.285786059375 0.3820761453125 0.296596621875 0.321927321875 0.2984375 0.2976334625 0.2984375 0.2902294515625 0.2972199265625 0.279319578125 0.2903046921875 0.263994834375 0.2765456984375 0.2605922796875 0.27446411249999997 0.2605922796875 0.2633212171875 0.269395853125 0.2567649484375 0.2837158890625 0.25173940625 0.33770026875000003 0.25173940625 0.5796875 0.2954903578125 0.5796875
1 0.3265625 0.5796875 0.3265625 0.4854380609375 0.3263997390625 0.4841709140625 0.3092122390625 0.4114716140625 0.31025390625 0.3532233125 0.314420571875 0.3118967625 0.31337890625 0.2905154375 0.3068684890625 0.2756321453125 0.299576821875 0.2694813734375 0.297233071875 0.2706789484375 0.297233071875 0.275308578125 0.301920571875 0.2905060265625 0.3029622390625 0.304479946875 0.2951497390625 0.39365703124999996 0.29462890625 0.42509600000000003 0.297233071875 0.44845672499999994 0.3170247390625 0.5334056390625 0.3201497390625 0.560512578125 0.3203790015625 0.5796875 0.3265625 0.5796875
1 0.3484375 0.5796875 0.3484375 0.4346580765625 0.34123916875 0.40803242656250005 0.3379201625 0.4022766125 0.339377746875 0.29520296875 0.33178065 0.2785486828125 0.3222763171875 0.274244203125 0.3134365703125 0.2815304828125 0.31606609375 0.31218616875 0.3163177890625 0.34915645156249997 0.31370664531250003 0.378552446875 0.3160128265625 0.399948871875 0.31477367031250003 0.40910799999999997 0.3180245171875 0.427793403125 0.329669878125 0.46364611875 0.3364660671875 0.494568815625 0.340166103125 0.54099861875 0.3375759265625 0.5796875 0.3484375 0.5796875
1 0.679813825 0.205161184375 0.6724350875 0.2254781171875 0.6726274578125 0.333690109375 0.65486176875 0.39762379531250003 0.6535976031249999 0.40532897968750004 0.6535976031249999 0.49277918437499996 0.6588329125 0.5278153296875 0.6627571453125001 0.5414615375 0.6657660421875 0.54375 0.69117783125 0.54375 0.6940394718749999 0.53778958125 0.7051995953125 0.4945902875 0.7109736 0.461879528125 0.7125 0.430857328125 0.7125 0.404740759375 0.7097916984375 0.38054972187499997 0.701047021875 0.34498464375000004 0.698326075 0.32201850468750004 0.70053505625 0.2848904625 0.7053320453125 0.24853667031249999 0.705784584375 0.22261074375 0.699589328125 0.204934378125 0.6948649859375 0.20128082812499998 0.6854739000000001 0.20128082812499998 0.679813825 0.205161184375
1 0.7953125 0.5796875 0.7953125 0.3713117875 0.7906692765625 0.3558944890625 0.787932940625 0.319783378125 0.7890016875000001 0.265123446875 0.7868563468750001 0.22993523124999998 0.7815670812500001 0.21514465781249997 0.7760227828125 0.2073030734375 0.7689011390625 0.20271283593749997 0.7610886390625 0.20275828749999997 0.7542881078125 0.20928219062500003 0.7486951890625 0.228304578125 0.7504195546875 0.2579372375 0.7581348109375 0.31161972968749996 0.7609817765625 0.35606720625 0.7482252828125 0.42839548125000004 0.7474561109375 0.4663796546875 0.7497714734375001 0.49693521093750004 0.7540298421875 0.52562679375 0.7684155828125 0.5796875 0.7953125 0.5796875
1 0.8295525187500001 0.39510416406250004 0.8283483640625 0.43502808281250005 0.8361718296875 0.48865905 0.8511249453125 0.5402684515625 0.8546875 0.5433109765624999 0.8546875 0.22209776875 0.8506772250000001 0.21600878437499998 0.8440771296874999 0.21156164687499998 0.8438574156249998 0.21156164687499998 0.8348092000000001 0.2135946828125 0.8299480109375 0.2206664140625 0.8277140984375 0.23092433437499998 0.8283736000000002 0.250393025 0.8345421203125 0.2910731515625 0.8387545375000001 0.3392213 0.8295525187500001 0.39510416406250004
1 0.8869067749999999 0.5796875 0.8929954375000001 0.5372748015625 0.894010021875 0.4824449125 0.8829374281250001 0.386832290625 0.88459163125 0.3580952109375 0.896875 0.28389043593749996 0.896875 0.22156476875000003 0.8951713187500001 0.21502296875 0.8848652796875001 0.2059887265625 0.8765319437500001 0.20545470156249998 0.8671164812499998 0.2122947078125 0.8609110234374999 0.221666478125 0.8568739109374999 0.2335032546875 0.8527046281249999 0.2816180265625 0.8528018734374999 0.3355887421875 0.84811175625 0.3836701375 0.8343181359375 0.4241729125 0.8343181359375 0.5796875 0.8869067749999999 0.5796875
1 0.9278969937500001 0.5796875 0.9397814656249999 0.538420753125 0.9469610750000002 0.499722865625 0.9499146875000001 0.4617811234375 0.9483456171875 0.42922515937499994 0.938377303125 0.36476326875 0.9409880874999998 0.324022528125 0.9494599046874999 0.27330882500000003 0.95 0.26488074687499996 0.95 0.23179154687499998 0.9496445296874999 0.2296841953125 0.9452603046875 0.22068628750000002 0.9403486531249999 0.2158444328125 0.9325954890624999 0.21460017343749999 0.9244269687500001 0.2198373921875 0.9157178343750001 0.23758522656249997 0.913370775 0.2579131515625 0.9135619281250001 0.3201199671875 0.910370971875 0.36176541093750003 0.9039385281250001 0.3817766 0.9039385281250001 0.5796875 0.9278969937500001 0.5796875
1 1 0.22927457499999998 0.9912944015625001 0.222356228125 0.9826992234375 0.22585384999999997 0.9768657953125001 0.242819825 0.9858094578125 0.348411746875 0.97694100625 0.3851820890625 0.9740664234375 0.4109989109375 0.9812762015625001 0.45461441406249997 0.9857437484375 0.5185033015625 0.991013240625 0.5390625 0.995608584375 0.5390625 0.9994767984374999 0.5289915484375001 1 0.5186824203125 1 0.22927457499999998
1 0.776156553125 0.8064909390625001 0.776156553125 0.9020432171875001 0.781275403125 0.9396551921875 0.7869044671875 0.9525083656250001 0.8024953859374999 0.9546875 0.806506290625 0.9546875 0.8141997328125001 0.953693553125 0.8202166859375 0.9443245046875 0.8337348984374999 0.8852631296875 0.834375 0.879968146875 0.834375 0.7835826859375 0.8217518421874999 0.722238790625 0.8292570140625 0.60525360625 0.8252146921874999 0.5909205359375 0.8182115359375001 0.5845175593749999 0.8097597953125 0.5845175593749999 0.802631171875 0.5880734453125 0.7948820140625 0.6072557203125 0.7976058187499999 0.7194827046875 0.78105958125 0.7731705359375 0.776156553125 0.8064909390625001