1 0 0 0 0.185791075 0.0374269359375 0.18364972968749999 0.040625 0.1779335765625 0.040625 0.1667899484375 0.0386337015625 0.113492646875 0.01935551875 0.0255498265625 0.020345375 0 0 0
1 0.3795208296875 0 0.364442503125 0.063053215625 0.3625 0.0824560359375 0.3625 0.10386431249999999 0.363957684375 0.1463865484375 0.36839240625 0.178125 0.4277594734375 0.178125 0.4326349609375 0.16289078125 0.4359375 0.1299031609375 0.4359375 0.1275742046875 0.4355120125 0.0713606234375 0.4204136421875 0 0.3795208296875 0
2 0 0.30625 0.044939273437499996 0.30625 0.2808079734375 0.29413210156249997 0.41964372499999997 0.29367316250000003 0.46407396875 0.28432153437499996 0.4693036046875 0.2966760640625 0.47800454531250003 0.2999391734375 0.4847080390625 0.294238146875 0.48795878125 0.2830724875 0.49375 0.21726933750000002 0.49375 0.16477868906249998 0.4531757953125 0.16477868906249998 0.4454723859375 0.1683094859375 0.0595348875 0.1772922796875 0.0293938875 0.18353882187499998 0 0.18479520625 0 0.30625
1 0.559375 0.4890625 0.60416319375 0.4890625 0.590625 0.42459490781250003 0.5911458328125 0.3820023140625 0.5963541671875 0.3273726859375 0.5958333328125 0.3051504625 0.5916666671875 0.29033564843750004 0.5872395828125 0.283391203125 0.5747395828124999 0.27690972187499996 0.5684895828125 0.2796875 0.5635416671875 0.28663194375 0.559375 0.3021201609375 0.559375 0.3519758625 0.5619791671875001 0.376446759375 0.5619791671875001 0.41533564843750004 0.559375 0.43385416875000005 0.559375 0.4890625
1 0.6529415249999999 0.4890625 0.6541666671875 0.4810763890625 0.6536458328125 0.451446759375 0.6447916671875 0.4097800921875 0.6489583328124999 0.3421875 0.6489583328124999 0.3032986109375 0.64453125 0.2917245375 0.63984375 0.2880208328125 0.62734375 0.28894675937500003 0.6192708328125 0.3051504625 0.6213541671875 0.41070601875 0.6104166671875 0.4495949078125 0.6057291671875 0.47644675937500003 0.6064569984375 0.4890625 0.6529415249999999 0.4890625
1 0.6988389749999999 0.4890625 0.6973958328125 0.4801504625 0.6984375 0.43478009218749997 0.7072916671875 0.3495949078125 0.7072916671875 0.2940393515625 0.7020833328125 0.2755208328125 0.6934895828125 0.2630208328125 0.6778645828125 0.258391203125 0.6658854171875 0.2630208328125 0.6606770828124999 0.2695023140625 0.6536458328125 0.2838541671875 0.6505208328125 0.301446759375 0.6505208328125 0.34774305625 0.6541666671875 0.40422453750000004 0.6572916671875 0.4218171296875 0.6567708328124999 0.4810763890625 0.6548990875 0.4890625 0.6988389749999999 0.4890625
1 0.7499528546875001 0.4890625 0.7484375 0.4838541671875 0.7432291671875 0.4523726859375 0.74375 0.39496527812500004 0.7520833328125 0.3338541671875 0.7526041671875 0.3042245375 0.74609375 0.2843171296875 0.7361979171875 0.27598379687499996 0.7294270828125 0.2750578703125 0.7169270828125 0.282465278125 0.7098958328125 0.29866898124999997 0.7083333328125 0.3662615734375 0.7119791671875 0.4088541671875 0.7109375 0.44589120312499997 0.7020833328125 0.48200231406249994 0.7018743140625 0.4890625 0.7499528546875001 0.4890625
1 0.781203496875 0.4890625 0.7786458328125001 0.4745949078125 0.7713541671874999 0.45515046249999996 0.7666666671875 0.4097800921875 0.7744791671875 0.33848379687499996 0.7739583328125 0.3042245375 0.7684895828125 0.2917245375 0.7565104171875 0.28616898125 0.7505208328124999 0.29126157343750003 0.753125 0.320891203125 0.7447916671875 0.407928240625 0.7442708328125 0.451446759375 0.7473958328125 0.47552083281249996 0.7508997390625 0.4890625 0.781203496875 0.4890625
1 0.8023099453124999 0.4890625 0.8 0.4653356484375 0.7885416671875 0.41811342656250006 0.7947916671874999 0.3153356484375 0.7872395828125001 0.29728009218749996 0.7763020828125 0.2935763890625 0.7729166671875 0.29866898124999997 0.775 0.30978009218749997 0.7734375 0.3690393515625 0.7677083328125001 0.39496527812500004 0.7671875 0.41070601875 0.7697916671874999 0.4171875 0.7697916671874999 0.44589120312499997 0.7786458328125001 0.470891203125 0.781433475 0.4890625 0.8023099453124999 0.4890625
0 0.300891571875 0.8483952515625 0.293079071875 0.8478032562500001 0.2845885578125 0.8615433781250001 0.2842265890625 0.8739834359374999 0.2842265890625 0.87942901875 0.28915504687500004 0.8890625 0.3046875 0.8890625 0.3046875 0.8549093453125 0.300891571875 0.8483952515625
1 0.559375 1 0.5984375 1 0.5984375 0.9575158671875 0.59717195625 0.9387430328124999 0.5778089937499999 0.7945139937500001 0.5798545203125001 0.709135625 0.58703753125 0.5891054984374999 0.5865423187500001 0.5412503328125 0.5826104984375 0.5174943453124999 0.5777585640625 0.5050026734374999 0.5632865359375 0.49460819218749996 0.5613388875 0.49460819218749996 0.559375 0.4967675765625 0.559375 1
1 0.7009233515625001 1 0.68477354375 0.8867062609375 0.6851654625 0.8193409921875 0.6916081359375 0.7074027421875 0.6921742421875 0.610097353125 0.683685990625 0.575908921875 0.6758609296875 0.5634730578125 0.6648344265625 0.5583382968749999 0.6521070453125 0.5740696578125 0.64160438125 0.6146395609375 0.6407122734375 0.6774831578125 0.6477883328125 0.8186615359375 0.6468265484375 0.89348118125 0.6306499484375 1 0.7009233515625001 1
1 0.786121334375 1 0.785065696875 0.970397934375 0.7964581234375 0.8565764781249999 0.8112431984375 0.7591118375000001 0.815625 0.70543254375 0.815625 0.678469553125 0.8146090421875 0.6663954671875001 0.80887155625 0.6433695015625001 0.79833009375 0.628265225 0.7891777375 0.628265225 0.7777814078125 0.638116484375 0.76890425 0.65998845 0.7613193 0.6885540640625 0.75517180625 0.757428590625 0.7512131890625 0.90245441875 0.7440881 0.9833049921875 0.7407266828125 1 0.786121334375 1
1 0.9531376296874999 1 0.9460197375 0.954650075 0.9407565796874999 0.933691990625 0.9349671046875001 0.8827937875 0.9344407890624999 0.8378836078124999 0.9375986843749999 0.7495602546875 0.9433881578125 0.6702189375 0.9433881578125 0.6133327093750001 0.9347039468749999 0.5736620515624999 0.9210197375 0.5542009734375 0.9089144734375001 0.5586919906250001 0.9020723687500001 0.5691710328124999 0.8944407890624999 0.5938716312500001 0.8907565796875 0.6223147453125 0.8907565796875 0.6762069609375 0.897598684375 0.7914764218749999 0.898125 0.8827937875 0.88046475625 1 0.9531376296874999 1
1 0.8818092109375 0.4890625 0.8818092109375 0.544470434375 0.8860197375000001 0.62830276875 0.8891776312499999 0.647763846875 0.889703946875 0.6821949843749999 0.8849671046875001 0.7435722312499999 0.8702302625 0.8363866015625 0.8623355265624999 0.9112369015624999 0.8613448203124999 1 0.8794121234375 1 0.89707236875 0.8827937875 0.89707236875 0.792973428125 0.8902302625 0.6821949843749999 0.8902302625 0.614829715625 0.8933881578125 0.5953686375 0.9036513156249999 0.563183009375 0.914703946875 0.5542009734375 0.9257565796874999 0.5556979796875 0.9275986843750001 0.545967440625 0.9275986843750001 0.4890625 0.8818092109375 0.4890625
1 0.7693015359375 1 0.7712828953124999 0.9830931890624999 0.7723355265625 0.9277039671875 0.7712828953124999 0.8827937875 0.7689144734375001 0.8745602546875 0.7607565796875 0.917224925 0.7523355265625 0.99057821875 0.7521347687500001 1 0.7693015359375 1
1 0.8413003437500001 1 0.8354934203125 0.9366860031249999 0.8194407890625 0.829650075 0.8154934203125 0.8378836078124999 0.8139144734375 0.8753087578125001 0.8133881578125 0.9830931890624999 0.8158749656250001 1 0.8413003437500001 1
1 0.7920723687500001 0.4943207328125 0.7841776312500001 0.50330276875 0.7765460531249999 0.5235123500000001 0.7728618421875 0.5474644468750001 0.7723355265625 0.59836265 0.7749671046875 0.6387818109375 0.7768092109375 0.6425243265625 0.783651315625 0.630548278125 0.7962828953125 0.6275542671875 0.8068092109375 0.6395303140624999 0.8170723687500001 0.6642309125 0.8202302625 0.6402788171875 0.8223355265624999 0.5848895953125 0.8218092109375 0.5489614515625 0.818125 0.5220153437499999 0.8110197375 0.50330276875 0.8015460531249999 0.4943207328125 0.7920723687500001 0.4943207328125
1 0.6655912078125 0.4890625 0.6639144734375 0.504051271875 0.6644407890624999 0.5384824109374999 0.6668092109375 0.5542009734375 0.6783881578125 0.560188996875 0.6841776312500001 0.5691710328124999 0.6907565796874999 0.5878836078124999 0.6949671046875 0.614829715625 0.6933881578125 0.7271051640625 0.6902302625 0.7495602546875 0.68707236875 0.8723147453125 0.7057137328125 1 0.72870816875 1 0.7302302625 0.9516560625 0.7260197374999999 0.8797997750000001 0.7044407890625 0.7271051640625 0.7044407890625 0.646266840625 0.7102302625 0.5474644468750001 0.7107565796875 0.49956025468750004 0.709671053125 0.4890625 0.6655912078125 0.4890625