1 0.231640625 0.20277777812500003 0.2265625 0.21458333281250003 0.2265625 0.24097222187499998 0.23125 0.28680555625 0.23203125 0.36319444375 0.20859375 0.465972221875 0.20546875 0.5381944437499999 0.209375 0.5826388890625 0.22421875 0.6631944437499999 0.233984375 0.675 0.2515625 0.67569444375 0.263671875 0.6736111109375 0.2703125 0.6659722218749999 0.28203125 0.6145833328125 0.2890625 0.4673611109375 0.2671875 0.3645833328125 0.27265625 0.21180555625 0.268359375 0.20555555625 0.231640625 0.20277777812500003
1 0.3546875 0.2298611109375 0.345703125 0.21111111093749999 0.321484375 0.20833333281250002 0.31328125 0.2173611109375 0.3078125 0.24375 0.31328125 0.3451388890625 0.3125 0.39791666718749996 0.28984375 0.48819444375 0.28671875 0.5979166671875 0.28984375 0.6298611109375 0.30390625 0.703472221875 0.311328125 0.7111111109375 0.33203125 0.7118055562500001 0.34921875 0.7048611109375 0.35078125 0.61875 0.36796875 0.54930555625 0.37109375 0.503472221875 0.35 0.4048611109375 0.35 0.334027778125 0.35625 0.2604166671875 0.3546875 0.2298611109375
1 0.39453125 0.246527778125 0.39140625 0.26180555625 0.396875 0.3729166671875 0.39609375 0.4270833328125 0.37578125 0.5048611109375 0.37109375 0.534027778125 0.37109375 0.5451388890625 0.3734375 0.546527778125 0.401171875 0.5125 0.44609375 0.4923611109375 0.43515625 0.4270833328125 0.44140625 0.2576388890625 0.430859375 0.23194444375 0.422265625 0.225 0.403515625 0.23055555625 0.39453125 0.246527778125
1 0.494140625 0.21944444375 0.488671875 0.2166666671875 0.453515625 0.215277778125 0.45 0.22291666718749997 0.4546875 0.32847222187499997 0.453125 0.3826388890625 0.440625 0.42569444375 0.4390625 0.44375 0.44921875 0.49513888906250003 0.471875 0.5076388890625 0.47578125 0.5020833328125 0.48359375 0.46875 0.4890625 0.42569444375 0.4828125 0.29652777812500003 0.4859375 0.27430555624999997 0.49609375 0.246527778125 0.49609375 0.2270833328125 0.494140625 0.21944444375
1 0.52734375 0.4548611109375 0.528125 0.3854166671875 0.5359375 0.31180555625 0.53515625 0.2854166671875 0.525390625 0.25694444375000003 0.514453125 0.2486111109375 0.505078125 0.2486111109375 0.490625 0.26319444375 0.48359375 0.29375 0.490625 0.41180555625000004 0.48828125 0.4548611109375 0.47578125 0.51180555625 0.50703125 0.5576388890625 0.52265625 0.61180555625 0.52578125 0.6479166671875001 0.52265625 0.7048611109375 0.50703125 0.7548611109375 0.4921875 0.78125 0.496484375 0.790277778125 0.515625 0.7909722218749999 0.523046875 0.790277778125 0.5265625 0.7826388890625 0.54453125 0.703472221875 0.5515625 0.640972221875 0.55234375 0.6020833328124999 0.5453125 0.5395833328124999 0.53359375 0.49652777812500004 0.52734375 0.4548611109375
1 0.58125 0.23125 0.573046875 0.2208333328125 0.548828125 0.21944444375 0.540625 0.23263888906250002 0.53671875 0.25069444375 0.5421875 0.38680555625 0.540625 0.41180555625000004 0.5296875 0.46180555625 0.55234375 0.5840277781250001 0.5515625 0.65625 0.54296875 0.71875 0.547265625 0.725 0.57265625 0.72430555625 0.57890625 0.71875 0.596875 0.6326388890625 0.60234375 0.5868055562500001 0.60234375 0.534027778125 0.596875 0.4923611109375 0.578125 0.41180555625000004 0.584375 0.2451388890625 0.58125 0.23125
1 0.67734375 0.26597222187499997 0.668359375 0.2416666671875 0.649609375 0.23611111093749998 0.6375 0.2479166671875 0.63046875 0.27291666718749996 0.63046875 0.3104166671875 0.6359375 0.3770833328125 0.63515625 0.4270833328125 0.6109375 0.5326388890625 0.60625 0.57430555625 0.60625 0.6229166671875 0.61171875 0.67430555625 0.6296875 0.759027778125 0.637890625 0.7638888890625 0.66796875 0.76319444375 0.671875 0.7604166671875 0.6796875 0.73125 0.69453125 0.65069444375 0.696875 0.56875 0.69296875 0.53125 0.67265625 0.44097222187499996 0.678125 0.3104166671875 0.67734375 0.26597222187499997
1 0.717578125 0.22777777812500002 0.682421875 0.22638888906250001 0.676953125 0.22916666718749998 0.675 0.23819444375 0.6796875 0.27430555624999997 0.68046875 0.3576388890625 0.6734375 0.43125 0.69296875 0.5243055562500001 0.6984375 0.5770833328125 0.696875 0.63680555625 0.68984375 0.6951388890625 0.7046875 0.69930555625 0.715625 0.690972221875 0.73125 0.6173611109375 0.7375 0.5631944437499999 0.73828125 0.515972221875 0.71484375 0.39375 0.715625 0.3270833328125 0.721875 0.23541666718749998 0.717578125 0.22777777812500002
1 0.8078125 0.42152777812500003 0.8078125 0.35902777812500003 0.81484375 0.28819444375000003 0.81484375 0.259027778125 0.807421875 0.23472222187499997 0.776171875 0.23194444375 0.76875 0.2451388890625 0.765625 0.26319444375 0.771875 0.36319444375 0.7703125 0.4201388890625 0.7453125 0.51875 0.74140625 0.596527778125 0.7453125 0.6354166671875 0.7609375 0.7229166671875 0.769921875 0.7361111109375 0.79609375 0.73680555625 0.805078125 0.734722221875 0.81015625 0.7229166671875 0.82421875 0.6576388890625 0.83203125 0.6020833328124999 0.8328125 0.5451388890625 0.828125 0.5006944437499999 0.81484375 0.4576388890625 0.8078125 0.42152777812500003
1 0.94140625 0.2451388890625 0.933984375 0.2388888890625 0.898046875 0.2388888890625 0.8953125 0.24375 0.8953125 0.28125 0.9 0.33541666718749996 0.8984375 0.40625 0.878125 0.4826388890625 0.871875 0.5243055562500001 0.87109375 0.5673611109375 0.878125 0.634027778125 0.88984375 0.69375 0.904296875 0.7041666671875 0.92265625 0.7048611109375 0.933203125 0.702777778125 0.9390625 0.69375 0.95546875 0.6076388890625 0.95859375 0.53125 0.95390625 0.48680555625000005 0.9359375 0.4076388890625 0.9359375 0.33541666718749996 0.94140625 0.2451388890625
0 0.470703125 0.5097222218749999 0.448046875 0.5 0.433984375 0.5 0.404296875 0.5111111109375 0.387109375 0.527777778125 0.36953125 0.55625 0.35546875 0.6006944437499999 0.35078125 0.6631944437499999 0.35390625 0.6979166671875 0.36171875 0.7270833328124999 0.37109375 0.75625 0.380859375 0.7736111109375 0.407421875 0.8013888890624999 0.431640625 0.8125 0.44453125 0.8118055562500001 0.478515625 0.79305555625 0.50625 0.75625 0.52421875 0.6951388890625 0.52578125 0.6465277781250001 0.52109375 0.6034722218749999 0.515625 0.5826388890625 0.494921875 0.5375 0.470703125 0.5097222218749999