1 0.49464629843749996 0 0.4988718578125 0.04247296875 0.490625 0.092627490625 0.490625 0.182470903125 0.49439656093749995 0.20323552031249997 0.5063624265625 0.24796790624999998 0.509961809375 0.25824401875 0.5130174046875 0.2609375 0.5367770421875 0.2609375 0.540604725 0.25728629375 0.54228745625 0.24687565625 0.54228745625 0.1025753921875 0.523264771875 0.0413333875 0.5213396390625 0 0.49464629843749996 0
1 0.4131417203125 0 0.41256339375 0.0225988484375 0.4 0.068047134375 0.4 0.26491297187499996 0.403694596875 0.271875 0.4306641375 0.271875 0.4348383875 0.2680280671875 0.45310735312499995 0.19654282812499999 0.45680855937500003 0.168874234375 0.45823061249999997 0.108579865625 0.44142494218749995 0.0203964078125 0.44261289843749996 0 0.4131417203125 0
1 0.30044811718750003 0 0.2865640640625 0.06804055625 0.284375 0.0837950265625 0.284375 0.1961403328125 0.28838489218749996 0.22452203750000002 0.299968840625 0.2796319234375 0.30461470625 0.2953125 0.34447764531249997 0.2953125 0.34649539375 0.29255795 0.3500011625 0.28037235781250003 0.3596851890625 0.21698494687499997 0.361014346875 0.20275888437499998 0.361014346875 0.10717076249999999 0.3587084171875 0.08826002187500001 0.335487084375 0 0.30044811718750003 0
1 0.364912309375 0.2525280734375 0.3654512109375 0.2609375 0.3859375 0.2609375 0.3859375 0.1102631078125 0.3681228875 0.05152238906249999 0.365215421875 0.00615201875 0.3641190125 0.0054521359375 0.340625 0.0054521359375 0.340625 0.011283159375 0.3425031453125 0.0243408609375 0.36216299531249996 0.0881226953125 0.368821775 0.12722994999999998 0.371623759375 0.17905450625 0.3697711984375 0.21494724999999998 0.364912309375 0.2525280734375
1 0.24499577968750003 0 0.24925442812499998 0.0388699375 0.2390625 0.10477773906250001 0.2390625 0.176288596875 0.2408157078125 0.19207200468750002 0.2498545 0.2354450546875 0.2625391265625 0.27873324374999997 0.2677634984375 0.284375 0.2809654578125 0.284375 0.2866480796875 0.2835881984375 0.2866480796875 0.1351054828125 0.2853238375 0.1214880421875 0.2866480796875 0.08215394375 0.2866480796875 0.0783990703125 0.2752960953125 0.0382638109375 0.2738698515625 0 0.24499577968750003 0
1 0.12574107343750002 0 0.1125 0.05438911875 0.1125 0.2504074203125 0.11739629375 0.2739388109375 0.12075471093750001 0.301400859375 0.126825059375 0.32496186875 0.127716853125 0.3265625 0.17122749843750001 0.3265625 0.178908396875 0.3210152296875 0.1896035375 0.274934465625 0.200235853125 0.21315242343750002 0.20572266875 0.167466321875 0.2070697484375 0.121170025 0.2028762578125 0.0688263796875 0.1988623 0.046033428125 0.1868268671875 0 0.12574107343750002 0
1 0.10447326718750001 0 0.10517117812500001 0.007464728125 0.09375 0.07502055468749999 0.09375 0.1716971953125 0.10267263281250001 0.219298665625 0.12344667499999999 0.292649915625 0.12422308281250001 0.29375 0.1346101625 0.29375 0.1346101625 0.202872421875 0.131384375 0.189965975 0.12411904375 0.13322955 0.122727934375 0.0953394296875 0.12429700625 0.06318696406249999 0.1329118671875 0 0.10447326718750001 0
1 0.07714843906249999 0.2742628453125 0.065169271875 0.21599920468749997 0.0615234390625 0.173427825 0.0646484390625 0.1243355703125 0.069856771875 0.0928237859375 0.074544271875 0.07983355 0.0787109390625 0.0399944953125 0.077669271875 0.0261116671875 0.0711588578125 0.021056953125 0.061263021875000004 0.021114523437499998 0.05683593906249999 0.028084723437499997 0.055794271875 0.08364634062500001 0.0453125 0.12896195625 0.0453125 0.22117422812499998 0.0453776078125 0.2216699078125 0.0531901078125 0.2586614921875 0.057356771875000004 0.273452065625 0.0586692828125 0.275 0.0728747015625 0.275 0.07714843906249999 0.2742628453125
1 0.2016277890625 0.26875 0.2209588984375 0.26875 0.22109691874999998 0.26850396249999997 0.2296834359375 0.2247914828125 0.225286828125 0.1749005859375 0.227204859375 0.1137531078125 0.21501191406250003 0.0612662703125 0.21576976874999998 0.020513407812500002 0.21426652499999999 0.010364590625 0.21091612343750002 0.00442486875 0.1963543375 0.0010605953125 0.1953125 0.002397934375 0.1953125 0.0133629640625 0.2026627453125 0.0356312859375 0.20924503906249997 0.0678811015625 0.215150278125 0.126994890625 0.21378001093750001 0.183500615625 0.2013214140625 0.266186840625 0.2016277890625 0.26875
1 0.0774515015625 0 0.0722613875 0.059323265624999996 0.0659885140625 0.0836887 0.0625 0.092669071875 0.0625 0.1515625 0.0625026625 0.1515625 0.06256330156249999 0.1465059828125 0.07279413125 0.0887343734375 0.0967863046875 0.0097547296875 0.0976397328125 0 0.0774515015625 0
1 0.0694090265625 0.2875 0.070643590625 0.285525928125 0.0625 0.21472439531249998 0.0625 0.2875 0.0694090265625 0.2875
2 1 0.2157318671875 0.9723081421875 0.209214740625 0.9280373078124999 0.20689460468749998 0.91801121875 0.20387204374999998 0.76970861875 0.20387204374999998 0.772044440625 0.21486864843750003 0.769974296875 0.2230655046875 0.7729938171875 0.2296834640625 0.7736465140625001 0.23986864843750003 0.7766594359375001 0.242333590625 0.7842939265625001 0.23996524843749997 0.787425525 0.2442820421875 0.78720136875 0.2488843765625 0.7825204671874999 0.2527917328125 0.77493211875 0.24777996249999998 0.7715829671875 0.252218521875 0.7612256359374999 0.252598534375 0.7542899828125 0.2577719484375 0.73997695 0.245025225 0.7306151390625 0.2528399390625 0.7296875 0.2554448234375 0.7296875 0.28291538437499997 0.730391009375 0.293893515625 0.7396869125000001 0.3174511 0.7573095484375 0.3372923953125 0.7625615578125 0.3390625 0.7839626796875 0.3390625 0.79104504375 0.337214765625 0.7998860203125 0.32937275625 0.8143177046875 0.3075200890625 0.8208841484375 0.28848508125 0.8227630890625001 0.26920441093749997 0.8260001671874999 0.26706701875 0.9890803359374999 0.276536503125 1 0.28003405312499996 1 0.2157318671875
1 0.24012200625000002 0.6171875 0.2411968796875 0.6159368578125 0.2411968796875 0.5471478765625 0.236722490625 0.5291229625 0.23630120781250002 0.48657583281249994 0.23263547343750002 0.48045880937499996 0.225 0.4802366390625 0.225 0.5122588703125001 0.22669727968750003 0.5260572437500001 0.225 0.5360672140625 0.225 0.6014804781249999 0.22819005468750003 0.613944434375 0.23057263749999998 0.6171875 0.24012200625000002 0.6171875
1 0.19892385937499998 0.4834718953125 0.19630195625 0.4791551015625 0.186585646875 0.48003901875 0.185254434375 0.5208343515625 0.1828125 0.531090640625 0.1828125 0.6046875 0.1902965859375 0.6046875 0.19094380312499998 0.5935751921875 0.197374046875 0.5818384078125 0.20015845781250002 0.5699105546875 0.200770134375 0.5504388125 0.1946833625 0.5203997484375 0.19892385937499998 0.4834718953125
1 0.1705742671875 0.5367521640625 0.162574259375 0.506270334375 0.163824309375 0.479354815625 0.1604119578125 0.47717794687500004 0.1518559171875 0.480768859375 0.152243784375 0.5141021890624999 0.15 0.52420404375 0.15 0.5833714703125 0.15224997812500002 0.5921875 0.16316503437500002 0.5921875 0.1634469640625 0.581270334375 0.1701100546875 0.571735184375 0.1705742671875 0.56786898125 0.1705742671875 0.5367521640625
1 0.13518425625 0.5797332359375 0.13518425625 0.5229580296874999 0.129550290625 0.5042620984374999 0.1270252234375 0.481059359375 0.124473796875 0.47769578749999997 0.11707005468750001 0.4796148140625 0.11699095468750001 0.502681075 0.1140625 0.5224018171875 0.1140625 0.5476628296875 0.11440659687500002 0.5514548984375 0.12029400937500001 0.578525115625 0.1243870796875 0.5828125 0.132314240625 0.5828125 0.13378293593749999 0.5824618984375001 0.13518425625 0.5797332359375
1 0.3141493796875 0.48522104375 0.312118784375 0.48202273125 0.302110875 0.4845739359375 0.302658090625 0.5012527234374999 0.3 0.5202666578125 0.3 0.5485826671874999 0.30136593437500003 0.5624850609375 0.30605591875 0.5796875 0.3210100359375 0.5796875 0.3210100359375 0.5210074734375001 0.31463725625 0.5009739062499999 0.3141493796875 0.48522104375
1 0.2933203390625 0.570323928125 0.2942722375 0.5554696453125001 0.2877798796875 0.51069126875 0.2900159234375 0.48742472187499997 0.28729951875 0.48254919375 0.2784722953125 0.482294196875 0.2765625 0.4873622484375 0.2765625 0.4913665296875 0.2768693203125 0.5105941390625001 0.2765625 0.5119898468749999 0.2765625 0.5953125 0.2856461328125 0.5953125 0.286890684375 0.59483213125 0.2933203390625 0.570323928125
1 0.26370111875 0.60625 0.27094485625 0.60625 0.27094485625 0.540191390625 0.2651184671875 0.5191003859375 0.265125040625 0.48683865937500004 0.26089244218749996 0.48147291562500005 0.253125 0.4800766546875 0.253125 0.5061260875 0.25534130625 0.520260253125 0.253125 0.5307400062500001 0.253125 0.5842014578125 0.25470185 0.5911923484375 0.2610309703125 0.6050006859375 0.26370111875 0.60625
1 0.24759114218749997 0.4816298921875 0.242643228125 0.48212164062500007 0.24212239218749998 0.50156911875 0.2375 0.519295434375 0.2375 0.5484067125000001 0.24055989218749999 0.558059690625 0.2425967609375 0.5734375 0.2426659859375 0.5734375 0.244205728125 0.5497051453124999 0.2525390609375 0.51817518125 0.24759114218749997 0.4816298921875
1 0.1875 0.5168017484374999 0.185157596875 0.47918801875000006 0.17916532031250001 0.47979038906250004 0.179041421875 0.5010866875 0.171875 0.5351150015625 0.171875 0.555446178125 0.17194737499999999 0.556799834375 0.17803743125 0.5828125 0.18160116875 0.5828125 0.1808015421875 0.556593753125 0.1875 0.5226548328125 0.1875 0.5168017484374999
1 0.21488988125000003 0.4862939625 0.21226283750000002 0.5104044562500001 0.209375 0.5202240828125 0.209375 0.5708442687499999 0.21065458750000002 0.558370503125 0.2199366703125 0.5291933390625 0.222783390625 0.4848217328125 0.21932268437500002 0.48000229218749996 0.21663750781250002 0.48111031875 0.21488988125000003 0.4862939625
1 0.885893203125 0.4296875 0.8796875 0.4502739046875 0.8796875 0.5257868578125 0.8877595984375001 0.5667707859375 0.894169046875 0.5884865625 0.8952715171874999 0.5890625 0.9280120984375 0.5890625 0.916600875 0.532106921875 0.914612065625 0.49346667968749997 0.9166154671875001 0.4672220203125 0.9272937390625 0.4296875 0.885893203125 0.4296875
1 0.9361534562500001 0.4296875 0.9324208203125 0.4438039296875 0.93125 0.4552192796875 0.93125 0.51540854375 0.93233175625 0.5260633828125 0.9476910609375 0.5864936625 0.956305884375 0.6074021546875 0.957601828125 0.6078125 0.9821058109375 0.6078125 0.9821058109375 0.5009326296875 0.9817251828125 0.4961944984375 0.9821058109375 0.4909655609375 0.9821058109375 0.4296875 0.9361534562500001 0.4296875
1 1 0.4296875 0.9821636625 0.4296875 0.9721709796875 0.463013725 0.9703125 0.474938584375 0.9703125 0.560291834375 0.976017134375 0.5926984640625 0.9860171328125 0.6292511640624999 0.9904928421875001 0.634375 1 0.634375 1 0.4296875