1 0.0121250484375 0.40088968593749996 0.0148594234375 0.41408413125 0.0215000484375 0.4133896859375 0.0238879875 0.396239153125 0.021809795312499998 0.37406126562500003 0.0215000484375 0.3564452421875 0.019434696874999997 0.3518833765625 0.014684525 0.35135534062499996 0.013496976562499999 0.35874795625 0.0152500484375 0.37172301874999997 0.0121250484375 0.40088968593749996
1 0.05078125 0.39791666718749996 0.0515625 0.41180555625000004 0.05625 0.4145833328125 0.06015625 0.41180555625000004 0.0609375 0.39097222187499997 0.058029885937500005 0.37458930156250003 0.05859375 0.35208333281250004 0.05535790625 0.3508272828125 0.0514984 0.3566357890625 0.0541703578125 0.3777575828125 0.05078125 0.39791666718749996
1 0.080593221875 0.3893745734375 0.0811870078125 0.40944027343749995 0.085640296875 0.414192665625 0.08984375 0.41180555625000004 0.0921717828125 0.3909587046875 0.08831225468750001 0.376173453125 0.0890625 0.35625 0.086328125 0.34722222187499996 0.082421875 0.3458333328125 0.0796875 0.35208333281250004 0.0826714375 0.37458930156250003 0.080593221875 0.3893745734375
1 0.023191314062500003 0.40795038124999994 0.0241936171875 0.4154773625 0.030430165625 0.41567543906250004 0.0316552 0.40478112031249996 0.032434765625 0.39527336874999996 0.032212034375 0.3877463734375 0.03143246875 0.3808136265625 0.029650590625 0.376455896875 0.029650590625 0.3730885609375 0.030096059375 0.36833468125 0.029984695312499997 0.36060961874999997 0.029984695312499997 0.3544691875 0.02662111875 0.3522750203125 0.02408224375 0.3530826359375 0.0238595125 0.36080769375 0.0244163484375 0.3679385234375 0.0241936171875 0.376257821875 0.023079946875 0.38992523281249997 0.022968574999999998 0.39923493906249996 0.023191314062500003 0.40795038124999994
1 0.032212034375 0.40517729375 0.033548434375000005 0.41646775625 0.04145549375 0.41646775625 0.04212369375 0.407554221875 0.0424577890625 0.3962637625 0.0424577890625 0.389331 0.042346425 0.3839828796875 0.040898659375 0.381209784375 0.0393395203125 0.37903091718750004 0.0394508859375 0.3754655046875 0.0398963546875 0.3701173828125 0.0406759203125 0.3631846359375 0.0406759203125 0.356449971875 0.0394508859375 0.35367686875 0.036785039062500004 0.35252254375000003 0.0337711734375 0.356449971875 0.032991599999999996 0.3629865609375 0.0343280078125 0.36952314999999997 0.0351075734375 0.377446290625 0.0332143375 0.3847751953125 0.031766565625 0.3948771953125 0.032212034375 0.40517729375
1 0.041789590625 0.3901233171875 0.041789590625 0.39943300000000004 0.043571459374999996 0.41151579375 0.0460215375 0.41904278125000005 0.051144415624999995 0.4176562234375 0.05214671875 0.40775229843750005 0.05236945 0.3970560640625 0.0520353546875 0.3879444484375 0.0501421109375 0.3827944109375 0.0490284421875 0.3760597390625 0.04913980625 0.37209816875 0.050030746875 0.3661558140625 0.050030746875 0.35922306718749997 0.0489170765625 0.3530826359375 0.045974337500000004 0.3517799734375 0.0433487296875 0.35367686875 0.042903259375 0.3598173 0.0436828328125 0.3653635046875 0.044685128125 0.371702009375 0.0445737640625 0.3800213078125 0.04346009375 0.3843790375 0.041789590625 0.3901233171875
1 0.0623924765625 0.3946791203125 0.0629493109375 0.40656383125 0.065065284375 0.4154773625 0.07163593593749999 0.41409082656249996 0.0717473015625 0.41012925625 0.0717473015625 0.40022533125 0.0717473015625 0.391509859375 0.070299528125 0.38556750625 0.068740396875 0.3780405234375 0.06818356249999999 0.37407895468749996 0.06840629375 0.3701173828125 0.0691858578125 0.3649673453125 0.06940859687499999 0.35922306718749997 0.0685176578125 0.35387494531249997 0.0660237171875 0.3527700671875 0.06317205000000001 0.3560538140625 0.0632834140625 0.36199616875 0.06428571875 0.3691269921875 0.06517665 0.3744751125 0.064619815625 0.378832840625 0.06317205000000001 0.3847751953125 0.0623924765625 0.3946791203125
1 0.07197003125 0.39943300000000004 0.073195075 0.41012925625 0.07932025625 0.4089407734375 0.07976571875 0.400621475 0.0799884578125 0.39170794375 0.0795429875 0.38358671875 0.078986153125 0.37764436562500003 0.076870178125 0.3748712703125 0.076870178125 0.3699193078125 0.0769815453125 0.36714620625 0.0775383796875 0.3580345984375 0.0773156484375 0.352884553125 0.0767588140625 0.34951722812499997 0.07409916093749999 0.3500473109375 0.0713018328125 0.35466726249999997 0.0721927703125 0.3629865609375 0.073529171875 0.37071161875 0.0734178046875 0.37506934531249997 0.0718586671875 0.37685205625 0.0710791015625 0.3847751953125 0.07197003125 0.39943300000000004
1 0.246875 0.3451388890625 0.24765625 0.365972221875 0.2460041765625 0.3800037703125 0.24655309218750002 0.3868378875 0.246415865625 0.3958687078125 0.2483370640625 0.40221465468749995 0.249609375 0.40694444374999994 0.253125 0.40625 0.255078125 0.40416666718750005 0.25625 0.40069444374999996 0.25703125 0.37986111093749997 0.253125 0.36319444375 0.25390625 0.3479166671875 0.251953125 0.3416666671875 0.249609375 0.3416666671875 0.246875 0.3451388890625
1 0.2375 0.3576388890625 0.23828125 0.35625 0.2375 0.3479166671875 0.235546875 0.34305555625 0.233984375 0.34305555625 0.233203125 0.34444444375 0.231640625 0.34444444375 0.23046875 0.34930555625 0.23125 0.37013888906250003 0.228125 0.38125 0.228125 0.3923611109375 0.22890625 0.39375 0.22890625 0.39930555624999997 0.23046875 0.4048611109375 0.232421875 0.40833333281249995 0.23828125 0.4076388890625 0.23984375 0.4048611109375 0.23984375 0.40069444374999996 0.240625 0.39930555624999997 0.24140625 0.384027778125 0.240625 0.3826388890625 0.240625 0.3770833328125 0.2375 0.365972221875 0.2375 0.3576388890625
1 0.1693199734375 0.3466411296875 0.1661949734375 0.345252240625 0.1634605984375 0.3501133515625 0.1642418484375 0.3695577953125 0.1618980984375 0.37928001875 0.1618980984375 0.4001133515625 0.1634605984375 0.4070577953125 0.167784078125 0.40904878125 0.1703914171875 0.4075843203125 0.1720543484375 0.4070577953125 0.17217538906250002 0.398309465625 0.17283559843750002 0.389002240625 0.17283559843750002 0.383446684375 0.17283559843750002 0.3778911296875 0.1704918484375 0.3695577953125 0.1704918484375 0.3501133515625 0.1693199734375 0.3466411296875
1 0.18234782031250002 0.3583711234375 0.1815665703125 0.3486489015625 0.17805094531250001 0.3451766796875 0.17453532031250002 0.35003779062499996 0.1753165703125 0.35142667968749997 0.1753165703125 0.3583711234375 0.1768790703125 0.3639266796875 0.17609782031250001 0.36531556875 0.17609782031250001 0.3708711234375 0.1737540703125 0.37920445625 0.1729728203125 0.3986489015625 0.1737540703125 0.400037790625 0.17453532031250002 0.40698223437500003 0.1757071953125 0.40906556875 0.1772696953125 0.41045445625 0.18234782031250002 0.40976001249999994 0.18391032031250001 0.40698223437500003 0.18391032031250001 0.3889266796875 0.1846915703125 0.387537790625 0.1846915703125 0.381982234375 0.1815665703125 0.3708711234375 0.1815665703125 0.36531556875 0.1807853203125 0.3639266796875 0.18234782031250002 0.3583711234375
1 0.19140625 0.3479166671875 0.189740596875 0.3485180046875 0.188368315625 0.3485180046875 0.186447128125 0.35071468906250003 0.186447128125 0.36706776093750004 0.18672158125 0.371949275 0.18452593125 0.3807359953125 0.18359375 0.40208333281249997 0.185546875 0.40972222187499996 0.187109375 0.41111111093749997 0.19140625 0.41041666718750003 0.19375 0.4076388890625 0.19375 0.39375 0.19375 0.3895833328125 0.19375 0.37430555625 0.1921875 0.37152777812500004 0.1921875 0.35208333281250004 0.19140625 0.35069444375000003 0.19140625 0.3479166671875
1 0.21953125 0.346527778125 0.218695765625 0.34656539999999997 0.216637340625 0.346077246875 0.21444168125 0.3538876703125 0.2152650578125 0.3604777171875 0.21484375 0.36319444375 0.21484375 0.37013888906250003 0.21265772031250002 0.38634973437500003 0.21252049374999998 0.3970890875 0.2132066359375 0.40343503125 0.215234375 0.40972222187499996 0.2203125 0.409027778125 0.22265625 0.4048611109375 0.22265625 0.384027778125 0.2203125 0.3729166671875 0.2203125 0.3604166671875 0.22109375 0.35902777812500003 0.22109375 0.3548611109375 0.2203125 0.353472221875 0.21953125 0.346527778125
1 0.223359034375 0.38004451562499997 0.223436775 0.3882024796875 0.22289259062500003 0.39732834375000003 0.2220374421875 0.4046566921875 0.2228148515625 0.40590111875 0.22732381406250002 0.40534804375 0.2277125171875 0.4029974375 0.2285676703125 0.394977753125 0.2288786296875 0.384330903125 0.22864541093750002 0.378246996875 0.227401559375 0.3728544421875 0.2263909265625 0.368844590625 0.226235446875 0.36690880625 0.22646866562499998 0.35971873125 0.226235446875 0.35239038906250003 0.22646866562499998 0.3460299390625 0.22491385 0.344923771875 0.223125815625 0.34423241875 0.22180421875 0.3445089609375 0.22045116406249998 0.34698882656249996 0.2206381078125 0.34865708125 0.2214932546875 0.3591656453125 0.22141551406249999 0.364419934375 0.22126003593750002 0.3682915109375 0.2207935921875 0.37202481875000004 0.22234840781249998 0.377279103125 0.223359034375 0.38004451562499997
1 0.1962274984375 0.39456293124999997 0.19661620156249998 0.4045184125 0.197160390625 0.40880481093750004 0.198792946875 0.4143356359375 0.203846096875 0.41336773437499996 0.20532317500000002 0.39884931875 0.2057896171875 0.38903210625 0.20462350625 0.381288946875 0.20299095 0.3732692515625 0.20337965468750002 0.3666322625 0.20376835781249997 0.3593039203125 0.20299095 0.35183730468749996 0.19965205 0.3504445453125 0.197626834375 0.3508694109375 0.19700490625 0.35570888125 0.19677168750000001 0.363175496875 0.197704575 0.369950759375 0.1982487640625 0.3765877484375 0.1963829828125 0.38612841875 0.1962274984375 0.39456293124999997
1 0.20555639375 0.3799062421875 0.20656702500000002 0.38889383125 0.2064892859375 0.3955308265625 0.20540091249999998 0.401061646875 0.2048567296875 0.4045184125 0.205245434375 0.40852826249999996 0.20975439687500003 0.40852826249999996 0.2115424359375 0.40244435312500004 0.21270854843749998 0.39248887187500003 0.2127862875 0.38529880781250003 0.21177565468749998 0.3811506890625 0.210531803125 0.3765877484375 0.209521178125 0.3718865453125 0.20928795312499998 0.36925940625 0.20944343281250002 0.36234587500000004 0.20959891718749998 0.354740990625 0.20928795312499998 0.3496249734375 0.20749991250000002 0.3467212921875 0.20532317500000002 0.34616820625 0.20369061875 0.34768918437499996 0.20266500625 0.35079011875 0.20322416875 0.35266693125000004 0.20407932343750002 0.3564002328125 0.2044680265625 0.36234587500000004 0.2043125421875 0.3676001578125 0.20369061875 0.371471734375 0.2039238375 0.3749285 0.20555639375 0.3799062421875
1 0.1943600453125 0.3793531609375 0.1943600453125 0.38751112656250003 0.1942823 0.3999554875 0.1943600453125 0.40631593437499997 0.1959926015625 0.40507149687500005 0.1957593765625 0.39926413437499997 0.196070340625 0.3869580453125 0.19700322812499999 0.38280992812500003 0.1977806359375 0.377140828125 0.197469678125 0.372992709375 0.1964590453125 0.3685680546875 0.196303565625 0.36248414375000004 0.196770009375 0.3548792578125 0.1977806359375 0.3494867046875 0.1977806359375 0.3474126453125 0.1956816375 0.3450620484375 0.19381585625 0.344923771875 0.1919738734375 0.3490622578125 0.19311618749999998 0.35239038906250003 0.19319393437500001 0.35819775625 0.19319393437500001 0.3651112875 0.1930384484375 0.3705038390625 0.1921055609375 0.374237146875 0.19288296875 0.3761729390625 0.1943600453125 0.3793531609375
1 0.3296923765625 0.365802640625 0.32829304375 0.3731309828125 0.326893709375 0.37866180781250003 0.32673822656249996 0.38626669375 0.3274378953125 0.39248887187500003 0.32953689375 0.403273984375 0.3356784203125 0.403550521875 0.33653356875 0.40023202500000005 0.3376996796875 0.3864049625 0.337855159375 0.37672601875 0.33645582812499997 0.37105692343749996 0.33451230781249996 0.3656643671875 0.3348232671875 0.3622076015625 0.33536745625000003 0.3530817421875 0.3354451953125 0.3465830203125 0.33420134375 0.3432645265625 0.33193052500000003 0.3412868890625 0.33085848906250004 0.3411904671875 0.32899271093750004 0.3439558796875 0.32829304375 0.3487953515625 0.328215303125 0.353496553125 0.3288372296875 0.356261965625 0.329925596875 0.36123970625 0.3296923765625 0.365802640625
1 0.3422863875 0.36372858125 0.34251960625 0.3666322625 0.3418199375 0.369950759375 0.3404206078125 0.37354579375 0.3397986796875 0.38101240937499997 0.33940997500000003 0.3880642203125 0.33940997500000003 0.39442465625 0.3404206078125 0.40009375625 0.3415089796875 0.40617766718750004 0.3451627953125 0.40631593437499997 0.348350165625 0.40631593437499997 0.3491275734375 0.40368879062499996 0.3499827203125 0.39760488125000004 0.350526909375 0.389170375 0.35060465 0.38350128125 0.3499827203125 0.377279103125 0.3488166078125 0.3717482765625 0.3472617921875 0.36690880625 0.34757275625 0.3634520390625 0.348272425 0.3573681296875 0.34819468593749997 0.3501780578125 0.3472617921875 0.3446472328125 0.3461734265625 0.34271144375 0.344371115625 0.3428419625 0.3421309015625 0.3439558796875 0.3415089796875 0.3463064796875 0.3414312328125 0.3508694109375 0.3415089796875 0.3540496375 0.341664459375 0.356261965625 0.3418199375 0.35971873125 0.3422863875 0.36372858125
1 0.35348105625000004 0.374513690625 0.352159465625 0.38267165468750003 0.3517707609375 0.3872345890625 0.35254816875 0.3955308265625 0.353869759375 0.4046566921875 0.355502321875 0.40866653125 0.361255134375 0.40838999375 0.3621102890625 0.40562458125 0.3631986546875 0.401061646875 0.363665103125 0.39262714062500004 0.363665103125 0.38612841875 0.36257673125 0.3792148875 0.3613328796875 0.3753433109375 0.360477728125 0.371471734375 0.35970031874999997 0.36718534687500004 0.3597780640625 0.3627606859375 0.3600890234375 0.35819775625 0.3598558046875 0.35183730468749996 0.3590006578125 0.3468595609375 0.3578345453125 0.3447855015625 0.35632574687499996 0.34560653750000003 0.354569428125 0.3468595609375 0.35394750468749997 0.3511459515625 0.3544916890625 0.35764467031249997 0.3551136171875 0.3626224125 0.355502321875 0.3678767 0.3551913578125 0.36967421875 0.35348105625000004 0.374513690625
1 0.36249899218750004 0.3789383515625 0.36296543593749997 0.3865432359375 0.3634318796875 0.393180225 0.36397606250000003 0.3984345125 0.3649866953125 0.397743159375 0.3651421734375 0.386819771875 0.36506443437499997 0.37949143125 0.3647534703125 0.3725778984375 0.36350961875 0.3670470734375 0.3627322109375 0.36386685 0.3626544703125 0.3595804625 0.36296543593749997 0.3544644484375 0.3631986546875 0.3490718921875 0.3626544703125 0.3454768546875 0.36187706406250003 0.3425731734375 0.36016676875 0.34036084375 0.358611953125 0.3410521953125 0.3579780140625 0.3440514640625 0.35938936093749996 0.34976324375 0.35993354375000003 0.3564002328125 0.35993354375000003 0.363037228125 0.35938936093749996 0.365802640625 0.3600890234375 0.369950759375 0.3614106203125 0.374513690625 0.36249899218750004 0.3789383515625
1 0.3658418421875 0.386819771875 0.3658418421875 0.39442465625 0.3660750671875 0.40064684218749996 0.36724117968750003 0.4045184125 0.3681740671875 0.4092196171875 0.3705840296875 0.4101875171875 0.374004625 0.4101875171875 0.3754817015625 0.40659247187499997 0.376492334375 0.4027209 0.37625910937499996 0.3927654140625 0.37587040625 0.3837778234375 0.37555944218750004 0.3781087234375 0.3730717390625 0.3732692515625 0.373149478125 0.3685680546875 0.3732272171875 0.363313765625 0.373382703125 0.35750640312500004 0.373382703125 0.3515607640625 0.371983365625 0.3474126453125 0.3701175859375 0.34589166875 0.36828037812500003 0.34819832812499996 0.36739665781249997 0.35294346875 0.3671634390625 0.35805948125 0.368407290625 0.3627606859375 0.36887373437500004 0.368706321875 0.368407290625 0.3728544421875 0.3665415109375 0.3797679828125 0.3658418421875 0.386819771875
1 0.3745488140625 0.37396060625 0.3761036296875 0.3796297046875 0.376492334375 0.3893086484375 0.376492334375 0.394977753125 0.3770365171875 0.40009375625 0.37835810937500003 0.39442465625 0.3784358546875 0.38751112656250003 0.37851359375000004 0.38073586875 0.3775029609375 0.3749285 0.3761036296875 0.3684297796875 0.37555944218750004 0.3655260984375 0.3756371796875 0.36179279062499997 0.37587040625 0.35570888125 0.3761036296875 0.34713610781250004 0.37532622187500003 0.3439558796875 0.374160109375 0.34146700625 0.3718278859375 0.34188181875 0.3706129890625 0.3454337515625 0.37299399843750003 0.34796572812500004 0.3739268859375 0.3508694109375 0.37377140625 0.356123696875 0.37353818125 0.36234587500000004 0.372916253125 0.365387825 0.3733049578125 0.37202481875000004 0.3745488140625 0.37396060625
1 0.3808458171875 0.389585184375 0.381623225 0.3989875875 0.383489 0.40617766718750004 0.38613219375 0.407836909375 0.3895527828125 0.40714555625 0.39095212031250004 0.40258263124999993 0.39188500625 0.39428640000000004 0.39211823125 0.387096315625 0.39095212031250004 0.377002559375 0.3895527828125 0.3703655703125 0.38838667031249996 0.363175496875 0.3883089375 0.3570915875 0.388464415625 0.3510076796875 0.3882311921875 0.34589166875 0.38659863125 0.34423241875 0.3844996328125 0.3440941484375 0.3829563875 0.3466432546875 0.3827893359375 0.3499015203125 0.3827893359375 0.35570888125 0.38387770312499997 0.3611014375 0.38403319375 0.368706321875 0.382711590625 0.371610003125 0.3815454796875 0.38032105625 0.3808458171875 0.389585184375
1 0.39211823125 0.3841926328125 0.3920404859375 0.389170375 0.391496303125 0.396222175 0.3913408234375 0.4011999265625 0.39281789375 0.399678940625 0.39343982187500004 0.393180225 0.393673046875 0.38267165468750003 0.39343982187500004 0.374513690625 0.39242919062500004 0.36732361562500004 0.3907966390625 0.3628989546875 0.3911853453125 0.35653850625 0.3913408234375 0.3481039984375 0.3913408234375 0.3424349015625 0.3886976421875 0.3395312234375 0.3868318546875 0.339392946875 0.38620992656249997 0.3435410671875 0.3880757125 0.3443706953125 0.38854215000000003 0.34865708125 0.38838667031249996 0.354740990625 0.3880757125 0.3622076015625 0.38838667031249996 0.365940909375 0.3901747125 0.37105692343749996 0.39211823125 0.3841926328125
1 0.3960052703125 0.38626669375 0.3971713828125 0.395254284375 0.3991149015625 0.403827059375 0.40447901093749994 0.4027209 0.40595609374999997 0.39705180625000003 0.40688898125 0.386819771875 0.406578021875 0.3783852671875 0.40525641874999996 0.3717482765625 0.403934828125 0.3628989546875 0.403934828125 0.3548792578125 0.403934828125 0.3485188140625 0.403934828125 0.3439558796875 0.4023800125 0.3417435484375 0.401058421875 0.3409139296875 0.3988958953125 0.3430147484375 0.3984152390625 0.34921016875 0.3984152390625 0.3551558015625 0.3994258609375 0.360410084375 0.39927038125 0.36718534687500004 0.3975600875 0.37133346718750004 0.3960830171875 0.3765877484375 0.3960052703125 0.38626669375
1 0.41089691874999995 0.3736840625 0.41074143906250005 0.38350128125 0.4111301421875 0.38889383125 0.411985296875 0.395254284375 0.413695590625 0.402029546875 0.41804907968749994 0.402029546875 0.419370671875 0.40023202500000005 0.420303559375 0.393871578125 0.42108096718750004 0.38502225625 0.42077000781249996 0.3753433109375 0.419370671875 0.36967421875 0.41781585625 0.3648347453125 0.4177381109375 0.3601335421875 0.41804907968749994 0.352252115625 0.418204559375 0.34381760781250004 0.417038446875 0.3400843 0.414473 0.33870159375000003 0.412599984375 0.34215081875000003 0.4128404375 0.3453385859375 0.4129181828125 0.351975578125 0.413384634375 0.35722986093750003 0.4136178453125 0.36179279062499997 0.4128404375 0.3648347453125 0.41237399999999996 0.370089028125 0.41089691874999995 0.3736840625
1 0.48125 0.3576388890625 0.4813283078125 0.35443411406249997 0.4813283078125 0.34475517031249997 0.4786851203125 0.34088359375 0.47578125 0.3423611109375 0.475653228125 0.34475517031249997 0.475 0.346527778125 0.475 0.35069444375000003 0.4753422703125 0.352636596875 0.4762751578125 0.35802915468749996 0.47578125 0.3645833328125 0.47363196875 0.3766956890625 0.47386519375 0.3829178625 0.4734375 0.38680555625 0.4734375 0.3923611109375 0.47421875 0.39375 0.475 0.40069444374999996 0.476953125 0.40416666718750005 0.48125 0.403472221875 0.4827276453125 0.39812763125 0.48366053124999997 0.39397951249999996 0.48412697656250003 0.3899696734375 0.48404923593750004 0.386236359375 0.48428246093749994 0.378216675 0.4828125 0.36875 0.480784125 0.3638365171875 0.48125 0.3576388890625
1 0.4870033875 0.3924585390625 0.48793627500000003 0.3990955328125 0.49042397812500005 0.4046263578125 0.495554875 0.4042115421875 0.4967987265625 0.40061650625 0.49780935312499996 0.39384124374999996 0.49843128124999997 0.38430056874999996 0.4977316125 0.37724876875 0.49602131875 0.3719944953125 0.4945442421875 0.367569825 0.49438876406250004 0.36397479062500004 0.49462198125 0.3565081734375 0.49501068593750003 0.351806975 0.4947774671875 0.3459996078125 0.493533609375 0.34420209062499996 0.4916678359375 0.343787275 0.490062103125 0.34647046875 0.48871368281249994 0.3475205828125 0.48964657031250003 0.3524983296875 0.48987979531250003 0.35913531875000004 0.4902684984375 0.3664636703125 0.488480459375 0.3748981671875 0.4871588671875 0.38250305625 0.4870033875 0.3924585390625
1 0.9490151484375 0.36162894843750004 0.9479396156250001 0.3671939015625 0.9482329390625001 0.373976196875 0.9491129218750001 0.38162801874999996 0.9505795578124999 0.38788860625 0.9534150531250001 0.3929318390625 0.9559572203125001 0.3929318390625 0.9574238562499999 0.38701908125 0.9588904906250001 0.3800628703125 0.9592815968749999 0.37241105 0.9599660234374999 0.3649331390625 0.9582060640625001 0.35815085 0.9560549953124999 0.351716365625 0.9563483250000001 0.34667311875 0.956837203125 0.3378039703125 0.9574238562499999 0.332586821875 0.9551750125 0.32997824375 0.95264009375 0.32884166718749996 0.9520461921875001 0.32997824375 0.95067733125 0.3313694859375 0.9497973484375001 0.3383256828125 0.9504817828125001 0.34441235625 0.9514595390625 0.3498034109375 0.9504817828125001 0.3548466546875 0.9490151484375 0.36162894843750004
1 0.9678858515625001 0.37380229531250003 0.9684725125 0.38058458281249996 0.9690591656249999 0.38475830625 0.9699391484375001 0.38962765625 0.971112453125 0.39101888125 0.9754145859375001 0.39154059375 0.9760990125 0.38962765625 0.977272325 0.382845346875 0.9781523015625 0.377106484375 0.9785434046875 0.37136762343749996 0.9782500828125 0.36510704843749997 0.97717454375 0.36110722968750003 0.9758056906249999 0.3553683671875 0.9760012375 0.34945560625 0.9765878906250001 0.3437167375 0.9765878906250001 0.336586634375 0.9764901171875 0.3322390109375 0.9754145859375001 0.32997824375 0.9741434984374999 0.32910871875000003 0.9721879859375001 0.3303260625 0.9708191234375001 0.3338041609375 0.9712205609375 0.33840354375000004 0.971308003125 0.34354283125 0.9721879859375001 0.34875998125 0.9724813140625 0.3529337015625 0.9717968796875001 0.35745522812499997 0.9696458187499999 0.3638897125 0.9681791828125 0.369106859375 0.9678858515625001 0.37380229531250003
1 0.9781523015625 0.3833670671875 0.9792278390625 0.38893201875 0.98509438125 0.3880624953125 0.9863654609375001 0.375019625 0.9871476703125 0.3680634265625 0.9866587906250001 0.3602377046875 0.985387703125 0.35675960624999997 0.984409946875 0.353455415625 0.9848010515625001 0.34928169375 0.98509438125 0.34197768906250003 0.985583259375 0.334847584375 0.9847032765625 0.33067386718749997 0.9831388671875001 0.3284131015625 0.9804989187500001 0.329282625 0.9790322843749999 0.3341519671875 0.9801078140625 0.3418037828125 0.9802663140625001 0.348400053125 0.9799122656250001 0.3522380796875 0.97844563125 0.35589008125 0.9783478578125001 0.3612811375 0.9796189359374999 0.363194090625 0.9795211609375001 0.373106671875 0.9785434046875 0.37901944374999996 0.9781523015625 0.3833670671875
1 0.9918408984375 0.39288553125000003 0.9972185703124999 0.39236381875 0.9981963265625 0.37984266093749997 0.9982940921875001 0.3678432171875 0.9973163359375 0.35897406875 0.996631909375 0.35306129999999997 0.996631909375 0.34506167187500003 0.9973163359375 0.3351490890625 0.9951652734374999 0.331670990625 0.9926231078125 0.3320188 0.9906675937499999 0.33584470781250003 0.9906675937499999 0.3422791984375 0.9915123859375001 0.349269315625 0.9924275578125 0.35462644375 0.9910586968749999 0.35880016875 0.9894942875 0.36540855156249996 0.9885165312499999 0.374451609375 0.9886143046875 0.3807121859375 0.9898853843750001 0.388711809375 0.9918408984375 0.39288553125000003
1 0.8089800515625001 0.337858428125 0.8084911781249999 0.3335108046875 0.8059490078125 0.332293475 0.8046875 0.334027778125 0.8046875 0.35208333281250004 0.80390625 0.353472221875 0.80390625 0.3576388890625 0.8015625 0.36875 0.8015625 0.37986111093749997 0.80234375 0.38125 0.80234375 0.38680555625 0.803125 0.3895833328125 0.805078125 0.39305555625 0.80859375 0.39375 0.810546875 0.39305555625 0.8108377921875001 0.38481276875 0.8105444687500001 0.37368285 0.8108377921875001 0.3686396046875 0.8106422437499999 0.36637885468750003 0.8093711578124999 0.3575096921875 0.808197846875 0.35281425624999996 0.8089800515625001 0.337858428125
1 0.82699289375 0.3427277703125 0.8266995640625 0.338380146875 0.8257218078124999 0.33385861562499997 0.8234729703125 0.3343803296875 0.8207352468750001 0.33855405 0.821875 0.35069444375000003 0.8218107796874999 0.3566401671875 0.82109375 0.365972221875 0.8203125 0.3673611109375 0.8203125 0.39097222187499997 0.8218107796874999 0.3959426875 0.826171875 0.3958333328125 0.828125 0.3951388890625 0.8284595296875 0.39020381875 0.8282639812499999 0.38376934218750003 0.8286550781249999 0.37576970468750004 0.8284595296875 0.3672483796875 0.827481771875 0.36081388125 0.8263084671875 0.35542283124999996 0.8267973453125 0.3491622484375 0.82699289375 0.3427277703125
1 0.87343635625 0.3293370890625 0.87109375 0.33125 0.8703125 0.3326388890625 0.8698186437500001 0.3538576828125 0.8679609125000001 0.3615095046875 0.8678631296875 0.3715959953125 0.86953125 0.3854166671875 0.870703125 0.39027777812500003 0.8748052109375 0.3905516234375 0.8756851859375001 0.3851605734375 0.877347384375 0.37663922968749997 0.8774451531249999 0.3688135125 0.876271846875 0.35959654531249996 0.8740230015625 0.350727409375 0.8745118812499999 0.3373367140625 0.8743163328125 0.33003270625000003 0.87343635625 0.3293370890625
1 0.819953046875 0.38968210000000003 0.8195619421875 0.3835954265625 0.8191708390624999 0.3787260953125 0.8203441437500001 0.37072647812500004 0.8203441437500001 0.3653354140625 0.8200508203125001 0.360118265625 0.8183886296875 0.355248921875 0.8178019765625001 0.35107520625 0.8187797328125 0.3458580578125 0.8193663859375 0.3397713859375 0.8191708390624999 0.3319456640625 0.8152598093750001 0.332293475 0.8123265390625001 0.3336847125 0.8127176437499999 0.3416843375 0.8136954015625 0.350379584375 0.8147709328125 0.3538576828125 0.81261986875 0.36203123125 0.811935434375 0.3719438 0.8118376609375 0.379943425 0.8131087484374999 0.389856015625 0.8159442374999999 0.3905516234375 0.819953046875 0.38968210000000003
1 0.7904247828125001 0.3547272078125 0.790620334375 0.35020568124999996 0.7908158859375 0.33890186093749997 0.790522559375 0.3319456640625 0.786220428125 0.33385861562499997 0.7876870640625 0.3926384921875 0.7909136609375 0.391247246875 0.7925758468749999 0.3842910484375 0.793260278125 0.3754219 0.7935536046875 0.36655274375 0.792673621875 0.36220511875 0.7904247828125001 0.3547272078125
1 0.8371615671875 0.3933341140625 0.8376504468749999 0.389508196875 0.8377482203125 0.383247621875 0.837552671875 0.377508753125 0.837552671875 0.3709003671875 0.8387259765625 0.3646398046875 0.8382371 0.36098779062499997 0.8369660124999999 0.3538576828125 0.83706379375 0.35055349375 0.8376504468749999 0.3408148125 0.837454890625 0.3342064265625 0.8351082796875 0.332119565625 0.8325661046875 0.3317717546875 0.8318816796874999 0.33298909062500004 0.8313928 0.3439451 0.8323705562500001 0.350727409375 0.8330549843749999 0.3564662578125 0.8308061484374999 0.36290075625 0.8295350609375 0.3695091296875 0.829926165625 0.3778565703125 0.8307083734375 0.3875952453125 0.8327616624999999 0.3924645890625 0.8371615671875 0.3933341140625
1 0.8563256031250001 0.3917689671875 0.8571078125 0.382378096875 0.8571078125 0.372987228125 0.85681448125 0.36655274375 0.854956740625 0.35994435625 0.855250071875 0.3529881578125 0.855641175 0.34690148593750003 0.8557389499999999 0.33855405 0.8547611937499999 0.3343803296875 0.8525123499999999 0.331597853125 0.8492857562499999 0.3357715734375 0.8492857562499999 0.3429016734375 0.8501657312500001 0.35055349375 0.850654609375 0.35768360625 0.8487968765625 0.36394416875 0.8479168937500001 0.37663922968749997 0.8485035468750001 0.38916039375 0.8499701828124999 0.39455144375 0.8553478453125001 0.3950731640625 0.8563256031250001 0.3917689671875
1 0.866494278125 0.38637791718750003 0.8669831546875001 0.3733350453125 0.8669831546875001 0.36342245625 0.86610318125 0.35872702031250003 0.8648320937499999 0.352118634375 0.8659076171875 0.34429291093750003 0.8659076171875 0.3371628109375 0.865223190625 0.330728328125 0.8604321859375 0.3343803296875 0.8591611 0.34324948437499997 0.8605934390625001 0.35252904531249996 0.8605299531249999 0.35716188125000004 0.85886776875 0.364118078125 0.8580855609375 0.3726394234375 0.8582811234375001 0.38394324375 0.8597477609374999 0.3926384921875 0.865223190625 0.3924645890625 0.866494278125 0.38637791718750003
1 0.8468413625 0.38655181875 0.847525790625 0.376117521875 0.8468413625 0.365857128125 0.845472503125 0.36133559375 0.8445925187500001 0.3555967328125 0.84478806875 0.346379771875 0.845179171875 0.337684525 0.8417570218750001 0.33559766562500004 0.8395081859375001 0.3375106234375 0.8391170812500001 0.34794491875 0.8401793734374999 0.3562234078125 0.8410725953125 0.35959654531249996 0.8395081859375001 0.3644658890625 0.83784599375 0.3749001796875 0.8382371 0.38846477031250004 0.8400948390625 0.397855640625 0.845765825 0.39698611562499997 0.8468413625 0.38655181875
1 0.6448362328125 0.343546253125 0.644151803125 0.33885081875 0.6431740453125 0.33659005625 0.640143 0.337633484375 0.639654121875 0.3430245390625 0.6405341046874999 0.350676353125 0.6411207578125 0.3558935015625 0.6405341046874999 0.36076284375 0.63906746875 0.36493655937499997 0.637014178125 0.3772838140625 0.63799455625 0.385778303125 0.64757395625 0.38389220156250004 0.646791746875 0.37415352031250004 0.6459117640625001 0.36684951875 0.6447384578124999 0.36058893593749997 0.6444451296875 0.3553717875 0.6443473546875 0.349806828125 0.6448362328125 0.343546253125
1 0.6737778375000001 0.3917179234375 0.6746578203125 0.38563125 0.6747555937499999 0.37484915625 0.6740711687500001 0.3661538953125 0.6727023062499999 0.360936746875 0.671626775 0.3574586484375 0.6718223234375 0.35293712187500004 0.6730934109375 0.3470243515625 0.67280008125 0.33972034375 0.6719201046875 0.33537271875 0.6686935046875 0.33554663125 0.6667379906249999 0.339372534375 0.6671290953125 0.3470243515625 0.668204625 0.3565891234375 0.668889053125 0.3583281734375 0.6674224171875001 0.36563218124999997 0.6657602328125 0.37693600312500003 0.665466903125 0.38771811093749997 0.668400175 0.395196021875 0.672213428125 0.3950221140625 0.6737778375000001 0.3917179234375
1 0.690106384375 0.37624038125000003 0.6905952625 0.3684146578125 0.689813053125 0.36232798437499997 0.6884441921875 0.35798036093749996 0.6885419734375 0.355197884375 0.6890308515625 0.3482416875 0.689715278125 0.3423289171875 0.6891286265625001 0.33798129375 0.6872708859375 0.33537271875 0.6842398421875 0.33728568124999997 0.6831643109375001 0.3414593921875 0.6831643109375001 0.3482416875 0.6839567625 0.357309984375 0.6826754328125 0.36493655937499997 0.681013240625 0.3783272546875 0.681208796875 0.3908483984375 0.6819909984375 0.387196390625 0.686586459375 0.3831965796875 0.690106384375 0.3825009625 0.690106384375 0.37624038125000003
1 0.699688396875 0.377805528125 0.6984173171875 0.36702341875 0.6975373359375 0.3593716 0.6980262140625 0.3473721625 0.6963640296875 0.339372534375 0.6928440984375001 0.340415965625 0.6925507765625001 0.3477199734375 0.6930025171875001 0.35774461562500004 0.6931374296875 0.360936746875 0.6912796890624999 0.375544765625 0.69264855 0.3825009625 0.6945062890625 0.392065734375 0.69949285 0.3945004 0.6995906234375 0.3892832515625 0.699688396875 0.377805528125
1 0.7012528140625001 0.3925874484375 0.70379498125 0.38215315156249996 0.7030127734375 0.3701537078125 0.700861709375 0.3637192234375 0.699883953125 0.3525893109375 0.7007639359375 0.3471982546875 0.7000795015625 0.33728568124999997 0.6980262140625 0.33380758125 0.6952028359375 0.33688233749999996 0.697830665625 0.34285063125000004 0.6985150921875001 0.35119807187499996 0.697830665625 0.358675984375 0.6990039703125001 0.36771904375000003 0.7002750578125 0.3809358296875 0.7003728312499999 0.39223965 0.7012528140625001 0.3925874484375
1 0.7183635546875 0.38354440312500004 0.7191457625 0.3732839953125 0.71924354375 0.36563218124999997 0.7181680046875 0.36163236875 0.7169947 0.3558935015625 0.7170924828125 0.3522415 0.7172880312500001 0.345807015625 0.7168969187500001 0.3383291046875 0.716505821875 0.3360683375 0.7142569765625 0.3360683375 0.71259479375 0.33728568124999997 0.712105915625 0.3400681546875 0.7123992453125 0.3468504484375 0.7126925749999999 0.3543283609375 0.7116170375 0.3604150328125 0.7091726453125 0.369805896875 0.708585984375 0.3807619140625 0.709954853125 0.3859790609375 0.7112259390625 0.395196021875 0.7172880312500001 0.3946743078125 0.7183635546875 0.38354440312500004
1 0.7304877484375 0.3675451328125 0.7296077578125 0.36076284375 0.72823890625 0.3548500734375 0.7283366859375 0.35293712187500004 0.7286300015625 0.3374595796875 0.7283366859375 0.3334597640625 0.7250123046875 0.33380758125 0.723154571875 0.33641615625 0.723154571875 0.3398942546875 0.7233501203125 0.348937303125 0.7238069765625 0.35578877656249996 0.7219812671875 0.36076284375 0.7204168484375 0.36945809218750003 0.7206123984375 0.3791967796875 0.723154571875 0.3925874484375 0.7276522453125 0.39310917500000003 0.730585515625 0.37884895625000004 0.7304877484375 0.3675451328125
1 0.5112262203125 0.4052825140625 0.51279063125 0.393456971875 0.51279063125 0.3807619140625 0.5104440203125 0.37206666718750003 0.508977384375 0.36563218124999997 0.5096618125 0.3595455078125 0.5107373421875 0.35415445156250003 0.51063956875 0.3473721625 0.50731519375 0.343546253125 0.5033063906249999 0.3465026375 0.503501940625 0.3555456953125 0.5047730265625 0.365806084375 0.503404165625 0.37311009375 0.502426409375 0.388239825 0.5036974953125 0.404412990625 0.50848850625 0.40823889375 0.5112262203125 0.4052825140625
1 0.524425940625 0.40963013750000005 0.5279458640625 0.3990219265625 0.52823919375 0.386500775 0.5260881328125 0.37102323125000003 0.524425940625 0.36737123125000004 0.52520815 0.3593716 0.52501259375 0.34789387656250004 0.5218666375 0.3453576375 0.5182660765625 0.3485894984375 0.5185593984375 0.3590237953125 0.5199282609375 0.36928418281250003 0.5174838671875001 0.375544765625 0.5162127796875 0.3868485859375 0.5173860921875 0.3997175484375 0.5197327125 0.40997794374999996 0.524425940625 0.40963013750000005
1 0.530096934375 0.3979784984375 0.5344968390625 0.40736936874999996 0.5382123109375 0.40615203906249997 0.540950034375 0.39763069375 0.542025565625 0.3863268671875 0.5407544859375 0.37397961875 0.5379189890625 0.3666756078125 0.5379189890625 0.36232798437499997 0.538701190625 0.355197884375 0.5389945203125001 0.34876340156249996 0.5374301109374999 0.3430245390625 0.5360464687500001 0.3431844828125 0.53381240625 0.34337235 0.5327368734375 0.3518936890625 0.5331279796875 0.360936746875 0.5334213078125 0.36684951875 0.5317591171875 0.37311009375 0.529999159375 0.37937066875 0.5290214015625 0.3859790609375 0.530096934375 0.3979784984375
1 0.5456432718750001 0.40023926875000004 0.5474032296875 0.4045868921875 0.551020934375 0.4037173671875 0.5528786671875 0.3979784984375 0.5549319625 0.3908483984375 0.5540519796875001 0.38110971875 0.5523897890625 0.36997980625000004 0.550825378125 0.3637192234375 0.5517053609375 0.354676171875 0.5522920140625 0.3456331140625 0.5509231531250001 0.3407637765625 0.5480259796875 0.341445959375 0.54583881875 0.3440679671875 0.5456432718750001 0.3543283609375 0.5463276968749999 0.36250189375 0.5447632890625 0.3706754203125 0.5431988796875 0.37589256875 0.54271 0.3863268671875 0.5434922015625 0.3945004 0.5456432718750001 0.40023926875000004
1 0.5642206453124999 0.40197831875 0.5672516984375 0.391370125 0.5676427953125 0.3798923890625 0.5651984031249999 0.36511046875000003 0.5640250984375 0.3593716 0.5653939671875 0.350676353125 0.5646117578125 0.34111158124999996 0.5615946093749999 0.339490121875 0.558842990625 0.34111158124999996 0.5583541125 0.3492851140625 0.559625190625 0.3595455078125 0.55796300625 0.3666756078125 0.5562030421874999 0.37624038125000003 0.5571807984375 0.387196390625 0.558842990625 0.3983263171875 0.5642206453124999 0.40197831875