1 0 0.3465698484375 0.013373199999999998 0.3792431375 0.0219910109375 0.4203125 0.0513929953125 0.4203125 0.059095243750000005 0.40742498281249995 0.0713634734375 0.359246165625 0.0855335890625 0.28177314062500003 0.0868804796875 0.2330982546875 0.0835883546875 0.1806393421875 0.07026927031249999 0.117898365625 0.0513144984375 0.10348857812500001 0.016336021875000002 0.0910805796875 0.006271414062499999 0.11757218437500001 0 0.1876042015625 0 0.3465698484375
1 0.5010766875 0 0.503000265625 0.14827207656250002 0.5 0.15579562656249998 0.5 0.39595445156250003 0.52665614375 0.40176055625 0.5865097203125 0.409375 0.5986089859375 0.409375 0.6116517859374999 0.341637103125 0.6116517859374999 0.1975567390625 0.5870825156249999 0.1403657875 0.5862751421875 0.011528615624999999 0.5819791765625 0 0.5010766875 0
1 0.6651749734375001 0 0.663952315625 0.06836028125 0.646875 0.143815903125 0.646875 0.308013703125 0.65956456875 0.3222632421875 0.696524465625 0.3234375 0.7289904625 0.3234375 0.7617678921875 0.24408468125 0.7654946687499999 0.1729735703125 0.7397407953125 0.0687576578125 0.745728415625 0 0.6651749734375001 0
1 0.81315745 0 0.8136943999999999 0.011528540625 0.79375 0.066229728125 0.79375 0.1409163421875 0.801286921875 0.24350982812500002 0.8241301515625 0.258397090625 0.8741886140625 0.2640625 0.8755066921875001 0.2640625 0.9016264796875 0.24295579374999998 0.9016264796875 0.0723407859375 0.884379571875 0.007608712500000001 0.8845986390625 0 0.81315745 0
1 0.8876499593750001 0 0.8905902781249999 0.20288194375000002 0.9394791671875 0.19399305625000002 0.9617013890624999 0.11399305625 0.9600751171875 0.051949121875000004 0.9429287593750001 0 0.8876499593750001 0
1 0.6295208328124999 0 0.610590278125 0.0473263890625 0.610590278125 0.18065972187499998 0.62836805625 0.1984375 0.6417013890625001 0.1984375 0.6683680562500001 0.07843750000000001 0.6683680562500001 0 0.6295208328124999 0
1 0.3131321375 0.8785713046874999 0.31403834062499997 0.8729821171874999 0.31403834062499997 0.7262690968750001 0.29906126875 0.6673965562499999 0.2981681734375 0.5688218078125 0.2916013875 0.5513925140625 0.2843437671875 0.5457551453125 0.2727947953125 0.5497854531249999 0.26463101718750004 0.569819796875 0.274219996875 0.651836965625 0.27468379062500003 0.6823834328125 0.2625 0.7652246578125 0.2625 0.7666549359375 0.263982371875 0.80303495 0.26890729375 0.828080403125 0.2826067953125 0.8768278796875 0.2878487078125 0.8828125 0.3086950421875 0.8828125 0.3131321375 0.8785713046874999
2 0.5 0.680515934375 0.832188509375 0.6828125 0.9067802953124999 0.6828125 0.9067802953124999 0.6265698015625001 0.9040459203125 0.6208232 0.8760699593750001 0.620585509375 0.5 0.620585509375 0.5 0.680515934375
1 0.76801394375 0.6203125 0.7713044124999999 0.61515423125 0.7727601843749999 0.587376453125 0.7627349953125 0.5393531953124999 0.76853375 0.5034924078125 0.7692616343750001 0.48960351874999997 0.7659563765625 0.4859375 0.7655316375 0.4859375 0.751365671875 0.487063140625 0.7534327828125 0.5373635296875 0.746875 0.557180440625 0.746875 0.6193560484375 0.757676375 0.6203125 0.76801394375 0.6203125
1 0.80549920625 0.53112733125 0.8059023 0.48962455625 0.8030864859375001 0.487241925 0.7886752828125 0.487241925 0.79371576875 0.5289189875 0.7859375 0.5743871671875 0.7859375 0.5792650234375 0.7869880109375 0.6018199046875 0.7891327078125 0.614429165625 0.7906213140625 0.615625 0.8155304624999999 0.615625 0.8155304624999999 0.5643195234375 0.80549920625 0.53112733125
1 0.54296875 0.49322916718750004 0.534765625 0.46197916718750004 0.530078125 0.46197916718750004 0.52578125 0.46961805625 0.5296875 0.5321180562500001 0.51875 0.5807291671875 0.5203125 0.6182291671875 0.5265625 0.6223958328125 0.550390625 0.6217013890625 0.553125 0.604340278125 0.55078125 0.566840278125 0.54140625 0.5321180562500001 0.54296875 0.49322916718750004