1 0.3725307703125 0.3890625 0.3725307703125 0.2763830296875 0.36584195625000004 0.251295434375 0.3566892359375 0.2342368671875 0.3615625390625 0.19306223125 0.360494371875 0.13648061875 0.356785509375 0.1297531234375 0.345718634375 0.1276762515625 0.33330488593749996 0.13032913906250002 0.3302860359375 0.1384164578125 0.3363004578125 0.2002532359375 0.34319069375 0.2360305828125 0.334721334375 0.2560758046875 0.33054801718750004 0.278631790625 0.3296875 0.2870320375 0.3296875 0.379590646875 0.331006284375 0.3890625 0.3725307703125 0.3890625
1 0.29184338906249996 0.3890625 0.295135609375 0.367766203125 0.2966995515625 0.3409143515625 0.2953357515625 0.31951194374999997 0.286951375 0.266267275 0.280271384375 0.24650449531250002 0.286881871875 0.22264264531250003 0.2950392890625 0.15429390468749998 0.2936215609375 0.1338174234375 0.290586684375 0.127660959375 0.2856669015625 0.125 0.28113816406250003 0.125 0.2708489453125 0.1259285828125 0.2672208484375 0.12995730625 0.26402346250000003 0.1400363796875 0.2613071109375 0.222528675 0.26417948125 0.2449206765625 0.2570126875 0.26040675 0.2520001703125 0.292686821875 0.2515625 0.294242371875 0.2515625 0.3890625 0.29184338906249996 0.3890625
1 0.15382015625 0.3890625 0.155384534375 0.371181571875 0.154967584375 0.34606028125 0.14892535 0.2955751140625 0.1440524859375 0.279543278125 0.1562508578125 0.217821596875 0.16145871875 0.1762277046875 0.15987287187500002 0.1584895640625 0.1551736984375 0.14943855625 0.148807903125 0.14449356875 0.1374653640625 0.148613775 0.1278938 0.1653674046875 0.12434088437499999 0.194022590625 0.123658978125 0.279523134375 0.1234375 0.2799494046875 0.1234375 0.3890625 0.15382015625 0.3890625
1 0.07077899062500001 0.13289909687499998 0.057520151562499997 0.1500287265625 0.054071851562499995 0.1611398375 0.055714940625 0.2657694671875 0.0484375 0.2896606921875 0.0484375 0.3234375 0.0527225625 0.3234375 0.08287898125 0.31669539375 0.075452725 0.26762131875 0.082924159375 0.189843540625 0.08342711093750001 0.15465835625 0.08087235781249999 0.1440102078125 0.07077899062500001 0.13289909687499998
1 0.055070984375 0.1573445359375 0.06634248125 0.1283225828125 0.0609437625 0.1224631890625 0.047402095312499996 0.12285721093749999 0.0426715 0.1266973078125 0.0407785515625 0.1327688671875 0.0418777625 0.1725382171875 0.048630725 0.2186223484375 0.0484691140625 0.23251123749999997 0.0394102375 0.2503614609375 0.03125 0.29156322343749996 0.03125 0.3765625 0.031730367187500004 0.3765625 0.033300553125 0.37272007500000004 0.03450383125 0.358800878125 0.0421187234375 0.3308109328125 0.047161770312500004 0.300118984375 0.05742392187499999 0.2683495640625 0.055070984375 0.1573445359375
0 0.121766271875 0.3890625 0.1167467078125 0.35063240156250003 0.10294626250000001 0.32986044375 0.088759453125 0.3179939765625 0.0691188625 0.3179939765625 0.0451822859375 0.325567325 0.039009915625 0.33867473124999997 0.0326725390625 0.369883196875 0.025 0.3819519515625 0.025 0.3890625 0.121766271875 0.3890625
1 0.781678478125 0.3890625 0.7780041203125 0.2904379546875 0.7696110859375 0.2728663578125 0.7578939968749999 0.268045084375 0.7477991109375 0.281229303125 0.7449726640625001 0.29905553125 0.7534585515625001 0.3690921359375 0.7543886875 0.3890625 0.781678478125 0.3890625
1 0.69256015625 0.3890625 0.6935742546875 0.3716510890625 0.700653090625 0.32182086718749997 0.7021631046875 0.295894940625 0.698554184375 0.27718542031250004 0.68892496875 0.265625 0.6786093171875 0.265625 0.672602640625 0.2700951734375 0.6677710890624999 0.2768592296875 0.6633163203125 0.2905995625 0.6610697546875001 0.3202079703125 0.663617109375 0.3750710453125 0.6628022 0.3890625 0.69256015625 0.3890625
1 0.609898109375 0.3890625 0.6197151390625 0.2980467484375 0.61366170625 0.280565375 0.6075140484375 0.278125 0.5986428187499999 0.278125 0.59375 0.28545533125 0.59375 0.3890625 0.609898109375 0.3890625
1 0.1159616875 0.7030039828125 0.10607250625 0.6813491625 0.1091145796875 0.6681525625 0.10686206718749999 0.653437878125 0.1106870546875 0.6346189703125 0.1087861984375 0.6050227171875 0.10442712968750001 0.5955508187499999 0.097440665625 0.5913550843750001 0.07647795625 0.5899123671875 0.072765771875 0.5943293578125 0.0709378671875 0.6111629078125 0.07314392812500001 0.6360961546875 0.07730726875 0.6469736296875 0.07803708125 0.6738588578125 0.0703125 0.7104590890625 0.0703125 0.776064078125 0.0811619828125 0.8194628640625 0.0901019484375 0.83125 0.1139194640625 0.83125 0.117868034375 0.8264510375 0.117868034375 0.7098323687500001 0.1159616875 0.7030039828125
1 0.9647687140624999 1 0.9649294218750001 0.9861888437499999 0.9725101546874999 0.9387620328124999 0.9676017187500001 0.92432645625 0.9598700250000001 0.917609334375 0.9475909578125 0.9325450125 0.9484908515625001 0.9894439937499999 0.94689013125 1 0.9647687140624999 1
1 0.86511849375 1 0.8575391015625 0.9717869828125 0.8565662140625001 0.914979046875 0.8476273531249999 0.9011799437499999 0.840981653125 0.9011799437499999 0.8375 0.9013653875 0.8375 0.9389752234375 0.84277624375 0.9723113218750001 0.8375 0.9968360359374999 0.8375 1 0.86511849375 1
1 0.9063146140624999 1 0.916231059375 0.965170353125 0.9157070234375 0.9303116218749998 0.9091319312499999 0.9062454843750001 0.9157507828125 0.8397608296874999 0.9068603609375 0.8319693265625 0.9060969390625001 0.8319693265625 0.8966368390625 0.845613209375 0.896214625 0.8985274953125 0.89375 0.9050869109375 0.89375 1 0.9063146140624999 1
1 0.8234375 0.8359375 0.820289221875 0.826502153125 0.812109375 0.8213541671875 0.80625 0.8317708328125001 0.81015625 0.8942708328125001 0.80234375 0.9234375 0.8015625 0.9470486109374999 0.8140625 0.9984375 0.825390625 0.9991319437499999 0.82890625 0.9942708328125001 0.83515625 0.9595486109374999 0.83125 0.9151041671875 0.8234375 0.8942708328125001 0.8234375 0.8359375
1 0.88046875 0.8067708328125001 0.876171875 0.8032986109374999 0.86640625 0.8053819437499999 0.8671875 0.8373263890625001 0.859375 0.8678819437499999 0.86015625 0.8998263890625001 0.86640625 0.9276041671874999 0.87109375 0.9317708328125001 0.88046875 0.9289930562500001 0.88828125 0.8970486109374999 0.8875 0.8595486109374999 0.8796875 0.8373263890625001 0.88046875 0.8067708328125001
1 0.7650899062500001 1 0.7611871609375 0.9791758187500001 0.7499295828125 0.9591530640624999 0.7484375 0.9026041671874999 0.736328125 0.8838541671875 0.728125 0.89288194375 0.725 0.90399305625 0.73203125 0.958159721875 0.728188775 1 0.7650899062500001 1