1 0.361018934375 0 0.3647240421875 0.1004845609375 0.35 0.15766061250000002 0.35 0.2523328125 0.35325353593750003 0.26875 0.40292190781250004 0.26875 0.40489310468750006 0.25919013281250003 0.40489310468750006 0.16238628593749999 0.40488556718749996 0.1623109203125 0.39030952343749997 0.1034456828125 0.38985698593749996 0.07751975625 0.39412791875000003 0.02366450625 0.39413083125 0 0.361018934375 0
1 0.2733324515625 0 0.27149290000000004 0.019577909375 0.272735075 0.0851822578125 0.271327828125 0.1120341109375 0.2670382109375 0.1343472609375 0.259375 0.1588679078125 0.259375 0.26875 0.31038616406249997 0.26875 0.312813203125 0.25320216093750003 0.3133502578125 0.2032627828125 0.3052757734375 0.1489514 0.2996210328125 0.127852115625 0.30152648593750003 0.0815709734375 0.31055540000000004 0.018441309375 0.31109001406250003 0 0.2733324515625 0
1 0.199621465625 0 0.20035301875 0.07429501250000001 0.197364334375 0.10033012031249999 0.1953125 0.10785843906249999 0.1953125 0.19712010156249998 0.195499425 0.19839638125 0.20315723125 0.232191615625 0.20619220624999998 0.26438065625 0.2061163609375 0.26875 0.2246999375 0.26875 0.23287706562500002 0.22970983281250001 0.23664177031250003 0.1814525 0.235007625 0.1538112015625 0.22334133125000002 0.10081718749999999 0.22476402968750003 0.060076445312500004 0.23045039687500002 0.0163395609375 0.2310209859375 0 0.199621465625 0
1 0.15437647031249999 0 0.1522359796875 0.01735530625 0.152626171875 0.1091553203125 0.149319484375 0.1480199640625 0.1390625 0.18179154375 0.1390625 0.26875 0.19904089062500002 0.26875 0.19891920000000002 0.2456012484375 0.1833354390625 0.14603015156250002 0.186031890625 0.09973385312500001 0.19747609531250002 0.028607273437500004 0.1990939671875 0.0008294953125 0.1989332609375 0 0.15437647031249999 0
1 0.103411803125 0 0.10900538281250001 0.10042256875 0.10689689375 0.121551984375 0.0996447234375 0.1451254109375 0.0953125 0.17118828749999998 0.0953125 0.26875 0.1424391859375 0.26875 0.142313478125 0.2578805875 0.14830846875 0.2249811453125 0.1489837671875 0.2093071609375 0.150563028125 0.20474754218750002 0.150563028125 0.1665725328125 0.13732434531249998 0.11055823437500001 0.136092321875 0.07996930468749999 0.1397920734375 0.015488253125 0.13943158125 0 0.103411803125 0
1 0.0582412953125 0 0.059497781250000006 0.0070003421875 0.06396117812499999 0.08475386093750001 0.0593396328125 0.12608091562499998 0.0626031109375 0.177006840625 0.0830343328125 0.2527345859375 0.0884338609375 0.264064021875 0.0895572375 0.26875 0.0944665203125 0.26875 0.0944665203125 0.1097299796875 0.08739867812499999 0.08584548125 0.08485841718750001 0 0.0582412953125 0
1 0.0078125 0 0.0078125 0.030672185937500002 0.0085319171875 0.0482851890625 0.018725775 0.119642090625 0.023193321875 0.18353097812500002 0.0184239328125 0.226958590625 0.0093316328125 0.26875 0.079979640625 0.26875 0.079979640625 0.2380829796875 0.0642744078125 0.183083828125 0.06038672656250001 0.13492961875 0.062566234375 0.054464971875000004 0.0577542265625 0 0.0078125 0
1 1 1 1 0.42173121093749993 0.990957621875 0.42551191250000003 0.9713800203125 0.4588597859375 0.9681162406249999 0.4959353109375 0.9732274000000001 0.6252185484374999 0.9484375 0.6901075046875 0.9484375 0.81070055 0.9488837625000001 0.8125106031249999 0.9539087296875 0.8678352328125001 0.9486156921875001 0.9436312953125 0.9484375 0.9445214078124999 0.9484375 1 1 1
1 0.9433419609375001 1 0.9489059046874999 0.9830923421875 0.9604579421875 0.91695051875 0.9613691781250001 0.853046778125 0.956225153125 0.8113058484375 0.9172187031250001 0.68059685625 0.9347378265625 0.5570080093750001 0.9364427093749998 0.508186459375 0.9293880421875 0.48334987031250004 0.9030652937500001 0.4620437078125 0.8725244343749999 0.467005128125 0.859517375 0.48028995312500006 0.8467307765625 0.50616638125 0.844055878125 0.5449562421875 0.85484363125 0.6519378031249999 0.853609059375 0.6872913375 0.815625 0.7908711734375 0.815625 1 0.9433419609375001 1
1 0.839641896875 1 0.8396295578125 0.9994698703125 0.8229633609375 0.9076283562499998 0.826020884375 0.8120078234375001 0.8666153281250001 0.6834919625 0.8656749156250001 0.6430879218750001 0.850449021875 0.556381678125 0.8480291187500001 0.509158865625 0.856543884375 0.4777656921875 0.8767139796875 0.45603278124999996 0.8767139796875 0.4515028484375 0.8754839234375 0.440316640625 0.8658328234375 0.42288826406249996 0.84357313125 0.40715305468749996 0.8334007937500001 0.40715305468749996 0.8134078203125 0.41196425937500003 0.79639313125 0.44701520781250004 0.7972943640625 0.485735746875 0.8141172921875001 0.584311265625 0.8136174031250001 0.6195800359375 0.7816160890624999 0.7200697265625 0.7796875 0.7409446078124999 0.7796875 0.854005571875 0.7900121296875 0.9105597156249999 0.8198274718749999 0.9998818859374999 0.8199460015625 1 0.839641896875 1
1 0.7619138984375 0.8367853640625 0.7676234828125 0.84375 0.7716718828125 0.84375 0.7727116765625001 0.8406452312500001 0.7563836828125 0.7710671921875 0.7530674375 0.6987382249999999 0.7609805 0.6370031359375 0.7755870609375 0.5974000015625001 0.7811501265625 0.5607326125000001 0.7793161046874999 0.5321130828125 0.7609101734375 0.45068892343750006 0.75788943125 0.403550875 0.7725358578125 0.3748596984375 0.782942696875 0.36811851406249996 0.782942696875 0.3540464375 0.7822149296875001 0.3509725921875 0.771377284375 0.3362007671875 0.7546370515625 0.3274995109375 0.7517768484375 0.3274995109375 0.7329096125 0.3327306296875 0.7203125 0.35384410625 0.7203125 0.4003443390625 0.739258325 0.48325000781249994 0.7409844624999999 0.5101860359374999 0.7203125 0.6006655828125 0.7203125 0.6865612859375 0.7285261703125 0.7479495046875 0.7619138984375 0.8367853640625
1 0.808055071875 0.9234375 0.810237278125 0.9234375 0.8173610421875 0.9208645046874999 0.7998056296875 0.839917903125 0.7987674625000001 0.73056725 0.8264766578125 0.616504709375 0.8007428109375001 0.4564027390625 0.8080007984375 0.4278909546875 0.8287907484374999 0.40887048281249994 0.8287907484374999 0.40036662031250003 0.8199750859374999 0.38177166093750003 0.7939010359375 0.36801120625 0.7695928140625 0.37950327812499995 0.7578125 0.4074928578125 0.7578125 0.41803240781250006 0.781704265625 0.562155515625 0.75810885625 0.659444603125 0.7578125 0.6657288390625 0.7578125 0.7586699359375 0.770116490625 0.8311617765625 0.808055071875 0.9234375
1 0.9112849265625 0.4017618484375 0.93125 0.37518030625 0.93125 0.3719501578125 0.92498300625 0.35251692968750004 0.9028490609375 0.3354752171875 0.875247596875 0.34638447812499995 0.8642833734375 0.36270489375000003 0.859375 0.38293719375 0.859375 0.383607075 0.8612848453125 0.4183759125 0.8748356015625 0.43650954999999997 0.8803967265625001 0.4578125 0.9090459843750001 0.4578125 0.9109318999999999 0.45735589218749995 0.9112849265625 0.4017618484375
1 0.9396747187500001 0.7029254390624999 0.95141010625 0.728125 0.9552107624999999 0.728125 0.9882573828125001 0.6308622484375 0.9882573828125001 0.63034603125 0.9739106921874999 0.4677640625 0.9786139375000001 0.442357584375 0.9882573828125001 0.4261344203125 0.9882573828125001 0.422740415625 0.9814066718750001 0.39173706875000003 0.9537612875000001 0.3697988046875 0.9248958609375 0.380746553125 0.9140247234375 0.3970669671875 0.9125 0.404094740625 0.9125 0.457238340625 0.933140503125 0.47905820468750004 0.9430658890625001 0.507408315625 0.9453290562500001 0.54777386875 0.934217475 0.639067840625 0.9350795203125 0.6761048781250001 0.9396747187500001 0.7029254390624999