1 0.3100503390625 0.607996134375 0.32028344531249997 0.6394399328125 0.326928425 0.6453125 0.3465470671875 0.6453125 0.3465470671875 0.445986309375 0.3374546796875 0.4225888078125 0.332091746875 0.349787146875 0.3298493171875 0.278753553125 0.32202066406249996 0.2583207390625 0.3141251921875 0.25254635468750003 0.2942336640625 0.2594035953125 0.290625 0.2780979515625 0.290625 0.28701006093750003 0.3003923859375 0.3769399328125 0.300453084375 0.38810110781249996 0.302871940625 0.42733949375 0.29544154218749996 0.5084467187499999 0.29891458437499996 0.5542800531250001 0.3100503390625 0.607996134375
1 0.24478879843749998 0.5546875 0.25273118125 0.5439640234375 0.261555496875 0.4480396875 0.2542408265625 0.411131221875 0.23068585000000003 0.36272381249999996 0.2259092625 0.3436433875 0.21961864062499997 0.2624269859375 0.21319658125 0.2496648171875 0.20325081875 0.24747857343750002 0.19358235937499998 0.25702963125 0.1921875 0.264910465625 0.1921875 0.3120733015625 0.20364167656249998 0.3808920640625 0.19893409687500002 0.47381111249999996 0.2088475484375 0.5174820125 0.22462845312500002 0.5504404765625 0.23065505156250002 0.5546875 0.24478879843749998 0.5546875
1 0.2059329671875 0.5058399921875 0.21302538906250001 0.45888896875 0.21302538906250001 0.40374725156249996 0.21232328281249999 0.3842554984375 0.1976466578125 0.330329809375 0.1916769109375 0.2868278421875 0.1906694046875 0.267319625 0.197409753125 0.24289358125 0.1972319796875 0.22761580312500002 0.18725845937500002 0.2094468171875 0.175904 0.2094468171875 0.16832572968749998 0.22525620625 0.17350871406249999 0.33529729375 0.165625 0.37156826718749997 0.165625 0.45580006875 0.17217760625 0.48920886875 0.17785645156250002 0.5077108359375 0.1841710953125 0.5137765734374999 0.1934382109375 0.5140625 0.1979663234375 0.5140625 0.2059329671875 0.5058399921875
1 0.9105917078125 0.4672691953125 0.9139190390625 0.5042728546874999 0.9233965125000001 0.546464928125 0.93644965625 0.5874974421875 0.9364513500000001 0.5875 0.9560985390625 0.5875 0.9560985390625 0.41096992656250003 0.9445512734375001 0.3767028625 0.9403389093750001 0.27276552187499997 0.9348944687499999 0.2596232984375 0.9227345109374999 0.2510983234375 0.9113868078125 0.260199315625 0.9078125 0.2737811421875 0.9078125 0.27864374999999997 0.9096312828125 0.302646021875 0.916604446875 0.3394160453125 0.9205227765625 0.37731225625000003 0.9190115125 0.3988088109375 0.9114418109375 0.44395416406250005 0.9105917078125 0.4672691953125
1 0.8536398734375 0.356306934375 0.8615251515625 0.306990178125 0.8636704921874999 0.2718353296875 0.8589087515625 0.255980478125 0.8506158859375 0.24908876875 0.8406498890625 0.2505910609375 0.8356115765625001 0.25549370625 0.8261003296875 0.27494538125 0.8234449265624999 0.2963023484375 0.825064203125 0.3570494359375 0.8219770546875 0.397790178125 0.81875 0.40915157031250005 0.81875 0.64375 0.8354874453125 0.64375 0.8371680046875 0.64211469375 0.85562104375 0.576511165625 0.8623540265624999 0.5355580796875 0.8631688937499999 0.47006001875000003 0.8510735593750001 0.397017340625 0.8536398734375 0.356306934375
1 0.7931886234375 0.5780878281249999 0.8019614484375 0.5319082578125001 0.8019614484375 0.4564148640625 0.7998842875000001 0.43802733125 0.7917808859375001 0.412389603125 0.7846221859375 0.378503571875 0.786051975 0.2777902234375 0.77987384375 0.26109759375 0.775850671875 0.25755148125 0.763623215625 0.25755148125 0.7625 0.25819072187500003 0.7625 0.43813144687500005 0.7662671546875 0.45563421249999997 0.7803690734375 0.5048877578125001 0.7864177890625 0.5775351296875 0.787928765625 0.5828125 0.7910385171875001 0.5828125 0.7931886234375 0.5780878281249999
1 0.7585028281249999 0.71875 0.7630208328125 0.7120949078125001 0.778125 0.6343171296875 0.7838541671875 0.5787615734375 0.7817708328124999 0.5713541671875 0.7828125 0.563946759375 0.7770833328125 0.5093171296875 0.7552083328125 0.42320601875 0.7552083328125 0.3556134265625 0.759375 0.3056134265625 0.7583333328124999 0.2722800921875 0.7552083328125 0.26024305625 0.74765625 0.24866898124999998 0.73359375 0.24403935156249998 0.7216145828125 0.2532986109375 0.7140625 0.27690972187499996 0.7140625 0.3093171296875 0.7213541671875 0.39357638906250003 0.7208333328125 0.426909721875 0.7104166671875001 0.47413194374999995 0.7072916671875 0.5019097218749999 0.7026041671875001 0.5222800921874999 0.6989583328125 0.5796875 0.7020833328125 0.6278356484375001 0.7166666671875 0.7000578703125 0.7237477421875 0.71875 0.7585028281249999 0.71875
1 0.66875 0.6457368828125001 0.6713541671875001 0.6472800921874999 0.6940104171875 0.644965278125 0.7 0.633391203125 0.6989583328125 0.5556134265625 0.7020833328125 0.520428240625 0.709375 0.4750578703125 0.7083333328125 0.463946759375 0.6927083328125 0.4046875 0.6921875 0.3695023140625 0.6963541671875 0.3157986109375 0.6963541671875 0.2843171296875 0.69375 0.2713541671875 0.68984375 0.264409721875 0.6794270828125 0.2560763890625 0.66875 0.2610280796875 0.66875 0.6457368828125001
1 0.4911655203125 1 0.4907433796875 0.85164723125 0.479829190625 0.8319355078124999 0.4544856484375 0.818643765625 0.4221467453125 0.8269964875 0.4060131828125 0.8523667265625001 0.4071738640625 0.88840435625 0.41998243906250005 0.9331160765625001 0.42774585624999995 1 0.4911655203125 1
1 0.27566146406250003 1 0.27116390625000003 0.9865874859374999 0.29190522812499997 0.83604145625 0.2772157703125 0.8143407609375 0.2481202625 0.808257359375 0.2287782703125 0.8171619218749999 0.225 0.822031040625 0.225 0.8317221312499999 0.24418977812499998 0.8395983656249999 0.2571983453125 0.8629525640625 0.25293597343749996 0.9192025640624999 0.23941700156249998 0.9744360953125 0.23827668124999998 1 0.27566146406250003 1
1 0.25510485781250003 1 0.2605376578125 0.853383425 0.245430278125 0.829515490625 0.23407660468749997 0.82375158125 0.19384141875 0.82375158125 0.18226720624999998 0.8345061390625 0.17621720000000002 0.8511834546875001 0.18991716875 0.955328821875 0.190436965625 1 0.25510485781250003 1
1 0.10704113906249998 1 0.0984375 0.97734375 0.10625 0.82421875 0.08984375 0.8015625 0.06015625 0.79375 0.03671875 0.8046875 0.0328125 0.81328125 0.0609375 0.83203125 0.06875 0.85078125 0.061136798437499994 1 0.10704113906249998 1
1 0 1 0.0596484375 1 0.0671875 0.84921875 0.05078125 0.8234375 0.03515625 0.8171875 0.00390625 0.8234375 0 0.8287024453124999 0 1