1 0.25736225625000003 0.309375 0.2570215234375 0.3076248734375 0.259375 0.2646715171875 0.259375 0.25074316875 0.25815207500000004 0.24842998125000001 0.243944815625 0.24842998125000001 0.24204114531249998 0.25385825156249997 0.2431288015625 0.303785515625 0.24213567187499999 0.309375 0.25736225625000003 0.309375
1 0.48928431093749997 0.309375 0.48876406875 0.3067877265625 0.49442445468749996 0.249775084375 0.4793923140625 0.2467461390625 0.4763748109375 0.2516868109375 0.47548281875000004 0.3071741703125 0.47486350312500003 0.309375 0.48928431093749997 0.309375
1 0.53103693125 0.309375 0.5341787796874999 0.25241506875 0.531309628125 0.24466925781249999 0.522043528125 0.24466925781249999 0.517031690625 0.2522280484375 0.51679715 0.309375 0.53103693125 0.309375
1 1 0.24303113125000003 0.9975784859375001 0.23990095625 0.981315775 0.2469532875 0.9889211765624999 0.2776998140625 0.980905865625 0.296816878125 0.9794196359375 0.309375 1 0.309375 1 0.2751592921875 0.999567315625 0.27391509375 1 0.2671862015625 1 0.24303113125000003
1 0.7867159109375 0.309375 0.7868475859374999 0.3050644796875 0.7796390609375 0.26930803281250004 0.7847924234375 0.25389384531250003 0.7875 0.2295275453125 0.7875 0.22716385312499998 0.785718784375 0.22470982031250003 0.7756964937499999 0.22470982031250003 0.7702001578125 0.23224454218749999 0.7717131859374999 0.2709697390625 0.764183090625 0.295720346875 0.764183090625 0.309375 0.7867159109375 0.309375
1 0.6984375 0.309375 0.6984375 0.2950569375 0.6952535015625 0.284075996875 0.6984375 0.26411006718749996 0.6984375 0.23588192187499998 0.69049815625 0.23544005625 0.68410461875 0.2435572421875 0.6864655109375 0.2875552765625 0.6785271390625 0.309375 0.6984375 0.309375
1 0.7501948265625 0.309375 0.7431997078125001 0.28037032968750003 0.7475746328125 0.23991061406249997 0.7436307046875 0.2342620828125 0.7420111671875 0.2342620828125 0.721410840625 0.2404351453125 0.7178224875 0.24684888749999997 0.7190779265625 0.273165003125 0.727510065625 0.28665363125 0.7233887390625 0.309375 0.7501948265625 0.309375
1 0.5390625 0.309375 0.5625 0.309375 0.5625 0.28867613125 0.559122409375 0.2704752546875 0.5625 0.24362151562499998 0.5625 0.23836600156249999 0.5496503921875 0.2350585921875 0.5458800078125 0.2399197015625 0.547403659375 0.2704752546875 0.5390625 0.2963467140625 0.5390625 0.309375
1 0.596875 0.309375 0.596875 0.306038596875 0.5927114515625 0.28288694375 0.5884284203125001 0.276078890625 0.5951914671875 0.2536975453125 0.5962430828125 0.23564199062500002 0.5811300484374999 0.23400193125 0.5763073656250001 0.24315473437500001 0.5790534203125001 0.276351675 0.570603396875 0.3014454609375 0.570603396875 0.309375 0.596875 0.309375
1 0.22386505625000003 0.7565458453125 0.22595878906250003 0.771642090625 0.2763287765625 0.7796875 0.27983159999999996 0.7796875 0.2881501609375 0.7677459140625 0.30361893125 0.7086181328125 0.309375 0.637621 0.309375 0.62391828125 0.28546472500000003 0.5131482046875 0.29645874375000003 0.36352430625 0.2850527359375 0.342976209375 0.2734496609375 0.3393290453125 0.2684918046875 0.3393290453125 0.2589089453125 0.3435847125 0.2436718140625 0.3769962140625 0.24634890937499998 0.5116099796875 0.22386505625000003 0.5877247140625 0.22386505625000003 0.7565458453125
1 0.20577304062500001 0.6477987953125 0.2235569140625 0.5744214875 0.2117719578125 0.503152925 0.225 0.389550303125 0.225 0.37462177812499997 0.218666403125 0.35729107187500003 0.2011637453125 0.3497289875 0.17729866249999998 0.3776585828125 0.17488185 0.51744051875 0.1600729078125 0.5631019515625 0.1600729078125 0.7628237828125 0.1787237890625 0.76875 0.20129301093750002 0.76875 0.211556575 0.73616718125 0.20577304062500001 0.6477987953125
1 0.135246375 0.3609375 0.132843703125 0.3609375 0.1177280484375 0.38567818750000005 0.132833459375 0.508455446875 0.1175902515625 0.5934979796875 0.11912117656250001 0.6620113109375 0.14541320156249998 0.7582842656250001 0.165625 0.762438003125 0.165625 0.4566976828125 0.16330829375 0.3848248875 0.14959658125 0.3635636046875 0.135246375 0.3609375
1 0.09038902343750001 0.753125 0.1078125 0.753125 0.1078125 0.6826773968750001 0.1060261921875 0.6752691359374999 0.10460001249999999 0.6139946249999999 0.1078125 0.599462134375 0.1078125 0.5142384390625001 0.10710599375 0.5114535921875 0.1078125 0.47316920937500007 0.1078125 0.391247978125 0.0998549046875 0.3750907265625 0.08661186875 0.3666707375 0.073711115625 0.3729566296875 0.066786028125 0.3907387671875 0.073285309375 0.4597663609375 0.0703229546875 0.5426995515625 0.09367552968750001 0.63511978125 0.09493057031249999 0.68904135 0.0849758859375 0.7518331703125 0.09038902343750001 0.753125
1 0.06875 0.6188402500000001 0.05012389375 0.513710059375 0.0637246171875 0.379096315625 0.0529468953125 0.3505534609375 0.0416374359375 0.34776966875 0.0403172734375 0.3739682234375 0.0403172734375 0.75625 0.049702434375 0.75625 0.0661201 0.70809821875 0.06875 0.6822989484375 0.06875 0.6188402500000001
0 0.5390625 0.5426910828125 0.508428371875 0.559138890625 0.48426879375 0.585644496875 0.46643453749999997 0.6277886140625 0.46643453749999997 0.7667144859375 0.48431952031250003 0.7946041875 0.5390625 0.7962100890625 0.5390625 0.5426910828125
1 0.83304468125 0.7734375 0.8359984812500001 0.7708373265625 0.8470146749999999 0.730341340625 0.8484375 0.7187952671875 0.8484375 0.6314448109375 0.8424045281250001 0.594466621875 0.8484375 0.5220227578125 0.8484375 0.49995347187500006 0.8416557578124999 0.48833481562500003 0.8330620078125 0.48853483593749997 0.8244344375000001 0.4991424328124999 0.8216945359375 0.5089192062500001 0.82108440625 0.6005131359375 0.809226809375 0.6419654546875 0.809226809375 0.7631366515625 0.809662353125 0.7659000203125 0.8153960859375001 0.7734375 0.83304468125 0.7734375