1 0.45 0.2390625 0.484375 0.2390625 0.484375 0.233028659375 0.475112446875 0.179842259375 0.4779822921875 0.1123588515625 0.47471000312499995 0.10245920625 0.4669298265625 0.0992719921875 0.4637832796875 0.10096007031250001 0.4587006859375 0.11227483593750001 0.45947667187499996 0.179949315625 0.450202315625 0.2155963984375 0.45 0.2184180421875 0.45 0.2390625
1 0.015788004687500003 0.2390625 0.015950196875 0.270899684375 0.0216019375 0.3381944984375 0.02032383125 0.378909284375 0 0.46881515 0 0.627363109375 0.012612165625 0.69602033125 0.0175856515625 0.7015625 0.056196482812500004 0.7015625 0.058432101562500005 0.698421653125 0.066090265625 0.6624107046875001 0.0765625 0.6004778 0.0765625 0.47873095625 0.0541197625 0.37776747187500004 0.05474645 0.3239101203125 0.06187175625 0.2645673796875 0.062168532812499996 0.2390625 0.015788004687500003 0.2390625
1 0 0.6664892640625 0.0089027328125 0.67051946875 0.012118167187499999 0.664697053125 0 0.59293675625 0 0.6664892640625
1 0 0.485421215625 0.00407958125 0.45217885781249995 0.0209606109375 0.379398653125 0.022568328125000002 0.329908115625 0.01814710625 0.3175354796875 0.0036776531250000003 0.3219022921875 0 0.33247896718750003 0 0.42839427968749993 0.0008641484374999999 0.45217885781249995 0 0.4571861390625 0 0.485421215625
1 0.146362540625 0.350286571875 0.149577975 0.45217885781249995 0.1648512859375 0.5336926859375 0.16324356874999998 0.5962836609375 0.1527934078125 0.660330240625 0.1572146296875 0.6654248546875 0.17369372968750002 0.664697053125 0.18092845625 0.651596615625 0.1889670421875 0.6064728890625 0.1921824765625 0.5351482890625 0.17369372968750002 0.4492676484375 0.17610530468750002 0.3430085515625 0.1692725078125 0.32626910468750003 0.1580184890625 0.3219022921875 0.148774115625 0.33136371875 0.146362540625 0.350286571875
1 0.1592242765625 0.49730258437499997 0.14395096406250002 0.4332560046875 0.14716639843749998 0.3138964703125 0.1395297421875 0.29424581562499996 0.12666800625000002 0.289879003125 0.118629421875 0.29570141875 0.1117966234375 0.315352075 0.11822749218749999 0.3997771109375 0.115815915625 0.45509006562500004 0.1262660765625 0.5002137921875001 0.12867765312499999 0.52787026875 0.1270699359375 0.5904612453125 0.115815915625 0.6690638640625 0.11943327968749999 0.6741584781250001 0.13912781406250002 0.6748862812499999 0.145156753125 0.6741584781250001 0.151185690625 0.664697053125 0.1624397109375 0.593372453125 0.164047428125 0.54097070625 0.1592242765625 0.49730258437499997
1 0.122246784375 0.48420214687499996 0.10456189687499999 0.40559952656250003 0.1085811890625 0.27168395156249997 0.10094453437499999 0.252033296875 0.0872789390625 0.24475527656249998 0.076828778125 0.252033296875 0.06838826406250001 0.278961971875 0.07481913125 0.3662982171875 0.07481913125 0.40851073437499996 0.0716036984375 0.4332560046875 0.0852692921875 0.513314228125 0.083661575 0.5817276203125 0.06999598124999999 0.676341884375 0.0760249203125 0.687258915625 0.0917001609375 0.6879867171875 0.1073754015625 0.687258915625 0.11260048281249999 0.676341884375 0.1262660765625 0.5919168484374999 0.12787379375000002 0.5235034578125 0.122246784375 0.48420214687499996
1 0.796544696875 0.6734375 0.8132450828125 0.6734375 0.8203125 0.6467790140624999 0.8203125 0.582097140625 0.814631025 0.5477001749999999 0.816985425 0.47972650625 0.8135910078125 0.46912559218749994 0.8042321703124999 0.46724538125000004 0.7974218515625 0.48148069375 0.7990221875 0.5454924140624999 0.7885990890625 0.586618571875 0.7885990890625 0.637706553125 0.795191609375 0.6731473609374999 0.796544696875 0.6734375
1 0.74765625 0.551909721875 0.7375 0.59774305625 0.73671875 0.63524305625 0.7453125 0.6810763890625 0.75625 0.6866319437499999 0.763671875 0.6859375 0.76796875 0.6782986109375 0.77578125 0.6310763890625 0.77578125 0.6074652781250001 0.76328125 0.5532986109375 0.76484375 0.482465278125 0.755078125 0.4720486109375 0.749609375 0.4748263890625 0.74453125 0.4880208328125001 0.74765625 0.551909721875
1 0.51328125 0.5477430562500001 0.5046875 0.5866319437499999 0.503125 0.6213541671874999 0.51171875 0.6713541671875001 0.5265625 0.676909721875 0.5328125 0.6713541671875001 0.5390625 0.6421875 0.54140625 0.5963541671874999 0.5296875 0.5380208328125 0.53203125 0.4796875 0.528515625 0.46927083281250004 0.519921875 0.46649305625000004 0.514453125 0.470659721875 0.5109375 0.4810763890625 0.51328125 0.5477430562500001
1 0.553125 0.682465278125 0.557421875 0.6873263890625 0.57109375 0.6866319437499999 0.58125 0.6463541671875 0.5828125 0.6074652781250001 0.5703125 0.551909721875 0.57265625 0.48524305625 0.568359375 0.47621527812500003 0.558984375 0.4748263890625 0.5515625 0.489409721875 0.55390625 0.56024305625 0.5453125 0.5935763890625 0.54375 0.6310763890625 0.553125 0.682465278125
1 0.605859375 0.48038194375 0.598828125 0.4859375 0.5953125 0.4963541671874999 0.5984375 0.56024305625 0.58828125 0.6046875 0.58671875 0.63663194375 0.59609375 0.6907986109375 0.599609375 0.695659721875 0.61171875 0.694965278125 0.61796875 0.6907986109375 0.6234375 0.6685763890625 0.62578125 0.6171875 0.6140625 0.56024305625 0.61640625 0.5407986109375 0.61484375 0.494965278125 0.609765625 0.48177083281250005 0.605859375 0.48038194375
1 0.648828125 0.48871527812500004 0.643359375 0.49288194374999994 0.63828125 0.507465278125 0.64140625 0.57274305625 0.63203125 0.61163194375 0.63046875 0.6505208328125 0.63828125 0.69913194375 0.641796875 0.7039930562500001 0.65859375 0.7032986109375 0.66640625 0.68524305625 0.6703125 0.664409721875 0.67109375 0.6241319437499999 0.66875 0.6005208328125 0.6578125 0.5671875 0.6609375 0.5032986109375 0.657421875 0.49288194374999994 0.648828125 0.48871527812500004
1 0.6953125 0.4880208328125001 0.6921875 0.5019097218749999 0.69609375 0.56024305625 0.68515625 0.6074652781250001 0.684375 0.63663194375 0.69375 0.6921875 0.71015625 0.694965278125 0.715625 0.6880208328124999 0.721875 0.6630208328125 0.7234375 0.6171875 0.7109375 0.5588541671874999 0.7140625 0.539409721875 0.7140625 0.49774305625000004 0.708984375 0.4845486109375 0.700390625 0.48177083281250005 0.6953125 0.4880208328125001
1 0.7140625 0.49913194375 0.7140625 0.5421875 0.7109375 0.5588541671874999 0.721875 0.601909721875 0.725 0.6505208328125 0.73046875 0.6255208328125 0.73046875 0.59913194375 0.71953125 0.5463541671875 0.721875 0.4810763890625 0.718359375 0.46927083281250004 0.712109375 0.4651041671874999 0.704296875 0.46927083281250004 0.7 0.482465278125 0.708984375 0.4859375 0.7140625 0.49913194375
1 0.66796875 0.5963541671874999 0.67109375 0.6171875 0.66953125 0.6796875 0.67734375 0.6505208328125 0.68046875 0.6171875 0.66796875 0.5532986109375 0.6703125 0.4880208328125001 0.665234375 0.47621527812500003 0.656640625 0.4734375 0.65078125 0.482465278125 0.65078125 0.489409721875 0.66015625 0.5005208328125 0.6578125 0.5671875 0.66796875 0.5963541671874999
1 0.6265625 0.6699652781250001 0.63515625 0.5866319437499999 0.625 0.5449652781250001 0.62734375 0.47690972187499997 0.622265625 0.46649305625000004 0.612890625 0.46649305625000004 0.6078125 0.4782986109375 0.615625 0.5032986109375 0.61328125 0.5588541671874999 0.62109375 0.5838541671874999 0.628125 0.6282986109375 0.62421875 0.66163194375 0.6265625 0.6699652781250001
0 0.474609375 0.688715278125 0.4671875 0.7046875 0.4609375 0.73663194375 0.4609375 0.7588541671875 0.4734375 0.7907986109375 0.483984375 0.8067708328125001 0.5078125 0.8088541671874999 0.523046875 0.79149305625 0.53046875 0.7755208328125 0.53515625 0.7505208328124999 0.53515625 0.7255208328125 0.528125 0.69913194375 0.517578125 0.6817708328125 0.505859375 0.6748263890625 0.486328125 0.6776041671875 0.474609375 0.688715278125