2 0.4296875 0 0 0 0 0.14195725625 0.0139516875 0.143447040625 0.221982553125 0.1476137078125 0.2646067859375 0.1559470421875 0.35615861249999997 0.1587248203125 0.36904861875 0.1640625 0.40622424687500003 0.1640625 0.4296875 0.16338870625 0.4296875 0
1 0.5322599078125 0.3 0.5359375 0.2329861109375 0.528515625 0.212847221875 0.517578125 0.2045138890625 0.508203125 0.2114583328125 0.5 0.234375 0.5022786453125 0.3 0.5322599078125 0.3
1 0.5696589546874999 0.3 0.571875 0.23854166718749997 0.566796875 0.22395833281250002 0.555078125 0.2142361109375 0.548046875 0.21979166718749998 0.53984375 0.23993055624999998 0.5422922328124999 0.3 0.5696589546874999 0.3
1 0.71591796875 0.3 0.71875 0.24965277812500003 0.71640625 0.2357638890625 0.705078125 0.22118055625 0.690625 0.23020833281250003 0.6890625 0.2829861109375 0.689224709375 0.3 0.71591796875 0.3
1 0.6590194875 0.3 0.66171875 0.22881944375000002 0.657421875 0.212847221875 0.642578125 0.2017361109375 0.6296875 0.21493055625 0.6265625 0.28993055624999997 0.6271150921875 0.3 0.6590194875 0.3
1 0.688977190625 0.3 0.68984375 0.2329861109375 0.684765625 0.21840277812500003 0.674609375 0.21006944375 0.66171875 0.2260416671875 0.66171875 0.3 0.688977190625 0.3
1 0.1468816953125 0.7171875 0.1482059890625 0.7171875 0.15954953125 0.679402890625 0.16169189687500002 0.6635893109375 0.17514881875 0.611971403125 0.17747971093749998 0.578638065625 0.1756296546875 0.508741159375 0.1774397171875 0.47544424531249996 0.1819891515625 0.45485535468750005 0.18885281874999998 0.4419365234375 0.1946129296875 0.43738744374999994 0.196875 0.42715023125 0.196875 0.4270404265625 0.193072803125 0.41123528593750003 0.18406555 0.404541190625 0.178040315625 0.404541190625 0.16781095937499999 0.409316171875 0.1599084796875 0.42967883437500004 0.1575775875 0.463012165625 0.1578680015625 0.5403893203125 0.154360234375 0.5609053718749999 0.1468816953125 0.5855690671875 0.1468816953125 0.7171875
1 0.3 1 0.3 0.805867340625 0.2873566453125 0.7632269968750001 0.28396311875 0.738226996875 0.28056631875 0.6734121828124999 0.2851146453125 0.6011899609375 0.28257835781249996 0.5428566265625 0.2780590609375 0.5261899609375 0.26633867499999997 0.506282553125 0.254443609375 0.4979492203125 0.243506109375 0.4979492203125 0.2275188046875 0.5109121828125 0.22312893281249999 0.52156033125 0.21908521718750001 0.543782553125 0.2228087484375 0.6048936640625 0.2301036859375 0.6447084796875 0.23584907500000002 0.6947084796875 0.2376574765625 0.7391529234374999 0.23636350468749998 0.7641529234375 0.2183835125 0.8484121828125 0.214582425 0.8752640328125001 0.213023196875 0.9150788500000001 0.21486717500000002 0.9502640328125 0.21850333281249998 0.9798936640625 0.2229500046875 1 0.3 1
1 0.4296875 0.4607638890625 0.42473958281249996 0.4607638890625 0.41432291718750003 0.46817129687500003 0.4088541671875 0.47789351875 0.4046875 0.4927083328125 0.4036458328125 0.534375 0.40989583281249997 0.6019675921875 0.40625 0.6603009265625 0.384375 0.7353009265625 0.3786458328125 0.762152778125 0.375 0.7945601859375 0.3760416671875 0.855671296875 0.390625 0.9445601859374999 0.4018229171875 0.9672453703125001 0.41614583281249995 0.9714120375 0.4296875 0.965291509375 0.4296875 0.4607638890625
1 0.1661458328125 0.7890046296875 0.171875 0.84085648125 0.1828125 0.8890046296874999 0.1877604171875 0.899652778125 0.1901041671875 0.8991898140625001 0.1921875 0.8964120375 0.196875 0.856597221875 0.2192708328125 0.7732638890625 0.225 0.7241898140624999 0.22395833281250002 0.67789351875 0.2166666671875 0.6047453703125 0.21510416718749997 0.5547453703125 0.21875 0.52881944375 0.22916666718749998 0.50289351875 0.23020833281250003 0.481597221875 0.2260416671875 0.4584490734375001 0.21953125 0.446875 0.21067708281250003 0.44131944375 0.20026041718749998 0.44131944375 0.19140625 0.446875 0.184375 0.46493055625 0.1828125 0.49733796249999995 0.190625 0.587152778125 0.1895833328125 0.6195601859375 0.1807291671875 0.6640046296875 0.17916666718750002 0.6853009265625 0.1682291671875 0.7241898140624999 0.1651041671875 0.7454861109375 0.1661458328125 0.7890046296875
1 0.2971354171875 0.5478009265624999 0.2953125 0.5538194437499999 0.29635416718749996 0.5973379624999999 0.2942708328125 0.631597221875 0.3072916671875 0.637152778125 0.309375 0.634375 0.3109375 0.555671296875 0.2971354171875 0.5478009265624999
1 0.3434895828125 0.8274305562500001 0.35625 0.8278935187500001 0.3653645828125 0.8209490734374999 0.3703125 0.8075231484375 0.378125 0.7575231484375 0.3869791671875 0.7223379624999999 0.3885416671875 0.6917824078125 0.3859375 0.65381944375 0.3708333328125 0.5834490734375001 0.3703125 0.5464120375 0.3786458328125 0.46863425937500003 0.378125 0.4491898140625 0.375 0.43530092656249997 0.3690104171875 0.424652778125 0.36171875 0.419097221875 0.35494791718749996 0.419097221875 0.34713541718749996 0.424652778125 0.3390625 0.4454861109375 0.3385416671875 0.4825231484375 0.3416666671875 0.5149305562500001 0.340625 0.5806712968750001 0.32083333281250004 0.6510416671874999 0.3166666671875 0.6982638890625 0.3192708328125 0.7427083328124999 0.3333333328125 0.81493055625 0.3434895828125 0.8274305562500001
1 0.0490104171875 1 0.054166667187499996 0.9732638890625 0.05989583281250001 0.918634259375 0.0609375 0.887152778125 0.058854167187499994 0.8454861109374999 0.052604167187499995 0.8038194437499999 0.0265625 0.71493055625 0.021875 0.7047453703125 0.0151041671875 0.6621527781250001 0.0208333328125 0.5667824078125 0.0203125 0.5325231484375 0.017708332812499998 0.512152778125 0.00703125 0.48854166718750003 0 0.4828598484375 0 0.9011739421874999 0.003125 0.9112268515625 0.0166666671875 0.9390046296874999 0.0197916671875 0.9538194437499999 0.0356417734375 1 0.0490104171875 1
1 0 0.48143555312499997 0.0075520828124999995 0.487615740625 0.01875 0.5130787031249999 0.0223958328125 0.5575231484375001 0.0161458328125 0.6603009265625 0.021354167187500002 0.6982638890625 0.0546875 0.80289351875 0.058854167187499994 0.7991898140625 0.0625 0.781597221875 0.0625 0.7195601859375 0.05625 0.67789351875 0.0354166671875 0.6019675921875 0.0307291671875 0.555671296875 0.0338541671875 0.5417824078125 0.0354166671875 0.506597221875 0.034375 0.463078703125 0.03125 0.450115740625 0.025260417187500002 0.43854166718750004 0.0158854171875 0.4302083328125 0.00703125 0.431134259375 0.0013020828125 0.4357638890625 0 0.43826388906249997 0 0.48143555312499997
1 0.0682291671875 0.6417824078125001 0.0640625 0.60381944375 0.0489583328125 0.5519675921875 0.04375 0.5195601859375 0.0432291671875 0.4982638890625 0.046875 0.4575231484375 0.0463541671875 0.42789351875000003 0.0432291671875 0.4140046296875 0.0377604171875 0.40520833281249996 0.0263020828125 0.399652778125 0.0190104171875 0.4042824078125 0.0151041671875 0.4112268515625 0.0125 0.42696759218749997 0.025260417187500002 0.43854166718750004 0.034375 0.459375 0.034375 0.5417824078125 0.03125 0.5565972218749999 0.0348958328125 0.5917824078125 0.0385416671875 0.6140046296875 0.053125 0.6621527781250001 0.0625 0.7038194437499999 0.0666666671875 0.688078703125 0.0682291671875 0.6417824078125001
1 0.59346455 0.9318917390625 0.611407584375 0.86429635625 0.6171875 0.8204595046875 0.6171875 0.763163803125 0.606689375 0.7073304453125 0.5756337671875 0.7073304453125 0.571453134375 0.707457975 0.5539235703125 0.7650620890625001 0.5539235703125 0.9268343625 0.5555760624999999 0.9400695500000001 0.5572435359375 0.9421875 0.586105796875 0.9421875 0.5893176390625 0.9411653531249999 0.59346455 0.9318917390625
1 0.890625 0.9513970125 0.890625 0.780468321875 0.8708280500000001 0.70782335625 0.8422760296875001 0.7071289125 0.8267578640625001 0.7911566890625 0.8256709453125 0.8300455781250001 0.8293443125 0.8703233562499999 0.8512630718749999 0.9606011343749999 0.8566602921875 0.9671875 0.8816650156249999 0.9671875 0.8894715328124999 0.9592122437499999 0.890625 0.9513970125
2 1 0.5549703953125 0.4296875 0.5571048984375 0.4296875 0.7065102609375 0.814453125 0.7015625 1 0.7015625 1 0.5549703953125