1 0.27969809375 0 0.2807646578125 0.0060076890625 0.28773060781250004 0.08742553125 0.29065044218749997 0.1846659359375 0.2891404046875 0.21156324531249998 0.278352925 0.279392209375 0.274155896875 0.291511065625 0.27178546875 0.3100841328125 0.2678451734375 0.3157124171875 0.267112703125 0.336110059375 0.2616853640625 0.3436174703125 0.2593903921875 0.3640423875 0.2547102609375 0.3770962640625 0.2543099796875 0.39285518750000004 0.250928246875 0.39940030625 0.24615702968750003 0.4485925671875 0.2416959 0.454229940625 0.23927448125 0.4796875 0.43253132031249997 0.4796875 0.43253132031249997 0.38058590468750003 0.4249776640625 0.3602254671875 0.4222906734375 0.34544701875 0.4104780484375 0.31136958125 0.3897514296875 0.23760460625 0.386241775 0.215427840625 0.38337350937500003 0.208991815625 0.3791470140625 0.16922245625000001 0.3765511078125 0.118305621875 0.37646181093750003 0.026575315625000002 0.3791096046875 0 0.27969809375 0
1 0.0489241578125 0 0.058559540624999996 0.1043750078125 0.0591187296875 0.14983026875 0.0489036484375 0.22542449375 0.055552495312500005 0.2947628265625 0.06706764062500001 0.3490529 0.07624682499999999 0.3811631953125 0.104969371875 0.470948928125 0.109056275 0.4796875 0.1715002328125 0.4796875 0.1715002328125 0.268210234375 0.1439805328125 0.18164110312499998 0.13625599375 0.14761528906250002 0.12883368281250002 0.05603351250000001 0.1301736328125 0 0.0489241578125 0
1 0.2346923796875 0 0.235146121875 0.01966488125 0.2283391109375 0.094610315625 0.21774248749999997 0.13415231249999998 0.2046875 0.1740537765625 0.2046875 0.31376125 0.2243647921875 0.2559760609375 0.2356764890625 0.21367447031250003 0.24158846875 0.18139438125000001 0.24800985468749998 0.1194300984375 0.250900615625 0.018358665625 0.25004694375000003 0 0.2346923796875 0
1 0.5982303984375 0.4117604375 0.6113116640625 0.3781589828125 0.6234359281249999 0.31430369062499997 0.6230117125 0.2413870265625 0.6342330015625001 0.2058518390625 0.6342330015625001 0.1962639984375 0.6271901484375 0.154160040625 0.6035708421875 0.12154496249999999 0.612545865625 0.053340992187500005 0.607761403125 0.036401309375 0.593831678125 0.021021315625000002 0.5855495265624999 0.021021315625000002 0.5631756125 0.024432659375 0.548483365625 0.0496097765625 0.55842803125 0.14807247343750002 0.5336340796875 0.1820330578125 0.5329194921875 0.1934458875 0.5438327515625 0.189916259375 0.5462189234375 0.1973444328125 0.528125 0.2619611671875 0.528125 0.26675944375 0.5329684953125 0.33610871875 0.5505196078125 0.3996097765625 0.563867521875 0.41184165625 0.5692775109375 0.4125 0.591843121875 0.4125 0.5982303984375 0.4117604375
1 0.685557959375 0 0.6861462875 0.0079191390625 0.69795680625 0.033301084375 0.7021003296874999 0.062576878125 0.675939621875 0.11784473124999999 0.671875 0.14638291406249998 0.671875 0.161695596875 0.6800864640625 0.23659473125 0.6923334921875 0.2744766765625 0.701926746875 0.281054059375 0.7245245499999999 0.2828125 0.7263715046874999 0.2828125 0.7421879890625 0.27205605 0.7479353 0.24074856718749998 0.7479353 0.1256174859375 0.719215078125 0.0610937453125 0.72778975 0 0.685557959375 0
1 0.4548751109375 0 0.4544427390625 0.00022155937500000002 0.45 0.009029339062499999 0.45 0.071644278125 0.46019001406250004 0.122082921875 0.45 0.15145812812499998 0.45 0.3310414015625 0.45208567187500004 0.3452995984375 0.461788803125 0.3609375 0.49761086718750003 0.3609375 0.5058048984375 0.35895563125 0.51582193125 0.3108763234375 0.51582193125 0.198639628125 0.4920342390625 0.13612078593750002 0.4919679375 0.019372298437499998 0.477550834375 0 0.4548751109375 0
1 0.47636783906249996 0 0.484743609375 0.015621890625 0.48466363125 0.061564351562499994 0.477539546875 0.073846096875 0.47204366249999996 0.130041534375 0.49175436406250006 0.203125 0.4925862203125 0.203125 0.514005503125 0.1795405484375 0.51466820625 0.12526475312500002 0.49091363125000004 0.061782606250000004 0.5087638343750001 0.0081070140625 0.5096698421875 0 0.47636783906249996 0
1 0.906838465625 0 0.918460465625 0.0730774046875 0.8984375 0.1327072453125 0.8984375 0.1363157890625 0.9347804843749999 0.16573379531250002 0.9488084921875 0.2021401859375 0.9524932265625001 0.2540868203125 0.9444684625 0.2828125 0.953185525 0.2828125 0.9567217875 0.28089675000000003 0.96512060625 0.25494525156250003 0.96512060625 0.1336942578125 0.9437151328125001 0.07714018593750001 0.9487893671875 0 0.906838465625 0
0 0.9404196921875 0.1942506859375 0.9351856734374999 0.1765835515625 0.9057184671874999 0.14155824374999998 0.8834794453124999 0.1364546640625 0.8604059687500001 0.143932971875 0.8349206078125 0.13690983437499998 0.8138949875 0.1526395859375 0.79375 0.189574259375 0.79375 0.2461669359375 0.80387403125 0.290039621875 0.8191424734374999 0.2965533609375 0.83781676875 0.31875 0.91126058125 0.31875 0.9404196921875 0.269269271875 0.9404196921875 0.1942506859375
1 1 1 1 0.904114675 0.99164496875 0.8765302515625001 0.9892094499999999 0.8514756875 0.9898280937500001 0.7127777703125 0.9845100796875 0.6945585234375 0.9773277468749999 0.6859375 0.9676628765625 0.6859375 0.9510887 0.6871490453125 0.9429045921875 0.7097519703125 0.943481371875 0.748613578125 0.953325684375 0.8294146687499999 0.9534122203125002 0.876582328125 0.9387952765625001 0.9495932390625 0.934375 0.9878027687500002 0.934375 0.995701934375 0.9347205687500001 1 1 1
1 0.9274299093749999 1 0.9274299093749999 0.9803514640625 0.90513883125 0.9045068765625001 0.9017653593750001 0.8600897062499999 0.9014726859375 0.7377856640625 0.8914413421875 0.7122480421875 0.8801642843749999 0.7041056234375 0.8624784999999999 0.7113637125000001 0.8562623203124999 0.7218962921875001 0.8523671203125 0.741422559375 0.863473059375 0.8412998281250001 0.8663592953125001 0.9121331578125 0.8634717171874999 0.9372013453125 0.8545039187499999 0.9665452890624999 0.8515625 0.9979893890625 0.8515625 1 0.9274299093749999 1
1 0.8556606171875 1 0.85625 0.993948003125 0.85625 0.8692410265625 0.8538680765625 0.860819628125 0.852116103125 0.8441847953125 0.849069834375 0.8053277390625 0.848876034375 0.7078826828125 0.8445110265625001 0.6934426 0.8163860265625 0.69458860625 0.8041287078125 0.6992646078125 0.803125 0.705669021875 0.803125 0.7133484703125 0.8051814046875 0.737506803125 0.8133451656249999 0.7566647453125 0.816040175 0.776045525 0.816959853125 0.8456173015624999 0.8203552203125 0.8635773578125001 0.8170152250000001 0.873458746875 0.8162893468749999 0.9013320265625001 0.8282806265625 0.9593151921875 0.841187075 1 0.8556606171875 1
1 0.8004996734375001 1 0.7898432875 0.9320814875 0.790656846875 0.89048301875 0.80673905625 0.7708339843750001 0.801009159375 0.73843378125 0.785444859375 0.72780004375 0.770074890625 0.7351763984374999 0.7564840234375 0.7653671234375 0.75385293125 0.8000893453125 0.7562373046875 0.8817837374999999 0.7510358171875 0.940139803125 0.746875 0.9541535953124999 0.746875 1 0.8004996734375001 1
1 0.7308755234375 1 0.745887834375 0.948793378125 0.746757634375 0.9251549859375 0.740397659375 0.8929104390625 0.73970495625 0.8692174828125001 0.7543958765625 0.7263256203124999 0.7496998046875 0.7038851421875 0.743496221875 0.6974032453125 0.7183019828124999 0.6993080046875 0.7127868140625 0.705380671875 0.7058612562500001 0.726023034375 0.7036274828125 0.7579674796875 0.7061869015625 0.8109635109375001 0.7015293984375 0.8887685718749999 0.6921875 0.9196538406249999 0.6921875 1 0.7308755234375 1
1 0.6895046312499999 1 0.6895046312499999 0.9848865499999999 0.6697341578125 0.9214397203125 0.666371734375 0.8966447734375 0.6644020328125 0.8675464578125001 0.667709203125 0.79477743125 0.664947203125 0.7462346703125 0.65592348125 0.7268134609375 0.6422460796875 0.7182531984375 0.6253981375000001 0.7280902421875 0.6188534531250001 0.7502673515625 0.6184228093749999 0.7781818296875 0.6314529078125 0.9247888968750001 0.6176074171875 1 0.6895046312499999 1
1 0.6204797625 1 0.623475821875 0.9830781500000001 0.623475821875 0.8291275109375 0.6207127921875 0.7991455046875 0.6178815140625 0.75053439375 0.6218132890625 0.7238589 0.6179868484375 0.7052522015625 0.5797055984374999 0.7072584375 0.5796875 0.7072893171875 0.5796875 0.7509308296875 0.587927978125 0.8147949671875001 0.5915681859374999 0.8772949671875001 0.5796875 0.9382754015625 0.5796875 1 0.6204797625 1
1 0.548706371875 1 0.5234375 0.8982638890625001 0.52265625 0.8302083328125001 0.528125 0.7427083328125 0.5234375 0.719097221875 0.516015625 0.7100694437499999 0.486328125 0.7128472218749999 0.4796875 0.7302083328125001 0.47890625 0.7663194437499999 0.48359375 0.8107638890625001 0.4859375 0.896875 0.4671875 0.9746527781250001 0.4643359375 1 0.548706371875 1