2 0.6 0.169543421875 0.3536704625 0.169543421875 0.25958335625 0.17222118749999998 0.2551563921875 0.18271968125 0.2546875 0.1903609375 0.2546875 0.24755589687500001 0.2600785203125 0.25625 0.3583271078125 0.25625 0.5302961234375 0.2504699796875 0.6 0.2520016875 0.6 0.169543421875
1 0.40585769374999997 0 0.41554214062500006 0.0759529203125 0.4056448453125 0.1407987859375 0.4060308734375 0.1640625 0.440625 0.1640625 0.440625 0.09394109218749999 0.43507339062500006 0.0765212203125 0.43192059374999997 0 0.40585769374999997 0
1 0.345191103125 0 0.345203446875 0.00023554531249999998 0.353219796875 0.0489421140625 0.341108075 0.1306001859375 0.3421863046875 0.165625 0.378125 0.165625 0.378125 0.08298933281250001 0.369626046875 0.0492284859375 0.3707752484375 0 0.345191103125 0
1 0.6 0 0.6 0.4040039484375 0.6040655359375 0.41944907656249997 0.6080055046874999 0.425 0.6500452531249999 0.425 0.6515625 0.424146496875 0.6515625 0.201351953125 0.633175803125 0.1408700125 0.631652425 0 0.6 0
1 0.7254483125 0 0.7228296484375 0.0041398531250000006 0.732412490625 0.1471868703125 0.7097618703124999 0.24870771875000003 0.7087677046875 0.34032975 0.7145479390625 0.3871690046875 0.7333745406250001 0.457191496875 0.7594226203125001 0.459375 0.7784183812500001 0.459375 0.7848277687499999 0.45129652968749995 0.7953125 0.399739225 0.7953125 0.24067397499999998 0.7716935359375 0.1556673515625 0.776063921875 0.007598190624999999 0.7724094406249999 0 0.7254483125 0
1 0.6874792703125 0 0.69375 0.099860621875 0.6640625 0.22662118593749997 0.665625 0.2970437203125 0.678125 0.360424003125 0.68828125 0.3944615609375 0.7046875 0.3956352703125 0.7 0.2594850359375 0.7265625 0.1538512328125 0.7203125 0.0036164906249999997 0.7219173171875 0 0.6874792703125 0
1 0.7892763890625 0 0.7953125 0.083428696875 0.7734375 0.1702831578125 0.7984375 0.278264378125 0.7953125 0.36511883749999996 0.8078125 0.36746625625 0.8015625 0.2547902 0.83125 0.14211414375 0.82833939375 0 0.7892763890625 0
1 0.8328125 0.2007995890625 0.8421875 0.2172315140625 0.8375 0.2336634390625 0.85 0.23601085624999998 0.8484375 0.22192635 0.8609375 0.205494425 0.8625 0.17967282812500002 0.84453125 0.16676203125 0.834375 0.17967282812500002 0.8328125 0.2007995890625
2 0.6 0.8581482859375 0.0443920515625 0.8581482859375 0.008706846875 0.8586518 0 0.8668800093750001 0 0.984375 0.03457670625 0.984375 0.6 0.9741821359374999 0.6 0.8581482859375
1 0.29243270625 0.700753259375 0.27932132187500003 0.7849071796875 0.2835917703125 0.8515511140625 0.28850514843749997 0.859375 0.3296875 0.859375 0.3296875 0.7355087906250001 0.31899520625 0.7015261484375 0.3152064328125 0.6515261484375 0.3161051578125 0.601662540625 0.3136784375 0.5953557109375 0.28154194375 0.5930348078125001 0.2790706765625 0.5964274671875 0.28185155625 0.6228390890625 0.29267158125 0.6730436765625 0.29243270625 0.700753259375
1 0.8933637484375 1 0.8990747750000001 0.9837741421875 0.9101940718750001 0.939854425 0.9150633671874999 0.89608018125 0.9011361484375 0.7700995625 0.9171875 0.6734807953125 0.9171875 0.6406493234375 0.9113135312499999 0.624066425 0.8990446015625 0.62082150625 0.8931679140625001 0.62082150625 0.8863135312499999 0.62464830625 0.8733938671875 0.6475591296875 0.86689785 0.7693371499999999 0.8494840515625001 0.8185380953125 0.8494840515625001 1 0.8933637484375 1
1 0.8625 1 0.8625 0.6526596765624999 0.8541456015625 0.6345504625 0.8339987390625 0.629287084375 0.822907565625 0.6406572765625 0.8199248906250001 0.6561610375 0.832285025 0.77812696875 0.8147202468750001 0.8618048500000001 0.8149343484375 0.9194961124999999 0.8220609953124999 0.95867985 0.8342951984375 1 0.8625 1