1 0.666373734375 0 0.66348661875 0.003893365625 0.662603965625 0.013642860937500001 0.6705807078125 0.0941575109375 0.6620669375 0.1401953953125 0.6617541484375 0.191652465625 0.678037565625 0.25672569218749997 0.6814393875 0.259375 0.6953125 0.259375 0.6953125 0.1169910421875 0.6893307078124999 0.0938302265625 0.6865313515625 0.0090534546875 0.6813600296875 0 0.666373734375 0
1 0.6034410250000001 0 0.60551619375 0.0690283734375 0.5950473671875 0.1089879046875 0.591706759375 0.1574853546875 0.6049263203125 0.2203125 0.6276840406249999 0.2203125 0.6283553515625 0.21964214218749997 0.6313349015625 0.20723306875 0.6328125 0.1992490515625 0.6328125 0.09951465937500001 0.6250312828125 0.0682077859375 0.6261253890624999 0 0.6034410250000001 0
1 0.7064127609374999 0 0.70625 0.0017361109374999999 0.70859375 0.03368055625 0.71171875 0.0392361109375 0.7109375 0.0545138890625 0.712890625 0.0607638890625 0.725 0.06006944374999999 0.724609375 0.046875 0.715625 0.0447916671875 0.719921875 0.037152778125 0.72578125 0.0420138890625 0.729063584375 0 0.7064127609374999 0
1 0.72890625 0.0739583328125 0.713671875 0.069097221875 0.70859375 0.07256944374999999 0.69765625 0.12256944375 0.696875 0.17534722187500001 0.70859375 0.2295138890625 0.725 0.2322916671875 0.7328125 0.22118055625 0.73984375 0.18506944375 0.740625 0.1364583328125 0.72890625 0.0739583328125
1 0.798939184375 0 0.79921875 0.025347221875 0.78671875 0.07534722187500001 0.78515625 0.1142361109375 0.79375 0.16840277812499999 0.798046875 0.174652778125 0.80859375 0.17534722187500001 0.815625 0.1697916671875 0.821875 0.14618055624999998 0.828125 0.10868055624999999 0.828125 0.08645833281250001 0.81640625 0.025347221875 0.8180836390625 0 0.798939184375 0
1 0.74920099375 0 0.7515625 0.04618055625 0.740625 0.078125 0.73671875 0.103125 0.7421875 0.18368055625 0.748828125 0.19965277812499999 0.76328125 0.20034722187499998 0.77109375 0.18506944375 0.7765625 0.15868055625 0.7796875 0.105902778125 0.76875 0.050347221875 0.76484375 0.0447916671875 0.768646815625 0 0.74920099375 0
1 0.694684103125 0 0.6953125 0.012847221875 0.68515625 0.055902778125 0.68359375 0.09756944375 0.69453125 0.1447916671875 0.709375 0.06979166718749999 0.7056002109375 0 0.694684103125 0
1 0.590134725 0 0.590625 0.0142361109375 0.5765625 0.0795138890625 0.57734375 0.11701388906250001 0.58515625 0.1572916671875 0.5890625 0.162847221875 0.59296875 0.10729166718750001 0.60390625 0.06006944374999999 0.6020961218750001 0 0.590134725 0
1 0.6424688828124999 0 0.64375 0.0447916671875 0.63203125 0.100347221875 0.63671875 0.1670138890625 0.6421875 0.190625 0.646875 0.19479166718750002 0.65078125 0.1447916671875 0.66328125 0.093402778125 0.66015625 0.030902778125000002 0.6624739578125001 0 0.6424688828124999 0
1 0.5425887781250001 0 0.54375 0.037847221874999996 0.5296875 0.0892361109375 0.52890625 0.13229166718750002 0.53828125 0.187847221875 0.544921875 0.194097221875 0.55625 0.193402778125 0.5625 0.1864583328125 0.571875 0.1420138890625 0.5734375 0.09756944375 0.5609375 0.0420138890625 0.5629402812500001 0 0.5425887781250001 0
1 0.49079059062499997 0 0.49140625 0.01006944375 0.4796875 0.05729166718749999 0.478125 0.1045138890625 0.48828125 0.15868055625 0.493359375 0.16354166718750002 0.50703125 0.162847221875 0.5140625 0.14756944375 0.52109375 0.10173611093749999 0.51953125 0.0614583328125 0.50859375 0.012847221875 0.5090106671875 0 0.49079059062499997 0
0 0.4296875 0.41565806875 0.438671875 0.4232638890625 0.46640625 0.42395833281249995 0.483203125 0.4107638890625 0.49765625 0.38229166718749996 0.503125 0.35590277812500004 0.50234375 0.3170138890625 0.49609375 0.290625 0.482421875 0.2635416671875 0.459765625 0.246875 0.437890625 0.24965277812500003 0.4296875 0.2565155234375 0.4296875 0.41565806875
0 0.4296875 0.25649305624999996 0.433203125 0.25243055625 0.458984375 0.246875 0.485546875 0.26493055625 0.48515625 0.253125 0.47734375 0.22673611093749999 0.456640625 0.19965277812499999 0.440234375 0.194097221875 0.4296875 0.1975694453125 0.4296875 0.25649305624999996
1 0.0169124859375 0.609375 0.01640625 0.627606609375 0.025 0.7073252484375 0.02578125 0.7542185671875 0.02265625 0.777665225 0 0.8652349453125 0 0.9909321265625 0.0013682015625 1 0.0967862125 1 0.103125 0.9640661640625 0.10390625 0.91131118125 0.09609375 0.857383865625 0.078125 0.8011118843749999 0.06875 0.7565632328125 0.06875 0.6944295875 0.07578125 0.6322959406249999 0.075215521875 0.609375 0.0169124859375 0.609375
1 0.16171875 0.609375 0.16171875 0.6158832796875 0.1703125 0.6873955890625 0.1703125 0.7436675703125 0.14453125 0.8409712046875001 0.13984375 0.8820028578125001 0.13984375 0.9183451781249999 0.1453125 0.9675831625000001 0.15331353125 1 0.236201546875 1 0.24765625 0.9441365031250001 0.2484375 0.8960708531249999 0.24140625 0.83745420625 0.2140625 0.7424952375 0.2125 0.688567921875 0.2178974078125 0.609375 0.16171875 0.609375
1 0.30868201875 0.609375 0.31796875 0.7026359171875 0.31640625 0.7249102437499999 0.28828125 0.83745420625 0.28671875 0.9042771828125 0.29375 0.9546875 0.3047305578125 1 0.375965203125 1 0.38984375 0.9230345109375 0.39140625 0.8620731968750001 0.3828125 0.80697355 0.35859375 0.7249102437499999 0.35703125 0.6686382625 0.3622970375 0.609375 0.30868201875 0.609375
1 0.075414303125 0.609375 0.06796875 0.7389782390625 0.0765625 0.7917332203124999 0.0984375 0.8644178640625 0.1046875 0.9148281796875001 0.103125 0.9711001609375 0.09777526875 1 0.106613275 1 0.1203125 0.9335855078125 0.121875 0.8737965265625001 0.109375 0.8046288828125 0.08671875 0.7319442406250001 0.08515625 0.6850509234375 0.0921875 0.610021615625 0.0921748265625 0.609375 0.075414303125 0.609375
1 0.6309701437499999 0.799744190625 0.6372421125 0.8015625 0.640625 0.8015625 0.640625 0.7083393984375 0.6372587109375 0.699512365625 0.6357176375 0.6439159 0.6315707296874999 0.6349494874999999 0.6243452390625001 0.6322944406250001 0.6192142687500001 0.642813384375 0.6262240921875 0.6983143921874999 0.6204511234375 0.7276174265625001 0.6206367937499999 0.7526447 0.6309701437499999 0.799744190625
1 0.68125 0.773764228125 0.68125 0.7089265234375001 0.6752502781249999 0.6810081765625 0.6770768703125001 0.6366319265625 0.6625833421875 0.6327391640625 0.6599055296875 0.6375207125 0.6635961734375 0.68622275 0.6554872578125 0.7276393671875 0.6557296765625 0.7484726984375 0.6632007703125 0.7875 0.6779867265625 0.7875 0.68125 0.773764228125
1 0.5421875 0.65 0.5453125 0.6986111109375 0.5359375 0.7333333328125 0.53515625 0.7569444437499999 0.53828125 0.7819444437499999 0.54453125 0.8013888890625 0.5546875 0.80694444375 0.5609375 0.7958333328125 0.56015625 0.75555555625 0.5640625 0.7263888890625 0.55625 0.7 0.55859375 0.64305555625 0.555078125 0.6354166671875 0.549609375 0.634027778125 0.54453125 0.6388888890625 0.5421875 0.65
1 0.48671875 0.7333333328125 0.47890625 0.727777778125 0.48359375 0.722222221875 0.47890625 0.6944444437499999 0.48125 0.64444444375 0.476953125 0.6354166671875 0.469140625 0.6354166671875 0.46484375 0.64444444375 0.4671875 0.7 0.4609375 0.727777778125 0.46328125 0.7333333328125 0.46171875 0.7625 0.46484375 0.7958333328125 0.470703125 0.8048611109374999 0.475 0.8041666671875 0.47890625 0.7986111109375 0.48046875 0.7833333328125 0.4875 0.772222221875 0.4890625 0.7458333328125 0.48671875 0.7333333328125
1 0.506640625 0.6493055562500001 0.49765625 0.6625 0.5015625 0.70555555625 0.4979690703125 0.7255429437500001 0.4953125 0.7416666671875001 0.49453125 0.7638888890625 0.503125 0.8 0.508203125 0.8076388890625001 0.515625 0.8083333328125001 0.51953125 0.8055555562500001 0.525 0.7833333328125 0.5265625 0.7486111109375 0.51796875 0.7236111109375 0.5155154171875 0.709952596875 0.5125 0.69305555625 0.5125 0.6569444437499999 0.506640625 0.6493055562500001
0 0.5934991265624999 0.7215009968749999 0.5798519750000001 0.7203461609375 0.570753859375 0.7243881062499999 0.56484375 0.734722221875 0.5609375 0.75555555625 0.56171875 0.7791666671875 0.56587988125 0.8034946015625 0.5717286640625 0.81100105625 0.577734375 0.815972221875 0.58570075625 0.8167752765625 0.59296875 0.815277778125 0.6025972187499999 0.8040720390624999 0.60703125 0.79305555625 0.61104545 0.77462361875 0.6109375 0.75555555625 0.60703125 0.7361111109375 0.6006476328125 0.7255429437500001 0.5934991265624999 0.7215009968749999