1 0.3466145828125 0.42222222187499997 0.3395833328125 0.43009259218749996 0.33541666718749996 0.44490740781250004 0.3375 0.4800925921875 0.3427083328125 0.5041666671875 0.3447916671875 0.5421296296875 0.3359375 0.596759259375 0.3359375 0.6236111109375 0.33984375 0.6416666671875 0.3692708328125 0.6560185187500001 0.3770833328125 0.6208333328125 0.3734375 0.571759259375 0.3682291671875 0.5458333328125 0.3661458328125 0.508796296875 0.3661458328125 0.446759259375 0.3596354171875 0.4268518515625 0.3544270828125 0.42222222187499997 0.3466145828125 0.42222222187499997
1 0.7294270828125 0.50555555625 0.71953125 0.5074074078125 0.7130208328125 0.516203703125 0.709375 0.5300925921874999 0.70625 0.5550925921875 0.7046875 0.6023148140625 0.7 0.6236111109375 0.6833333328125 0.6560185187500001 0.6979166671875 0.6578703703125 0.7244791671875 0.6550925921874999 0.7239583328125 0.6347222218749999 0.7270833328124999 0.608796296875 0.740625 0.5643518515625 0.7432291671875 0.540277778125 0.7416666671875001 0.521759259375 0.7341145828125 0.5083333328124999 0.7294270828125 0.50555555625
1 0.7984375 0.5254629625 0.7880208328125 0.6078703703125 0.784375 0.621759259375 0.76875 0.6486111109375 0.7677083328125 0.6550925921874999 0.7697916671875 0.6560185187500001 0.8052083328125 0.646759259375 0.8104166671874999 0.6115740734374999 0.828125 0.5513888890625 0.828125 0.5300925921874999 0.8200520828125001 0.515740740625 0.8138020828125001 0.5111111109375 0.8075520828125 0.5120370375000001 0.7984375 0.5254629625
1 0.8708333328125001 0.5375 0.8645833328125001 0.5921296296875 0.8583333328125 0.616203703125 0.8427083328125 0.6421296296875 0.86875 0.6560185187500001 0.8755208328125 0.6523148140624999 0.88125 0.6152777781250001 0.8989583328125 0.5578703703125 0.9 0.5328703703125 0.8908854171874999 0.515740740625 0.88203125 0.5148148140625 0.8744791671875 0.5254629625 0.8708333328125001 0.5375
1 0.3877604171875 0.33148148125 0.38203125 0.3361111109375 0.378125 0.3476851859375 0.3776041671875 0.3708333328125 0.3796875 0.39027777812500003 0.38229166718749996 0.396759259375 0.38229166718749996 0.42731481406249994 0.3739583328125 0.46157407343749995 0.3729166671875 0.48101851875 0.37057291718749996 0.47222222187499996 0.3682291671875 0.47361111093749997 0.36875 0.4893518515625 0.37265625 0.4981481484375 0.3825520828125 0.49259259218749996 0.38984375 0.49259259218749996 0.40052083281249995 0.4986111109375 0.4046875 0.4791666671875 0.4046875 0.4458333328125 0.40052083281249995 0.4254629625 0.3994791671875 0.40231481406249997 0.4036458328125 0.35601851875 0.4015625 0.34305555625 0.3981770828125 0.33703703749999997 0.3877604171875 0.33148148125
1 0.6234375 0.35972222187499997 0.6213541671875 0.3476851859375 0.6122395828125 0.3398148140625 0.6005208328125 0.3513888890625 0.5973958328125 0.36805555624999997 0.5973958328125 0.383796296875 0.6015625 0.3976851859375 0.6015625 0.415277778125 0.5947916671875 0.4625 0.5942708328124999 0.48842592656250006 0.596875 0.503240740625 0.6005208328125 0.5106481484375001 0.61015625 0.5009259265625 0.62421875 0.5046296296875 0.6260416671875 0.496759259375 0.625 0.478240740625 0.6177083328124999 0.43194444374999996 0.61875 0.41157407343749997 0.6234375 0.383796296875 0.6234375 0.35972222187499997
1 0.6776041671875 0.39398148125 0.6731770828125 0.3861111109375 0.66796875 0.38333333281250004 0.6627604171875 0.384259259375 0.65625 0.3921296296875 0.6526041671875 0.4143518515625 0.653125 0.428240740625 0.6598958328125 0.440277778125 0.6619791671875 0.4513888890625 0.6609375 0.47361111093749997 0.6505208328125 0.5393518515625 0.659375 0.6291666671875 0.671875 0.5958333328125 0.6776041671875 0.559722221875 0.6770833328125 0.5356481484375 0.6713541671875001 0.4995370375 0.6708333328125 0.4828703703125 0.6786458328125 0.4254629625 0.6796875 0.40416666718750005 0.6776041671875 0.39398148125
1 0.7026041671875001 0.2986111109375 0.7104166671875001 0.31990740781250004 0.7104166671875001 0.3300925921875 0.7052083328125 0.35601851875 0.7041666671875 0.378240740625 0.7041666671875 0.39398148125 0.7104166671875001 0.4421296296875 0.7171875 0.4125 0.7171875 0.39027777812500003 0.7135416671875 0.358796296875 0.7192708328124999 0.3143518515625 0.7182291671875001 0.2949074078125 0.7127604171875 0.28796296250000003 0.7065104171875001 0.290740740625 0.7026041671875001 0.2986111109375
1 0.6015625 0.4050925921875 0.596875 0.3856481484375 0.5888020828125 0.3796296296875 0.5794270828125 0.3851851859375 0.5755208328125 0.3976851859375 0.5739583328125 0.48101851875 0.5619791671875001 0.5115740734374999 0.5604166671875 0.5263888890625 0.5614583328125 0.5495370375 0.5703125 0.5939814812499999 0.5697916671875001 0.6365740734374999 0.5721354171875 0.640740740625 0.5786458328124999 0.640277778125 0.5877604171875 0.6351851859375001 0.5916666671875 0.6273148140625 0.5953125 0.6013888890625 0.5942708328124999 0.5421296296875 0.5984375 0.5097222218749999 0.59375 0.48842592656250006 0.59375 0.47361111093749997 0.6015625 0.4050925921875
1 0.5611979171875 0.42870370312499995 0.5481770828125 0.42222222187499997 0.54140625 0.427777778125 0.5354166671875 0.44305555625000004 0.5364583328125 0.5328703703125 0.5213541671875 0.58101851875 0.5171875 0.6050925921875 0.515625 0.6300925921875 0.5184895828125 0.64351851875 0.5651041671875 0.6486111109375 0.5692708328125 0.641203703125 0.5708333328124999 0.6013888890625 0.5666666671875 0.5726851859375001 0.559375 0.54398148125 0.559375 0.5023148140625 0.5635416671875 0.4875 0.5671875 0.446759259375 0.5611979171875 0.42870370312499995
1 0.6106770828125 0.5009259265625 0.6005208328125 0.5115740734374999 0.5953125 0.5319444437499999 0.5942708328124999 0.6143518515624999 0.5927083328125 0.6273148140625 0.5838541671875 0.6504629625 0.5856770828125 0.6537037031249999 0.6033854171875 0.6564814812499999 0.6223958328125 0.666203703125 0.6244791671875001 0.6615740734375 0.61875 0.6347222218749999 0.6192708328125 0.6208333328125 0.6317708328125 0.5458333328125 0.6317708328125 0.5273148140624999 0.6247395828125 0.50648148125 0.6174479171875 0.5009259265625 0.6106770828125 0.5009259265625
1 0.6583333328125 0.4384259265625 0.6497395828125 0.42870370312499995 0.6424479171875 0.4296296296875 0.6361979171875001 0.4361111109375 0.6322916671875001 0.4458333328125 0.6307291671875 0.4578703703125 0.6296875 0.490277778125 0.6328125 0.5449074078125 0.6229166671875 0.5976851859375001 0.6192708328125 0.6328703703125 0.6244791671875001 0.6625 0.6296875 0.666203703125 0.6502604171875 0.659259259375 0.653125 0.6523148140624999 0.6572916671875 0.6236111109375 0.6567708328124999 0.5949074078125001 0.65 0.5421296296875 0.6614583328125 0.4671296296875 0.6614583328125 0.4495370375 0.6583333328125 0.4384259265625
1 0.5377604171875 0.3361111109375 0.5315104171875 0.340740740625 0.5265625 0.3550925921875 0.5265625 0.4263888890625 0.5140625 0.48101851875 0.5244791671875 0.5328703703125 0.5255208328125 0.5476851859375 0.5296875 0.5504629624999999 0.5348958328125 0.5375 0.5364583328125 0.5263888890625 0.5348958328125 0.446759259375 0.5375 0.434722221875 0.5463541671875001 0.41898148125 0.5489583328125 0.371759259375 0.546875 0.34398148125 0.5377604171875 0.3361111109375
1 0.47760416718750004 0.5699074078125 0.4828125 0.5893518515625 0.48255208281249995 0.5175925921875 0.47760416718750004 0.5699074078125
1 0.48854166718750003 0.41805555625 0.48541666718750004 0.42453703750000005 0.4859375 0.43101851875 0.49036458281249995 0.427777778125 0.49322916718750004 0.4384259265625 0.49114583281249996 0.4458333328125 0.4916666671875 0.48101851875 0.4859375 0.5078703703125 0.4955729171875 0.4981481484375 0.5044270828124999 0.4981481484375 0.5091145828125 0.5009259265625 0.515625 0.5134259265625001 0.5192708328125 0.5365740734375 0.5135416671875 0.5884259265625 0.5140625 0.609722221875 0.525 0.566203703125 0.525 0.5449074078125 0.5130208328125 0.4828703703125 0.5161458328124999 0.3958333328125 0.51015625 0.38055555625 0.5018229171875 0.3759259265625 0.49375 0.3856481484375 0.48854166718750003 0.41805555625
1 0.42760416718750005 0.3921296296875 0.4231770828125 0.3768518515625 0.41380208281249997 0.3740740734375 0.40703125 0.3768518515625 0.4010416671875 0.3958333328125 0.4010416671875 0.4199074078125 0.40416666718750005 0.43194444374999996 0.40625 0.466203703125 0.4057291671875 0.48194444374999995 0.4010416671875 0.5023148140625 0.4046875 0.5171296296875 0.403125 0.6050925921875 0.40520833281249996 0.6208333328125 0.41015625 0.6296296296875 0.4234375 0.6328703703125 0.42864583281249996 0.628240740625 0.4302083328125 0.5865740734375 0.4401041671875 0.5513888890625 0.44114583281249997 0.534722221875 0.4380208328125 0.5125 0.42604166718750003 0.47453703750000004 0.426474128125 0.44207140625 0.42760416718750005 0.3921296296875
1 0.46067708281249997 0.42314814843750004 0.45078125 0.42129629687500003 0.4453125 0.42731481406249994 0.43958333281249995 0.44398148125 0.4427083328125 0.540277778125 0.43125 0.5828703703125 0.42864583281249996 0.63101851875 0.43203125 0.6416666671875 0.44713541718750005 0.64444444375 0.45859375 0.652777778125 0.47083333281249995 0.6523148140624999 0.4796875 0.64305555625 0.48333333281249996 0.6291666671875 0.48333333281249996 0.6143518515624999 0.48020833281249997 0.5893518515625 0.46770833281249996 0.5393518515625 0.46666666718750005 0.4893518515625 0.4692708328125 0.4393518515625 0.46067708281249997 0.42314814843750004
1 0.2645833328125 0.496759259375 0.2614583328125 0.508796296875 0.2614583328125 0.5245370375 0.2640625 0.5513888890625 0.2682291671875 0.565277778125 0.27395833281250004 0.6023148140625 0.2744791671875 0.621759259375 0.271875 0.628240740625 0.27682291718749996 0.6351851859375001 0.3088541671875 0.6384259265625001 0.31197916718749996 0.6347222218749999 0.3026041671875 0.609722221875 0.2994791671875 0.5949074078125001 0.2947916671875 0.5078703703125 0.2861979171875 0.490740740625 0.28046875 0.48703703750000005 0.2716145828125 0.4888888890625 0.2645833328125 0.496759259375
1 0.3388020828125 0.3796296296875 0.33359375 0.375 0.3278645828125 0.375 0.31875 0.3865740734375 0.3171875 0.3949074078125 0.3177083328125 0.41157407343749997 0.3265625 0.4754629625 0.3192708328125 0.521759259375 0.3182291671875 0.5495370375 0.325 0.5912037031249999 0.3338541671875 0.6078703703125 0.34427083281250004 0.5449074078125 0.34375 0.516203703125 0.3348958328125 0.45324074062499997 0.3380208328125 0.4328703703125 0.34427083281250004 0.42268518593750004 0.3453125 0.40416666718750005 0.34375 0.391203703125 0.3388020828125 0.3796296296875
1 0.35989583281250004 0.3106481484375 0.3572916671875 0.32083333281250004 0.3619791671875 0.38935185156249996 0.35625 0.4199074078125 0.3630208328125 0.43101851875 0.365625 0.44120370312499996 0.3692708328125 0.503240740625 0.3734375 0.466203703125 0.3817708328125 0.4328703703125 0.38229166718749996 0.4050925921875 0.3776041671875 0.38101851875000003 0.3776041671875 0.31898148125 0.3731770828125 0.30648148124999997 0.3643229171875 0.3046296296875 0.35989583281250004 0.3106481484375
1 0.4223958328125 0.316203703125 0.42083333281249996 0.3254629625 0.42083333281249996 0.3495370375 0.42760416718750005 0.391203703125 0.42604166718750003 0.466203703125 0.428125 0.48194444374999995 0.43541666718750005 0.50601851875 0.4401041671875 0.5115740734374999 0.4390625 0.4458333328125 0.4421875 0.43194444374999996 0.45 0.41898148125 0.4427083328125 0.3921296296875 0.44375 0.321759259375 0.4388020828125 0.30740740781250003 0.43046875 0.3046296296875 0.4223958328125 0.316203703125
1 0.4734375 0.34861111093749997 0.46796875 0.3361111109375 0.46119791718750003 0.3333333328125 0.45546875 0.3379629625 0.45 0.353240740625 0.45208333281249996 0.41805555625 0.46171875 0.42314814843750004 0.4682291671875 0.4328703703125 0.4692708328125 0.45416666718750004 0.46666666718750005 0.5236111109375 0.46875 0.5421296296875 0.475 0.55601851875 0.47760416718750004 0.5310185187500001 0.4838541671875 0.5041666671875 0.4838541671875 0.48842592656250006 0.4796875 0.458796296875 0.471875 0.4291666671875 0.47239583281249997 0.3865740734375 0.47447916718750005 0.38009259218749997 0.4734375 0.34861111093749997
1 0.6229166671875 0.33194444375 0.6239583328125 0.378240740625 0.6177083328124999 0.4236111109375 0.6182291671875 0.440277778125 0.6255208328124999 0.48101851875 0.6260416671875 0.4986111109375 0.6244791671875001 0.5023148140625 0.628125 0.50601851875 0.63125 0.4495370375 0.6348958328125 0.4375 0.6421875 0.4263888890625 0.6385416671875 0.40138888906250003 0.6432291671875 0.3291666671875 0.6356770828125 0.315740740625 0.6278645828125 0.31759259218749997 0.6229166671875 0.33194444375
1 0.6893229171875 0.3509259265625 0.6825520828125 0.34629629687499996 0.67734375 0.3481481484375 0.671875 0.35694444375 0.6692708328125 0.3763888890625 0.6697916671875 0.3828703703125 0.6770833328125 0.39305555625 0.6796875 0.403240740625 0.6786458328125 0.4254629625 0.6708333328125 0.4773148140625 0.6708333328125 0.49583333281249997 0.6791666671875001 0.55601851875 0.6828125 0.5495370375 0.6916666671875 0.508796296875 0.6916666671875 0.490277778125 0.6854166671875 0.4393518515625 0.6864583328125 0.41898148125 0.6921875 0.38935185156249996 0.6932291671875 0.3625 0.6893229171875 0.3509259265625
1 0.6838541671875 0.3458333328125 0.68828125 0.3490740734375 0.69375 0.3634259265625 0.6921875 0.38842592656249997 0.6859375 0.41805555625 0.6848958328125 0.44305555625000004 0.690625 0.4800925921875 0.6911458328125 0.5023148140625 0.6942708328125 0.5041666671875 0.7015625 0.46898148125 0.7010416671875 0.446759259375 0.6963541671875 0.4106481484375 0.7036458328124999 0.34027777812500004 0.6986979171875001 0.32592592656249997 0.6908854171875001 0.3240740734375 0.6833333328125 0.334722221875 0.6838541671875 0.3458333328125
1 0.70234375 0.302777778125 0.69375 0.3106481484375 0.6921875 0.32453703749999996 0.69921875 0.32777777812500003 0.703125 0.34120370312500004 0.6984375 0.378240740625 0.6942708328125 0.38935185156249996 0.6963541671875 0.396759259375 0.6958333328124999 0.41805555625 0.7026041671875001 0.46527777812500004 0.7083333328125 0.44398148125 0.7083333328125 0.4236111109375 0.7036458328124999 0.3828703703125 0.7041666671875 0.3550925921875 0.7088541671875 0.3421296296875 0.7104166671875001 0.31805555625 0.709375 0.3125 0.70234375 0.302777778125
1 0.18046875 0.4888888890625 0.1755208328125 0.5013888890625 0.175 0.5208333328125 0.18020833281249998 0.5513888890625 0.184375 0.5615740734375 0.1895833328125 0.5939814812499999 0.1921875 0.5995370375 0.1927083328125 0.6245370375 0.19973958281249998 0.627777778125 0.228125 0.6291666671875 0.2166666671875 0.6013888890625 0.2125 0.583796296875 0.209375 0.5523148140624999 0.209375 0.5291666671875 0.203125 0.49398148124999997 0.1934895828125 0.48425925937500003 0.18671875 0.48425925937500003 0.18046875 0.4888888890625
1 0.2510416671875 0.5606481484375 0.2557291671875 0.5763888890625 0.2609375 0.5476851859375 0.2604166671875 0.5050925921875 0.253125 0.4763888890625 0.2513020828125 0.4601851859375 0.2479166671875 0.4800925921875 0.2510416671875 0.49305555625 0.2494791671875 0.540277778125 0.2510416671875 0.5606481484375
1 0.1536458328125 0.35601851875 0.14765625 0.3425925921875 0.1403645828125 0.3416666671875 0.1338541671875 0.35046296250000003 0.13229166718750002 0.3634259265625 0.14114583281249998 0.41898148125 0.14010416718750002 0.440277778125 0.1416666671875 0.45694444375 0.16354166718750002 0.5143518515625 0.1692708328125 0.546759259375 0.1736979171875 0.54444444375 0.1755208328125 0.5393518515625 0.1739583328125 0.5069444437499999 0.1770833328125 0.4875 0.175 0.46898148125 0.1708333328125 0.45231481406249996 0.1583333328125 0.42175925937500003 0.1536458328125 0.35601851875
1 0.190625 0.3236111109375 0.1901041671875 0.3356481484375 0.19973958281249998 0.33888888906250003 0.20572916718749998 0.34861111093749997 0.2078125 0.3643518515625 0.20625 0.3986111109375 0.21197916718749998 0.4254629625 0.22760416718749998 0.4671296296875 0.228125 0.446759259375 0.225 0.42453703750000005 0.20989583281250002 0.3773148140625 0.2109375 0.3356481484375 0.209375 0.3236111109375 0.20390625 0.3138888890625 0.19609375 0.3138888890625 0.190625 0.3236111109375
1 0.1854166671875 0.371759259375 0.1872395828125 0.3759259265625 0.1950520828125 0.3768518515625 0.20208333281250002 0.3856481484375 0.2046875 0.4421296296875 0.2088541671875 0.46527777812500004 0.228125 0.5097222218749999 0.228125 0.48194444374999995 0.225 0.46157407343749995 0.2088541671875 0.41157407343749997 0.2078125 0.35601851875 0.2013020828125 0.33888888906250003 0.19192708281249998 0.3379629625 0.1854166671875 0.34861111093749997 0.1854166671875 0.371759259375
1 0.24713541718749998 0.2916666671875 0.23932291718749998 0.290740740625 0.23333333281250002 0.30601851875 0.23958333281250002 0.353240740625 0.2359375 0.41898148125 0.24375 0.4495370375 0.24635416718749997 0.42731481406249994 0.2442708328125 0.39305555625 0.2484375 0.378240740625 0.24635416718749997 0.3643518515625 0.2453125 0.32083333281250004 0.25052083281250004 0.3106481484375 0.2515625 0.2995370375 0.24713541718749998 0.2916666671875
1 0.31171875 0.30555555624999997 0.3059895828125 0.3046296296875 0.30234375 0.30740740781250003 0.2989583328125 0.3171296296875 0.2989583328125 0.3375 0.30416666718749996 0.3856481484375 0.2984375 0.42268518593750004 0.2984375 0.4625 0.3057291671875 0.49490740781250003 0.3098958328125 0.5069444437499999 0.3140625 0.5097222218749999 0.3145833328125 0.466203703125 0.31979166718749996 0.434722221875 0.3166666671875 0.39953703749999997 0.3182291671875 0.3773148140625 0.3161458328125 0.35694444375 0.3192708328125 0.3328703703125 0.3161458328125 0.3106481484375 0.31171875 0.30555555624999997
1 0.3421875 0.2986111109375 0.3463541671875 0.3578703703125 0.3450520828125 0.3638888890625 0.3411458328125 0.3625 0.3401041671875 0.3773148140625 0.3447916671875 0.39305555625 0.3458333328125 0.41898148125 0.3536458328125 0.42175925937500003 0.3572916671875 0.415277778125 0.3614583328125 0.391203703125 0.3572916671875 0.3291666671875 0.3614583328125 0.2986111109375 0.3575520828125 0.2870370375 0.34921875 0.284259259375 0.34375 0.291203703125 0.3421875 0.2986111109375
1 0.4015625 0.3013888890625 0.4046875 0.3476851859375 0.40416666718750005 0.3791666671875 0.41171875 0.3731481484375 0.4223958328125 0.3726851859375 0.4192708328125 0.35601851875 0.4213541671875 0.3023148140625 0.4192708328125 0.290277778125 0.41328125 0.2824074078125 0.40546875 0.2870370375 0.4015625 0.3013888890625
1 0.3859375 0.2865740734375 0.3885416671875 0.32453703749999996 0.3903645828125 0.33148148125 0.4010416671875 0.3384259265625 0.40260416718750003 0.3356481484375 0.40208333281249997 0.30046296250000004 0.4046875 0.2865740734375 0.4036458328125 0.2754629625 0.3986979171875 0.2666666671875 0.3919270828125 0.26574074062499997 0.3885416671875 0.2699074078125 0.3859375 0.2865740734375
1 0.37447916718749996 0.30694444375 0.3807291671875 0.3375 0.3890625 0.32824074062499997 0.3864583328125 0.2949074078125 0.3885416671875 0.2625 0.38515625 0.2518518515625 0.3763020828125 0.24722222187499998 0.3729166671875 0.2578703703125 0.371875 0.2726851859375 0.37447916718749996 0.30694444375
1 0.36484375 0.3046296296875 0.3734375 0.30509259218749996 0.37447916718749996 0.2958333328125 0.371875 0.26435185156249996 0.37447916718749996 0.2513888890625 0.37109375 0.240740740625 0.3643229171875 0.2388888890625 0.35885416718749996 0.2513888890625 0.3625 0.30046296250000004 0.36484375 0.3046296296875
1 0.13229166718750002 0.4328703703125 0.12421875 0.42222222187499997 0.11536458281249999 0.42222222187499997 0.1088541671875 0.43379629687500004 0.1078125 0.4550925921875 0.1125 0.4773148140625 0.1205729171875 0.4824074078125 0.1265625 0.49583333281249997 0.13125 0.521759259375 0.1307291671875 0.540277778125 0.134375 0.5708333328124999 0.1380208328125 0.5865740734375 0.1622395828125 0.6296296296875 0.1692708328125 0.6328703703125 0.171875 0.628240740625 0.171875 0.6125 0.16875 0.5828703703125 0.1619791671875 0.55694444375 0.1427083328125 0.516203703125 0.1395833328125 0.503240740625 0.1359375 0.45416666718750004 0.13229166718750002 0.4328703703125
1 0.1059895828125 0.4824074078125 0.09895833281250001 0.49398148124999997 0.0973958328125 0.5106481484375001 0.1015625 0.5375 0.1130208328125 0.5754629625 0.1166666671875 0.60694444375 0.1494791671875 0.616203703125 0.1515625 0.6143518515624999 0.1385416671875 0.590277778125 0.1348958328125 0.5736111109375 0.1307291671875 0.5421296296875 0.1296875 0.515277778125 0.125 0.49120370312499995 0.1138020828125 0.478703703125 0.1059895828125 0.4824074078125
1 0.0322916671875 0.49305555625 0.0317708328125 0.5106481484375001 0.0364583328125 0.5328703703125 0.04375 0.5523148140624999 0.051041667187499994 0.5884259265625 0.054427082812500006 0.5935185187500001 0.0802083328125 0.6013888890625 0.0828125 0.5995370375 0.0723958328125 0.58101851875 0.06770833281250001 0.5634259265625 0.0614583328125 0.5069444437499999 0.05729166718749999 0.48842592656250006 0.0497395828125 0.478703703125 0.03828125 0.48148148125 0.0322916671875 0.49305555625
1 0.053125 0.4328703703125 0.051041667187499994 0.4495370375 0.065625 0.508796296875 0.0671875 0.55601851875 0.0723958328125 0.5800925921875 0.08515625 0.6009259265625 0.10442708281249999 0.6074074078125 0.1135416671875 0.60694444375 0.1145833328125 0.5893518515625 0.10729166718750001 0.55601851875 0.09375 0.5245370375 0.084375 0.5097222218749999 0.0744791671875 0.43194444374999996 0.0674479171875 0.42222222187499997 0.059114582812500004 0.42314814843750004 0.053125 0.4328703703125
1 0.0625 0.41805555625 0.075 0.4328703703125 0.0822916671875 0.49768518593750005 0.08645833281250001 0.5125 0.09895833281250001 0.5356481484375 0.09635416718749999 0.5023148140625 0.10052083281249999 0.4865740734375 0.0895833328125 0.45694444375 0.08333333281250001 0.3949074078125 0.07578125 0.38333333281250004 0.0684895828125 0.384259259375 0.061979167187499996 0.3976851859375 0.0625 0.41805555625
1 0.1263020828125 0.38055555625 0.11901041718750001 0.38240740781250004 0.1125 0.3976851859375 0.1140625 0.41898148125 0.1263020828125 0.42314814843750004 0.1317708328125 0.43101851875 0.1427083328125 0.515277778125 0.165625 0.5671296296875 0.1682291671875 0.5615740734375 0.165625 0.5273148140624999 0.1609375 0.50601851875 0.1432291671875 0.4671296296875 0.14010416718750002 0.45416666718750004 0.1359375 0.39398148125 0.1309895828125 0.38333333281250004 0.1263020828125 0.38055555625
1 0.1765625 0.5375 0.17916666718750002 0.541203703125 0.184375 0.566203703125 0.1895833328125 0.56898148125 0.1916666671875 0.565277778125 0.18802083281249998 0.5615740734375 0.1854166671875 0.5449074078125 0.1786458328125 0.5328703703125 0.1786458328125 0.508796296875 0.1768229171875 0.5009259265625 0.175 0.516203703125 0.1765625 0.5375
1 0.184375 0.5912037031249999 0.18802083281249998 0.6152777781250001 0.1927083328125 0.6236111109375 0.19869791718750002 0.621296296875 0.203125 0.6125 0.19479166718750002 0.6004629625 0.1994791671875 0.5921296296875 0.1940104171875 0.58055555625 0.18828125 0.577777778125 0.184375 0.584722221875 0.184375 0.5912037031249999
1 0.1924479171875 0.42222222187499997 0.1815104171875 0.4240740734375 0.175 0.4393518515625 0.1765625 0.478240740625 0.17916666718750002 0.49490740781250003 0.18125 0.49490740781250003 0.1817708328125 0.48842592656250006 0.18411458281249998 0.4861111109375 0.19296875 0.48425925937500003 0.20078125 0.4916666671875 0.2036458328125 0.48379629687500003 0.203125 0.44305555625000004 0.1994791671875 0.43101851875 0.1924479171875 0.42222222187499997
1 0.20442708281250002 0.5703703703125 0.20572916718749998 0.56805555625 0.20807291718749998 0.54444444375 0.20989583281250002 0.5856481484375 0.2125 0.5875 0.21458333281250003 0.5986111109375 0.22265625 0.61851851875 0.2299479171875 0.627777778125 0.2359375 0.6273148140625 0.2359375 0.6023148140625 0.2322916671875 0.578240740625 0.21979166718749998 0.5458333328125 0.2088541671875 0.5263888890625 0.20390625 0.497222221875 0.2015625 0.508796296875 0.20208333281250002 0.565277778125 0.20442708281250002 0.5703703703125
1 0.18020833281249998 0.383796296875 0.1770833328125 0.3976851859375 0.18020833281249998 0.42268518593750004 0.1934895828125 0.42222222187499997 0.2026041671875 0.4356481484375 0.2052083328125 0.49583333281249997 0.209375 0.5208333328125 0.22760416718749998 0.5615740734375 0.23177083281250002 0.5625 0.228125 0.5171296296875 0.2208333328125 0.49398148124999997 0.2104166671875 0.471759259375 0.2052083328125 0.45046296249999995 0.2015625 0.38842592656249997 0.1940104171875 0.3759259265625 0.1846354171875 0.377777778125 0.18020833281249998 0.383796296875
1 0.0317708328125 0.4995370375 0.0229166671875 0.4328703703125 0.0190104171875 0.42592592656250006 0.0111979171875 0.42222222187499997 0.0026041671875 0.43194444374999996 0.0010416671875 0.4495370375 0.0171875 0.516203703125 0.0166666671875 0.5671296296875 0.01953125 0.5768518515625 0.0239583328125 0.578240740625 0.0276041671875 0.571759259375 0.0270833328125 0.565277778125 0.0315104171875 0.5425925921875 0.0341145828125 0.5546296296875 0.0393229171875 0.5574074078125 0.040625 0.5513888890625 0.0322916671875 0.5208333328125 0.0317708328125 0.4995370375
1 0.025 0.5856481484375 0.0166666671875 0.5708333328124999 0.0114583328125 0.5523148140624999 0.00625 0.5078703703125 0.0002604171875 0.4824074078125 0 0.584722221875 0.021875 0.5912037031249999 0.025 0.5856481484375
1 0.3067708328125 0.5875 0.2981770828125 0.5620370375 0.2984375 0.5930555562500001 0.3010416671875 0.5958333328125 0.30625 0.616203703125 0.3078125 0.6106481484375 0.3067708328125 0.5875
1 0.2861979171875 0.4879629625 0.2869791671875 0.478240740625 0.2864583328125 0.47361111093749997 0.28125 0.46805555625000006 0.2796875 0.4486111109375 0.2760416671875 0.440277778125 0.2755208328125 0.43194444374999996 0.2705729171875 0.42222222187499997 0.2606770828125 0.42129629687500003 0.2552083328125 0.42731481406249994 0.25052083281250004 0.44305555625000004 0.2520833328125 0.47268518593750003 0.2541666671875 0.47453703750000004 0.2510416671875 0.5050925921875 0.2510416671875 0.5273148140624999 0.2557291671875 0.5208333328125 0.259375 0.5495370375 0.2552083328125 0.565277778125 0.2567708328125 0.5699074078125 0.25625 0.60694444375 0.25833333281250004 0.6273148140625 0.26171875 0.63148148125 0.2703125 0.6319444437499999 0.275 0.6199074078125 0.275 0.5976851859375001 0.2708333328125 0.5708333328124999 0.2609375 0.5421296296875 0.2598958328125 0.5023148140625 0.2653645828125 0.49259259218749996 0.27421875 0.4861111109375 0.2861979171875 0.4879629625
1 0.2869791671875 0.30694444375 0.2921875 0.346759259375 0.2921875 0.3634259265625 0.2869791671875 0.3986111109375 0.2864583328125 0.42268518593750004 0.28958333281250004 0.4486111109375 0.29635416718749996 0.46157407343749995 0.2984375 0.47453703750000004 0.2979166671875 0.43101851875 0.3036458328125 0.3875 0.2989583328125 0.31898148125 0.3057291671875 0.2995370375 0.3018229171875 0.290740740625 0.2971354171875 0.28796296250000003 0.2901041671875 0.29398148125 0.2869791671875 0.30694444375
1 0.3697916671875 0.5097222218749999 0.36770833281250004 0.5226851859375 0.3776041671875 0.608796296875 0.3776041671875 0.6273148140625 0.3708333328125 0.6569444437499999 0.3752604171875 0.6611111109375 0.3838541671875 0.6606481484375 0.4114583328125 0.6421296296875 0.4046875 0.621759259375 0.403125 0.608796296875 0.4036458328125 0.5143518515625 0.3986979171875 0.5 0.3893229171875 0.49259259218749996 0.3747395828125 0.4981481484375 0.3697916671875 0.5097222218749999
1 0.47864583281249995 0.534722221875 0.478125 0.5476851859375 0.47890625 0.5518518515624999 0.4828125 0.553240740625 0.484375 0.5791666671875 0.484375 0.6263888890625 0.4796875 0.6421296296875 0.48333333281249996 0.646759259375 0.5151041671875001 0.6421296296875 0.5119791671875 0.6273148140625 0.5114583328125 0.6115740734374999 0.5192708328125 0.5291666671875 0.5130208328125 0.5069444437499999 0.5028645828125 0.4981481484375 0.48723958281249996 0.5046296296875 0.47864583281249995 0.534722221875
1 0.3270833328125 0.3143518515625 0.325 0.32824074062499997 0.3375 0.3365740734375 0.3375 0.31805555625 0.3333333328125 0.278240740625 0.3390625 0.26435185156249996 0.33515625 0.253703703125 0.3283854171875 0.2518518515625 0.325 0.25509259218749997 0.3229166671875 0.26435185156249996 0.3270833328125 0.3143518515625
1 0.3177083328125 0.378240740625 0.321875 0.38101851875000003 0.32734375 0.375 0.3385416671875 0.3745370375 0.3375 0.34398148125 0.3341145828125 0.3361111109375 0.3268229171875 0.3296296296875 0.31979166718749996 0.334722221875 0.3166666671875 0.35046296250000003 0.3177083328125 0.378240740625
1 0.2838541671875 0.2736111109375 0.28177083281250004 0.2856481484375 0.2859375 0.3171296296875 0.2864583328125 0.34027777812500004 0.28072916718749996 0.3865740734375 0.2822916671875 0.40416666718750005 0.2864583328125 0.4050925921875 0.2921875 0.3634259265625 0.2916666671875 0.34305555625 0.2869791671875 0.3078703703125 0.29296875 0.2898148140625 0.2994791671875 0.2865740734375 0.2984375 0.2754629625 0.2903645828125 0.2675925921875 0.2838541671875 0.2736111109375
1 0.33515625 0.271296296875 0.3328125 0.2800925921875 0.3375 0.32083333281250004 0.3380208328125 0.3708333328125 0.3416666671875 0.38009259218749997 0.346875 0.3578703703125 0.3427083328125 0.2986111109375 0.3447916671875 0.290277778125 0.3505208328125 0.28379629687499996 0.3505208328125 0.2773148140625 0.3466145828125 0.26851851875 0.34140625 0.26574074062499997 0.33515625 0.271296296875
1 0.5622395828125 0.3148148140625 0.5588541671875 0.32453703749999996 0.5588541671875 0.38842592656249997 0.5510416671875 0.41805555625 0.55234375 0.42222222187499997 0.5606770828125 0.4268518515625 0.5677083328125 0.446759259375 0.5625 0.49305555625 0.5625 0.5013888890625 0.5651041671875 0.5023148140625 0.5729166671875 0.48101851875 0.5744791671875 0.46805555625000006 0.575 0.3958333328125 0.5796875 0.35694444375 0.5786458328124999 0.31990740781250004 0.57421875 0.3120370375 0.5690104171875 0.3101851859375 0.5622395828125 0.3148148140625
1 0.5104166671875 0.3106481484375 0.5044270828124999 0.30648148124999997 0.49817708281249995 0.309259259375 0.49322916718750004 0.31898148125 0.49010416718750005 0.3495370375 0.4838541671875 0.36990740781250003 0.484375 0.391203703125 0.49010416718750005 0.4125 0.48229166718750005 0.4365740734375 0.48072916718750003 0.45324074062499997 0.4838541671875 0.48379629687500003 0.4869791671875 0.49305555625 0.49114583281249996 0.4754629625 0.4916666671875 0.3865740734375 0.49713541718750004 0.377777778125 0.5059895828125 0.3759259265625 0.51015625 0.38148148125 0.5119791671875 0.3773148140625 0.5145833328125 0.32824074062499997 0.5104166671875 0.3106481484375
1 0.46692708281249995 0.284259259375 0.4604166671875 0.2995370375 0.45989583281249996 0.3134259265625 0.46197916718750004 0.33194444375 0.46796875 0.3361111109375 0.4734375 0.3513888890625 0.47447916718750005 0.365277778125 0.4739583328125 0.3773148140625 0.4713541671875 0.383796296875 0.4713541671875 0.42083333281249996 0.47239583281249997 0.4328703703125 0.4791666671875 0.45231481406249996 0.4869791671875 0.41342592656250005 0.4859375 0.3958333328125 0.478125 0.35601851875 0.47864583281249995 0.3328703703125 0.48125 0.32824074062499997 0.48020833281249997 0.30046296250000004 0.47473958281249995 0.28611111093749997 0.46692708281249995 0.284259259375
1 0.5223958328125 0.2976851859375 0.5203125 0.30694444375 0.5239583328124999 0.3634259265625 0.5213541671875 0.366203703125 0.5166666671875 0.3865740734375 0.5161458328124999 0.4125 0.5197916671875 0.4393518515625 0.5223958328125 0.44305555625000004 0.5270833328125 0.41342592656250005 0.5265625 0.3523148140625 0.5325520828125 0.33888888906250003 0.53984375 0.3351851859375 0.540625 0.33101851875 0.540625 0.30046296250000004 0.53359375 0.2824074078125 0.5223958328125 0.2976851859375
1 0.5442708328125 0.2958333328125 0.5453125 0.3356481484375 0.5494791671875 0.3541666671875 0.546875 0.416203703125 0.55 0.41898148125 0.5578125 0.3958333328125 0.5583333328125 0.3300925921875 0.5630208328124999 0.30694444375 0.5619791671875001 0.28194444375 0.5559895828125 0.271296296875 0.54921875 0.2731481484375 0.5458333328125 0.2791666671875 0.5442708328125 0.2958333328125
1 0.58515625 0.2916666671875 0.5802083328125 0.303240740625 0.5802083328125 0.3634259265625 0.5770833328125 0.3856481484375 0.5846354171875 0.3796296296875 0.5958333328125 0.3791666671875 0.5947916671875 0.36898148124999997 0.5979166671875 0.3495370375 0.5989583328125 0.3078703703125 0.5973958328125 0.2986111109375 0.5924479171875 0.2916666671875 0.58515625 0.2916666671875
1 0.5984375 0.35972222187499997 0.6005208328125 0.35972222187499997 0.6015625 0.35046296250000003 0.6125 0.3384259265625 0.6145833328125 0.3263888890625 0.6166666671875001 0.2884259265625 0.61171875 0.275 0.6028645828125 0.27777777812500004 0.5984375 0.29305555625 0.5984375 0.35972222187499997
1 0.43645833281249996 0.29675925937500003 0.4375 0.30509259218749996 0.44322916718750005 0.3171296296875 0.4427083328125 0.39027777812500003 0.44739583281249995 0.40601851875 0.45104166718750005 0.40601851875 0.45 0.353240740625 0.453125 0.3393518515625 0.45520833281249995 0.2865740734375 0.4546875 0.2791666671875 0.45078125 0.2703703703125 0.44296875 0.2675925921875 0.4369791671875 0.278240740625 0.43645833281249996 0.29675925937500003
1 0.41822916718750003 0.2865740734375 0.42395833281249995 0.3125 0.4330729171875 0.303703703125 0.43541666718750005 0.2921296296875 0.4359375 0.26435185156249996 0.4348958328125 0.258796296875 0.42786458281249995 0.24907407343750002 0.4203125 0.25509259218749997 0.41822916718750003 0.2708333328125 0.41822916718750003 0.2865740734375
1 0.7377604171875001 0.5861111109375 0.73125 0.5976851859375001 0.7255208328125 0.6226851859375 0.7255208328125 0.6495370375 0.73125 0.653240740625 0.7380208328125 0.6486111109375 0.7377604171875001 0.5861111109375
1 0.715625 0.47453703750000004 0.7166666671875 0.5050925921875 0.7174479171875 0.5083333328124999 0.7309895828124999 0.50555555625 0.7385416671875 0.5115740734374999 0.7421875 0.5041666671875 0.7463541671875 0.4773148140625 0.746875 0.45416666718750004 0.73984375 0.4388888890625 0.72890625 0.4361111109375 0.7213541671875 0.44305555625000004 0.7182291671875001 0.45601851875 0.715625 0.47453703750000004
1 0.8869791671874999 0.4671296296875 0.8783854171875 0.4546296296875 0.86953125 0.4546296296875 0.8619791671874999 0.46805555625000006 0.8572916671874999 0.5199074078125 0.8536458328125001 0.5365740734375 0.8494791671874999 0.5486111109375 0.8322916671874999 0.5791666671875 0.828125 0.5921296296875 0.8255208328125001 0.6078703703125 0.8291666671875 0.61898148125 0.8286458328125 0.6347222218749999 0.8255208328125001 0.6421296296875 0.8359375 0.6449074078125 0.8434895828125001 0.6416666671875 0.8583333328125 0.6152777781250001 0.8645833328125001 0.590277778125 0.871875 0.5310185187500001 0.8833333328125 0.5097222218749999 0.8864583328125001 0.49583333281249997 0.8880208328125001 0.4828703703125 0.8869791671874999 0.4671296296875
1 0.9236979171874999 0.4620370375 0.9192708328125001 0.4699074078125 0.909375 0.5375 0.90625 0.5504629624999999 0.9020833328125001 0.553240740625 0.89375 0.578240740625 0.8911458328125 0.5930555562500001 0.890625 0.616203703125 0.8927083328125001 0.6273148140625 0.8953125 0.628240740625 0.9169270828125 0.621296296875 0.9234375 0.609722221875 0.925 0.5995370375 0.9239583328125001 0.5578703703125 0.9427083328125001 0.4875 0.9416666671874999 0.47361111093749997 0.9330729171875 0.4601851859375 0.9236979171874999 0.4620370375
1 0.9078125 0.43009259218749996 0.9005208328125001 0.48842592656250006 0.8921875 0.5097222218749999 0.8921875 0.515277778125 0.9015625 0.5310185187500001 0.9026041671874999 0.5523148140624999 0.909375 0.5375 0.91875 0.47083333281249995 0.9244791671874999 0.4606481484375 0.9286458328125 0.440277778125 0.9260416671874999 0.4263888890625 0.9200520828125001 0.41851851875 0.91328125 0.4203703703125 0.9078125 0.43009259218749996
1 0.8513020828125001 0.3759259265625 0.846875 0.383796296875 0.840625 0.44768518593750006 0.8286458328125 0.47361111093749997 0.8203125 0.4995370375 0.8192708328125 0.5097222218749999 0.8286458328125 0.5245370375 0.8447916671875 0.49490740781250003 0.853125 0.42731481406249994 0.85625 0.416203703125 0.86328125 0.409259259375 0.8671875 0.3976851859375 0.865625 0.383796296875 0.86015625 0.375 0.8513020828125001 0.3759259265625
1 0.8700520828125 0.41111111093749997 0.86171875 0.41018518593750003 0.8557291671874999 0.41805555625 0.8463541671874999 0.490277778125 0.8291666671875 0.5236111109375 0.8291666671875 0.5495370375 0.8171875 0.5921296296875 0.8171875 0.609722221875 0.8197916671875 0.6199074078125 0.8291666671875 0.584722221875 0.8510416671875 0.54398148125 0.8536458328125001 0.534722221875 0.8614583328125001 0.46805555625000006 0.86484375 0.4601851859375 0.875 0.4486111109375 0.8770833328125001 0.4254629625 0.8700520828125 0.41111111093749997
1 0.7807291671875001 0.4328703703125 0.7833333328125 0.44305555625000004 0.7822916671875 0.45231481406249996 0.76875 0.4865740734375 0.7645833328125 0.516203703125 0.765625 0.5300925921874999 0.7692708328125 0.5273148140624999 0.7838541671875 0.496759259375 0.7880208328125 0.48101851875 0.7942708328125 0.4143518515625 0.7989583328125 0.40416666718750005 0.7924479171875001 0.39444444375 0.7869791671875 0.41805555625 0.7807291671875001 0.4328703703125
1 0.7372395828125 0.3925925921875 0.74609375 0.3916666671875 0.7536458328125 0.3986111109375 0.7552083328125 0.36990740781250003 0.753125 0.3634259265625 0.7455729171875001 0.3546296296875 0.7372395828125 0.3583333328125 0.7333333328125 0.36805555624999997 0.7317708328125 0.3958333328125 0.73359375 0.3981481484375 0.7372395828125 0.3925925921875
1 0.7393229171875 0.4379629625 0.7455729171875001 0.45 0.7494791671875001 0.4495370375 0.753125 0.4421296296875 0.7552083328125 0.42731481406249994 0.7546875 0.40416666718750005 0.7481770828125 0.3925925921875 0.73671875 0.3925925921875 0.7322916671875 0.3986111109375 0.7244791671875 0.4328703703125 0.7393229171875 0.4379629625
1 0.7536458328125 0.365277778125 0.7572916671875001 0.36064814843750004 0.7578125 0.34398148125 0.7544270828124999 0.3361111109375 0.7455729171875001 0.33055555625 0.7380208328125 0.3421296296875 0.7369791671875 0.3578703703125 0.74765625 0.35648148125 0.7536458328125 0.365277778125
1 0.7614583328125 0.3449074078125 0.7630208328125 0.3375 0.7614583328125 0.31898148125 0.7549479171875 0.3120370375 0.74921875 0.3138888890625 0.7453125 0.321759259375 0.7442708328125 0.33101851875 0.75390625 0.3351851859375 0.7614583328125 0.3449074078125
1 0.784375 0.490277778125 0.7838541671875 0.4986111109375 0.7734375 0.5171296296875 0.7645833328125 0.54305555625 0.7604166671875 0.5736111109375 0.7614583328125 0.5958333328125 0.7697916671875 0.5745370375000001 0.7817708328124999 0.553240740625 0.7885416671875001 0.5300925921874999 0.7927083328125 0.47361111093749997 0.7989583328125 0.44398148125 0.7966145828125 0.4129629625 0.7880208328125 0.48194444374999995 0.784375 0.490277778125
1 0.790625 0.371759259375 0.7927083328125 0.3754629625 0.7997395828125 0.3648148140625 0.8080729171875 0.36944444375 0.8119791671875 0.366203703125 0.8125 0.35601851875 0.80703125 0.3416666671875 0.79765625 0.340740740625 0.7921875 0.3495370375 0.790625 0.371759259375
1 0.63671875 0.3138888890625 0.6421875 0.29675925937500003 0.64375 0.259722221875 0.6393229171875 0.2518518515625 0.6315104171875 0.253703703125 0.6291666671875 0.2615740734375 0.628125 0.315277778125 0.63671875 0.3138888890625
1 0.6635416671875001 0.2791666671875 0.6677083328125 0.2921296296875 0.6677083328125 0.30694444375 0.6625 0.3495370375 0.665625 0.36898148124999997 0.6677083328125 0.371759259375 0.671875 0.35601851875 0.6802083328124999 0.3421296296875 0.6760416671875 0.334722221875 0.6796875 0.2828703703125 0.6776041671875 0.271759259375 0.6747395828125 0.26851851875 0.6674479171875001 0.2703703703125 0.6635416671875001 0.2791666671875
1 0.6549479171875 0.2824074078125 0.6505208328125 0.29305555625 0.65625 0.3125 0.6520833328125 0.366203703125 0.6526041671875 0.3828703703125 0.65625 0.38935185156249996 0.66484375 0.38333333281250004 0.6671875 0.378240740625 0.6635416671875001 0.3578703703125 0.6635416671875001 0.3365740734375 0.6682291671875 0.3078703703125 0.6677083328125 0.2921296296875 0.6611979171875 0.28055555625 0.6549479171875 0.2824074078125
1 0.6380208328125 0.3125 0.64375 0.3356481484375 0.6390625 0.383796296875 0.6390625 0.40601851875 0.6416666671875 0.4254629625 0.6505208328125 0.42731481406249994 0.6520833328125 0.4254629625 0.6546875 0.3921296296875 0.6526041671875 0.3625 0.6572916671875 0.3134259265625 0.6533854171875 0.29907407343750003 0.6450520828124999 0.29722222187499997 0.6401041671875001 0.3023148140625 0.6380208328125 0.3125
1 0.6005208328125 0.27638888906250003 0.5989583328125 0.25509259218749997 0.59609375 0.24722222187499998 0.5888020828125 0.2453703703125 0.5833333328125 0.2578703703125 0.584375 0.291203703125 0.5963541671875 0.2921296296875 0.6005208328125 0.27638888906250003
1 0.6135416671875 0.3375 0.6208333328125 0.34305555625 0.6286458328125 0.30694444375 0.6296875 0.28379629687499996 0.6276041671875 0.26527777812500003 0.6200520828125 0.2611111109375 0.61484375 0.2648148140625 0.6119791671875 0.2726851859375 0.6161458328125 0.2865740734375 0.6135416671875 0.3375
1 0.5515625 0.2236111109375 0.5520833328125 0.2393518515625 0.5546875 0.24490740781250003 0.5546875 0.2606481484375 0.5567708328125 0.2708333328125 0.5611979171875 0.27870370312500004 0.5651041671875 0.278240740625 0.565625 0.26527777812500003 0.5703125 0.25601851875000003 0.5703125 0.240277778125 0.5674479171875 0.234259259375 0.5619791671875001 0.23101851875 0.5614583328125 0.2171296296875 0.5565104171875 0.2148148140625 0.5515625 0.2236111109375
1 0.5890625 0.24398148125 0.5885416671875 0.23009259218749997 0.5846354171875 0.22314814843750003 0.5783854171875 0.22407407343750002 0.5739583328125 0.2365740734375 0.5744791671875 0.2541666671875 0.58125 0.2699074078125 0.5890625 0.24398148125
1 0.52578125 0.253703703125 0.52109375 0.2546296296875 0.5171875 0.2606481484375 0.5151041671875001 0.2865740734375 0.5114583328125 0.30046296250000004 0.5140625 0.3143518515625 0.5119791671875 0.3671296296875 0.5135416671875 0.3828703703125 0.515625 0.383796296875 0.5182291671875 0.38194444375000003 0.5234375 0.35601851875 0.5223958328125 0.2986111109375 0.5268229171875001 0.28796296250000003 0.5322916671875 0.28379629687499996 0.5333333328125 0.2754629625 0.5317708328124999 0.2606481484375 0.52578125 0.253703703125