1 0 0.403125 0.002363584375 0.403125 0.0037503562499999997 0.40028260156249995 0.0028325875 0.378925634375 0.00625 0.35418395 0.00625 0.3473703921875 0.0041813078125 0.3262085265625 0.00537380625 0.3003432703125 0.0038759484375 0.2891411546875 0.00104099375 0.28388171875 0 0.2838210875 0 0.403125
1 0.012557018750000001 0.41875 0.012803290625 0.4184893859375 0.0168776671875 0.40382012031250003 0.01875 0.38420875625 0.01875 0.3623378515625 0.014840524999999999 0.337788284375 0.0176161265625 0.30262735625000003 0.0136934 0.2945507890625 0.0090059 0.29433246562500004 0.00575563125 0.3002175640625 0.0049315 0.34568496875 0.003816109375 0.35038789531250003 0.003816109375 0.4185874375 0.004080375 0.41875 0.012557018750000001 0.41875
2 1 0.43423941718750003 0.8430083546875 0.4233716703125 0.6603900953124999 0.41656865 0.614362521875 0.41138885 0.6068399546875 0.4188361359375 0.6124281984375 0.44680498437500005 0.6169833484375 0.45257890468750006 0.6196436921874999 0.47578164375 0.623511853125 0.4902836203125 0.63425225625 0.4954591671875 0.6566480890624999 0.49663288281250006 0.6717465421875 0.5121846828125001 0.6761951328125 0.5140625 1 0.5140625 1 0.43423941718750003
1 0.7135159812499999 0.33420937500000003 0.71168783125 0.356416446875 0.7149963703125 0.4064255375 0.718577115625 0.409375 0.753125 0.409375 0.753125 0.3273114359375 0.7415544421875 0.2871598703125 0.7401282578125 0.2612309140625 0.7424518843750001 0.2084773765625 0.7357994531250001 0.1894610484375 0.723723284375 0.18661357812499998 0.7189532046875 0.1916773859375 0.71579238125 0.20554506250000001 0.7228044421875 0.2870507859375 0.7135159812499999 0.33420937500000003
1 0.9890625 0.35656489375 0.978663025 0.31023345625 0.9807374875000001 0.2498297515625 0.97872245 0.22401308437499998 0.972498515625 0.2110059921875 0.9652562546875 0.209375 0.9626990124999999 0.209375 0.9567019906249999 0.2172094015625 0.9537547734375 0.22761310625000003 0.959408353125 0.31250693125 0.9473410843749999 0.368047065625 0.945399565625 0.4061921296875 0.9468933265625001 0.409375 0.9629451265625001 0.409375 0.9777720421874999 0.40856370625 0.9890625 0.40575830156250003 0.9890625 0.35656489375
1 0.9729140718749999 0.21441323906249998 0.9769774421874999 0.2269905140625 0.97770475 0.255721490625 0.9733943171874999 0.296407684375 0.9734032593750002 0.31400936874999996 0.9838467468750001 0.36699624375 0.9848267890625 0.403125 0.9943285328125 0.403125 0.9953125 0.4007059625 0.9953125 0.3380653734375 0.9851490078125 0.28642250625 0.98499641875 0.2558487671875 0.989342734375 0.2318383328125 0.9906179359374999 0.205921496875 0.9883370687500002 0.1947649296875 0.9841120499999999 0.1877432109375 0.9737762062499999 0.184783609375 0.9664890125 0.19345717499999998 0.9644954437500001 0.2082447171875 0.9729140718749999 0.21441323906249998
1 0.3832672703125 1 0.383217040625 0.9652612203125 0.403125 0.873072646875 0.403125 0.84167969375 0.40257222031250006 0.812879671875 0.388355953125 0.795775471875 0.3879235578125 0.7956417234375 0.3572581171875 0.7956417234375 0.3508559515625 0.7979595984375 0.3319323375 0.826349909375 0.32431326718750003 0.9998784140625 0.324266975 1 0.3832672703125 1
1 0.153366184375 1 0.14802363125 0.982568359375 0.1491383796875 0.909130859375 0.1644577421875 0.815380859375 0.16205400625 0.781005859375 0.15405583750000001 0.756005859375 0.135486153125 0.747412109375 0.0890481953125 0.753662109375 0.0666322484375 0.779443359375 0.082977784375 0.968505859375 0.078881240625 1 0.153366184375 1
1 0.6723649 0.6296875 0.68146058125 0.6717202999999999 0.6492302296875 0.7807351 0.6545135875 0.85629065625 0.6972172171875 0.960376265625 0.705730346875 0.96875 0.7390625 0.96875 0.7390625 0.9153481296875 0.7357394578124999 0.905958290625 0.726340003125 0.822191121875 0.7390625 0.7825257984375 0.7390625 0.6913277718749999 0.7354154859375 0.6834042703125001 0.73512385625 0.6296875 0.6723649 0.6296875
1 0.7433731421875001 0.6296875 0.7571038765625 0.713498353125 0.728631225 0.7888729125 0.71173419375 0.8192103109375001 0.7264122578125 0.8833021125 0.7295559203125 0.9224354187499999 0.7575490296874999 1 0.8327075046875001 1 0.821387409375 0.9567507734374999 0.8123561078125 0.8960050046875001 0.8390625 0.8029658203124999 0.8390625 0.7550170703125 0.8147264515625 0.7093900515625 0.8199164515625 0.6296875 0.7433731421875001 0.6296875
1 0.8396043328125 0.6296875 0.8540904812499999 0.7495177546875 0.8134427328125 0.856287584375 0.810317115625 0.932153925 0.8234769984374999 1 0.9316478437499999 1 0.9303946953125 0.928207153125 0.9515625 0.85625220625 0.9515625 0.8103407046875001 0.9181699484374999 0.7377176140625 0.9228118828125 0.6296875 0.8396043328125 0.6296875
1 1 1 1 0.6296875 0.978882109375 0.6296875 0.965495196875 0.6489805546875 0.965254646875 0.7183658625 0.977216471875 0.773525190625 0.929280384375 0.8927494109375 0.928161028125 0.8978973578125 0.928161028125 1 1 1
1 0.827860521875 0.6296875 0.82307719375 0.7145038687499999 0.854625475 0.7421875 0.85554329375 0.7421875 0.8436286640624999 0.6296875 0.827860521875 0.6296875
1 0.92235060625 0.6296875 0.90978931875 0.758435371875 0.94653884375 0.8265625 0.9471508421875001 0.8265625 0.9666616093750001 0.777292421875 0.9587611921875 0.6447356671875 0.9705446906249999 0.6296875 0.92235060625 0.6296875