1 0.1285670890625 0.5296875 0.1282518625 0.5236144234375 0.116452746875 0.45970077343750004 0.1247258359375 0.34184116875 0.11936676718749999 0.3241694421875 0.11178060625 0.31818860937500004 0.09758877031249999 0.3227934796875 0.0899270078125 0.3412996171875 0.088173990625 0.361736740625 0.09043295 0.41609935781249996 0.08839241406250001 0.459651253125 0.078125 0.49896245781250004 0.078125 0.5296875 0.1285670890625 0.5296875
1 0 0.5296875 0.042879278124999996 0.5296875 0.042845703125 0.5100206921875 0.033167978125000004 0.45374830624999996 0.029008678125 0.440867165625 0.0314840328125 0.40566379843749995 0.03895608125 0.3500173296875 0.0396048359375 0.321322715625 0.03520398125 0.30798315781249996 0.0271347484375 0.30164713593750003 0.0160086078125 0.30646768125 0.007645356250000001 0.32650690937500004 0.0050126171875 0.442211284375 0 0.4613752265625 0 0.5296875
1 0 0.4629277015625 0.00664526875 0.4378950234375 0.0071049734375 0.3285993984375 0.012245046875 0.3092367734375 0.0239404421875 0.2992515953125 0.0240913015625 0.2927701140625 0.0213021453125 0.289479371875 0 0.28828319375 0 0.4629277015625
1 0.2753435140625 0.5296875 0.2756969890625 0.503307159375 0.271677575 0.474330440625 0.2608406203125 0.42455865781249996 0.26317535625 0.3690637734375 0.26859198906250004 0.31560275 0.266896578125 0.29881474375 0.2626095765625 0.2925383765625 0.252998565625 0.291560875 0.2397016359375 0.291560875 0.23729528281249998 0.2933819390625 0.23384701562500002 0.30708881718750003 0.233735734375 0.4239071609375 0.221875 0.4770940640625 0.221875 0.5296875 0.2753435140625 0.5296875
1 0.33378792343749997 0.5296875 0.335975390625 0.4843568125 0.326177625 0.40047784062499997 0.33071563125000003 0.35051421718750003 0.338184396875 0.3034374984375 0.338052046875 0.2978637546875 0.334957990625 0.29357886718750004 0.31506701875 0.2921875 0.30807816718750003 0.2921875 0.3036123 0.29758927812499997 0.30266395 0.3708829296875 0.2996827265625 0.406049928125 0.290625 0.4370039671875 0.290625 0.5296875 0.33378792343749997 0.5296875
1 0.7290098765625 0.31036519375 0.7152711843749999 0.23502766562500002 0.72179649375 0.1597773421875 0.7193773765625 0.150924790625 0.690007753125 0.15488555312500002 0.6922164609375 0.20324634062500002 0.6902226875 0.238018628125 0.6765625 0.2945685421875 0.6765625 0.4378143078125 0.67694003125 0.43980803437500005 0.6842271953125 0.446875 0.7088285171875001 0.446875 0.7164875390625001 0.42341590625 0.7279480875 0.3630929078125 0.7290098765625 0.31036519375
1 0.6296875 0.465625 0.6353303171875 0.465625 0.6537663921875 0.38906175468750004 0.6560867 0.332117309375 0.642011809375 0.2560284296875 0.6437661859375 0.2129728765625 0.6502646609375 0.168446609375 0.650162525 0.15179358125 0.6467317875 0.1497716109375 0.6296875 0.1519299 0.6296875 0.465625
1 0.69453125 0.201215278125 0.687890625 0.1505208328125 0.68359375 0.158159721875 0.6796875 0.1984375 0.66875 0.2401041671875 0.66328125 0.2776041671875 0.66328125 0.32760416718749996 0.671875 0.3734375 0.67421875 0.37204861093749997 0.675 0.31649305625 0.69375 0.22760416718749998 0.69453125 0.201215278125
1 0.76484375 0.151215278125 0.76484375 0.2095486109375 0.75 0.270659721875 0.74609375 0.30121527812500004 0.746875 0.34288194375000003 0.7546875 0.3942708328125 0.762109375 0.4185763890625 0.77421875 0.42621527812500004 0.788671875 0.42552083281249997 0.79375 0.41649305625000005 0.80546875 0.36371527812500004 0.8078125 0.3373263890625 0.80625 0.28177083281250004 0.790625 0.21371527812500002 0.7921875 0.15677083281249998 0.788671875 0.1505208328125 0.76484375 0.151215278125
1 0.854296875 0.14913194375 0.8375 0.151215278125 0.83515625 0.1901041671875 0.8171875 0.2748263890625 0.8171875 0.313715278125 0.821875 0.345659721875 0.83125 0.39149305624999997 0.840625 0.401215278125 0.860546875 0.40190972187499996 0.865625 0.395659721875 0.8796875 0.3151041671875 0.8765625 0.2567708328125 0.8609375 0.19288194375 0.8609375 0.158159721875 0.854296875 0.14913194375
2 0.6296875 1 0.6296875 0.91746139375 0.5579424671875 0.9226904000000001 0.53098846875 0.9207222749999999 0.49231746718749997 0.9268958406250001 0.23186846718749998 0.9445100265625002 0.0035494609375 0.9646844953125001 0.003125 0.9655223656249999 0.003125 1 0.6296875 1
1 0.7654012765625 0.5296875 0.7833321875 0.6323155015624999 0.7821119390625 0.711902871875 0.721875 0.8509928 0.721875 1 0.9638087828125 1 0.9659511921874999 0.9386494359374999 0.9517646953125001 0.8538133625000001 0.8867994390625 0.7051941921875 0.8911992515625 0.6238440625 0.9077863578125 0.5296875 0.7654012765625 0.5296875