1 0.9638448390625001 0.5390625 0.9491947765625 0.48795561718749997 0.948603121875 0.35881872656249997 0.9370287031250001 0.3315355640625 0.92949035625 0.32652598906249997 0.9249207500000001 0.32652598906249997 0.9120287031250001 0.33037117031249996 0.9037796296875001 0.3511977828125 0.916758265625 0.4901337 0.9047721890624999 0.5390625 0.9638448390625001 0.5390625
1 0.777433928125 0.5390625 0.7687546656249999 0.5072871125 0.7693691140625 0.3890192859375 0.7591885125 0.3658601734375 0.74917995 0.3602579734375 0.73643774375 0.367575803125 0.7300127265625 0.38324634375 0.73948215625 0.5089648 0.7341812671875 0.5390625 0.777433928125 0.5390625
1 0.524230796875 0.5390625 0.52169925 0.528121396875 0.527651034375 0.43023055625 0.51392965625 0.406967096875 0.5009076859375 0.41051217968750003 0.49394462812499995 0.42799004218750003 0.49774319062499994 0.520449428125 0.49297239375 0.5390625 0.524230796875 0.5390625
1 0.6343900234375 0.5390625 0.6294836953124999 0.5173694546875 0.636005434375 0.4120090109375 0.623505434375 0.38890365 0.60828804375 0.3926005078125 0.6001358703124999 0.413857440625 0.6044836953124999 0.5155210265625 0.5991001468749999 0.5390625 0.6343900234375 0.5390625
1 0.6706732328125 0.5390625 0.6686141296875 0.53030845625 0.6740489125 0.44712915937500003 0.67078804375 0.4304933 0.6615489125 0.420326940625 0.649592390625 0.4240237984375 0.6425271734375 0.4452807296875 0.646875 0.53030845625 0.64515908125 0.5390625 0.6706732328125 0.5390625
1 0.800130553125 0.5390625 0.79796195625 0.528460028125 0.8023097828125 0.45082601718750004 0.796331521875 0.435114371875 0.7898097828124999 0.4314175140625 0.782744565625 0.5210663125 0.7871324484375 0.5390625 0.800130553125 0.5390625
1 0.7870861203125 0.5390625 0.782744565625 0.5210663125 0.7881793484375 0.4267964421875 0.7800271734375 0.4073879390625 0.770244565625 0.40369108125000003 0.762092390625 0.495188309375 0.771647921875 0.5390625 0.7870861203125 0.5390625
1 0.8930706515625001 0.4240237984375 0.8892663046875 0.44897758750000005 0.8947010875 0.5266115984375 0.8990489125 0.5247631703125 0.9012228265625 0.49333987968750004 0.8930706515625001 0.4240237984375
1 0.8947010875 0.4304933 0.9012228265625 0.51182416875 0.9066576093750001 0.5099757390625 0.9099184781249999 0.4748555921875 0.9023097828125 0.39167629375 0.8985054343750001 0.39075207968750003 0.8947010875 0.4304933
1 0.4390625 1 0.4390625 0.5390625 0.35365710781250004 0.5390625 0.3544322703125 0.5557055625 0.38307531093749997 0.7020369046875 0.38642293906249997 0.7739119046875 0.346875 0.9244453234375 0.346875 1 0.4390625 1
1 0.4964161984375 0.5390625 0.48886759062499996 0.5898150921875 0.4859375 0.6516559578125001 0.4859375 0.6586302625 0.49234082187499995 0.731336209375 0.5109315203125 0.829213403125 0.5314828234375 0.9022361453125001 0.55049623125 0.9140625 0.5655112499999999 0.9140625 0.5655112499999999 0.732625053125 0.5596776484375 0.670722178125 0.5655112499999999 0.5899733312500001 0.5655112499999999 0.5390625 0.4964161984375 0.5390625
0 0.5587890625 0.5390625 0.546875 0.5814236109375 0.5375 0.67586805625 0.54375 0.8064236109374999 0.55625 0.8508680562500001 0.60859375 0.9133680562500001 0.6453125 0.92586805625 0.68984375 0.9217013890625001 0.76328125 0.860590278125 0.765625 0.8314236109375 0.7875 0.7897569437499999 0.78125 0.7619791671874999 0.7921875 0.6314236109375 0.7859375 0.57586805625 0.77421875 0.55225694375 0.76015625 0.55225694375 0.752059659375 0.5390625 0.5587890625 0.5390625