1 0.46276041718750005 0.21574074062499998 0.4557291671875 0.23009259218749997 0.4583333328125 0.30046296250000004 0.44895833281249997 0.34120370312500004 0.446875 0.3763888890625 0.45625 0.4356481484375 0.4596354171875 0.43981481406249995 0.4661458328125 0.4393518515625 0.4721354171875 0.4388888890625 0.4770833328125 0.43009259218749996 0.4859375 0.3791666671875 0.4869791671875 0.36157407343750003 0.475 0.3013888890625 0.4770833328125 0.23101851875 0.46901041718750003 0.2166666671875 0.46276041718750005 0.21574074062499998
1 0.5223958328125 0.258796296875 0.521875 0.2375 0.5184895828125 0.22870370312500002 0.51015625 0.225 0.5044270828124999 0.2296296296875 0.5005208328124999 0.240277778125 0.503125 0.3078703703125 0.4921875 0.3550925921875 0.490625 0.39027777812500003 0.4994791671875 0.44398148125 0.50234375 0.45 0.5109375 0.4513888890625 0.5184895828125 0.44907407343749994 0.5208333328125 0.44490740781250004 0.5307291671875001 0.40138888906250003 0.5322916671875 0.3773148140625 0.5291666671875 0.34861111093749997 0.51875 0.30694444375 0.5182291671875 0.291203703125 0.5223958328125 0.258796296875
1 0.5640625 0.3236111109375 0.5651041671875 0.291203703125 0.5677083328125 0.28101851875 0.5671875 0.25601851875000003 0.56015625 0.2379629625 0.5544270828125 0.23611111093749998 0.5502604171875001 0.2388888890625 0.5453125 0.2513888890625 0.5489583328125 0.2995370375 0.5479166671875 0.321759259375 0.5369791671875 0.366203703125 0.5354166671875 0.40416666718750005 0.5453125 0.4606481484375 0.54921875 0.46481481406249997 0.5625 0.4643518515625 0.5651041671875 0.4606481484375 0.56875 0.4356481484375 0.5770833328125 0.42731481406249994 0.5776041671875001 0.40231481406249997 0.5763020828125 0.396296296875 0.5731770828125 0.40555555625000006 0.5713541671875 0.403240740625 0.5640625 0.3236111109375
1 0.5729166671875 0.434722221875 0.5768229171875 0.43240740781250003 0.5791666671875 0.4236111109375 0.5796875 0.41805555625 0.5768229171875 0.4129629625 0.57265625 0.41203703750000004 0.5692708328125 0.41805555625 0.5703125 0.43194444374999996 0.5729166671875 0.434722221875
1 0.5583333328125 0.22453703749999998 0.5567708328125 0.23472222187499997 0.5645833328125 0.246759259375 0.5666666671875 0.26342592656249997 0.5640625 0.31990740781250004 0.56875 0.40046296249999996 0.5770833328125 0.40601851875 0.5859375 0.35046296250000003 0.5729166671875 0.2949074078125 0.5729166671875 0.28194444375 0.5776041671875001 0.2523148140625 0.5770833328125 0.2273148140625 0.5731770828125 0.21851851875 0.56484375 0.21574074062499998 0.5583333328125 0.22453703749999998
1 0.6119791671875 0.26342592656249997 0.60703125 0.24907407343750002 0.6002604171875 0.2453703703125 0.5932291671875001 0.2541666671875 0.5911458328125 0.2625 0.5942708328124999 0.3291666671875 0.5828125 0.38194444375000003 0.5817708328125 0.41342592656250005 0.5916666671875 0.47268518593750003 0.59609375 0.4768518515625 0.6052083328125 0.4763888890625 0.6111979171875 0.47407407343749997 0.6161458328125 0.46157407343749995 0.621875 0.43379629687500004 0.6239583328125 0.3976851859375 0.6223958328125 0.3773148140625 0.6104166671875 0.3300925921875 0.6130208328125 0.2921296296875 0.6119791671875 0.26342592656249997
1 0.6244791671875001 0.2615740734375 0.6244791671875001 0.240277778125 0.61953125 0.22777777812500002 0.6143229171875 0.225 0.6075520828125 0.22777777812500002 0.6026041671875 0.2375 0.6026041671875 0.24398148125 0.6098958328124999 0.25601851875000003 0.6125 0.2708333328125 0.6104166671875 0.33101851875 0.6234375 0.383796296875 0.6239583328125 0.428240740625 0.6244791671875001 0.416203703125 0.628125 0.41342592656250005 0.6328125 0.3976851859375 0.6333333328124999 0.3726851859375 0.6317708328125 0.35694444375 0.6213541671875 0.3115740734375 0.6208333328125 0.2875 0.6244791671875001 0.2615740734375
1 0.77265625 0.2148148140625 0.7638020828125 0.221296296875 0.7604166671875 0.23009259218749997 0.7598958328125 0.2513888890625 0.7635416671875 0.30046296250000004 0.7526041671875 0.3421296296875 0.7505208328124999 0.3745370375 0.7567708328125 0.41898148125 0.7609375 0.434722221875 0.7653645828125 0.43981481406249995 0.7770833328125 0.44120370312499996 0.7817708328124999 0.43379629687500004 0.7890625 0.391203703125 0.7901041671875 0.3541666671875 0.7848958328125 0.32453703749999996 0.7776041671875 0.30046296250000004 0.7817708328124999 0.23009259218749997 0.77734375 0.2175925921875 0.77265625 0.2148148140625
1 0.7138020828125 0.225 0.7075520828124999 0.2296296296875 0.7036458328124999 0.24305555625 0.7067708328125 0.30694444375 0.6958333328124999 0.3523148140625 0.6932291671875 0.383796296875 0.6953125 0.40416666718750005 0.7052083328125 0.4486111109375 0.7075520828124999 0.45185185156249996 0.7197916671875 0.45231481406249996 0.7239583328125 0.4495370375 0.7322916671875 0.4125 0.7348958328124999 0.36805555624999997 0.7229166671875 0.3134259265625 0.7260416671875001 0.253240740625 0.725 0.2375 0.7205729171875 0.22777777812500002 0.7138020828125 0.225
1 0.66484375 0.2388888890625 0.6692708328125 0.2523148140625 0.6703125 0.2736111109375 0.6666666671875 0.30416666718749996 0.6671875 0.31898148125 0.6770833328125 0.36157407343750003 0.6791666671875001 0.384722221875 0.6825520828125 0.3916666671875 0.6864583328125 0.3921296296875 0.6895833328125 0.3763888890625 0.6880208328124999 0.34861111093749997 0.6770833328125 0.2995370375 0.6791666671875001 0.23101851875 0.6736979171875 0.2166666671875 0.66484375 0.21574074062499998 0.6578125 0.23194444375 0.66484375 0.2388888890625
1 0.65234375 0.2388888890625 0.6473958328125 0.2513888890625 0.6510416671875 0.32083333281250004 0.6401041671875001 0.366203703125 0.6380208328125 0.3875 0.640625 0.391203703125 0.6549479171875 0.38055555625 0.678125 0.3828703703125 0.6770833328125 0.3625 0.6671875 0.31898148125 0.6697916671875 0.2578703703125 0.6671875 0.24305555625 0.66328125 0.2370370375 0.65234375 0.2388888890625
0 0.6486979171875 0.38333333281250004 0.6364583328125 0.3976851859375 0.6286458328125 0.4171296296875 0.6265625 0.45046296249999995 0.6291666671875 0.48101851875 0.6393229171875 0.5018518515625 0.6486979171875 0.5101851859375001 0.6635416671875001 0.5134259265625001 0.67890625 0.5046296296875 0.6895833328125 0.48842592656250006 0.6953125 0.45324074062499997 0.6953125 0.43101851875 0.6841145828124999 0.39444444375 0.6716145828125 0.38240740781250004 0.65859375 0.3796296296875 0.6486979171875 0.38333333281250004