1 0 0.4 0.009375 0.4 0.009375 0.24609965625000002 0.00853965625 0.23046826718750002 0.0058082578125 0.22301237031249999 0.0004147984375 0.2178046125 0 0.217928490625 0 0.4
1 0.253125 0.3863480546875 0.253125 0.2916093140625 0.2519194453125 0.2876381515625 0.250192271875 0.2310656640625 0.244835621875 0.2203125 0.23874389375 0.2203125 0.2339385859375 0.2301541984375 0.23785694531249998 0.2884571984375 0.23273945468749999 0.3082656625 0.2312862546875 0.337151378125 0.2340891234375 0.35835666875 0.24012485 0.3812318015625 0.2446540796875 0.3875 0.248315275 0.3875 0.2519606890625 0.3870459109375 0.253125 0.3863480546875
1 0.2628917 0.4171875 0.2715432125 0.4171875 0.271920009375 0.41714611718750005 0.27579932500000004 0.414626584375 0.2790931578125 0.40657879062499996 0.28125 0.392997384375 0.28125 0.3203420265625 0.275781575 0.30113241875 0.27765310468750004 0.238032978125 0.272581284375 0.22764413593750002 0.265799675 0.2270730546875 0.259423934375 0.23898832812499998 0.26119824375 0.301896696875 0.25422979843750004 0.3300566171875 0.252132015625 0.3737116125 0.25937691093750004 0.4140975078125 0.2628917 0.4171875
1 0.31875 0.45 0.31875 0.32748785625 0.318241428125 0.325617465625 0.313832896875 0.2525785765625 0.30778903281250003 0.238806659375 0.3013878671875 0.2365177671875 0.29685565468749997 0.24126436718750002 0.29426797968749996 0.2539723875 0.30164209999999997 0.3189328828125 0.294920740625 0.3571297890625 0.2948108015625 0.3875032421875 0.29990919531250004 0.41824089999999997 0.3073850078125 0.446382878125 0.309626728125 0.45 0.31875 0.45
1 0.3640625 0.45 0.3640625 0.37847555312500003 0.3603401328125 0.36830274375 0.3562129609375 0.3443104890625 0.35705345624999996 0.3081993765625 0.361151865625 0.288691296875 0.3621468234375 0.26831183593749997 0.358053784375 0.2540372578125 0.3488296421875 0.24771941718749999 0.3413871171875 0.254328178125 0.33829624687500004 0.2641003984375 0.33736594062499997 0.2817020828125 0.339564240625 0.321462353125 0.3379837953125 0.34462868125 0.32644593125 0.3897471796875 0.32644593125 0.45 0.3640625 0.45
1 0.3167059921875 0.2603278109375 0.314612684375 0.293470075 0.31556145 0.3138404453125 0.3286248328125 0.3796875 0.3296875 0.3796875 0.3296875 0.30253244218750003 0.326333096875 0.28854231874999997 0.3258288875 0.23309594531250002 0.3226408640625 0.2260013734375 0.3167823171875 0.2229233421875 0.31322273749999996 0.22458412499999997 0.3102038875 0.23227707656250002 0.31054889218750004 0.23968448125 0.31397577499999996 0.24632973749999998 0.3167059921875 0.2603278109375
1 0.3890625 0.2243708453125 0.388323009375 0.22470995781249997 0.384645765625 0.2328078421875 0.38675615625000004 0.2874071359375 0.3792490734375 0.33421912656249997 0.3797070859375 0.3499598671875 0.3842162984375 0.371875 0.38607770937499997 0.371875 0.3890625 0.35643926875 0.3890625 0.2243708453125
1 0.4875 0.45 0.4875 0.4254809984375 0.48072916718750003 0.37663064999999996 0.4671875 0.3213902796875 0.4661458328125 0.2834515625 0.4713541671875 0.22777478125 0.47083333281249995 0.19352764375 0.46276041718750005 0.17658591562499998 0.451999421875 0.1728508265625 0.44932532500000005 0.1728508265625 0.43984375 0.1789711578125 0.43385416718750003 0.19161056875 0.43333333281249997 0.22865972499999998 0.4380208328125 0.2729950671875 0.43854166718750004 0.32205701875 0.4192708328125 0.407690740625 0.41838981875 0.45 0.4875 0.45
1 0.5578125 0.45 0.5578125 0.44387099531249996 0.549032365625 0.41997117968750003 0.5431486875 0.38867155625 0.5402031703125 0.3285924546875 0.54450255 0.2275756 0.5382561 0.2050798484375 0.5261686593749999 0.1990274125 0.5225877359375 0.1990274125 0.51379848125 0.20394026875 0.5087374359375 0.21380645937499998 0.5059932078125 0.22591926875 0.5057023046875 0.25091926875000004 0.5109179906250001 0.3396263015625 0.49276870312500004 0.4230478984375 0.49276870312500004 0.45 0.5578125 0.45
0 0.71875 0.45 0.71875 0.41555803906250005 0.7142003796875 0.3950303828125 0.709467784375 0.38140850937500004 0.7042746328125 0.375707065625 0.6962357625 0.37065215625 0.6848151578125 0.3723123671875 0.67435339375 0.35905763125 0.6721528 0.3584253796875 0.636415084375 0.3584253796875 0.632052709375 0.358983353125 0.6195448953125 0.3788159328125 0.6199295484375 0.40107153125000006 0.6131734484375 0.42749810781250003 0.6142691593749999 0.45 0.71875 0.45
1 0.9203125 0.45 0.9203125 0.3739505515625 0.913616840625 0.3539351609375 0.9068474234374999 0.22903214218749998 0.9017434453125001 0.21228061718750002 0.8894519203125 0.19951998124999998 0.8821602546874999 0.199350265625 0.8749148109375 0.20564991250000003 0.868861375 0.2226037640625 0.8718238875000001 0.2624064546875 0.8805965734375001 0.303268421875 0.8843577281249999 0.34031758125 0.8741717031250001 0.41400373593750006 0.8725972921875 0.44353638437500004 0.8733138859375 0.45 0.9203125 0.45
1 1 0.45 1 0.1903208625 0.99975361875 0.1893812078125 0.9913656343749999 0.1754692140625 0.98542078125 0.1723985671875 0.977667134375 0.1723985671875 0.9765665859375 0.17261489375 0.969077659375 0.17862547499999998 0.9636188609375 0.19706021875 0.9649855421875 0.2294979609375 0.9715250859375001 0.2699960203125 0.9762154703124999 0.32360871874999997 0.9719778609375 0.3405787390625 0.9703089468750001 0.3657607484375 0.9634501531249999 0.400535703125 0.9608742140625001 0.45 1 0.45
1 0.2387363234375 1 0.23359375 0.9578363140625001 0.221875 0.908109071875 0.1984375 0.8336545843750001 0.19296875 0.7851707609374999 0.1921875 0.751855609375 0.20390625 0.6349161875 0.2046875 0.58767578125 0.19921875 0.547525290625 0.18486743125 0.5210374843750001 0.1812908546875 0.5210374843750001 0.141015625 0.5454077609375 0.124609375 0.561067396875 0.1203125 0.5729729640625 0.11953125 0.63132448125 0.13203125 0.7296446515625 0.13515625 0.8004052500000001 0.13046875 0.8394032421875 0.10390625 0.9316881578124999 0.0953125 0.9957770671875 0.09551305624999999 1 0.2387363234375 1
1 0.3890625 1 0.3890625 0.45 0.3708437421875 0.45 0.3707409234375 0.458836278125 0.37403304843749996 0.5115003953125 0.37158168125 0.5879347484374999 0.3648953296875 0.6256166046875 0.35283719687500004 0.6551242515625 0.335736015625 0.7153238468750001 0.32986045937499997 0.7534333656250001 0.32986045937499997 0.8905743765625 0.3451977125 0.976071246875 0.3531665 0.995971446875 0.357320925 1 0.3890625 1
1 1 0.45 0.950537109375 0.45 0.950537109375 0.4730909953125 0.962255859375 0.529762684375 0.9694597359374999 0.54375 0.9838960531249998 0.54375 0.987255859375 0.541680803125 1 0.507996021875 1 0.45
0 0.76351499375 0.45 0.768280221875 0.48620855937499996 0.7770819765625 0.515520696875 0.7838526921875 0.5260737421874999 0.8034010984375 0.5445475234375 0.8144683125000001 0.5484375 0.8372922578124999 0.5484375 0.8395816203125002 0.5481617562500001 0.8453125 0.5420462078125 0.8453125 0.45 0.76351499375 0.45