1 0.1884028515625 0.20140589375 0.195870328125 0.305707975 0.18161731718750002 0.3796477 0.179814109375 0.40383095625000004 0.1846164484375 0.45824222031249995 0.1961573 0.5095208609374999 0.2012094359375 0.51875 0.22587613593750003 0.51875 0.22622912031250003 0.51859950625 0.230575396875 0.5114230484375 0.23404884531249998 0.49641716249999995 0.2390625 0.46055123125 0.2390625 0.37115741406249997 0.23824808437499997 0.364635428125 0.220848778125 0.3025459296875 0.220266978125 0.2525459296875 0.222483275 0.21907611718750003 0.22118302812500001 0.19690848593750002 0.21500489687500002 0.1810186828125 0.20400434843749998 0.17651778125 0.20243279374999998 0.17651778125 0.1931514453125 0.18401695468749998 0.1884028515625 0.20140589375
1 0.2804340765625 0.559375 0.299377109375 0.489039484375 0.303125 0.4578580609375 0.303125 0.40117794218749997 0.2917707421875 0.3260321234375 0.29524754531249997 0.28343952968749997 0.30297484375 0.23360933749999999 0.303125 0.23051118124999997 0.303125 0.198287934375 0.297458684375 0.18269759531250002 0.28481576249999996 0.1774615109375 0.27595335 0.183554859375 0.266776240625 0.2031105234375 0.264433178125 0.2318142265625 0.2654253734375 0.270897184375 0.262679659375 0.32374773437500004 0.2555735140625 0.353159040625 0.253854521875 0.3576143828125 0.253854521875 0.559375 0.2804340765625 0.559375
1 0.3608934625 0.3032827359375 0.353154790625 0.34106963437500004 0.3490804109375 0.3878789921875 0.35407591250000003 0.437721128125 0.3596986625 0.46240539687500004 0.3702430875 0.4997368984375 0.372742378125 0.5046875 0.3814193609375 0.5046875 0.3815041609375 0.5044636578125 0.3824705578125 0.4402195703125 0.3828125 0.43839295937499995 0.3828125 0.2460117125 0.38114626406249996 0.1929366171875 0.375254590625 0.177107840625 0.36969172031249997 0.17337193281250002 0.3622413515625 0.17337193281250002 0.355355065625 0.17675571406249999 0.351386378125 0.18496154843749998 0.34948328906250004 0.19719591875 0.35167592187499996 0.2258601546875 0.35889808749999996 0.26902347656250003 0.3608934625 0.3032827359375
1 0.4453125 0.559375 0.4453125 0.4508120578125 0.4449240875 0.447425184375 0.440155784375 0.43334529374999997 0.4406281328125 0.425033184375 0.42624242343749996 0.3689046265625 0.4229827484375 0.34562914375 0.426872990625 0.20878310781249998 0.423656415625 0.1929150328125 0.41602621875 0.1791813828125 0.4071397359375 0.17326504843749999 0.3993272359375 0.1729467125 0.3889644375 0.181781525 0.3820436171875 0.20047650625000002 0.3817059390625 0.2319367640625 0.3889292703125 0.3099904328125 0.38916090625 0.34980524687500003 0.36890935625 0.448956353125 0.3650820625 0.507119909375 0.369496525 0.5498822796875 0.3714814 0.559375 0.4453125 0.559375
1 0.44096175156250006 0.1989631421875 0.441478259375 0.27909354375 0.4397880015625 0.3170139953125 0.4325278609375 0.343386390625 0.4325278609375 0.55625 0.4510028265625 0.55625 0.45579526093749995 0.5539212171875 0.460267765625 0.54388013125 0.47733327656249996 0.4733728046875 0.478125 0.46548306093749997 0.478125 0.37042726875 0.46739216875 0.3147606859375 0.47215493750000004 0.25078676718750004 0.47727531250000005 0.216272415625 0.47785151875 0.18857966875 0.4712431921875 0.1729924359375 0.4627336921875 0.16982301718749998 0.45740557343750005 0.16982301718749998 0.45035592968750005 0.1756189703125 0.444266996875 0.1867135296875 0.44096175156250006 0.1989631421875
1 0.4868021234375 0.484375 0.4871853671875 0.484375 0.5118530765625 0.40619155156250003 0.5161435234375 0.389488521875 0.5195836875000001 0.3626184890625 0.5213290015625 0.33021714062499996 0.5173422921874999 0.2904811125 0.518693409375 0.2488326265625 0.5218688703125001 0.2108636046875 0.5234375 0.20261615625 0.5234375 0.17641215937500002 0.5226034625 0.1743107421875 0.5162211109375 0.168833971875 0.5038534625 0.17452891875 0.49744588125 0.188018478125 0.49511212968749996 0.21395046562500003 0.4953206578125 0.24817942187500003 0.49695075937500005 0.25463666093750004 0.4949464578125 0.29074171249999997 0.4868021234375 0.31842877812500003 0.4868021234375 0.484375
1 0.8124146921875 0 0.813381309375 0.00893159375 0.8130517015625 0.0497306359375 0.78798099375 0.176302825 0.7886246187499999 0.23161578125 0.7914426921875 0.2664238921875 0.81272478125 0.367262965625 0.8190001515625 0.3734375 0.838083521875 0.3734375 0.8457676671875 0.372813721875 0.8541997125 0.37164356875000004 0.858544715625 0.3648616453125 0.8653560062500001 0.3280923875 0.871875 0.2825887078125 0.871875 0.1448581125 0.846779884375 0.04505003125 0.8462556796874999 0 0.8124146921875 0
1 0.6589101078125 0 0.6595953875 0.0342531203125 0.6557022124999999 0.0720613859375 0.6472235234375 0.10673379999999999 0.64305435 0.1184738296875 0.64305435 0.365625 0.6647826390625 0.365625 0.67310959375 0.34318271562499997 0.6907520078125 0.275330928125 0.6981540203125001 0.21430787968749998 0.698622003125 0.16903438906249998 0.686102134375 0.085166390625 0.689338153125 0.0356384109375 0.69659340625 0 0.6589101078125 0
1 0.5601040453125 0 0.568663484375 0.0842404765625 0.5670588578125 0.11214060625 0.5538233375 0.1760107484375 0.5523034875 0.2053664828125 0.555185984375 0.2548570203125 0.577662446875 0.3496477203125 0.5826002296875 0.35625 0.603371465625 0.35625 0.6046875 0.3558811734375 0.6046875 0.1259032109375 0.601075253125 0.1139490828125 0.5951060359375 0.080774753125 0.5966531171875 0 0.5601040453125 0
1 0.6309114734375 0 0.628995646875 0.0027568718749999997 0.62576785625 0.11312030625 0.6135938296875001 0.15997948281250002 0.6135938296875001 0.3453125 0.62477730625 0.3453125 0.6339073531249999 0.3442452625 0.6364037078125 0.34259280468750003 0.637081940625 0.330947971875 0.6287982875 0.25339524375 0.631216040625 0.1981479078125 0.63515364375 0.1717501796875 0.650263575 0.11836415625 0.6578125 0.043564120312499996 0.6578125 0 0.6309114734375 0
1 0.7298740625000001 0 0.7273629406250001 0.0933234453125 0.7197115765625 0.122279603125 0.7197115765625 0.353125 0.73440219375 0.353125 0.739089625 0.3506192796875 0.7540079328125 0.29808657968749996 0.7625 0.222945278125 0.7625 0.16441165156249998 0.7541747703125 0.1119189171875 0.7537989140625 0.0828348984375 0.7625 0.0243139546875 0.7625 0 0.7298740625000001 0
1 0.78478688125 0.2492936765625 0.7804708781249999 0.30118651875 0.788366203125 0.33861085 0.7895202640625 0.3390625 0.796875 0.3390625 0.796875 0.3134088765625 0.7848100609374999 0.2492936765625 0.78478688125 0.2492936765625
1 0.7897569671875 0 0.7833067515625001 0.0154756703125 0.7796875 0.12318631718749999 0.7796875 0.140625 0.780001728125 0.140625 0.7828057609375 0.1260594921875 0.804776078125 0.0531810765625 0.809375 0.008266573437499999 0.809375 0.0020509984375 0.808784290625 0 0.7897569671875 0
1 0.941108434375 0 0.9364232609375 0.0046046875 0.934562284375 0.0233589078125 0.9407424828125001 0.1254760390625 0.958387603125 0.20805788125000002 0.9586010953125002 0.2705364328125 0.9500145015625 0.333852265625 0.9504565281249999 0.334375 0.9739290078125 0.334375 0.977895428125 0.32708603593749996 0.978125 0.325564971875 0.978125 0.1797074078125 0.9647735281250001 0.1242511671875 0.96409328125 0.018160703125 0.9567734140624999 0.0009434609375 0.9546899671875 0 0.941108434375 0
1 0.90009335 0 0.9077293718749999 0.07266640937499999 0.9069272375 0.1279232328125 0.918690365625 0.173290190625 0.9219066625 0.20100279687499997 0.9221201562499999 0.263556353125 0.9131532390625001 0.34189703125 0.9145005656249999 0.34375 0.9450648312500001 0.34375 0.9453125 0.3433487671875 0.9453125 0.147652878125 0.9344269781250001 0.1067440234375 0.9341964843749999 0 0.90009335 0
1 0.8586257406250001 0 0.8615975421875 0.0402556 0.8615975421875 0.0824681171875 0.8583821078125 0.10732567343749999 0.8720477015625001 0.186906684375 0.870439984375 0.25537621875 0.8567743921875 0.35046769375000003 0.8617901890624999 0.359375 0.8944854093749999 0.359375 0.8993788921875 0.3489799125 0.9109375 0.277168053125 0.9109375 0.16979286093749998 0.90902519375 0.15650331875 0.8913403078125001 0.0785182671875 0.8936944578125001 0 0.8586257406250001 0
1 0 0.7065230109375 0.0012952859375000001 0.7508197484375 0.01149450625 0.8211617578125001 0.023029970312500002 0.8719774375 0.0319665203125 0.8796875 0.0569243078125 0.8796875 0.0675127359375 0.8654769874999999 0.0859375 0.7832956421875 0.0859375 0.6477223249999999 0.07118245937499999 0.57621960625 0.0664649515625 0.5707391640624999 0.032314453124999996 0.5707391640624999 0.023558532812499998 0.5814949421875 0.0056165921875 0.6519220296875 0 0.706385975 0 0.7065230109375
0 0.14709551875 0.832050378125 0.1639882125 0.8593682078124999 0.1852294859375 0.871875 0.23219957343750003 0.871875 0.2530783984375 0.8665675437499999 0.2741433796875 0.8307933765625 0.275 0.825977975 0.275 0.668490340625 0.26578149375 0.6333343578124999 0.2506939828125 0.6100647921875 0.2291630015625 0.5916308906250001 0.174307725 0.5916308906250001 0.1534145125 0.6104611 0.1310297125 0.6505203296875 0.12483508437499999 0.678890103125 0.122169921875 0.7139675203125 0.1247862015625 0.7723600562499999 0.14709551875 0.832050378125
1 0.6199153265625 0.559375 0.623757046875 0.6157988859375 0.6118873328125 0.6706206515625001 0.6115101125 0.7053838140625001 0.6215315609375 0.7604480484374999 0.6242922796875 0.7640625 0.6364305234375001 0.7640625 0.64189254375 0.7635501828125 0.646875 0.7410573046875 0.646875 0.64960911875 0.64019561875 0.61771685 0.6406882781250001 0.559375 0.6199153265625 0.559375
1 0.563692609375 0.559375 0.5628502984375 0.6035357625 0.55541399375 0.6296943859375 0.55541399375 0.7578125 0.56710466875 0.7578125 0.56935590625 0.7544090578125 0.577318884375 0.7241082140625 0.5828125 0.6870549703125001 0.5828125 0.6617977374999999 0.5774673 0.6070049 0.5828125 0.5658217703124999 0.5828125 0.559375 0.563692609375 0.559375
1 0.6754696484375 0.559375 0.68127871875 0.6049350312499999 0.6715844734375 0.6810006234375 0.6735259171875 0.7143339546874999 0.68605576875 0.7677902281250001 0.6926943203125 0.76875 0.7 0.76875 0.7 0.6231849406250001 0.6973890828125 0.612084371875 0.69740746875 0.559375 0.6754696484375 0.559375
1 0.7259104562500001 0.559375 0.7293649531249999 0.6110946671875 0.7172043265625 0.6689186656249999 0.7166493296875001 0.7077757203124999 0.7279666015624999 0.7734991671875 0.736428765625 0.775 0.7488816640625 0.775 0.7578125 0.74294678125 0.7578125 0.6778659375 0.7474145078125 0.6257157281250001 0.7490660671875 0.559375 0.7259104562500001 0.559375
1 0.7787948296874999 0.559375 0.7779693765625 0.6114690015625001 0.7704847781249999 0.638099640625 0.7704847781249999 0.7671875 0.7871902359374999 0.7671875 0.790946084375 0.7624611390625 0.79897574375 0.7313954 0.8046875 0.683849121875 0.8046875 0.6789532078125 0.796072228125 0.621049565625 0.8020795281249999 0.559375 0.7787948296874999 0.559375
1 0.8324237984374999 0.559375 0.8314370265625 0.6088659937500001 0.8236552296875 0.6369452499999999 0.8236552296875 0.7625 0.837242240625 0.7625 0.8417461078125001 0.75168519375 0.8513996140625 0.7141033765625 0.8546875 0.6869287890625 0.8546875 0.6630242140625 0.8468720718749999 0.622563978125 0.85251505 0.559375 0.8324237984374999 0.559375
1 0.8849522171875 0.559375 0.888528753125 0.6164906625000001 0.8798325609375001 0.6559255828125 0.8773863687500001 0.6949964796875 0.8878523140624999 0.7569504499999999 0.8902429421875 0.7609375 0.8977014015625 0.7609375 0.9066750406249999 0.7600250515625 0.9109375 0.7429371734375 0.9109375 0.6414937109375 0.9049350031250001 0.6155351078125 0.9056764953125 0.559375 0.8849522171875 0.559375
0 0.8586521453125 1 0.870068359375 0.9793058453124999 0.8828125 0.9398417125 0.8828125 0.8881966609375 0.865771484375 0.8454281171875 0.8354495359375 0.8298018890625001 0.8222253796875 0.8298018890625001 0.816552734375 0.8304802062500001 0.797802734375 0.8491905265625 0.781787109375 0.8809998046875 0.775537109375 0.9089958359375 0.775537109375 0.9339958359375 0.783349609375 0.974000796875 0.7960468953125 1 0.8586521453125 1