2 0.409375 0.3668713609375 0.1984375 0.3668713609375 0.1984375 0.422998771875 0.2015643328125 0.421827621875 0.20918282656249998 0.42788382656249996 0.212602321875 0.43459894062500004 0.23285015312500001 0.437752478125 0.2431230609375 0.450010771875 0.409375 0.45821159843750003 0.409375 0.3668713609375
2 0.6387174796874999 0.3413725109375 0.750761315625 0.3466966109375 0.7952619765625 0.3579003265625 0.81612764375 0.358309459375 0.8196118078125 0.3631727234375 0.8234516421875 0.3578508046875 0.8569466453124999 0.355357271875 0.8636383890625 0.3655300765625 0.8677115437499999 0.3834230578125 0.870919121875 0.3887326 0.9274042609375 0.409375 0.932827546875 0.409375 0.937653946875 0.40600113281250005 0.947919878125 0.38856304375 0.9524063953125002 0.364722603125 0.9521407453125 0.34243363125 0.9473706671875 0.3370239578125 0.912816084375 0.33248960781250003 0.9127016390625 0.2610264265625 0.9106327265624999 0.25300586406250003 0.9070515640625001 0.25092037500000003 0.8546766640625 0.24756403906250002 0.4421875 0.24756403906250002 0.4421875 0.2570015203125 0.4517278453125 0.2848457671875 0.461005846875 0.28822432343750004 0.46571125625 0.2954858453125 0.4705853140625 0.32781411875 0.5732864828124999 0.331611515625 0.6387174796874999 0.3413725109375
1 0.728125 0.138946759375 0.7247395828125001 0.1347800921875 0.71015625 0.1347800921875 0.7078125 0.1750578703125 0.6979166671874999 0.2148726859375 0.6958333328125 0.23802083281250003 0.6997395828125 0.24959490781250002 0.7213541671874999 0.2500578703125 0.7424479171874999 0.24959490781250002 0.7442708328125001 0.2445023140625 0.7416666671875 0.2250578703125 0.7296875 0.1750578703125 0.728125 0.138946759375
1 0.6807291671875 0.1380208328125 0.6783854171874999 0.1347800921875 0.6627604171874999 0.1338541671875 0.6598958328125001 0.138946759375 0.6609375 0.17598379687500001 0.6505208328125001 0.21765046250000003 0.653125 0.2445023140625 0.6583333328125001 0.2500578703125 0.6924479171875 0.24959490781250002 0.6958333328125 0.24635416718749997 0.6932291671874999 0.2250578703125 0.6807291671875 0.17598379687500001 0.6807291671875 0.1380208328125
1 0.6395833328125 0.13616898125000002 0.6200520828125 0.1338541671875 0.6177083328125 0.1380208328125 0.61875 0.182465278125 0.6083333328125 0.22320601875 0.6046875 0.24635416718749997 0.60703125 0.24959490781250002 0.6302083328125001 0.2500578703125 0.6513020828125 0.24959490781250002 0.653125 0.2445023140625 0.6401041671875 0.18339120312499999 0.6395833328125 0.13616898125000002
1 0.8790813828124999 0.9229589687499999 0.8772243890624999 0.91634398125 0.8785247281250002 0.9090033281250001 0.8766677312500001 0.9023883390625 0.877968071875 0.8950476859375 0.8721707484374999 0.8816842031250001 0.8716966718750001 0.8728378421875 0.8650228406250001 0.8696261703125 0.8570810046874999 0.8728292249999999 0.8484375 0.8860354062500001 0.8484375 0.9569217906249999 0.8660531046875001 0.9597079984375 0.8708376062500001 0.9572306078124999 0.8721968499999999 0.9625 0.8734729765625 0.9625 0.8785640375 0.9377737828124999 0.8790813828124999 0.9229589687499999
1 0.8796192093750002 1 0.8792708499999999 0.9878203187499999 0.8781280546874999 0.9681811609375 0.883842034375 0.9316116937500001 0.881937375 0.8950422265625001 0.8720331437500001 0.8720170078124999 0.8674619609375 0.8659220968750001 0.8476534984375 0.8794663421875001 0.8457488390624999 0.9072320484375 0.842701384375 0.9282256328124999 0.843082315625 0.9465103656250001 0.8442251109375001 0.9790165578125001 0.8461391421875 1 0.8796192093750002 1
1 0.8296047078125 1 0.826321309375 0.9844342578124999 0.833178084375 0.9593773999999999 0.8339399484375001 0.9146813859374999 0.8324162218750001 0.8882701031250001 0.832797153125 0.8821751921875001 0.8027035296874999 0.8760802812499999 0.805370053125 0.8977510765625001 0.803846325 0.9512508515625001 0.7992751421875 0.9993329281250001 0.7992180421875 1 0.8296047078125 1
1 0.7842320265625 1 0.7791666671874999 0.9617283953125 0.78350694375 0.94012345625 0.7861111109375 0.9262345671875 0.7791666671874999 0.88148148125 0.7765625 0.8645061734375 0.7635416671874999 0.8629629624999999 0.749652778125 0.8845679015625001 0.74444444375 0.9231481484374999 0.7470486109375 0.9416666671874999 0.7513888890625 0.9663580249999999 0.753125 0.986419753125 0.753125 1 0.7842320265625 1
1 0.9777602999999999 1 0.9713846671875 0.9688302328124999 0.9736128484375 0.9189189437499999 0.9771779406250001 0.89673615 0.9709390296875 0.8824757828124999 0.960689390625 0.8737611125000001 0.94241829375 0.8999051203124999 0.9410813843749999 0.8959439078125 0.9415270218749999 0.9117887609374999 0.9419726578125001 0.935556040625 0.9446464765624999 0.9688302328124999 0.9433095671875 0.9949742390625002 0.942326265625 1 0.9777602999999999 1
1 0.9309021937499999 1 0.9299404718750001 0.9854673281250002 0.9286035625 0.9632845328125 0.9299404718750001 0.9387250109374999 0.9321686546875 0.9094120328124999 0.9214733781250001 0.8848525109375001 0.919245196875 0.8840602671875001 0.9165713765625 0.8697998984374999 0.9027566453125001 0.8800990531250001 0.891170096875 0.88802148125 0.8893875515625 0.9030740921875001 0.891170096875 0.9339715562500001 0.896963371875 0.96486901875 0.89830028125 0.990220784375 0.8970927859375 1 0.9309021937499999 1
1 0.7401388453125 1 0.7398250859375001 0.9964673125000001 0.7376826031249999 0.9728523875 0.73725410625 0.9621875828124999 0.7411105765625 0.9515227765625 0.7402535828125 0.9355255687499999 0.7393965890625 0.9180048187500001 0.7389680921874999 0.9042929265625 0.7381111 0.8822015437499999 0.727398684375 0.8684896515625 0.7252562 0.8684896515625 0.7175432609375 0.8722985109374999 0.7128297984375 0.8791544578125 0.7038313687500001 0.9020076109375001 0.7072593421875 0.9279078515625001 0.7076878390625 0.9484756890625 0.70854483125 0.9629493531250001 0.708973328125 0.9713288437500001 0.7059738515625 0.9903731390625001 0.7057482234375 1 0.7401388453125 1
1 0.688108134375 1 0.686691503125 0.9896113671875 0.68326353125 0.96523466875 0.686691503125 0.9492374625 0.688405490625 0.91495773125 0.688405490625 0.8921045781250001 0.677693075 0.8745838265625 0.6626956921875 0.8806780015625 0.6571252359375 0.8921045781250001 0.6498407937499999 0.9111488718749999 0.658839221875 0.9263843078124999 0.66098170625 0.945428603125 0.658839221875 0.9720906156249999 0.658839221875 1 0.688108134375 1
1 0.5954891546875001 1 0.5949932234374999 0.9972290843749999 0.59242224375 0.9835171921875 0.594564728125 0.964472896875 0.5937077343749999 0.9385726562500001 0.594564728125 0.92105190625 0.5949932234374999 0.9065782421874999 0.5975642046875 0.884486859375 0.5855662984375 0.8646807921875 0.583423815625 0.860871934375 0.5679979359375 0.8753455984375 0.5645699625 0.8951516640625 0.5637129703125 0.9134341875 0.5641414671875 0.9294313953125 0.5679979359375 0.946952146875 0.5675694390625 0.9659964421874999 0.5637129703125 0.992658453125 0.56151050625 1 0.5954891546875001 1