1 0.8326948812499999 0.359375 0.8344463109374999 0.35747400156250003 0.8344463109374999 0.2605571453125 0.8330406421875001 0.25578427656249997 0.8328647421875001 0.23460637968750003 0.8344463109374999 0.2219387625 0.8344463109374999 0.20325333437499998 0.834310434375 0.20158877656250002 0.8300558140625001 0.19068409687500001 0.8199230531249999 0.1828125 0.819329734375 0.1828125 0.8150986921874999 0.188170415625 0.8120657640625 0.2017435734375 0.8156263953125 0.25170410625 0.809375 0.26809582656250003 0.809375 0.33028262656249996 0.8135155781249999 0.346324615625 0.8207348578125 0.359375 0.8326948812499999 0.359375
1 0.7489267843749999 0.16042986875 0.7472584624999999 0.15042695156250002 0.7430766171875 0.1447957515625 0.7357094921874999 0.14728554062500002 0.730365425 0.1574406515625 0.728773459375 0.2092469359375 0.7234375 0.22588171875000002 0.7234375 0.30625 0.7353988906250001 0.30625 0.7373874140625001 0.3035236984375 0.7450260046875 0.2816350296875 0.749056490625 0.25913940625 0.7489203109375 0.2370083171875 0.7427605015625 0.20986847812499998 0.7489267843749999 0.16042986875
1 0.7921422578125 0.2837696203125 0.80017391875 0.25803765625 0.8020525421875 0.24049355156250002 0.8007738437499998 0.2200989359375 0.7942544921875 0.1968053203125 0.7987948296875 0.1395191375 0.7921605109375001 0.12871945625 0.784380334375 0.131315396875 0.7800771531249999 0.1418605046875 0.7796172890624999 0.19183625937499998 0.771875 0.2138747453125 0.771875 0.2732021609375 0.77281755625 0.27869145781250004 0.776847709375 0.289430525 0.7809435515625001 0.2921875 0.78442188125 0.2921875 0.787285925 0.2915248265625 0.7921422578125 0.2837696203125
1 0.8229166671874999 0.121021221875 0.8213541671875 0.09976129218749999 0.825 0.0664588390625 0.825 0.0601702640625 0.8231770828125 0.0548114578125 0.8190104171874999 0.052130659375 0.8104166671874999 0.061126978124999995 0.8083333328125001 0.1074717640625 0.7984375 0.137331721875 0.7984375 0.1683502375 0.8010416671874999 0.18449333125 0.80497986875 0.190625 0.8123300484375001 0.190625 0.8151041671874999 0.1869438 0.8213541671875 0.16272425625 0.8229166671874999 0.121021221875
1 0.7653645828125001 0.0615740734375 0.7614583328125001 0.072222221875 0.7614583328125001 0.1120370375 0.7536458328125001 0.1351851859375 0.7510416671875 0.15092592656249998 0.7536458328125001 0.1833333328125 0.7567708328125 0.19351851874999998 0.7619791671874999 0.1990740734375 0.76796875 0.1986111109375 0.7713541671874999 0.1925925921875 0.7786458328125001 0.1648148140625 0.7786458328125001 0.13703703750000001 0.7729166671875 0.10833333281249999 0.7770833328125001 0.071296296875 0.7760416671874999 0.0638888890625 0.77265625 0.058796296875 0.7653645828125001 0.0615740734375
1 0.8106770828125001 0.2384259265625 0.8130208328125 0.20277777812500003 0.8216145828125001 0.1875 0.8268229171874999 0.18842592656249998 0.8302083328125001 0.19351851874999998 0.8328125 0.21296296250000002 0.8270833328125 0.2546296296875 0.8302083328125001 0.2629629625 0.8375 0.2453703703125 0.8411458328125001 0.2203703703125 0.8401041671874999 0.20277777812500003 0.8348958328125 0.17962962968750001 0.840625 0.1268518515625 0.8377604171874999 0.11805555625 0.8315104171875 0.11342592656249999 0.8252604171875 0.1171296296875 0.8229166671874999 0.1231481484375 0.8203125 0.1759259265625 0.8109375 0.2 0.8072916671874999 0.221296296875 0.8106770828125001 0.2384259265625
1 0.8861979171875 0.15324074062499998 0.8822916671875 0.1601851859375 0.8796875 0.20740740781250003 0.8614583328125001 0.25555555625 0.8609375 0.271296296875 0.8640625 0.3009259265625 0.8684895828125001 0.3134259265625 0.8734375 0.3166666671875 0.8815104171874999 0.316203703125 0.8869791671874999 0.30740740781250003 0.8947916671874999 0.2898148140625 0.9 0.2666666671875 0.9 0.25 0.8942708328125001 0.2148148140625 0.9005208328125001 0.177777778125 0.9005208328125001 0.1629629625 0.8971354171874999 0.1550925921875 0.8924479171874999 0.1523148140625 0.8861979171875 0.15324074062499998
1 0.9739583328125001 0.1611111109375 0.9713541671874999 0.2101851859375 0.9536458328125 0.246296296875 0.9510416671874999 0.259259259375 0.95 0.2768518515625 0.9526041671875 0.303703703125 0.9575520828125 0.316203703125 0.9661458328125001 0.3203703703125 0.9736979171875 0.31805555625 0.9854166671875 0.29814814843750004 0.9921875 0.2740740734375 0.9921875 0.25 0.9875 0.21574074062499998 0.9963541671874999 0.18055555625 0.9979166671874999 0.1611111109375 0.99453125 0.1523148140625 0.9888020828125 0.1476851859375 0.9794270828125 0.1504629625 0.9739583328125001 0.1611111109375
1 0.9223958328125 0.13333333281249998 0.9197916671874999 0.1453703703125 0.9177083328125001 0.1870370375 0.9083333328125001 0.20555555625 0.9005208328125001 0.2296296296875 0.9026041671874999 0.2731481484375 0.9046875 0.2824074078125 0.9098958328125001 0.2888888890625 0.92109375 0.2875 0.9307291671875 0.26851851875 0.9369791671875 0.2453703703125 0.9369791671875 0.21574074062499998 0.9328125 0.190740740625 0.9411458328125001 0.1379629625 0.9356770828125001 0.1263888890625 0.9283854171874999 0.1254629625 0.9223958328125 0.13333333281249998
1 0.9440104171874999 0.0773148140625 0.9390625 0.09351851875 0.9385416671875 0.12870370312499999 0.9411458328125001 0.1379629625 0.9411458328125001 0.1490740734375 0.934375 0.18148148125000002 0.934375 0.197222221875 0.9364583328125 0.2046296296875 0.9473958328125001 0.1851851859375 0.9557291671874999 0.16388888906250001 0.9526041671875 0.127777778125 0.9604166671875 0.08518518593749999 0.959375 0.07962962968750001 0.9544270828125001 0.0736111109375 0.9440104171874999 0.0773148140625
1 0.9736979171875 0.108796296875 0.9638020828125 0.109722221875 0.9588541671874999 0.1175925921875 0.9552083328125001 0.16944444375 0.9385416671875 0.20370370312500002 0.9385416671875 0.252777778125 0.94296875 0.26435185156249996 0.9473958328125001 0.2666666671875 0.95 0.2638888890625 0.9567708328125001 0.2379629625 0.9692708328125 0.21574074062499998 0.971875 0.20555555625 0.9729166671874999 0.1898148140625 0.9708333328125001 0.16851851874999998 0.9802083328125001 0.127777778125 0.9796875 0.1166666671875 0.9736979171875 0.108796296875
1 0.9169270828125 0.0856481484375 0.9080729171874999 0.090277778125 0.9041666671874999 0.10092592656249999 0.9036458328125001 0.140740740625 0.9 0.1546296296875 0.9010416671874999 0.1768518515625 0.8963541671874999 0.20833333281250002 0.8973958328125 0.22407407343750002 0.9015625 0.222222221875 0.9041666671874999 0.21203703749999997 0.9177083328125001 0.1851851859375 0.91875 0.15277777812499999 0.9171875 0.1416666671875 0.9244791671874999 0.1 0.9234375 0.09351851875 0.9169270828125 0.0856481484375
1 0.8700520828125 0.10231481406250001 0.8645833328125001 0.1129629625 0.8635416671874999 0.1583333328125 0.8541666671874999 0.178703703125 0.85 0.19444444375 0.85 0.22870370312500002 0.8536458328125001 0.246296296875 0.8572916671874999 0.252777778125 0.8625 0.2518518515625 0.8791666671874999 0.2046296296875 0.8802083328125001 0.18148148125000002 0.8770833328125001 0.1620370375 0.884375 0.1129629625 0.8822916671875 0.1046296296875 0.8778645828125 0.09953703750000001 0.8700520828125 0.10231481406250001
1 0.424514678125 0.359375 0.4244791671875 0.3583333328125 0.4171875 0.3379629625 0.4036458328125 0.3138888890625 0.3973958328125 0.2601851859375 0.3919270828125 0.253240740625 0.38723958281250004 0.2523148140625 0.3799479171875 0.258796296875 0.3796875 0.259551659375 0.3796875 0.302777778125 0.3869791671875 0.328703703125 0.3838541671875 0.35648148125 0.3839050296875 0.359375 0.424514678125 0.359375
1 0.5918414203125 0.359375 0.5947916671875 0.3546296296875 0.6 0.328703703125 0.6015625 0.30740740781250003 0.5984375 0.2824074078125 0.5880208328125001 0.25555555625 0.5880208328125001 0.2388888890625 0.5911458328125001 0.225 0.590625 0.20648148125 0.58515625 0.1949074078125 0.5794270828125 0.19120370312499999 0.5731770828125 0.19583333281249998 0.56875 0.20833333281250002 0.56875 0.222222221875 0.5729166671875 0.24444444375000002 0.5729166671875 0.2611111109375 0.5671875 0.28796296250000003 0.565625 0.3166666671875 0.5682291671875 0.3351851859375 0.5734375 0.3518518515625 0.5783203125 0.359375 0.5918414203125 0.359375
1 0.678125 0.190740740625 0.68125 0.20648148125 0.68125 0.21944444375 0.6697916671874999 0.2731481484375 0.6708333328125 0.2953703703125 0.675 0.315740740625 0.6809895828125001 0.3300925921875 0.6838541671874999 0.33148148125 0.69140625 0.3300925921875 0.6953125 0.3231481484375 0.7010416671874999 0.302777778125 0.7041666671875 0.28148148125 0.703125 0.25833333281250004 0.6942708328125 0.22685185156249998 0.6973958328125001 0.175 0.6934895828125001 0.1634259265625 0.68984375 0.16157407343750002 0.6841145828125 0.1643518515625 0.6786458328125 0.1740740734375 0.678125 0.190740740625
1 0.6630884421875 0.359375 0.6588541671874999 0.3490740734375 0.6572916671875 0.3296296296875 0.6583333328125001 0.3083333328125 0.6536458328125001 0.3018518515625 0.6541666671874999 0.2870370375 0.6486979171874999 0.27453703749999997 0.6450520828125 0.2736111109375 0.6408854171874999 0.27638888906250003 0.6369791671874999 0.2870370375 0.640625 0.3490740734375 0.6378213203125 0.359375 0.6630884421875 0.359375
1 0.48590029687499997 0.359375 0.48020833281249997 0.3416666671875 0.4770833328125 0.3203703703125 0.4682291671875 0.29444444375 0.4640625 0.240740740625 0.46067708281249997 0.23472222187499997 0.4544270828125 0.23194444375 0.4466145828125 0.2375 0.4421875 0.2518518515625 0.44375 0.2703703703125 0.4515625 0.3046296296875 0.446875 0.3546296296875 0.44783890312499997 0.359375 0.48590029687499997 0.359375
1 0.0098199375 0.359375 0.0015625 0.386218896875 0.0015625 0.4616756203125 0.0096345984375 0.50314558125 0.016044046875000002 0.525255340625 0.025335675000000002 0.530700315625 0.037001590625000004 0.53125 0.04762093125 0.53125 0.0499145453125 0.5281351703125 0.038475875 0.47035313125 0.036487065624999995 0.43161439375 0.0384904671875 0.40551747968749996 0.051871196875000004 0.359375 0.0098199375 0.359375
1 0.3796875 0.359375 0.337286525 0.359375 0.3180048078125 0.4179327921875 0.31492788437499997 0.456635721875 0.316466346875 0.5068449265625 0.3333894234375 0.579020659375 0.33915865312500004 0.5868658468750001 0.35031249999999997 0.588434884375 0.37608173125 0.587911871875 0.3796875 0.5830086296875 0.3796875 0.359375
1 0.2592122140625 0.359375 0.24492788437500002 0.40224241562499996 0.2403125 0.43048509375000005 0.24338942343749997 0.4932466 0.2472355765625 0.514167103125 0.2533894234375 0.5392717046875 0.26108173125 0.54659388125 0.2626201921875 0.5570541312499999 0.2680048078125 0.5622842578125 0.29608173125000004 0.5617612453125 0.3003125 0.55496208125 0.314158653125 0.5037068515625001 0.3133894234375 0.462911871875 0.3180048078125 0.40747254218749995 0.30436201875 0.359375 0.2592122140625 0.359375
1 0.050184717187500005 0.359375 0.041081731249999996 0.387598065625 0.034158653125 0.42943906875 0.035697115625 0.4702340484375 0.0472355765625 0.5298574796875 0.05454326875 0.55025496875 0.064927884375 0.55287003125 0.0883894234375 0.55234701875 0.096466346875 0.5361336296875 0.0880048078125 0.483832375 0.0872355765625 0.4367612453125 0.09108173124999999 0.4085185671875 0.10185096093749998 0.3719076890625 0.0996725515625 0.359375 0.050184717187500005 0.359375
1 0.10595124687499999 0.359375 0.0933894234375 0.401196390625 0.0880048078125 0.4357152203125 0.0887740390625 0.48278635000000003 0.09723557656250001 0.5309035046874999 0.1072355765625 0.5675143828125 0.11223557656250001 0.5732675203125 0.12108173124999999 0.5748365578125 0.1476201921875 0.5743135453124999 0.154158653125 0.5633302828125 0.1433894234375 0.5005687765625 0.1426201921875 0.45454367187500005 0.146466346875 0.42211689375 0.16108173125 0.37086166249999997 0.1585108703125 0.359375 0.10595124687499999 0.359375
1 0.21998043906250003 0.359375 0.2372355765625 0.42525496875 0.2418509609375 0.41688676718749995 0.25185096093750003 0.3739997390625 0.24785631874999997 0.359375 0.21998043906250003 0.359375
1 0.166119521875 0.359375 0.1487740390625 0.4158407421875 0.1433894234375 0.45140559687500004 0.14492788437499998 0.5057989015625 0.16262019218749998 0.589480909375 0.170697115625 0.6025562234375 0.19108173125 0.6041252609375001 0.20838942343750003 0.6036022484375 0.21185096093750003 0.5999411609375 0.22108173125000002 0.580066684375 0.2222355765625 0.5607152203125001 0.22646634687499997 0.5633302828125 0.22531249999999997 0.578497646875 0.235697115625 0.5779746343750001 0.23646634687499998 0.55077798125 0.23108173125000003 0.54554785625 0.2303125 0.5392717046875 0.2403125 0.48174032499999997 0.2372355765625 0.42316291875 0.21992405 0.359375 0.166119521875 0.359375