1 0.326312684375 0 0.3385446140625 0.09408316875 0.33377232343749996 0.1423301484375 0.31875 0.175065575 0.31875 0.43064148593749996 0.32123571875 0.4400547921875 0.35630295156249997 0.4875 0.40095435 0.4875 0.41140745624999997 0.4851685703125 0.38835778125 0.4149629453125 0.3870131703125 0.299407390625 0.39512632187499996 0.23237853125000002 0.426384640625 0.1670683140625 0.426384640625 0.1482854703125 0.41135262656249993 0.0983208078125 0.41499745312499997 0 0.326312684375 0
1 0.6435646687500001 0 0.64017690625 0.009130384375 0.6508391015624999 0.076727775 0.665055453125 0.14788294375 0.668609475 0.19769154375 0.649027778125 0.24038194375000002 0.609027778125 0.32038194375 0.5823611109375 0.4359375 0.613472221875 0.5959375 0.615145015625 0.6 0.7852763781250001 0.6 0.7858939109375 0.5979394250000001 0.8072184406249999 0.5338998015625 0.8285428312499998 0.45740794375 0.8223611109375 0.3959375 0.75125 0.20038194374999999 0.775786565625 0 0.6435646687500001 0
1 0.77414930625 0 0.7779166671875 0.0226041671875 0.7601388890624999 0.2270486109375 0.8268055562499999 0.41371527812500003 0.7906701859374999 0.6 0.85694809375 0.6 0.8712500000000001 0.5826041671875 0.8818539515625 0.5783717796875 0.9068055562499999 0.5159374999999999 0.9201388890625001 0.4092708328125 0.91569444375 0.3159375 0.8623611109375 0.173715278125 0.8834437125000001 0 0.77414930625 0
1 0.42717020000000006 0 0.43937163593750006 0.087401090625 0.43569444375 0.1470486109375 0.4020538796875 0.2101437140625 0.39125 0.2670486109375 0.37895234218749996 0.3791372328125 0.39125 0.43149305625 0.4304864484375 0.516111078125 0.47125000000000006 0.55149305625 0.510453128125 0.54101520625 0.47569444375 0.43149305625 0.487351725 0.3026455796875 0.545993875 0.19769154375 0.519338315625 0.1211997578125 0.522575490625 0 0.42717020000000006 0
1 1 0 0.95932033125 0 0.94680555625 0.1470486109375 0.983145021875 0.251057921875 0.9884761906249999 0.293751184375 0.9778139906250001 0.3613484421875 0.9795910046875 0.4502923984375 1 0.45758887187499997 1 0
1 0.8875560296875001 0 0.8668055562500001 0.1826041671875 0.91917170625 0.3186553796875 0.9049554890625 0.516111078125 0.9401388890625 0.5270486109375 0.973472221875 0.4759375 0.9956944437499999 0.31149305625 0.9689288093750001 0.219038109375 0.9423611109374999 0.1426041671875 0.9544976359374999 0 0.8875560296875001 0
1 0.5591569156249999 0 0.5637642484375001 0.1372096953125 0.5424398531250001 0.2101437140625 0.5033449515624999 0.2741834015625 0.48013888906249996 0.36038194375 0.493472221875 0.498159721875 0.51125 0.5026041671875 0.5290277781249999 0.5870486109375 0.546296296875 0.6 0.608354328125 0.6 0.5823611109375 0.41371527812500003 0.6445833328124999 0.24482638906249998 0.654393125 0.21192263281249998 0.63125 0.1426041671875 0.6409730109374999 0 0.5591569156249999 0
1 0.5297311046875001 0 0.5290277781249999 0.0226041671875 0.5406628437500001 0.08917994375 0.5246694796875 0.16211396250000001 0.5406628437500001 0.17456613125 0.556656071875 0.0696123 0.5594425578125 0 0.5297311046875001 0
1 0.7908509015625 0.6 0.801583103125 0.646168334375 0.7989126375 0.68535816875 0.8067615 0.688164834375 0.795896725 0.6948605015625 0.775 0.786130346875 0.775 0.8588619046874999 0.7778932546874999 0.8941256734374999 0.8019870203125 0.953125 0.8518920796875001 0.953125 0.8567091453125 0.950317321875 0.8720308687500001 0.8696414515625 0.8720308687500001 0.7778108828125 0.8718603359374999 0.7746169859375 0.8394285484375 0.674327825 0.8432580828125001 0.6 0.7908509015625 0.6
1 0.8645190750000001 0.6 0.871875 0.71328125 0.8625 0.74921875 0.871875 0.78671875 0.8734375 0.84609375 0.8609375 0.92890625 0.86953125 0.953125 0.8953125 0.95859375 0.91328125 0.959375 0.9234375 0.95078125 0.940625 0.86796875 0.9421875 0.81796875 0.9109375 0.68828125 0.9176254734375 0.6 0.8645190750000001 0.6
1 0.694646990625 0.6 0.6921875 0.60390625 0.6984375 0.71953125 0.671875 0.81953125 0.675 0.87578125 0.684375 0.91796875 0.6953125 0.94921875 0.7125 0.95390625 0.73671875 0.953125 0.74375 0.94453125 0.7609375 0.85234375 0.7546875 0.78046875 0.734375 0.71796875 0.740625 0.60703125 0.7376953125 0.6 0.694646990625 0.6
1 0.5671875 0.6 0.55859375 0.6015625 0.5484375 0.61796875 0.553125 0.72890625 0.528125 0.81640625 0.5375 0.90234375 0.5484375 0.93828125 0.5578125 0.94296875 0.590625 0.93828125 0.6109375 0.84609375 0.60625 0.79140625 0.584375 0.72109375 0.5921875 0.62421875 0.5875 0.60859375 0.577584134375 0.6 0.5671875 0.6
1 0.7847301140625 0.6 0.76875 0.60703125 0.7625 0.62734375 0.76875 0.72265625 0.7546875 0.77578125 0.7625 0.81328125 0.7625 0.87421875 0.7671875 0.87734375 0.771875 0.86796875 0.7640625 0.83046875 0.7671875 0.78828125 0.796875 0.66171875 0.7953125 0.61796875 0.7888437500000001 0.6 0.7847301140625 0.6
1 0.922209821875 0.6 0.9171875 0.62109375 0.925 0.70390625 0.921875 0.73984375 0.9421875 0.81015625 0.934375 0.91796875 0.97109375 0.91875 0.9765625 0.91328125 0.9875 0.86171875 0.9859375 0.80390625 0.959375 0.70546875 0.9671875 0.61015625 0.9644176140624999 0.6 0.922209821875 0.6
1 1 0.6 0.98703125 0.6 0.975 0.60859375 0.9703125 0.61953125 0.9765625 0.68671875 0.971875 0.74921875 0.9890625 0.82890625 0.9828125 0.90234375 0.996875 0.90703125 1 0.906915509375 1 0.6