2 0.4796875 0.18267250468750001 0.44790746718749996 0.185286459375 0.4405202015625 0.1908420171875 0.4377512171875 0.185286459375 0.3676167265625 0.1825086828125 0.32663570937499997 0.1880642375 0.321433971875 0.1838975703125 0.22004947968750002 0.18111979375 0 0.179048709375 0 0.2969566125 0.43505138125 0.3005642375 0.45819135 0.3046875 0.4796875 0.3046875 0.4796875 0.18267250468750001
1 0.16712345625 0 0.17090329375 0.0352876984375 0.1564283953125 0.10279127187499999 0.1546875 0.131913478125 0.1546875 0.16629348125 0.15526358125 0.1734375 0.2150001609375 0.1734375 0.2150001609375 0.095017325 0.1973930046875 0.032661640625 0.19727284375 0 0.16712345625 0
1 0.49890155312499995 0.22109375 0.489526553125 0.22109375 0.48737728750000003 0.22618634375000002 0.4878915015625 0.266927084375 0.4859375 0.27392675 0.4859375 0.3578125 0.49124001406250006 0.3578125 0.49313274375000005 0.355815975 0.501518840625 0.3224826390625 0.5022440640625 0.3030381953125 0.49760932812499997 0.2697048625 0.5019012859374999 0.22711226875 0.49890155312499995 0.22109375
1 0.5822916671875 0.22609953749999998 0.58046875 0.222858796875 0.5703125 0.2251736109375 0.5697916671875001 0.24184027812500003 0.5635416671875 0.2723958328125 0.5645833328125 0.3029513890625 0.5682291671875 0.32054398125 0.5713541671875 0.32517361093749997 0.5841145828125 0.32378472187499996 0.5890625 0.29461805625 0.5885416671875 0.2686921296875 0.5817708328125 0.24184027812500003 0.5822916671875 0.22609953749999998
1 0.5450520828125 0.22100694375000002 0.5432291671875 0.22609953749999998 0.5442708328125 0.2492476859375 0.5390625 0.2760995375 0.5375 0.29646990781250004 0.5421875 0.3279513890625 0.5450520828125 0.33582175937500003 0.5479166671875 0.33721064843750004 0.5567708328125 0.3344328703125 0.5625 0.310358796875 0.5630208328124999 0.29554398125 0.5552083328124999 0.2501736109375 0.5567708328125 0.22702546250000002 0.55390625 0.2219328703125 0.5450520828125 0.22100694375000002
1 0.5184895828125 0.22100694375000002 0.515625 0.2279513890625 0.51875 0.26128472187499996 0.5114583328125 0.2881365734375 0.5098958328125 0.310358796875 0.5135416671875 0.33258101875 0.5190104171875001 0.34600694375 0.5223958328125 0.3473958328125 0.5294270828125 0.3469328703125 0.5317708328124999 0.3409143515625 0.5364583328125 0.3122106484375 0.5364583328125 0.29554398125 0.5286458328125 0.2594328703125 0.5307291671875001 0.22702546250000002 0.5268229171875001 0.2219328703125 0.5184895828125 0.22100694375000002
1 0.5192708328125 0.25850694375 0.5143229171875 0.2219328703125 0.509375 0.22239583281250003 0.5088541671875 0.24184027812500003 0.5020833328125 0.267766203125 0.5026041671875 0.28350694375 0.5072916671875001 0.298321759375 0.509375 0.3140625 0.5109375 0.2899884265625 0.5192708328125 0.25850694375
1 0.4796875 0.3266693375 0.4817708328125 0.33350694375 0.4838541671875 0.33258101875 0.484375 0.298321759375 0.49114583281249996 0.26961805625 0.49010416718750005 0.2251736109375 0.48619791718750005 0.22008101875000002 0.48359375 0.22100694375000002 0.48229166718750005 0.22609953749999998 0.4817708328125 0.2501736109375 0.4796875 0.2600501515625 0.4796875 0.3266693375
1 0.476688784375 0.6171875 0.476688784375 0.5997648156250001 0.47350062812499993 0.58542095625 0.4750656390625 0.5641747171875 0.471875 0.5598616375 0.471875 0.6171875 0.476688784375 0.6171875
1 0.440625 0.555670653125 0.440625 0.6203125 0.44457450156249995 0.6203125 0.44680205781250004 0.6178770046875 0.44704559687499995 0.5978078531250001 0.44470930312499996 0.583034671875 0.44730039687499995 0.56051134375 0.444456928125 0.5542772499999999 0.440625 0.555670653125
1 0.4796875 0.5599911703125 0.47764542343749994 0.5608951359375001 0.476531753125 0.5670355671875 0.476531753125 0.5739683140625 0.47742269375 0.57991066875 0.4775340578125 0.5838722390625 0.47642038906249995 0.5906069109375001 0.47452714531250006 0.5957569484375 0.47419304999999995 0.6048685640625 0.47441578125 0.6155647984375 0.47541808437500005 0.6254687234375 0.4796875 0.6266242828124999 0.4796875 0.5599911703125
1 0.46339045 0.5925876953125 0.461942684375 0.586645340625 0.46138585 0.5822876124999999 0.46227678125000005 0.5769394921875 0.46327908593749995 0.56980866875 0.46339045 0.5638663140625 0.4605387828125 0.5605825671875 0.4580448421875 0.5616874453125 0.45715390312500004 0.5670355671875 0.45737664218749996 0.5727798453124999 0.45815620625 0.5779298828125 0.4583789375 0.5818914546875 0.457822103125 0.5858530234375 0.45626297187500003 0.59338000625 0.4548151984375 0.599322359375 0.4548151984375 0.60803783125 0.4548151984375 0.61794175625 0.45492656406250004 0.6219033265625 0.461497215625 0.6232898625 0.46361318906250004 0.61437633125 0.46417002343749997 0.6024916203124999 0.46339045 0.5925876953125
1 0.45548339843749996 0.5925876953125 0.4547038328125 0.58466455625 0.4531446953125 0.5828818453125 0.45303332812499997 0.5785241187500001 0.4543697296875 0.5707990609375 0.4552606671875 0.5624797625 0.45246333906249997 0.5578598109375 0.44980368593750003 0.557329728125 0.4492468515625 0.560697053125 0.44902412031249994 0.5658470984374999 0.4495809546875 0.57495870625 0.449692321875 0.5777318078125 0.449692321875 0.5826837703125001 0.44757634687500003 0.585456865625 0.4470195125 0.59139921875 0.4465740421875 0.59952044375 0.44679678125000005 0.608433975 0.44724224375 0.6167532734375 0.453367425 0.61794175625 0.45459246875000003 0.6072455 0.45548339843749996 0.5925876953125
1 0.276953125 0.5494791671875 0.274609375 0.5494791671875 0.27265625 0.5557291671875 0.2734375 0.5710069437499999 0.26953125 0.5876736109375 0.2703125 0.6085069437499999 0.271484375 0.6119791671875 0.2734375 0.6140625 0.276953125 0.61475694375 0.2782254359375 0.6100271546875 0.280146634375 0.6036812078125 0.2800094078125 0.5946503875 0.2805583234375 0.5878162703124999 0.27890625 0.573784721875 0.2796875 0.5529513890625 0.276953125 0.5494791671875
1 0.2890625 0.573784721875 0.2859375 0.5848958328125 0.2859375 0.5904513890625 0.28515625 0.5918402781250001 0.2859375 0.60711805625 0.28671875 0.6085069437499999 0.28671875 0.6126736109375 0.28828125 0.6154513890625 0.294140625 0.6161458328125 0.29609375 0.6126736109375 0.29765625 0.60711805625 0.29765625 0.6015625 0.2984375 0.6001736109375 0.2984375 0.5890625 0.2953125 0.5779513890625 0.29609375 0.55711805625 0.294921875 0.55225694375 0.293359375 0.55225694375 0.292578125 0.55086805625 0.291015625 0.55086805625 0.2890625 0.5557291671875 0.28828125 0.5640625 0.2890625 0.5654513890625 0.2890625 0.573784721875
1 0.3560706515625 0.5579258515625 0.3560706515625 0.5773702953125001 0.35372690156250003 0.5857036296875 0.35372690156250003 0.591259184375 0.35372690156250003 0.596814740625 0.35438711093749997 0.606121965625 0.35450815156250004 0.6148702953124999 0.3561710828125 0.6153968203125 0.358778421875 0.6168612812500001 0.3631019015625 0.6148702953124999 0.3646644015625 0.6079258515625 0.3646644015625 0.58709251875 0.36232065156250004 0.5773702953125001 0.3631019015625 0.5579258515625 0.36036752656250004 0.553064740625 0.3572425265625 0.5544536296875 0.3560706515625 0.5579258515625
1 0.3457771796875 0.5717391796875 0.3449959296875 0.57312806875 0.3449959296875 0.5786836234375 0.3418709296875 0.5897947343750001 0.3418709296875 0.595350290625 0.3426521796875 0.5967391796875 0.3426521796875 0.614794734375 0.34421467968749997 0.6175725125 0.3492928046875 0.61826695625 0.3508553046875 0.61687806875 0.35202717968749997 0.614794734375 0.3528084296875 0.607850290625 0.3535896796875 0.6064614015625 0.3528084296875 0.58701695625 0.3504646796875 0.5786836234375 0.3504646796875 0.57312806875 0.3496834296875 0.5717391796875 0.3512459296875 0.5661836234375001 0.3512459296875 0.5592391796875 0.35202717968749997 0.557850290625 0.3485115546875 0.5529891796874999 0.3449959296875 0.5564614015625 0.34421467968749997 0.5661836234375001 0.3457771796875 0.5717391796875
1 0.33515625 0.55850694375 0.334375 0.5598958328125 0.334375 0.579340278125 0.3328125 0.58211805625 0.3328125 0.5973958328125 0.3328125 0.6015625 0.3328125 0.6154513890625 0.33515625 0.6182291671875 0.339453125 0.6189236109375 0.341015625 0.617534721875 0.34296875 0.6098958328124999 0.34203656875 0.5885484953125 0.33984091875 0.5797617749999999 0.34011537187499996 0.5748802609375 0.34011537187499996 0.5585271890625 0.338194184375 0.5563305046875 0.33682190312500004 0.5563305046875 0.33515625 0.5557291671875 0.33515625 0.55850694375
1 0.30625 0.561284721875 0.30546875 0.5626736109375 0.30546875 0.566840278125 0.30625 0.5682291671875 0.30625 0.5807291671875 0.30390625 0.5918402781250001 0.30390625 0.6126736109375 0.30625 0.616840278125 0.311328125 0.617534721875 0.3133558640625 0.61124753125 0.31404200625 0.6049015875 0.31390477968749997 0.5941622343749999 0.31171875 0.5779513890625 0.31171875 0.5710069437499999 0.3112974421875 0.5682902171875 0.31212081875000003 0.5617001703125 0.309925159375 0.553889746875 0.307866734375 0.5543779 0.30703125 0.554340278125 0.30625 0.561284721875
1 0.3042140921875 0.585091603125 0.3057689078125 0.57983731875 0.3053024640625 0.5761040109375 0.3051469859375 0.5722324343749999 0.3050692453125 0.5669781453125 0.3059243921875 0.55646958125 0.3061113359375 0.5548013265625 0.30475828125 0.5523214609375 0.303436684375 0.55204491875 0.30164865 0.552736271875 0.30009383437500003 0.5538424390625 0.300327053125 0.5602028890625 0.30009383437500003 0.56753123125 0.300327053125 0.5747213062500001 0.3001715734375 0.576657090625 0.299160940625 0.5806669421875 0.2979170890625 0.586059496875 0.2976838703125 0.5921434031249999 0.2979948296875 0.602790253125 0.2988499828125 0.6108099375 0.29923868593749997 0.6131605437500001 0.3037476484375 0.61371361875 0.3045250578125 0.6124691921875 0.303669909375 0.60514084375 0.303125725 0.5960149796875001 0.303203465625 0.587857015625 0.3042140921875 0.585091603125
1 0.3301795171875 0.59394091875 0.3283137359375 0.5844002484375 0.328857925 0.577763259375 0.32979081250000003 0.570987996875 0.32955759375000004 0.56352138125 0.328935665625 0.5586819109375 0.32691045 0.5582570453125 0.32357155 0.5596498046875 0.3227941421875 0.5671164203125001 0.32318284531249997 0.5744447625 0.32357155 0.5810817515625 0.32193899375 0.589101446875 0.3207728828125 0.59684460625 0.32123932499999996 0.6066618187499999 0.322716403125 0.6211802343749999 0.327769553125 0.6221481359375 0.32940210937500003 0.6166173109375 0.3299462984375 0.6123309125 0.3303350015625 0.60237543125 0.3301795171875 0.59394091875
1 0.3226386625 0.5827410000000001 0.32287188125 0.579284234375 0.3222499578125 0.5754126578125 0.32209447343750003 0.570158375 0.3224831765625 0.5642127328125 0.32333833125 0.56047943125 0.32389749375 0.55860261875 0.32287188125 0.555501684375 0.32123932499999996 0.55398070625 0.3190625875 0.5545337921875 0.317274546875 0.5574374734374999 0.31696358281250003 0.5625534906249999 0.3171190671875 0.570158375 0.317274546875 0.5770719062499999 0.317041321875 0.5796990453124999 0.316030696875 0.5844002484375 0.3147868453125 0.5889631890625 0.3137762125 0.5931113078125 0.3138539515625 0.600301371875 0.3150200640625 0.610256853125 0.31680810312499996 0.6163407624999999 0.321317065625 0.6163407624999999 0.32170577031250003 0.6123309125 0.3211615875 0.6088741468750001 0.3200732140625 0.6033433265625 0.319995475 0.5967063312499999 0.32100610625 0.5877187421875 0.3226386625 0.5827410000000001
1 0.33367953125 0.5839854390625 0.33445693906249996 0.582049646875 0.3335240515625 0.5783163390625 0.333368565625 0.5729237875 0.333368565625 0.56601025625 0.3334463125 0.5602028890625 0.3345886265625 0.5568747578125001 0.33274664375 0.552736271875 0.33088086250000004 0.5528745484375001 0.3287818640625 0.5552251453125 0.3287818640625 0.5572992046875 0.329792490625 0.5626917578125 0.330258934375 0.57029664375 0.3301034546875 0.5763805546875 0.329092821875 0.580805209375 0.3287818640625 0.584953328125 0.329559271875 0.590622428125 0.330492159375 0.5947705453125 0.3308031234375 0.607076634375 0.3305698984375 0.6128839968750001 0.3322024546875 0.614128434375 0.33228019999999997 0.6077679875 0.3322024546875 0.5953236265624999 0.3322024546875 0.5871656609375 0.33367953125 0.5839854390625
1 0.19663690312499998 0.5690522062500001 0.1977252703125 0.564074465625 0.198347196875 0.561309053125 0.19826945625 0.5566078515624999 0.1975697890625 0.5517683796874999 0.1957040109375 0.5490029671875 0.194631975 0.5490993890625 0.19236115625 0.5510770265625 0.1911173046875 0.5543955203125 0.19119504375000002 0.5608942421875 0.1917392328125 0.5700201015624999 0.1920501921875 0.5734768671875 0.19010667187500002 0.5788694234375 0.188707340625 0.58453851875 0.18886282031249998 0.5942174625 0.19002893125 0.6080445250000001 0.1908840796875 0.611363021875 0.19702560625 0.611086484375 0.19912460468749998 0.600301371875 0.1998242734375 0.5940791937500001 0.199668790625 0.5864743078125 0.19826945625 0.5809434828125 0.19687012343750002 0.5736151406250001 0.19663690312499998 0.5690522062500001
1 0.1847425625 0.56753123125 0.18489804062499998 0.564074465625 0.1850535203125 0.5618621375 0.1851312671875 0.5586819109375 0.1850535203125 0.5541189796875 0.1844315984375 0.5517683796874999 0.182191384375 0.5506544625 0.1803890734375 0.55052394375 0.17930070781250002 0.5524597328125 0.1783678140625 0.5579905578125001 0.178290075 0.5651806296874999 0.17898974375 0.5712645390625 0.17930070781250002 0.5747213062500001 0.1777458921875 0.5795607765625 0.1765797796875 0.585091603125 0.17595785 0.59131378125 0.17603559062500002 0.5969828749999999 0.1765797796875 0.60541738125 0.17743492656249998 0.6115012906249999 0.178212334375 0.614128434375 0.1813997046875 0.614128434375 0.1850535203125 0.6139901671875 0.1861418921875 0.6079062562499999 0.187152525 0.60223715625 0.187152525 0.5958767203125 0.1867638203125 0.588824909375 0.1861418921875 0.5813582937499999 0.1847425625 0.577763259375 0.18404289375 0.5744447625 0.1842761125 0.57154108125 0.1847425625 0.56753123125
1 0.1713711421875 0.57748671875 0.17106017812500002 0.5756892 0.17144888281249998 0.5704349125 0.1720708109375 0.5654571703125 0.1726149953125 0.5589584515625 0.171993071875 0.5546720609375 0.170236753125 0.5534190375 0.1687279546875 0.5525980015624999 0.1675618421875 0.5546720609375 0.1667066953125 0.5596498046875 0.1664734765625 0.56601025625 0.1667844359375 0.5705731859375 0.16686218125000002 0.574997846875 0.16608477187499998 0.579284234375 0.1652296203125 0.5831558109375 0.16398576874999998 0.5870273874999999 0.162897396875 0.59394091875 0.162897396875 0.600439640625 0.16336384531249998 0.6088741468750001 0.1644522109375 0.6134370812500001 0.16530736562499998 0.61620249375 0.17106017812500002 0.61647903125 0.172692740625 0.6124691921875 0.17401433125000002 0.6033433265625 0.1747917390625 0.5950470890624999 0.174403034375 0.5904841546874999 0.17308144375 0.582326190625 0.1713711421875 0.57748671875
1 0.1651518796875 0.582326190625 0.1664734765625 0.577763259375 0.1671731390625 0.5736151406250001 0.16662895625000002 0.570849728125 0.16662895625000002 0.5642127328125 0.1671731390625 0.55757574375 0.1685844859375 0.5518639640625 0.167950546875 0.5488646953125 0.16639573125 0.54817334375 0.1646854359375 0.5503856734375 0.1639080296875 0.5532893546875 0.16336384531249998 0.5568843921875 0.16359706406250002 0.5622769484375001 0.1639080296875 0.5673929624999999 0.1638302890625 0.5716793499999999 0.16305288125 0.5748595734374999 0.1618090296875 0.5803903984375001 0.161498065625 0.5873039312499999 0.1614203265625 0.594632271875 0.1615758046875 0.605555659375 0.1625864375 0.6062470125 0.1631306203125 0.600992725 0.16359706406250002 0.5943557359375 0.1640635078125 0.5867508515625 0.1651518796875 0.582326190625
1 0.1600209890625 0.5875804828125 0.158155209375 0.5806669421875 0.157688765625 0.5765188218749999 0.158155209375 0.5705731859375 0.1593990609375 0.56587198125 0.15916584218750002 0.56075596875 0.158282121875 0.556010828125 0.1564449140625 0.5537041687500001 0.15457913437499998 0.5552251453125 0.153179796875 0.5593732640625 0.153179796875 0.565318903125 0.1533352828125 0.571126265625 0.153413021875 0.5763805546875 0.1534907609375 0.5810817515625 0.1510030578125 0.5859212234375 0.15069209374999998 0.5915903234375 0.150303390625 0.6005779140625 0.150070165625 0.6105334 0.1510807984375 0.614404971875 0.152557875 0.6180000171875 0.1559784703125 0.6180000171875 0.15838843281249998 0.6170321171875 0.1593213203125 0.6123309125 0.1604874328125 0.6084593421875 0.1607206578125 0.60223715625 0.1607206578125 0.594632271875 0.1600209890625 0.5875804828125
1 0.1532575421875 0.57983731875 0.153646246875 0.573200325 0.15302431875 0.570158375 0.15279109375 0.5639361968750001 0.15263561406249998 0.5586819109375 0.1535685015625 0.555778228125 0.1559495109375 0.5532462515625001 0.1547346140625 0.5496943187500001 0.152402390625 0.54927950625 0.151236278125 0.5517683796874999 0.1504588703125 0.5549486078125 0.15069209374999998 0.56352138125 0.1509253203125 0.569605290625 0.1510030578125 0.5733385984375 0.1504588703125 0.5762422796875 0.1490595390625 0.5827410000000001 0.14804890625 0.5885483687499999 0.1481266453125 0.5953236265624999 0.148204390625 0.60223715625 0.1495259828125 0.6079062562499999 0.150070165625 0.602790253125 0.150070165625 0.5971211484375 0.1504588703125 0.5874422046875 0.1520136859375 0.58177310625 0.1532575421875 0.57983731875
1 0.1450170203125 0.5881335562500001 0.143850909375 0.579422503125 0.14252930625 0.5765188218749999 0.142684796875 0.5689139375 0.14377316406250001 0.56352138125 0.14377316406250001 0.5577140203125001 0.1436061125 0.5544557546875 0.1420628671875 0.5519066484375 0.13996386875 0.55204491875 0.1383313078125 0.5537041687500001 0.13809808437499999 0.5588201796875001 0.1382535625 0.5649040875 0.1381758296875 0.570987996875 0.1370097171875 0.5781780703125 0.1356103796875 0.584815059375 0.13444426874999998 0.594908815625 0.13467749375 0.6020989 0.1356103796875 0.61039513125 0.1370097171875 0.61495805625 0.14043030625 0.615649409375 0.14307350000000002 0.6139901671875 0.14493927499999998 0.6068000875 0.1457166828125 0.597397684375 0.1450170203125 0.5881335562500001
1 0.1363877875 0.5788694234375 0.1381758296875 0.573753409375 0.1384867875 0.5700201015624999 0.1381758296875 0.5625534906249999 0.13802034999999999 0.55646958125 0.1384867875 0.5521831953125 0.14035257343750002 0.5513535671875001 0.13973064531249998 0.547205446875 0.1378648578125 0.5473437234375 0.1352216765625 0.5502474015625001 0.1352216765625 0.5559164984375 0.1353771546875 0.56435100625 0.1357658609375 0.5707114546875001 0.134133309375 0.575136115625 0.133122678125 0.582326190625 0.132889453125 0.5904841546874999 0.133122678125 0.600992725 0.13374460625 0.607491440625 0.1352216765625 0.6090124265625 0.13506619687500002 0.6040346750000001 0.1345220140625 0.5969828749999999 0.13444426874999998 0.5920051328125 0.1363877875 0.5788694234375
1 0.1304794828125 0.5844002484375 0.1290024125 0.5791459671875 0.12729211875 0.574997846875 0.1271366390625 0.5682225843750001 0.1281472609375 0.5629683015625 0.1281472609375 0.55702266875 0.1276666046875 0.5508272484375001 0.125504078125 0.5487264296875 0.12418248750000001 0.5495560484374999 0.12262767187500001 0.5517683796874999 0.12262767187500001 0.5563313140624999 0.12262767187500001 0.5626917578125 0.12262767187500001 0.5707114546875001 0.12130608125 0.5795607765625 0.11998447812499999 0.5861977671874999 0.11967351875000001 0.594632271875 0.12060640625 0.60486430625 0.1220834890625 0.6105334 0.1274475984375 0.611639559375 0.12939111718750002 0.6030667843749999 0.1305572296875 0.5940791937500001 0.1304794828125 0.5844002484375
1 0.1141885 0.5779015281250001 0.11372206250000001 0.5726472453125 0.11294465468749999 0.569605290625 0.11317786562500001 0.5650423609375 0.11364431718750001 0.559788078125 0.11372206250000001 0.5531510859375001 0.113962515625 0.5499633187499999 0.1120895 0.54651409375 0.10952405312499999 0.5478968 0.108357940625 0.5516301078125 0.1085134203125 0.560064615625 0.1088243890625 0.5679460421875 0.10874664375000001 0.5726472453125 0.10719182812500001 0.57748671875 0.1057924921875 0.5831558109375 0.10548153281249999 0.59283475625 0.106258940625 0.601684078125 0.10719182812500001 0.6080445250000001 0.1085134203125 0.609842046875 0.11286690937499999 0.609842046875 0.114577203125 0.6030667843749999 0.11543235781250001 0.5967063312499999 0.1158210609375 0.59131378125 0.11566558125 0.5814965625 0.1141885 0.5779015281250001
1 0.045778374999999996 0.5716490171874999 0.04375 0.5765625 0.042280039062500004 0.586029175 0.0425132640625 0.5940488593750001 0.0424355234375 0.5977821734375001 0.042901968750000005 0.6017920125 0.0438348546875 0.60594013125 0.0453125 0.6112847218749999 0.049609375 0.6119791671875 0.0515625 0.6085069437499999 0.05234375 0.6015625 0.053125 0.6001736109375 0.053125 0.5946180562500001 0.05269730625 0.5907303625 0.05293053125 0.5845081890625 0.05078125 0.5723958328125 0.05028734218749999 0.5658416546875 0.051220229687499993 0.560449096875 0.0515625 0.55850694375 0.0515625 0.554340278125 0.050909271874999995 0.5525676703125 0.05078125 0.5501736109375 0.0478773796875 0.5486960937500001 0.0452341921875 0.5525676703125 0.0452341921875 0.5622466140625 0.0453125 0.5654513890625 0.045778374999999996 0.5716490171874999
1 0.0394036328125 0.59031555625 0.038082040625 0.5827106671875 0.0362940015625 0.5742761703125 0.0366827046875 0.56694781875 0.0369159296875 0.5603108296875 0.0378488171875 0.5553330828125 0.036500396875 0.55428296875 0.034894664062500004 0.551599775 0.033028890625 0.552014590625 0.0317850328125 0.5538121078125 0.0315518140625 0.5596194750000001 0.03194051875 0.5643206734375 0.032173735937499996 0.571787290625 0.0320182578125 0.575382325 0.03054118125 0.5798069953125 0.028830887500000003 0.58506126875 0.02813121875 0.59211306875 0.028753146875000003 0.60165374375 0.029763773437500002 0.60842900625 0.031007625 0.6120240421875 0.036138521875 0.6124388578125 0.038626225 0.6069080328124999 0.0395591125 0.6002710390625 0.0394036328125 0.59031555625
1 0.01807399375 0.6160513937500001 0.022865004687500003 0.612225490625 0.024136090625000002 0.5960523249999999 0.023158334375 0.58092259375 0.0217894734375 0.573618584375 0.023060559375 0.5633581953125 0.023256109375 0.5543151374999999 0.01924730625 0.5513587531249999 0.01592293125 0.5551846625 0.015825157812499997 0.5619669515625 0.0169006875 0.5673580078125 0.017585115625 0.57344468125 0.0161184796875 0.5798791671875 0.01377186875 0.5885744140625 0.01377186875 0.601269471875 0.015336279687500001 0.6130950140625 0.01807399375 0.6160513937500001
1 0 0.61100355625 0.002136559375 0.6174426375 0.006829787499999999 0.61779044375 0.009176407812499999 0.6075300484375 0.010349720312500001 0.5946610859375 0.0090786328125 0.583357265625 0.0066342390625 0.5770966828125 0.0080031015625 0.5668362953125 0.0082964234375 0.5564019984375 0.0046958625 0.5531701375 0.00154990625 0.5557063765625 0.00135435 0.5671841 0.002136559375 0.57518373125 0.0004743671875 0.57883573125 0 0.5822489484375 0 0.61100355625
1 0.5469167500000001 0.71025390625 0.53846474375 0.7121057562499999 0.5328344625 0.72275390625 0.5300654328125 0.7903464984374999 0.5296875 0.7917727906250001 0.5296875 0.91875 0.5394067359375 0.91875 0.5516437062499999 0.8681242749999999 0.5530216265625001 0.8384946453125 0.5457497703125 0.7894205734374999 0.553549125 0.72460575625 0.5524019765625 0.718124275 0.5469167500000001 0.71025390625
1 0.4796875 0.8551449484375 0.48236121406250004 0.8542858765625001 0.50117288125 0.8578799265624999 0.50117288125 0.8293071234375 0.4908248796875 0.787100190625 0.4928670171875 0.7250449734375 0.49062206406250003 0.7157978359375 0.4850321 0.7088852046875 0.4796875 0.7107084406249999 0.4796875 0.8551449484375
1 0.5026041671875 0.8039351859374999 0.5005208328124999 0.8428240734375001 0.5020833328125 0.859490740625 0.5088541671875 0.8807870375 0.51484375 0.8932870375 0.5197916671875 0.8946759265625 0.5208333328125 0.915046296875 0.5229166671875001 0.91875 0.5260416671875 0.8983796296875 0.5239583328124999 0.8696759265624999 0.5244791671875 0.83819444375 0.5286458328125 0.8150462968750001 0.5223958328125 0.7770833328125001 0.5255208328125 0.7196759265624999 0.5216145828125 0.7081018515624999 0.51484375 0.7043981484375 0.5091145828125 0.7081018515624999 0.5057291671875 0.7178240734375001 0.5078125 0.7826388890625 0.5026041671875 0.8039351859374999
1 0.57109375 0.7118055562500001 0.5666666671875 0.722453703125 0.56875 0.7881944437499999 0.5604166671875 0.822453703125 0.5619791671875001 0.8511574078125002 0.5609375 0.8918981484374999 0.5661458328125 0.9141203703125 0.5697916671875001 0.9206018515625001 0.5841145828125 0.9201388890625001 0.5890625 0.9057870375 0.5864583328124999 0.8391203703125001 0.590625 0.8104166671874999 0.5848958328125 0.7891203703125 0.5875 0.7233796296875 0.5830729171875 0.7118055562500001 0.57890625 0.7090277781250001 0.57109375 0.7118055562500001
1 0.64140625 0.7118055562500001 0.63359375 0.71273148125 0.6270833328125 0.72430555625 0.6302083328125 0.790046296875 0.621875 0.8289351859374999 0.6229166671875 0.89375 0.6286458328125 0.9233796296874999 0.6322916671875001 0.92523148125 0.646875 0.921527778125 0.6427083328125 0.8946759265625 0.6421875 0.8724537031249999 0.6458333328125 0.8511574078125002 0.6536458328125 0.828009259375 0.6463541671875 0.7891203703125 0.6494791671875 0.7261574078125 0.64453125 0.7136574078125 0.64140625 0.7118055562500001
1 0.59765625 0.7164351859375 0.59375 0.7261574078125 0.5963541671875 0.7956018515625 0.590625 0.815972221875 0.5869791671875 0.840972221875 0.5901041671875 0.9085648140625 0.59375 0.92523148125 0.596875 0.9298611109374999 0.6138020828124999 0.927546296875 0.6171875 0.91875 0.621875 0.8863425921874999 0.6213541671875 0.8335648140625 0.6125 0.7928240734375 0.615625 0.7298611109375 0.6122395828125 0.7182870375 0.60546875 0.71273148125 0.59765625 0.7164351859375
1 0.61640625 0.7081018515624999 0.60703125 0.7053240734375 0.6036458328125 0.71226851875 0.6106770828125 0.715509259375 0.6145833328125 0.72523148125 0.6125 0.7891203703125 0.6166666671875001 0.8122685187500001 0.6208333328125 0.821527778125 0.6244791671875001 0.8104166671874999 0.61875 0.7826388890625 0.6208333328125 0.7196759265624999 0.61640625 0.7081018515624999
1 0.6796875 0.7261574078125 0.6770833328125 0.715972221875 0.6705729171875 0.7090277781250001 0.6611979171875 0.71273148125 0.6567708328124999 0.72523148125 0.659375 0.790046296875 0.6536458328125 0.8104166671874999 0.6557291671875001 0.8261574078125001 0.6658854171875 0.8182870375 0.6828125 0.8150462968750001 0.6770833328125 0.790046296875 0.6765625 0.7770833328125001 0.6796875 0.7261574078125
1 0.6911458328125001 0.71875 0.6932291671874999 0.7761574078125 0.6864583328125 0.8168981484375 0.6984375 0.834490740625 0.70625 0.8585648140625001 0.7078125 0.8798611109374999 0.703125 0.921527778125 0.7109375 0.9233796296874999 0.7098958328125 0.915046296875 0.7140625 0.9085648140625 0.7208333328125001 0.86875 0.721875 0.840972221875 0.7197916671875 0.821527778125 0.7114583328125 0.7826388890625 0.7130208328125001 0.71875 0.7091145828125001 0.7090277781250001 0.7013020828125001 0.70625 0.6940104171874999 0.7118055562500001 0.6911458328125001 0.71875
0 0.6684895828124999 0.8182870375 0.6591145828125 0.82569444375 0.6494791671875 0.8428240734375001 0.6432291671875 0.8696759265624999 0.6432291671875 0.8928240734375 0.6479166671875001 0.9159722218749999 0.6559895828125 0.93125 0.6703125 0.9428240734374999 0.6830729171875 0.9414351859375 0.6934895828125001 0.9331018515625 0.7026041671875 0.9131944437499999 0.7067708328125001 0.8956018515625 0.7072916671874999 0.8668981484374999 0.7020833328125 0.84375 0.6940104171874999 0.828472221875 0.68359375 0.8173611109374999 0.6684895828124999 0.8182870375