1 0.240435915625 0.2057225953125 0.22607155781250002 0.1335912765625 0.2290941171875 0.094688753125 0.22642035 0.0912324375 0.20721911718750002 0.09481601875 0.20729731562499998 0.13508925 0.1921875 0.19913971875 0.1921875 0.2750390125 0.1979684359375 0.3115144984375 0.2016062078125 0.3171875 0.2253420109375 0.3171875 0.22877659062500003 0.29189279375 0.2396116484375 0.2529448171875 0.240435915625 0.2057225953125
1 1 0 0.9678484484375 0 0.9694728093750001 0.08854896718750001 0.95625 0.146037428125 0.95625 0.3670169859375 0.9610870484374999 0.3899560375 0.967594334375 0.3975562921875 0.97287970625 0.3984375 0.9975391671875 0.3984375 1 0.39551008125 1 0
1 0.884183371875 0 0.8890625 0.057465278125 0.8890625 0.1282986109375 0.86796875 0.22690972187499997 0.87109375 0.27274305625 0.88828125 0.3421875 0.88984375 0.4282986109375 0.90703125 0.43524305625000004 0.927734375 0.43454861093749997 0.93515625 0.426909721875 0.94921875 0.3532986109375 0.95234375 0.3213541671875 0.94921875 0.21163194375 0.9265625 0.1213541671875 0.92578125 0.06857638906249999 0.9294801484375 0 0.884183371875 0
1 0.7983542515625001 0 0.80390625 0.1505208328125 0.79296875 0.2157986109375 0.837890625 0.2359375 0.865625 0.26996527812500004 0.86796875 0.26857638906250003 0.86796875 0.25746527812500003 0.86328125 0.22829861093749998 0.84296875 0.1505208328125 0.8421875 0.09635416718749999 0.84692993125 0 0.7983542515625001 0
1 0.7534423828125 0 0.75625 0.019965278125 0.75 0.14913194375 0.75546875 0.1921875 0.76328125 0.22552083281250002 0.7671875 0.2310763890625 0.78984375 0.21857638906250001 0.8 0.1671875 0.7984375 0.14913194375 0.7859375 0.10607638906250001 0.784375 0.051909721875 0.7866802015625 0 0.7534423828125 0
1 0.706943121875 0 0.70390625 0.008854167187500001 0.703125 0.03524305625 0.7109375 0.1088541671875 0.71171875 0.1782986109375 0.70546875 0.21996527812500002 0.69375 0.2630208328125 0.68671875 0.3255208328125 0.6875 0.364409721875 0.69453125 0.426909721875 0.6997721359375 0.45 0.7231879343750001 0.45 0.71640625 0.4282986109375 0.71328125 0.3713541671875 0.71640625 0.33524305625 0.73203125 0.2810763890625 0.76328125 0.23524305625 0.75078125 0.1782986109375 0.7484375 0.13524305625 0.75546875 0.0171875 0.751513671875 0 0.706943121875 0
1 0.6558658859375 0 0.6609375 0.13524305625 0.6421875 0.2157986109375 0.63671875 0.25746527812500003 0.63671875 0.31024305625 0.6421875 0.3560763890625 0.66015625 0.4421875 0.66640625 0.44774305625000005 0.691796875 0.4484375 0.69609375 0.4421875 0.6875 0.3796875 0.68671875 0.307465278125 0.709375 0.18524305624999998 0.6984375 0.13524305625 0.696875 0.11024305625 0.7013044078125 0 0.6558658859375 0
1 0.5615325921875 0 0.5609375 0.0338541671875 0.56640625 0.164409721875 0.54609375 0.2546875 0.5421875 0.2921875 0.54453125 0.37413194375000003 0.558511246875 0.45 0.616260565625 0.45 0.62734375 0.39774305625 0.6328125 0.3463541671875 0.6328125 0.29774305624999997 0.628125 0.2560763890625 0.60390625 0.1505208328125 0.603125 0.10052083281249999 0.60859375 0.0338541671875 0.60859375 0 0.5615325921875 0
1 0.5390625 0 0.5390625 0.4214272671875 0.54921875 0.4185763890625 0.5421875 0.36024305624999997 0.540625 0.3005208328125 0.54609375 0.24774305624999998 0.565625 0.1546875 0.55859375 0.0810763890625 0.559353840625 0 0.5390625 0
0 0.877483259375 0.45 0.88515625 0.4213541671875 0.88828125 0.38663194375 0.88359375 0.32413194375 0.86953125 0.2796875 0.851953125 0.251215278125 0.834765625 0.23454861093749999 0.805078125 0.2234375 0.791015625 0.2234375 0.768359375 0.23315972187499998 0.744140625 0.2609375 0.7234375 0.3060763890625 0.71796875 0.326909721875 0.71328125 0.369965278125 0.71484375 0.4185763890625 0.7240833625 0.45 0.877483259375 0.45
1 0.9029697296875 0.896875 0.9059719453125 0.89394293125 0.9197972359375001 0.8179442828125 0.92039523125 0.7836850234374999 0.9185866562499999 0.7679564046875 0.90314830625 0.697682996875 0.906456315625 0.5976739078125 0.9007657328124999 0.5805791234375001 0.8940757046875 0.5759888859375 0.881494896875 0.5806912375 0.8758079593750001 0.59322305625 0.875 0.6155416375 0.875 0.6227402140625 0.8779632312500001 0.6487604296875 0.87866914375 0.6978254140625 0.875 0.7147494968749999 0.875 0.8920628515625001 0.8765431328125001 0.896875 0.9029697296875 0.896875
1 0.8317708328125001 0.7043981484375 0.83125 0.7256944437499999 0.81875 0.7831018515625 0.8151041671874999 0.8127314812499999 0.8229166671874999 0.8886574078125001 0.8338541671874999 0.9164351859375 0.8427083328125 0.9479166671874999 0.85 0.953472221875 0.8627604171875 0.95023148125 0.86875 0.9368055562500001 0.8770833328125001 0.8886574078125001 0.878125 0.8386574078125001 0.875 0.7886574078125 0.8588541671875 0.7238425921875 0.8583333328125 0.6886574078125001 0.8619791671874999 0.6358796296875 0.8604166671875 0.6071759265625 0.85390625 0.5928240734375001 0.84140625 0.58726851875 0.83046875 0.5956018515625 0.8255208328125001 0.6108796296875 0.825 0.63680555625 0.8317708328125001 0.7043981484375
1 0.76875 0.7608796296875 0.7645833328125 0.7738425921875 0.7546875 0.8303240734375 0.75625 0.8581018515625001 0.7596354171874999 0.8641203703125001 0.7716145828125001 0.8706018515625 0.79921875 0.8733796296874999 0.8182291671874999 0.88680555625 0.8213541671875 0.884953703125 0.821875 0.8775462968750001 0.8171875 0.8303240734375 0.8010416671874999 0.7673611109375 0.7979166671875 0.7414351859374999 0.8015625 0.6571759265624999 0.8005208328125001 0.628472221875 0.7979166671875 0.6182870375 0.7903645828125001 0.6057870375000001 0.7841145828125 0.6020833328124999 0.7721354171874999 0.6039351859375 0.7645833328125 0.6136574078125 0.7604166671874999 0.6321759265625 0.7609375 0.6682870375000001 0.7692708328125001 0.7479166671874999 0.76875 0.7608796296875
1 0.7016808718750001 1 0.703125 0.9858796296874999 0.7145833328125 0.9386574078125001 0.7385416671875 0.896990740625 0.740625 0.884953703125 0.7380208328125 0.8682870375 0.7234375 0.8164351859375 0.7197916671875 0.7895833328125 0.7208333328125 0.7321759265625 0.725 0.6868055562500001 0.7244791671875 0.65625 0.7169270828125 0.6317129625 0.7075520828124999 0.6224537031249999 0.6971354171875 0.6206018515625 0.6893229171875 0.6252314812499999 0.6809895828125 0.63819444375 0.6775445234374999 0.6616813765625 0.6786458328125 0.6766203703125 0.679555621875 0.696704903125 0.6802083328124999 0.7331018515625 0.6819689546875 0.7345874828125 0.6859375 0.7608796296875 0.6864583328125 0.7895833328125 0.6854166671875 0.8145833328125001 0.6755208328125 0.8645833328125001 0.6692708328125 0.8747685187500001 0.6635416671875001 0.9016203703125001 0.6625 0.9729166671874999 0.6658515625 1 0.7016808718750001 1
1 0.6257973031249999 1 0.6333333328124999 0.9608796296875 0.6364583328125 0.909027778125 0.6359375 0.884953703125 0.6322916671875001 0.8543981484375 0.6104166671875 0.77476851875 0.609375 0.75625 0.6135416671875 0.6738425921875 0.6119791671875 0.63773148125 0.6028645828125 0.621527778125 0.5888020828125 0.61875 0.58359375 0.6196759265624999 0.5765625 0.6293981484375 0.571875 0.6488425921875 0.571875 0.6701388890625 0.578125 0.721990740625 0.5796875 0.759953703125 0.5770833328125 0.7886574078125 0.5640625 0.8553240734374998 0.5614583328125 0.9043981484374999 0.565625 0.9543981484374999 0.5751897953125 1 0.6257973031249999 1
1 0.7307291671875 0.6256944437499999 0.7354166671875 0.6636574078125 0.7364583328125 0.7118055562500001 0.7229166671875 0.78125 0.7244791671875 0.8127314812499999 0.728125 0.83125 0.7361979171875 0.8567129625 0.7442708328125001 0.859953703125 0.75234375 0.8585648140625001 0.7541666671874999 0.8543981484375 0.7536458328125001 0.8266203703125001 0.7671875 0.7608796296875 0.7666666671875 0.7386574078125 0.7609375 0.703472221875 0.7598958328125001 0.634027778125 0.7625 0.6071759265625 0.7559895828125001 0.5918981484375 0.74921875 0.58726851875 0.7403645828125001 0.5891203703125 0.73125 0.6071759265625 0.7307291671875 0.6256944437499999
1 0.6677083328125 0.7386574078125 0.6661458328125 0.753472221875 0.6635416671875001 0.7571759265625 0.653125 0.80625 0.6505208328125 0.8358796296875 0.6520833328125 0.88773148125 0.6552083328125 0.9145833328125 0.6614583328125 0.9182870375000001 0.6651041671875 0.90069444375 0.6713541671875001 0.88680555625 0.6755208328125 0.8581018515625001 0.6848958328125 0.8182870375 0.6869791671875001 0.7960648140625001 0.6864583328125 0.7664351859374999 0.6822916671875 0.7293981484375001 0.6822916671875 0.6673611109375 0.6864583328125 0.634953703125 0.6958333328124999 0.6192129625 0.69140625 0.6067129625 0.6815104171875 0.60023148125 0.66953125 0.6057870375000001 0.6635416671875001 0.6182870375 0.6619791671875 0.6275462968750001 0.6635416671875001 0.6886574078125001 0.6619791671875 0.70069444375 0.6661458328125 0.6988425921875 0.6677083328125 0.7386574078125
0 0.8447916671875 1 0.8447916671875 0.9793981484375 0.8380208328125001 0.9358796296874999 0.8302083328125001 0.9108796296874999 0.82109375 0.8918981484374999 0.81171875 0.8817129625 0.79921875 0.8770833328125001 0.7747395828125001 0.8770833328125001 0.7481770828125001 0.88726851875 0.74453125 0.890046296875 0.715625 0.9414351859375 0.7098958328125 0.959953703125 0.702641684375 1 0.8447916671875 1