1 0.077611178125 0 0.0783772125 0.0192978109375 0.07702849375000001 0.0720209984375 0.0705845671875 0.10502678437499999 0.057321321875 0.14601105625 0.0566981390625 0.16357635312500002 0.0530253734375 0.1680149125 0.052434507812499996 0.1800246546875 0.0492718 0.1863423609375 0.0484375 0.195117425 0.0484375 0.22894235937500002 0.04876089375 0.22938426875 0.0570834546875 0.231672853125 0.07844839375 0.230940125 0.1259706421875 0.2375 0.1365550875 0.2375 0.147182234375 0.2373209390625 0.1495771609375 0.228647471875 0.1431295375 0.172737071875 0.1213154890625 0.07156335625 0.120483909375 0.035397653125 0.1225622640625 0 0.077611178125 0
1 0.9191680078125 0 0.9142939812499999 0.037115521875 0.9142939812499999 0.0728809015625 0.9199300515625 0.1200912015625 0.932007346875 0.1787464234375 0.9400588765624999 0.18303826875 0.9622005843749999 0.1837535765625 0.9682392312499999 0.1787464234375 0.9835371375000002 0.1086462796875 0.9891732078125 0.0528522890625 0.98675775 0.0056419890625 0.9854502640625 0 0.9191680078125 0
1 0.8548016593749999 0 0.8623616140625 0.0092185265625 0.8748414859375 0.0328236765625 0.8973857687500001 0.10578505 0.901411534375 0.10006258906250001 0.9070476046875001 0.0600053640625 0.9078527578125 0.0027807578125 0.9073084046875 0 0.8548016593749999 0
1 0.2339586765625 1 0.23203125 0.9869791671874999 0.22421875 0.9661458328125001 0.225 0.8994791671875 0.21640625 0.8828125 0.212890625 0.8404513890625 0.21171875 0.8814236109374999 0.20234375 0.90225694375 0.20546875 0.967534721875 0.19921875 0.985590278125 0.1981007546875 1 0.2339586765625 1
1 0.134375 0.980034721875 0.122265625 0.9473958328125001 0.1234375 0.980034721875 0.13359375 0.992534721875 0.134375 0.980034721875
1 0.109644990625 1 0.11640625 0.9814236109374999 0.11484375 0.9467013890625001 0.11875 0.9244791671874999 0.11953125 0.8869791671874999 0.113671875 0.86961805625 0.105859375 0.866840278125 0.098046875 0.8723958328125001 0.09453125 0.885590278125 0.10234375 0.9453125 0.09765625 0.9772569437499999 0.0971993578125 1 0.109644990625 1
1 0.18515625 0.7786458328125001 0.180859375 0.7765625 0.18046875 0.8036458328125 0.17421875 0.817534721875 0.17890625 0.8828125 0.1734375 0.9092013890625001 0.1734375 0.9369791671875 0.184375 0.9786458328125001 0.194140625 0.979340278125 0.20234375 0.967534721875 0.20390625 0.9342013890625 0.2015625 0.90086805625 0.19296875 0.8730902781250001 0.19296875 0.8189236109374999 0.1859375 0.80225694375 0.18515625 0.7786458328125001
1 0.28125 0.8119791671875 0.279296875 0.7848958328125001 0.275 0.8119791671875 0.26796875 0.8244791671874999 0.2703125 0.8814236109374999 0.26328125 0.905034721875 0.26484375 0.9869791671874999 0.271875 0.9939236109374999 0.28359375 0.98975694375 0.29296875 0.948090278125 0.2921875 0.9244791671874999 0.28515625 0.8897569437499999 0.2859375 0.8244791671874999 0.28125 0.8119791671875
1 0.3394222859375 1 0.33515625 0.985590278125 0.3421875 0.9189236109374999 0.3390625 0.905034721875 0.333984375 0.898784721875 0.322265625 0.9001736109374999 0.31796875 0.9078125 0.3171875 0.9814236109374999 0.310096959375 1 0.3394222859375 1
1 0.24921875 0.8119791671875 0.25 0.7842013890625 0.247265625 0.7807291671875 0.2359375 0.7828125 0.23671875 0.8133680562500001 0.228125 0.855034721875 0.2328125 0.8953125 0.240625 0.910590278125 0.25078125 0.9064236109374999 0.25859375 0.8730902781250001 0.25859375 0.8439236109374999 0.24921875 0.8119791671875
2 1 0.6376441046875 0.55 0.6376441046875 0.55 0.725837990625 0.5630237390625 0.726837846875 0.634646403125 0.72920211875 0.63831916875 0.724763559375 0.649278215625 0.721633065625 0.6529078890625 0.7246019125000001 0.8065698843749999 0.729876375 0.8435328906249999 0.7345921453125 0.8695907171874999 0.7331791546875 0.9273870578124999 0.73898675625 1 0.741100821875 1 0.6376441046875
1 0.9058304390625 0.4296875 0.909375 0.48640046249999996 0.9083333328125001 0.5382523140625001 0.8916666671875 0.6114004625 0.8901041671875 0.6373263890625 0.8942708328125001 0.64195601875 0.9481770828125 0.64241898125 0.95234375 0.6405671296875 0.9541666671875 0.6354745375 0.9515625 0.60491898125 0.9364583328125 0.5345486109375 0.9407052078125 0.4296875 0.9058304390625 0.4296875
1 0.823983003125 0.4296875 0.8270833328125 0.51695601875 0.8239583328125001 0.5234375 0.8208333328125 0.545659721875 0.815625 0.5623263890625 0.8083333328125001 0.6197337968750001 0.8106770828125001 0.6377893515624999 0.8317708328125001 0.6410300921875 0.86484375 0.6405671296875 0.8682291671875 0.6364004624999999 0.86875 0.6308449078125 0.86875 0.607696759375 0.865625 0.5808449078125 0.853125 0.5243634265625 0.8494791671874999 0.51695601875 0.8557291671874999 0.43177083281249995 0.8557291671874999 0.4296875 0.823983003125 0.4296875
1 0.6590576171875 0.4296875 0.659375 0.432696759375 0.6578125 0.47621527812500003 0.659375 0.482696759375 0.6546875 0.50491898125 0.6536458328125 0.5234375 0.6427083328125 0.5651041671875 0.6416666671875 0.6058449078125 0.6434895828125 0.6127893515625 0.6580729171875 0.6164930562500001 0.6627604171875 0.6211226859375 0.6700520828125 0.6368634265625 0.6765625 0.6382523140625 0.6924479171875 0.6387152781250001 0.6994791671875 0.6308449078125 0.7020833328125 0.6095486109375 0.7020833328125 0.5752893515624999 0.6989583328125 0.5438078703125 0.6880208328124999 0.4938078703125 0.6833333328125 0.482696759375 0.6828125 0.45214120312499995 0.6862858078125 0.4296875 0.6590576171875 0.4296875
1 0.81215194375 0.4296875 0.8161458328125001 0.46325231406249995 0.8135416671875 0.46788194375 0.8125 0.489178240625 0.8088541671874999 0.5058449078125 0.8015625 0.5234375 0.7984375 0.5401041671875 0.7953125 0.607696759375 0.80625 0.6243634265625 0.8130208328125 0.56695601875 0.8260416671874999 0.5151041671875001 0.8234585015625001 0.4296875 0.81215194375 0.4296875