1 0.3848105859375 0.45625 0.401012740625 0.449360465625 0.401012740625 0.35025826718749997 0.399864840625 0.34512030312499997 0.3995153953125 0.307315209375 0.401012740625 0.29764250625 0.401012740625 0.242702946875 0.3978935140625 0.23347793125 0.390720171875 0.22547873125 0.3813903046875 0.22547873125 0.3776337546875 0.2287177328125 0.3734375 0.244280528125 0.3734375 0.2643363875 0.3763745765625 0.31016885 0.376664684375 0.34704801875 0.3734375 0.3702777546875 0.3734375 0.4242939234375 0.3824295546875 0.45625 0.3848105859375 0.45625
1 0 0.39579695625 0.0042863187499999995 0.4129736828125 0.00590130625 0.438772275 0.0044379921875 0.45625 0.0442782953125 0.45625 0.030506784375000002 0.42668493593749995 0.027059653125 0.40557964062499996 0.028247534375 0.3584210875 0.026578617187499997 0.33354841875 0.0237417234375 0.3198080859375 0.0177436328125 0.31127707031249996 0.0079556546875 0.30982844374999996 0.0031063671875 0.31279722187500003 0 0.317916190625 0 0.39579695625
1 0.344016390625 0.2984375 0.3468664171875 0.29672048281249996 0.35415808437499996 0.29642336875 0.358013890625 0.2984375 0.3654083671875 0.2984375 0.3679790203125 0.2926202359375 0.36859143125 0.27685827343749997 0.3662557609375 0.27556488749999997 0.3638608359375 0.28445668281250003 0.36293229375 0.26505468125 0.354798275 0.23113498125 0.3549760421875 0.200579425 0.35761791718749997 0.19399183281250001 0.3598143734375 0.17446249687499998 0.3594282140625 0.15133557343749998 0.3555893015625 0.139920665625 0.34988706718749996 0.1355244828125 0.3394380796875 0.1415044859375 0.33601764843750004 0.14766094999999999 0.334375 0.157589396875 0.334375 0.166817090625 0.3377562203125 0.20683531875 0.3365798828125 0.23002590937499998 0.334375 0.24059457812499999 0.334375 0.29471336875 0.3351582 0.2984375 0.344016390625 0.2984375
1 0.12421054843749998 0.30625 0.13095420468750002 0.30625 0.13852978437500002 0.30417245 0.14074684375 0.30625 0.14361744062499998 0.30625 0.14361744062499998 0.2301050125 0.14113443125 0.2184743046875 0.1399042359375 0.20088171093749999 0.14309969843749998 0.18696858125 0.14199900000000001 0.17122784062500002 0.1377085515625 0.15457935625000002 0.1251804640625 0.1430734578125 0.1166162296875 0.1509968578125 0.115625 0.16061612812499998 0.115625 0.1666267671875 0.1170580328125 0.1871200890625 0.12368794218750001 0.21487059375 0.12615404375 0.23523490468750002 0.1220997296875 0.281573621875 0.12235300468750002 0.3000982 0.12421054843749998 0.30625
1 0.0826635578125 0.399204296875 0.0858949296875 0.40625 0.0874102359375 0.40625 0.0874102359375 0.2925958515625 0.0836241453125 0.2768548046875 0.0807684921875 0.25464470625 0.081944834375 0.24350935312500002 0.0874102359375 0.2320693265625 0.0874102359375 0.22407415 0.0871201875 0.21749857968750003 0.0816603703125 0.19531878125 0.0745075 0.1875241671875 0.06922358437500001 0.18665884531250002 0.0642419984375 0.1894972265625 0.0604573671875 0.1974191109375 0.059375 0.20624582187499998 0.059375 0.2089266453125 0.061985514062500004 0.22891271406249997 0.0744841390625 0.2862292140625 0.0753237921875 0.3029019421875 0.0725423515625 0.33907971875 0.073986665625 0.36315985 0.0826635578125 0.399204296875
1 0.032713842187499995 0.19743933281249998 0.032805418749999996 0.1816985921875 0.0318930375 0.1594642515625 0.0268355359375 0.13347771875 0.0268947921875 0.12329253437500001 0.034375 0.103306046875 0.034375 0.10115173125000002 0.030970728125000003 0.094171321875 0.0247368890625 0.0913208171875 0.0192277375 0.0982016296875 0.01875 0.10624080312499999 0.01875 0.12314273281250002 0.02354354375 0.1621450609375 0.01971455625 0.1935841203125 0.019585271874999997 0.2158063421875 0.0257917578125 0.24375 0.026423432812499998 0.24375 0.032713842187499995 0.19743933281249998
1 0.1655587 0.4317678015625 0.1698434390625 0.4390625 0.178825875 0.4390625 0.178825875 0.298454740625 0.1721813640625 0.284543453125 0.1643042421875 0.201292009375 0.159450796875 0.188996725 0.1496548234375 0.18393249218750002 0.1421875 0.1902476296875 0.1421875 0.22768065 0.151828396875 0.2781732828125 0.152950996875 0.2929880984375 0.1498772328125 0.31453005625 0.15649958749999998 0.3467190953125 0.15994831874999998 0.4060329484375 0.1655587 0.4317678015625
1 0.181293590625 0.4515625 0.21004396406249998 0.4474359375 0.2134556125 0.433909978125 0.212911784375 0.408964540625 0.20972606093750001 0.385035971875 0.19658378125 0.337415271875 0.20128512031249998 0.2475640828125 0.195918059375 0.232495465625 0.18937359843749998 0.2271763515625 0.1760886640625 0.23411253125 0.1703125 0.249799584375 0.1703125 0.271788953125 0.1713491484375 0.292990671875 0.1749121578125 0.3076599828125 0.1732143703125 0.34932664999999996 0.1703125 0.359258196875 0.1703125 0.4515625 0.181293590625 0.4515625
1 0.15270804843750002 0.4563404125 0.153125 0.45555949375000004 0.153125 0.4494929703125 0.1455232734375 0.43048431875000004 0.14388535625 0.4176397578125 0.14236425625 0.3353112828125 0.1370374125 0.3153355765625 0.12681921406250002 0.305457021875 0.1200483796875 0.30597008593749997 0.11278903437500001 0.3120781703125 0.10625 0.33229711875 0.10625 0.3534698921875 0.1189230640625 0.4260156234375 0.1195247 0.43986504687499994 0.1149016890625 0.4625 0.131552125 0.4625 0.135015875 0.4604600484375 0.15270804843750002 0.4563404125
1 0.103859521875 0.40087922656249997 0.0970376453125 0.3481590234375 0.10334445781249998 0.2935112109375 0.10419030781250001 0.2611098625 0.1033288859375 0.24908191406250002 0.09998889062500001 0.23938242031249998 0.09411639375 0.23293729999999999 0.08687865624999999 0.23205379843750001 0.078125 0.24139250781250002 0.078125 0.3255387171875 0.08001193125 0.3454812375 0.078125 0.3556046 0.078125 0.4640625 0.0989055453125 0.4640625 0.10545605312499999 0.43604320156250004 0.103859521875 0.40087922656249997
1 0.21091117812500002 0.3484375 0.21192125625 0.335234978125 0.222639590625 0.2841115296875 0.2104574171875 0.228607815625 0.2108722046875 0.15731151875 0.20600778437499997 0.1426136734375 0.2012158875 0.138712225 0.19830900625 0.138712225 0.1921875 0.14354575625 0.1921875 0.22257710937500003 0.1994714328125 0.2361763234375 0.202005571875 0.2483954609375 0.19997979999999999 0.3279158296875 0.20147765781250002 0.3391362015625 0.20506002343750002 0.3484375 0.21091117812500002 0.3484375
1 0.25625 0.3489686484375 0.2577960953125 0.390625 0.2584505 0.390625 0.2609375 0.3796231671875 0.2609375 0.3634920421875 0.25625 0.32891077968750004 0.25625 0.3489686484375
1 0.24393448593749997 0.2490968015625 0.24215298281250003 0.2415680546875 0.2454514453125 0.23108675 0.24974647499999997 0.2345853375 0.250531409375 0.22813419218750003 0.24767050937500001 0.22147070000000002 0.2437826796875 0.1887599421875 0.23621434687499998 0.1787114953125 0.235809865625 0.1787114953125 0.2275839375 0.18271179375 0.2209718296875 0.1976407171875 0.22055034375 0.284859765625 0.2171875 0.29907875 0.2171875 0.3140625 0.21739677500000001 0.3140625 0.2237208875 0.3031428359375 0.2285215703125 0.300638071875 0.23737573906249998 0.30115376875 0.246615003125 0.3114371890625 0.24197996718749998 0.2842516515625 0.24393448593749997 0.2490968015625
1 0.2140625 0.36924990625 0.2140625 0.4078125 0.21432346406249997 0.4078125 0.2154932921875 0.38989678437499997 0.2140625 0.36924990625
1 0.33493793437499997 0.4240930546875 0.33570505625 0.41772855 0.33570505625 0.36979584062500004 0.334252065625 0.3203832890625 0.33570505625 0.314168303125 0.33570505625 0.29719079375 0.33280098125 0.2852102234375 0.33209698906249996 0.2694755453125 0.3337816796875 0.23519204375 0.33570505625 0.2274124140625 0.33570505625 0.196664990625 0.3302760359375 0.180132784375 0.32347288125 0.177433790625 0.314130203125 0.1803206578125 0.3098808921875 0.19564995000000002 0.31159205624999997 0.245578578125 0.3124022890625 0.278039175 0.3008648625 0.3161415296875 0.2984375 0.3349906921875 0.2984375 0.34431815625 0.299234040625 0.3550546609375 0.3095392921875 0.3901246953125 0.31158662812500004 0.43177318124999997 0.3127836234375 0.4328125 0.33016593906249997 0.4328125 0.33493793437499997 0.4240930546875
1 0.2967339015625 0.246480675 0.2917809984375 0.22991401093750002 0.2865925640625 0.22399095 0.27661048125 0.22601553437500002 0.2672620328125 0.24236924218749997 0.2675374109375 0.29232378593749997 0.26416695625000003 0.34234196875 0.259375 0.358570090625 0.259375 0.4515625 0.2736159421875 0.4515625 0.2798451046875 0.447075459375 0.2950786515625 0.4440340390625 0.2989600125 0.43332679687500003 0.29859838125 0.3852241046875 0.2891238296875 0.34283151875 0.2967339015625 0.246480675
1 0.47558949375 0.3273641890625 0.47540633281250005 0.3116234484375 0.47214126875 0.299841503125 0.4650184390625 0.2925450890625 0.45614272343750006 0.29141599687499997 0.450456653125 0.2955873671875 0.44206222500000003 0.3134184984375 0.4383874921875 0.40083817499999996 0.435434878125 0.415908078125 0.428125 0.43664112343749995 0.428125 0.4390625 0.46164755937499996 0.4390625 0.46637952812499994 0.43191819843749996 0.4636999421875 0.42564929218750003 0.46399451875000003 0.4061623328125 0.46929272031249997 0.36865762968750004 0.473297775 0.3544286171875 0.47558949375 0.3273641890625
1 0.420849159375 0.409375 0.420849159375 0.288952228125 0.4184992140625 0.2785056734375 0.420849159375 0.244611596875 0.420849159375 0.19312718281250002 0.42009599687500004 0.1901630859375 0.41075531718749997 0.1786693390625 0.403162275 0.1786693390625 0.3995583140625 0.181816465625 0.3984375 0.1848572640625 0.3984375 0.22652976875 0.40406251718749997 0.2351118359375 0.408611953125 0.255700728125 0.404160584375 0.318044546875 0.40564691093749994 0.34671183125 0.42022713749999996 0.409375 0.420849159375 0.409375
1 0.3825602453125 0.2984375 0.38315211875 0.2984375 0.38315211875 0.2629712734375 0.3828196140625 0.2434333953125 0.38315211875 0.24159068593750002 0.38315211875 0.1939679515625 0.3825363484375 0.19162396875 0.3820318265625 0.1231599921875 0.37865587343749996 0.11294450625 0.3738715796875 0.1069973453125 0.3731605 0.1069973453125 0.365625 0.1085096828125 0.365625 0.174466365625 0.3662798859375 0.1831088203125 0.365625 0.1886025484375 0.365625 0.23049634531250002 0.36604231875000004 0.23491218906250003 0.3769015015625 0.2683424890625 0.3825602453125 0.2984375
1 0.30847986562499996 0.28394520624999997 0.3106547734375 0.26837452812499996 0.3095286140625 0.19324698125 0.31654185625000003 0.1521330140625 0.3166819140625 0.128058940625 0.31517328437500003 0.11867213437499999 0.3075587609375 0.1070366421875 0.3047890171875 0.1070366421875 0.2988182078125 0.10853660937500001 0.29378679375 0.1224845671875 0.294419059375 0.1929399671875 0.290625 0.2063154703125 0.290625 0.2256195125 0.294708259375 0.2327972953125 0.2977524546875 0.246941278125 0.2963982078125 0.309375 0.2992680921875 0.309375 0.30104814062499996 0.3074240703125 0.30847986562499996 0.28394520624999997
1 0.27598033593750004 0.3578125 0.2770291015625 0.3578125 0.2817301625 0.34574971250000003 0.28273491562499997 0.3272069515625 0.2760860703125 0.2577928109375 0.27588736875 0.2364843921875 0.28183153125 0.2266864171875 0.2895909125 0.2223619515625 0.2895909125 0.1609458375 0.28947863749999997 0.1566426484375 0.283120059375 0.14142850625 0.2771212453125 0.136865540625 0.2705122015625 0.139722103125 0.2671875 0.14853309374999998 0.2671875 0.1854169453125 0.26902425 0.19023658125 0.27202581875 0.23282311406249998 0.2671875 0.2564477015625 0.2671875 0.31746445156249997 0.2722288484375 0.33474163125 0.27598033593750004 0.3578125
1 0.12038419687499999 0.271875 0.12038419687499999 0.1884542421875 0.1187246421875 0.180859325 0.11598717343750001 0.1345933375 0.109867725 0.1200975140625 0.1019040609375 0.1180183421875 0.1 0.1219131453125 0.1 0.162348340625 0.106030875 0.203583140625 0.1044257734375 0.2284770578125 0.11262443281250001 0.239800334375 0.11725283906249999 0.2519434546875 0.11997822031250001 0.271875 0.12038419687499999 0.271875
1 0.06530275625000001 0.185737371875 0.0662768203125 0.17922859375 0.06503234218750001 0.1599206296875 0.0601786890625 0.1514109375 0.05509984999999999 0.1498320421875 0.0480052796875 0.15481651875 0.046875 0.15763977812500002 0.046875 0.34461062187499997 0.056361953124999996 0.298754925 0.057656892187499996 0.28023640625 0.0534702265625 0.22879399218750002 0.053982490625000004 0.2066263609375 0.057298873437499995 0.1963046984375 0.06530275625000001 0.185737371875
1 0.0434801859375 0.30508637968749996 0.044388909375 0.2829066734375 0.0507645609375 0.2463373046875 0.050159270312500004 0.22125227343749998 0.0444264578125 0.1911124609375 0.043300334375 0.165984915625 0.049019596875 0.1520794734375 0.053503246875 0.14920011093750002 0.0542180265625 0.13813151562499998 0.04685180625 0.126866896875 0.0390625 0.128072428125 0.0390625 0.2035213203125 0.0398719 0.2129945609375 0.0390625 0.2184326203125 0.0390625 0.29992968124999997 0.040242028125 0.30625 0.041179325 0.30625 0.0434801859375 0.30508637968749996
1 0.0379619484375 0.2640625 0.043693396875 0.22044995312500001 0.042924759374999996 0.199162746875 0.0449219 0.1917189734375 0.04062594375 0.18068059218750002 0.0355074765625 0.143725375 0.039257503124999996 0.1302312671875 0.0462510453125 0.1268677953125 0.04452693125 0.1130061796875 0.035841603124999996 0.1052858140625 0.03125 0.111819975 0.03125 0.1486407078125 0.0346274234375 0.157632446875 0.03547148125 0.185401134375 0.03125804375 0.226223696875 0.0314950734375 0.2465940671875 0.0364208546875 0.2640625 0.0379619484375 0.2640625
1 0.5296875 0.32066602187500004 0.5270036218749999 0.3345657140625 0.5265995703125 0.3577138609375 0.5229250609375 0.389377353125 0.5184513125 0.4072126265625 0.5109375 0.42510829843750003 0.5109375 0.43125 0.5296875 0.43125 0.5296875 0.32066602187500004
1 0.4908814875 0.2850167640625 0.4908814875 0.28173410468750004 0.486671003125 0.2631087875 0.4857918453125 0.2792063171875 0.484375 0.2863358421875 0.484375 0.35950471093749997 0.4887915140625 0.378125 0.4892386421875 0.378125 0.4908814875 0.37138591875000004 0.4908814875 0.318325153125 0.4888459 0.295994325 0.4908814875 0.2850167640625
1 0.5296875 0.1222895875 0.527502928125 0.1258175828125 0.52537979375 0.13780915625 0.524480803125 0.17950613124999998 0.5109375 0.216122428125 0.5109375 0.246875 0.5119367171875 0.246875 0.520154934375 0.2275936609375 0.5271347468750001 0.2009085125 0.5271678953125 0.1666037875 0.5296875 0.1525764125 0.5296875 0.1222895875
1 0.5296875 0.1620746875 0.5278362546875 0.2131342671875 0.5140625 0.25261087656250003 0.5140625 0.29436183125 0.526898853125 0.2668379703125 0.5296875 0.25290765937500004 0.5296875 0.1620746875
1 0.49257670625000005 0.15552591875 0.50212880625 0.10885050156250001 0.4972075484375 0.09304870312499999 0.4893303015625 0.093291125 0.4859375 0.098391846875 0.4859375 0.11510026874999998 0.4891136859375 0.122617275 0.4859375 0.1563849484375 0.4859375 0.2375 0.486325075 0.2375 0.4916254984375 0.2215856296875 0.49257670625000005 0.15552591875
1 0.43867031875 0.1212202125 0.435624409375 0.1116754109375 0.4320755796875 0.10908870468750001 0.4263140765625 0.110314884375 0.421875 0.115447728125 0.421875 0.30954921562500004 0.42569134843749995 0.299352834375 0.4341147078125 0.2665632875 0.43550507187500004 0.2267484734375 0.431069265625 0.1900116875 0.43795896875 0.1415905828125 0.43867031875 0.1212202125
1 0.39759640625000003 0.1369816203125 0.3971959890625 0.10174396562500002 0.395028828125 0.0942455515625 0.3889932078125 0.0869825875 0.38125 0.0891722484375 0.38125 0.115994775 0.38458605156250003 0.13141980312499998 0.38548342343750003 0.193214159375 0.3916152390625 0.2175309140625 0.394324628125 0.221875 0.39759640625000003 0.221875 0.39759640625000003 0.1369816203125
1 0.3356224859375 0.10227455 0.33167721875 0.090139 0.3236220890625 0.08555482187499999 0.318044975 0.09346003750000001 0.3171875 0.10057318906249998 0.3171875 0.112032053125 0.3214903015625 0.159200778125 0.31923876406249996 0.1758856265625 0.32994011093750003 0.176286471875 0.3303035921875 0.1765625 0.3356224859375 0.1765625 0.3356224859375 0.10227455
1 0.3457483703125 0.0684969390625 0.3390625 0.0695002421875 0.3390625 0.112856590625 0.340604653125 0.1359375 0.3502200109375 0.1359375 0.35172850625 0.1348828171875 0.35172850625 0.08208488281250001 0.3494739078125 0.0726242125 0.3457483703125 0.0684969390625
1 0.3489583328125 0.0659186859375 0.35104166718749996 0.09839884531250001 0.3484375 0.1316412390625 0.3562765140625 0.140625 0.3568875421875 0.140625 0.3630208328125 0.11085420312500001 0.365625 0.076685884375 0.3645833328125 0.0618346921875 0.3611979171875 0.05106832343749999 0.35234375 0.0553887578125 0.3489583328125 0.0659186859375
1 0.365625 0.1078125 0.36974055 0.1078125 0.37382494374999997 0.10771124531250001 0.376120209375 0.10361277499999999 0.379195015625 0.054644784375 0.3736703265625 0.0421875 0.37275760468749997 0.0421875 0.3668315296875 0.0436405 0.365625 0.047543121875 0.365625 0.0639158671875 0.36632501875 0.06722887968749999 0.365625 0.0770528765625 0.365625 0.1078125
1 0.5296875 0.3266934171875 0.5294083796875 0.3288353453125 0.5192631796875 0.3475788859375 0.50808368125 0.3791852546875 0.50625 0.3955896046875 0.50625 0.42342499531250005 0.5063141765625 0.425 0.51549139375 0.425 0.5193602921875 0.4200804984375 0.52662204375 0.4006904265625 0.528252634375 0.389712821875 0.5296875 0.388756721875 0.5296875 0.3266934171875
1 0.5296875 0.24322799375 0.5286753078124999 0.25404646875000003 0.522723290625 0.275463990625 0.5115306078125 0.2979286625 0.50625 0.31313017187500003 0.50625 0.35761292031249997 0.522051253125 0.32451381874999996 0.5270909374999999 0.2994168390625 0.5296875 0.2661750359375 0.5296875 0.24322799375
1 0.4390483109375 0.399167878125 0.44055892031250005 0.397319153125 0.44055892031250005 0.383126178125 0.43938026875 0.365625 0.43924409375 0.365625 0.4328125 0.390681953125 0.4328125 0.3952345953125 0.43340007812500003 0.41437704999999997 0.43498733281249996 0.41875 0.43557705625 0.41875 0.4390483109375 0.399167878125
1 0.476829509375 0.375200015625 0.47454050781249996 0.402270234375 0.4760944359375 0.42449245625 0.48072855781249996 0.434375 0.4872466609375 0.434375 0.4872466609375 0.354623425 0.4867986609375 0.353303215625 0.4872466609375 0.34540361875 0.4872466609375 0.280826915625 0.4867624828125 0.2780302578125 0.4872466609375 0.27754429687500004 0.4872466609375 0.24378708906250002 0.48241871718749996 0.2308626265625 0.4765291125 0.2251307140625 0.4666980234375 0.22657525781249999 0.462429953125 0.2365567875 0.462491840625 0.24491741875 0.45942873281249996 0.2534418203125 0.4592259203125 0.2729681546875 0.4546875 0.2784563390625 0.4546875 0.2866243515625 0.45567006406250005 0.29313487031249996 0.4675197390625 0.2906552171875 0.476827134375 0.2966726703125 0.4829757296875 0.30610828749999996 0.48471818593749993 0.34597769375 0.476829509375 0.375200015625
1 0.44040357812500003 0.2251223046875 0.44184789375 0.2010239703125 0.43951170156249997 0.1655962046875 0.44087219062500005 0.1489295375 0.449330578125 0.109357303125 0.44726373593749996 0.0962487921875 0.44078415312499997 0.0899613765625 0.4406112796875 0.0899613765625 0.435809525 0.0924622421875 0.434375 0.09513455 0.434375 0.1132359234375 0.4363688375 0.1208364015625 0.434375 0.1340826390625 0.434375 0.2515625 0.434753828125 0.2515625 0.4351622640625 0.2509026796875 0.44040357812500003 0.2251223046875
1 0.36645464843750003 0.3129085203125 0.36191090937500003 0.30101736875 0.3491269015625 0.295251328125 0.3464967921875 0.295251328125 0.33788790625 0.3013339015625 0.3324388125 0.3153686765625 0.3296615734375 0.4098464984375 0.328125 0.41965441718749996 0.328125 0.44863687968750005 0.342393546875 0.459375 0.36014041093750004 0.459375 0.35453572499999997 0.4300004640625 0.35518240625 0.41148194687500006 0.36808530625 0.3260049890625 0.36645464843750003 0.3129085203125
1 0.251823821875 0.3564716125 0.2558028609375 0.3549918015625 0.2568024765625 0.35080695624999997 0.256961003125 0.3378561125 0.24994433906250002 0.30796354375 0.2346590203125 0.3018457359375 0.22404177500000003 0.3108784234375 0.221875 0.31741493906249996 0.221875 0.44697596562499997 0.23372017656250002 0.4484375 0.247692484375 0.4484375 0.250290353125 0.445287765625 0.246427790625 0.42965612656249996 0.2489026015625 0.38243390625 0.251823821875 0.3564716125
1 0.41077474062499997 0.1178786734375 0.41494140625 0.068145684375 0.41285807343750003 0.05875291875000001 0.40947265625 0.05529523125 0.403125 0.056624565625 0.403125 0.077884034375 0.404524740625 0.08136704375 0.403125 0.0946526421875 0.403125 0.1375 0.40356653124999997 0.1375 0.41285807343750003 0.13190106875000002 0.41077474062499997 0.1178786734375
1 0.41051362031250005 0.132342528125 0.402806603125 0.1386967328125 0.4 0.1443328375 0.4 0.177286090625 0.4070853234375 0.1777038078125 0.408734534375 0.1796875 0.41665794062500006 0.1796875 0.4193348125 0.1533531390625 0.417218525 0.1375578515625 0.41051362031250005 0.132342528125
1 0.45602025468749996 0.2046875 0.457421446875 0.18985805312499998 0.45196162187500005 0.1436617625 0.45261712656249997 0.1205045203125 0.45696694843749996 0.0889503109375 0.45495364374999997 0.07694963906249999 0.44847824531249997 0.071044759375 0.44375 0.0757104421875 0.44375 0.092351509375 0.44574479218749996 0.0933124375 0.45162933125000004 0.11126344531250001 0.4467371296875 0.1465304515625 0.44609778593750005 0.1669099125 0.4510843859375 0.2046875 0.45602025468749996 0.2046875
1 0.40480511874999997 0.13637266718750002 0.4040406390625 0.12466962343750002 0.40480511874999997 0.105090628125 0.40480511874999997 0.081274846875 0.4026306984375 0.0750097546875 0.395959721875 0.0697817484375 0.3921875 0.07208435156250001 0.3921875 0.09226420468749999 0.3944336109375 0.09449620625 0.3971484078125 0.1027203578125 0.397472140625 0.1621979828125 0.40345461406250005 0.18125 0.40480511874999997 0.18125 0.40480511874999997 0.13637266718750002
1 0.1879126703125 0.2924600890625 0.1799623359375 0.2485362984375 0.185601525 0.22912056406249998 0.1879126703125 0.22795284062499999 0.1879126703125 0.2005157203125 0.1847374390625 0.19082210625 0.1802698921875 0.1269332171875 0.1762046328125 0.1169742640625 0.171852178125 0.113843565625 0.1640625 0.113843565625 0.1640625 0.1703780546875 0.16910958125 0.1971004890625 0.174680684375 0.2693591328125 0.1771496421875 0.28243135625 0.1846312578125 0.3 0.1879126703125 0.3 0.1879126703125 0.2924600890625
1 0.24832313749999999 0.2779786609375 0.251461153125 0.290625 0.25431740468749997 0.290625 0.2557117703125 0.28635441875 0.25625 0.280419634375 0.25625 0.2377262015625 0.2486321640625 0.2150217578125 0.25411352656249997 0.19375879375 0.25438655312499997 0.172465528125 0.24789952343750002 0.15205879687499999 0.2444189765625 0.1214850609375 0.2393579328125 0.111734053125 0.2330756109375 0.1089199109375 0.227134509375 0.113051734375 0.2234375 0.129445240625 0.2234375 0.1347162234375 0.226347746875 0.17970930937500001 0.22821914687499997 0.1838865796875 0.23232117031250002 0.1783552671875 0.241196884375 0.1802586296875 0.2467679875 0.189086740625 0.24832313749999999 0.2779786609375
1 0.2586646796875 0.15464262812500001 0.2652911109375 0.1397472609375 0.271596425 0.1359994265625 0.27508300937499996 0.117626590625 0.2756146109375 0.10370128125 0.27037263437500003 0.088293796875 0.26827878906249997 0.088293796875 0.2623090515625 0.0892738 0.2557527828125 0.1032432375 0.2526062421875 0.1309481734375 0.254859596875 0.13575990625 0.2536263671875 0.158944475 0.2515625 0.1664282109375 0.2515625 0.240625 0.25160774531249996 0.240625 0.25353205 0.2361969484375 0.255485828125 0.2242327515625 0.2582923265625 0.18719571562499998 0.2561792984375 0.18053213125 0.25657057656250004 0.168458675 0.2586646796875 0.15464262812500001
1 0.21082619687499998 0.24219835625 0.2155661625 0.2153465046875 0.216101728125 0.18942057968749998 0.21224425624999999 0.1690502078125 0.2097532765625 0.16627243125 0.2157005546875 0.10979095000000001 0.21399450625 0.1005316921875 0.2034191109375 0.0852539125 0.1984375 0.096834478125 0.1984375 0.1398049875 0.20215933437500003 0.14173539531249998 0.2076018515625 0.15516132031250002 0.20459093281250001 0.21627243125 0.20781834687499998 0.24375 0.209671975 0.24375 0.21082619687499998 0.24219835625
1 0.1838762625 0.157060434375 0.1886896125 0.138638896875 0.1911216421875 0.0988483265625 0.19014115625 0.08214529375 0.186965909375 0.076047978125 0.1802597453125 0.0740385328125 0.175 0.082727353125 0.175 0.12760750468749998 0.1758627828125 0.1327802765625 0.175 0.16474317031250002 0.175 0.2015712421875 0.18015742343750002 0.21875 0.184311175 0.21875 0.1838762625 0.157060434375
1 0.1534671546875 0.1659547640625 0.156270325 0.10576957812500001 0.151861478125 0.0939361953125 0.14830865 0.09375 0.14441530625000001 0.09375 0.14375 0.094593740625 0.14375 0.1815004359375 0.1482853703125 0.181926453125 0.154603984375 0.1875 0.15547864375 0.1875 0.1534671546875 0.1659547640625
1 0.1353719390625 0.080491809375 0.1265625 0.077742178125 0.1265625 0.123107109375 0.12733671875000002 0.12903474374999999 0.130332165625 0.14108390312500002 0.1375331953125 0.1484375 0.1408906203125 0.1484375 0.1408906203125 0.095614259375 0.1353719390625 0.080491809375
1 0.29362972656249997 0.0709319375 0.2856554390625 0.074210359375 0.284375 0.0768319390625 0.284375 0.2 0.28450872656250004 0.2 0.28674454531250004 0.19360043437500002 0.2904841046875 0.1204856625 0.2969143484375 0.1080814796875 0.298441378125 0.099681396875 0.29899912500000003 0.08119625312499999 0.29362972656249997 0.0709319375
1 0.3203125 0.074249865625 0.317719090625 0.059129040625 0.309921771875 0.0525824296875 0.30328667187499997 0.061812979687500005 0.303125 0.06290019375 0.303125 0.07829594375 0.30412406718749996 0.0951098921875 0.30693942500000004 0.10684785625 0.31575318281250003 0.115625 0.3165326125 0.115625 0.3203125 0.09497710468750001 0.3203125 0.074249865625
1 0 0.4206765234375 0.00078195 0.4520418765625 0.00705878125 0.45625 0.0083272390625 0.45625 0.0125 0.4535007453125 0.0125 0.4260091453125 0.006070990625 0.40111594687499996 0 0.3908539109375 0 0.4206765234375
1 0 0.31397894531250004 0.0036492062499999998 0.3108530109375 0.0170776859375 0.31244604531250003 0.0179909875 0.3091369546875 0.020277696875 0.278490265625 0.0184281015625 0.26019958125 0.0158313015625 0.247510021875 0.008562184375 0.2412262984375 0 0.24411997031250002 0 0.31397894531250004
1 0 0.24324064375 0.0009367906250000001 0.24131260000000002 0.0131276796875 0.23771150312499997 0.0131276796875 0.228096290625 0.006135196875 0.2023292390625 0.00143270625 0.196085221875 0 0.196085221875 0 0.24324064375
1 0.105933690625 0.0568949453125 0.098121190625 0.054906726562499994 0.09375 0.062601434375 0.09375 0.0640256484375 0.0952566078125 0.09976413281249999 0.1007253578125 0.1169892203125 0.10183262343749999 0.1171875 0.1092931125 0.1171875 0.108277440625 0.0648062265625 0.105933690625 0.0568949453125
1 0.0673471125 0.094492984375 0.07226878437499999 0.0816270015625 0.068874859375 0.0727397859375 0.0616910515625 0.07071821874999999 0.05863771718750001 0.0738922875 0.0578125 0.077235675 0.0578125 0.1552026265625 0.059459340625 0.15828489375000002 0.0619273859375 0.1703125 0.0651918765625 0.1703125 0.06921184375 0.15202161875 0.0664842484375 0.1093077984375 0.0673471125 0.094492984375
1 0.0875555125 0.190625 0.0875555125 0.15122905 0.08294325625 0.11597322031249999 0.0875555125 0.09647485624999999 0.0875555125 0.095859153125 0.08266825312500001 0.08577433906250001 0.0763212015625 0.0844326703125 0.075 0.0871417234375 0.075 0.1318913328125 0.0769132578125 0.14064250625000002 0.0780293484375 0.161938803125 0.07545108125 0.18260678125000002 0.078061721875 0.1875080546875 0.0832844609375 0.190625 0.0875555125 0.190625
1 0.098057878125 0.18723908125 0.093650496875 0.1392273265625 0.0995143359375 0.1159124734375 0.09749025624999999 0.105787909375 0.09257196875 0.100839284375 0.0842278609375 0.1029336109375 0.08125 0.1137303578125 0.08125 0.128648421875 0.08464010937500001 0.1663368078125 0.082384396875 0.196027053125 0.084597359375 0.2265625 0.0955480390625 0.2265625 0.09792859375 0.20946130312500003 0.098057878125 0.18723908125
1 0.149070340625 0.09375 0.1521667984375 0.061210423437499994 0.1474990890625 0.0490289421875 0.14008874843750002 0.051305484375 0.1375 0.057481409375 0.1375 0.09375 0.149070340625 0.09375
1 0.1140625 0.06551636250000001 0.1140625 0.1421875 0.11874506874999999 0.1421875 0.121817665625 0.1400557609375 0.121288571875 0.08900854375 0.1260211671875 0.07531372187499999 0.123477278125 0.0673099296875 0.11841985937499999 0.06336364375 0.1140625 0.06551636250000001
1 0.1845681296875 0.0481812046875 0.1867956328125 0.043142334375 0.1867956328125 0.026448557812500002 0.18186960624999998 0.0180673984375 0.17698904375 0.0203246390625 0.1768723359375 0.03420746875 0.171875 0.03716164375 0.171875 0.0640118796875 0.1742233453125 0.0684243046875 0.174786859375 0.0765625 0.181907815625 0.0765625 0.18323916093749998 0.0740828890625 0.1850261359375 0.06392194375 0.1845681296875 0.0481812046875
1 0.15250650937500002 0.0260734890625 0.15 0.0304711640625 0.15 0.053221937500000004 0.1551141875 0.0703125 0.1570212046875 0.0703125 0.16266275937500002 0.057328396875 0.16318359375 0.0397479265625 0.15875650937500002 0.027144884375 0.15250650937500002 0.0260734890625
1 0.2265625 0.0953705546875 0.22460542343749998 0.08967483281250001 0.2204057765625 0.0637367875 0.2160082390625 0.057695542187500004 0.21124515625 0.0567423453125 0.20582244374999997 0.06365194375 0.20546926562499998 0.0784576671875 0.2071911765625 0.0867970625 0.2130000484375 0.09099554374999999 0.2182963328125 0.1016694484375 0.22194079218749999 0.15907079531249999 0.2265625 0.1754486625 0.2265625 0.0953705546875
1 0.070388921875 0.659375 0.06875 0.6724658625 0.06875 0.7177356421875001 0.070288865625 0.737167134375 0.0760707953125 0.7707767343749999 0.0840547328125 0.8063960484375 0.090715553125 0.8203125 0.11343917031249999 0.8203125 0.11343917031249999 0.659375 0.070388921875 0.659375
1 0.1204141921875 0.659375 0.11875 0.6658615609375 0.11875 0.772439459375 0.12352847656249999 0.80134525625 0.1272147859375 0.8125 0.1489405625 0.8125 0.14946240156249999 0.8112106390625 0.14135165 0.74711566875 0.14079481875 0.705424759375 0.1480504859375 0.663915684375 0.149188021875 0.659375 0.1204141921875 0.659375
1 0.035269379687500005 0.659375 0.0320672875 0.6735552015625 0.03125 0.6817949046875 0.03125 0.7396909671875 0.037171575 0.7807291640624999 0.0432815203125 0.8045485687499999 0.0454278703125 0.80625 0.0595808453125 0.80625 0.05993740937499999 0.80572130625 0.0524535109375 0.749558159375 0.0527821125 0.6930766765625 0.059247850000000005 0.659375 0.035269379687500005 0.659375
1 0.16339874375000002 0.659375 0.15987938125 0.6813174125 0.159375 0.6894032890624999 0.159375 0.7259709937500001 0.1621312453125 0.750777009375 0.1725279125 0.8025894703125 0.1805908296875 0.8284790359375 0.184239934375 0.83125 0.200789090625 0.83125 0.200789090625 0.659375 0.16339874375000002 0.659375
1 0.22657303906249998 0.659375 0.2265625 0.65944200625 0.2265625 0.745051534375 0.2417075921875 0.808018753125 0.2470888921875 0.821875 0.26580163125 0.821875 0.26580163125 0.659375 0.22657303906249998 0.659375
1 0.1953125 0.659375 0.1953125 0.66850140625 0.1975306046875 0.67894488125 0.2004993859375 0.7058330953125 0.19972536875 0.749345553125 0.1953125 0.7854093625 0.1953125 0.8090037750000001 0.195981725 0.8108802359375 0.1960761703125 0.8109375 0.2116964234375 0.8109375 0.21292766406250002 0.8078364593749999 0.2034089109375 0.7429064953125 0.203044296875 0.7160485828125001 0.2079526578125 0.6781401640625 0.2123616875 0.659375 0.1953125 0.659375
1 0.28621533593750004 0.659375 0.2859375 0.6612363671875 0.2859375 0.739589865625 0.29298786250000003 0.773088275 0.3057306609375 0.8170413968749999 0.30791085156250003 0.81875 0.325225371875 0.81875 0.325225371875 0.659375 0.28621533593750004 0.659375
0 0.3934077484375 0.8620541812500001 0.411174490625 0.8259703671875 0.416253540625 0.80335348125 0.4154094921875 0.74783739375 0.4047288703125 0.7032563515625 0.3913425765625 0.6862071875 0.3746058796875 0.675433075 0.3626267125 0.6763408015625 0.3506798671875 0.6828040843750001 0.3310444203125 0.711155659375 0.3240912796875 0.7251143828125001 0.31797595156249997 0.7487361265625 0.315625 0.7709609546875 0.315625 0.7911343140625 0.3189115765625 0.8199929562499999 0.327401128125 0.8462133453125 0.3465866171875 0.874865415625 0.3468716265625 0.875 0.37852574843750003 0.875 0.3934077484375 0.8620541812500001
1 0.8129202828125 1 0.8128480218749999 0.9922150984375 0.8073899421874999 0.961030728125 0.8127629437499999 0.9044643578125001 0.811164975 0.8962159140624999 0.8060467609374999 0.8904202296874999 0.796043071875 0.8926753046875 0.7920374718750001 0.9034613984375 0.7913164921875 0.9515246562499999 0.790625 0.9544308749999999 0.790625 1 0.8129202828125 1
1 0.7839559984375001 1 0.783979834375 0.981297071875 0.7798390656249999 0.9611692859375001 0.7854033015624999 0.9045665125 0.7839443265625 0.8977069734375 0.777513175 0.8915408484375 0.7696036234375001 0.8937565734374999 0.765625 0.901758315625 0.765625 1 0.7839559984375001 1
1 0.7611731328125 1 0.7609714125 0.990301978125 0.755576246875 0.9614649265625002 0.758816084375 0.906895909375 0.7550337359375 0.8961568421875 0.7498685015625 0.8923319156249999 0.741502846875 0.8949157296875001 0.7390625 0.9010152484375 0.7390625 0.9340519609375001 0.7399620203125 0.960175325 0.7390625 0.9641370203124999 0.7390625 1 0.7611731328125 1
1 0.6803773843750001 1 0.672153953125 0.9623721203125001 0.6755967765625 0.90761515625 0.67459281875 0.9011761203124999 0.6676127421875 0.8926663250000001 0.6613573578125 0.8938469203124999 0.6558158859375001 0.9065697546875 0.6586446078125 0.9573683453124999 0.651995059375 1 0.6803773843750001 1
1 0.736580746875 1 0.736580746875 0.964112446875 0.7344636078125 0.9550951281250001 0.736110853125 0.9041389000000001 0.7339656296875 0.89581465625 0.7269048625 0.8879821640625 0.7177888515624999 0.8917404078125 0.715625 0.8965538390625 0.715625 0.93338465625 0.7184472656249999 0.9570409124999999 0.715625 0.9796836156250001 0.715625 1 0.736580746875 1
1 0.708092809375 1 0.708092809375 0.9601024078125 0.706308115625 0.9382389921875 0.7070900546875001 0.9094989265625 0.7022348968750001 0.894726534375 0.6963504421875 0.8896975765625001 0.690625 0.8913674109375 0.690625 0.9351334031249999 0.6933876 0.9587790546875 0.690625 0.9748505046875 0.690625 1 0.708092809375 1
1 0.6522933703125 1 0.6544408859375 0.9885566984375 0.6540008562499999 0.9746617484375001 0.6494318671875 0.9542368343750001 0.6528746937500001 0.8996435671875 0.6505767312499999 0.891745925 0.6422703328125 0.887019328125 0.635177134375 0.8975856609375 0.636411034375 0.9540853234375 0.6296875 0.9806989515625 0.6296875 1 0.6522933703125 1
1 0.6292675640625001 1 0.6292675640625001 0.9710163218750001 0.6256668109375 0.9594446796874999 0.6247223875 0.9055772031250001 0.6213464359375 0.8955284953125 0.6154917890625 0.8907225078125001 0.6094522796875 0.8938278328125 0.606873728125 0.9046534062500001 0.6127161390625 0.9610529968750001 0.60625 0.9986530953124999 0.60625 1 0.6292675640625001 1
1 0.572475534375 1 0.57252316875 0.9893251968750001 0.5656235203125 0.9544310156249999 0.570566859375 0.8969326703125 0.5645280500000001 0.88558594375 0.55764403125 0.8886001640625001 0.5544210265625 0.8974964953125 0.5536820828125 0.9539234125 0.553125 0.956610796875 0.553125 1 0.572475534375 1