1 0.5264279109375 0 0.5314944671874999 0.041823928125 0.5267936640624999 0.1015625 0.546875 0.1015625 0.546875 0.048883398437499996 0.5457996484375001 0.045253609374999997 0.543801778125 0 0.5264279109375 0
1 0.010607137499999999 0 0.003369140625 0.0156186171875 0.006494140625 0.068378215625 0 0.09727884375 0 0.15478752499999998 0.003369140625 0.176729728125 0.0087743046875 0.18125 0.0208258296875 0.18125 0.022900390625 0.1793938765625 0.025 0.1689302734375 0.025 0.093302115625 0.019775390625 0.06968983437500001 0.021337890625 0.0127363015625 0.0111096625 0 0.010607137499999999 0
1 0.054457746875000004 0 0.053022142187499996 0.0019166984375 0.0564622734375 0.05619249375 0.049600709375 0.085113621875 0.047475128125 0.1225317765625 0.05553811875 0.1658601515625 0.0575930125 0.16875 0.072089246875 0.16875 0.0765625 0.15971084687499998 0.0765625 0.093099703125 0.068132540625 0.048268385937500005 0.0702177234375 0.0039057890625 0.0686947078125 0 0.054457746875000004 0
1 0.1025945515625 0 0.10768018593749999 0.0512604234375 0.10242859374999999 0.08148849531249999 0.1039123640625 0.1203409953125 0.11425916875 0.15752861875 0.11581999531250001 0.1578125 0.125 0.1578125 0.125 0.066274909375 0.12001839843749999 0.0490648421875 0.1192822109375 0 0.1025945515625 0
1 0.02157070625 0 0.0250757578125 0.02319909375 0.025563282812499998 0.07166001093749999 0.035479015625 0.10827176875 0.037438473437499994 0.1546875 0.0421875 0.1546875 0.0421875 0.052493909375 0.0393277296875 0.0407168609375 0.03760885 0 0.02157070625 0
1 0.76875 0 0.7607383 0 0.7648889624999999 0.0469220796875 0.7586936765625001 0.081006571875 0.7592708859374999 0.11010946562499999 0.767968525 0.15 0.76875 0.15 0.76875 0
2 0.25571683125 0.17859976875 0.2855013125 0.17529692187499998 0.5348170421875 0.1783817796875 0.54712308125 0.1870788265625 0.57711681875 0.190625 0.5784223125 0.190625 0.5828125 0.1851940359375 0.5828125 0.12144107500000001 0.5768644187499999 0.118452734375 0.27048511249999996 0.115097325 0.19851313125 0.1171726453125 0.1831332859375 0.1229793671875 0.1823291265625 0.15752925625 0.1823291265625 0.1684373953125 0.186708215625 0.1877104609375 0.190832196875 0.190625 0.2462105640625 0.190625 0.25571683125 0.17859976875
1 0.76875 0.41227999843749996 0.7702132015625 0.41721981093749994 0.7765625 0.4199613734375 0.7765625 0.329567946875 0.7754201593750001 0.29829970625 0.76875 0.2954824171875 0.76875 0.41227999843749996
1 0.8046875 0.38177481874999997 0.8046875 0.3759801328125 0.80053816875 0.3392936125 0.8046875 0.310441828125 0.8046875 0.29915212812499997 0.8022697000000001 0.294222928125 0.7960197 0.294441184375 0.7885164015624999 0.3147846859375 0.7884792984375 0.34386950625 0.7834771843749999 0.35926390937499997 0.7834771843749999 0.4222774828125 0.78477009375 0.4265625 0.791944484375 0.4265625 0.8016863390625 0.4015753578125 0.8046875 0.38177481874999997
1 0.611045546875 0.9453125 0.6140625 0.9453125 0.6140625 0.8655806828125 0.61236045 0.8598355062499999 0.61117256875 0.812531396875 0.6042488171875 0.8080183062499999 0.59805310625 0.816005215625 0.6027427671875001 0.8561601624999999 0.596171359375 0.8913327640625 0.59746565625 0.9135549859375001 0.6054953140625 0.9437829953125 0.611045546875 0.9453125
1 0.6484375 0.9303208484375001 0.6484375 0.8866340562499999 0.64371436875 0.859497790625 0.6420012671875 0.83269423125 0.6416546375000001 0.81390941875 0.6384418046875 0.8109375 0.6358644296875 0.8109375 0.629349603125 0.8121331171874999 0.626749946875 0.8281632515625 0.63004284375 0.8574022765624999 0.6243235968749999 0.8873097031250001 0.6227637921875 0.9199647593750001 0.626923253125 0.9399593109375001 0.63199561875 0.9553993015625 0.6390165359375 0.95625 0.64303205 0.95625 0.6484375 0.9303208484375001
1 0.58144025625 0.9390625 0.5828125 0.9390625 0.5828125 0.8514131296875 0.5823497609375 0.84999930625 0.5815190375 0.8109739093750001 0.5804542484375 0.809375 0.57303175 0.809375 0.5692396015625001 0.8095958671875 0.5676759765625 0.811553078125 0.5679605296875 0.8214387515624999 0.569371528125 0.82563634375 0.570008678125 0.8358633796875001 0.5720343531250001 0.8521459953124999 0.5685511125 0.8828993046875 0.57059184375 0.9078993046875 0.578328075 0.9353585656250001 0.58144025625 0.9390625
1 0.66875 0.93360151875 0.66875 0.8719995265625 0.667505728125 0.8605339640625 0.66875 0.848130996875 0.66875 0.819280134375 0.665976896875 0.8157503125 0.6619907375 0.8158895125000001 0.6581950421875 0.8221641234374999 0.655159990625 0.8339400187500001 0.654922165625 0.871921375 0.6522592453125 0.881293065625 0.6522592453125 0.9640625 0.6576222375 0.9640625 0.6621557046875 0.9620647734375 0.66875 0.93360151875
1 0.7272310156249999 0.9395940375 0.7300701421875 0.946875 0.7429460328124999 0.946875 0.7484375 0.9237287484374999 0.7484375 0.8865379515625001 0.7439902593750001 0.866583128125 0.74162226875 0.8623346156250001 0.74369936875 0.816583128125 0.737787471875 0.8073507359375001 0.7315455531249999 0.8085213703124999 0.7273092796875 0.8187879859375 0.7306686078125 0.8591748906250001 0.722284946875 0.8949859 0.7223980703125 0.9144303468749999 0.7272310156249999 0.9395940375
1 0.76875 0.8071966046875 0.768516884375 0.8064756046875001 0.7588764984374999 0.8053910406250001 0.7550825531250001 0.8132213796875 0.7598824890625 0.8481523750000001 0.7552878 0.8820315171875001 0.75693200625 0.9072940328125 0.765187278125 0.9338086796875 0.76785464375 0.9375 0.76875 0.9375 0.76875 0.8071966046875
1 0.6931833921874999 0.8878093249999999 0.6941818 0.9183148140625 0.7031420484375001 0.953125 0.7140625 0.953125 0.7140625 0.871298775 0.7108540890625 0.8571164984374999 0.7119844359374999 0.8364333609374999 0.7091276390625 0.8141110093750001 0.7068913859375 0.8091247359375 0.69899799375 0.8072352 0.6951726359375 0.8083737640624999 0.6942029953125 0.811770890625 0.6984349828124999 0.8577043515625 0.6931833921874999 0.8878093249999999
1 0.76875 1 0.8 1 0.8 0.8245812906250001 0.7850999296875 0.77905656875 0.7809758671875 0.754177909375 0.78020355 0.731895015625 0.7744969890625 0.7269027421875001 0.76875 0.7269027421875001 0.76875 1
1 0.83548676875 0.9872581953124999 0.839841128125 0.97491279375 0.8484375 0.9285328093749999 0.8484375 0.8128442781249999 0.8477202703125 0.8076293937500001 0.83382845625 0.746971325 0.8059557937499999 0.7446093828125 0.7894677406249999 0.8194812375 0.8007284531250001 0.8754187421874999 0.8040527687499999 0.9097871281250001 0.803420503125 0.9801211234375 0.80961293125 0.9875 0.8345826093750001 0.9875 0.83548676875 0.9872581953124999
1 0.9609375 1 0.9609375 0.9005095031250001 0.9500242640625001 0.86739143125 0.9390484078125001 0.8216329296874999 0.935328746875 0.7845231171875 0.9348050265625 0.73094070625 0.932793359375 0.7276150593749999 0.9124269296874999 0.7257430656249999 0.8911089546875001 0.7298289421874999 0.8955112406250001 0.769740790625 0.8975789984375 0.8141609750000001 0.8841849906249999 0.8874102703125001 0.8777207171875 0.9101945453125001 0.8786729796875001 0.9176262109375 0.8733227609374999 0.9506199296875 0.873019084375 0.9810784531250001 0.8749573953125 1 0.9609375 1
1 0.99375 1 0.99375 0.8291708421875 0.9824665640625 0.7988397781250001 0.975802146875 0.7735060140625001 0.9721718859375 0.728994815625 0.9421430765625001 0.7256867781249999 0.94045498125 0.7278847765625001 0.9425582140625 0.7639958874999999 0.938249659375 0.7969287015625 0.9390231234374999 0.819117546875 0.9480589765625 0.8584403312500001 0.96797984375 0.9242898187499999 0.978997503125 1 0.99375 1
1 0.8859375 0.8825813328125001 0.8859375 0.7277429515625 0.8842912171874999 0.7265625 0.872887884375 0.7265625 0.8599711156250001 0.7286232375 0.8511114515625 0.7837962968750001 0.8512708640625 0.7921690953125 0.856798015625 0.8085200328125 0.8636856609375 0.8415376343750001 0.8686741171874999 0.9026487453125001 0.8729328578125 0.9163008359374999 0.8782245515625 0.9203125 0.878562746875 0.9203125 0.8859375 0.8825813328125001
1 1 0.7400638374999999 0.9992660499999999 0.73657228125 0.978676965625 0.7381134250000001 0.97568130625 0.734573496875 0.9730771359375 0.7425226703125001 0.9730771359375 0.7432873328125 0.9738203500000001 0.7804204765625 0.9860721437500001 0.8315353453124998 0.9929827812500001 0.8718393546875 0.992928578125 0.9180537624999999 0.9875367046875001 0.96824483125 0.9886260046875 0.96875 0.991720246875 0.96875 0.9955755421875001 0.9613539140625 1 0.942809871875 1 0.7400638374999999