1 0.448899109375 0.459375 0.4502936625 0.45080364375000004 0.448590240625 0.4232595015625 0.44206411250000005 0.383119540625 0.4503012703125 0.3023970984375 0.4470101171875 0.29385112812499997 0.4315146109375 0.293000571875 0.4272522515625 0.2983434875 0.4256278625 0.306743575 0.4248737546875 0.3768469296875 0.421875 0.38697493125000004 0.421875 0.459375 0.448899109375 0.459375
1 0.609375 0.2953952171875 0.6053835359375 0.29300028125 0.5988910625 0.29300028125 0.58800685625 0.2942007640625 0.5921159765625 0.3343345484375 0.591386759375 0.3610952640625 0.5796875 0.41902369687499996 0.5796875 0.44402190625 0.5799964937500001 0.45537202656250003 0.5805985828125 0.459375 0.609375 0.459375 0.609375 0.3642001875 0.6080103296875 0.35884970781250003 0.608272584375 0.3366730515625 0.609375 0.326389390625 0.609375 0.2953952171875
1 0.3403421328125 0.459375 0.3403421328125 0.39055055312500003 0.3322213796875 0.362331059375 0.3276232796875 0.3552150140625 0.3296498015625 0.3002211828125 0.3258059875 0.29258754374999996 0.309606225 0.29279064374999997 0.3069303921875 0.29623169531250004 0.31266244374999996 0.349753296875 0.31564411406250004 0.3560526796875 0.31273483125 0.359974903125 0.309018053125 0.376969353125 0.3046875 0.4145136625 0.3046875 0.42308401562500003 0.30961130312499996 0.459375 0.3403421328125 0.459375
1 0.4766807578125 1 0.4772851 0.9992380609375001 0.4895063984375 0.9385089515625001 0.4926114484375 0.8718422875 0.48634149843749996 0.8047936171875 0.47226902187500003 0.770823615625 0.4649640546875 0.7259971671875001 0.4675316453125 0.6036476109375 0.4580574234375 0.5848631187500001 0.437784146875 0.5848631187500001 0.4265625 0.6065899203125 0.4265625 0.6599103109375 0.4326790390625 0.7469460484375 0.4265625 0.7794325171875001 0.4265625 0.9788595171875001 0.435797734375 1 0.4766807578125 1
1 0.32655245 0.96875 0.3373693734375 0.9544798546875001 0.3482640171875 0.843168484375 0.3423853578125 0.7937692625 0.32439518125 0.7396155203125 0.3266917921875 0.617793815625 0.3171139796875 0.5990502796875 0.2983639796875 0.6002518343750001 0.290625 0.612929890625 0.290625 0.6788815328125001 0.297435628125 0.724751184375 0.294716253125 0.7636400734375 0.290625 0.7797239078125 0.290625 0.9470094093749999 0.29987254375 0.96875 0.32655245 0.96875
1 0.2102125234375 0.905023303125 0.223035746875 0.9338946890625 0.22518109687500001 0.934375 0.2467758140625 0.934375 0.2541564578125 0.9255175984375 0.25656817656249997 0.9120290078124998 0.25656817656249997 0.80718706875 0.2525403375 0.786628709375 0.23008353593750003 0.734714896875 0.22351031250000003 0.7063903125 0.21935099375 0.6172280234375 0.211312240625 0.5971000734375 0.20818522343749998 0.5949880140625 0.1899897390625 0.5949880140625 0.189437240625 0.5951862578125 0.1859375 0.603841190625 0.1859375 0.6390394265625 0.1919370890625 0.675878515625 0.1983810234375 0.6930919859375 0.1990921125 0.754203096875 0.19322998281249998 0.7869896265625 0.1937471421875 0.8314340703124999 0.2102125234375 0.905023303125
1 0.3632186296875 0.768381690625 0.3782444796875 0.8011328265625 0.3925531640625 0.8703125 0.4026685234375 0.8703125 0.4026685234375 0.711099434375 0.3797991328125 0.6561061859375 0.3734845109375 0.5727728531249999 0.36107359843750003 0.5538378296875 0.3485735984375 0.5544200265625 0.3453125 0.5722007703124999 0.3453125 0.5860738578125 0.3473896484375 0.6081692671875001 0.357082184375 0.64601391875 0.3598663015625 0.6562140140625 0.3631540078125 0.684757259375 0.3613591375 0.7285767468750001 0.3632186296875 0.768381690625
1 0.4760830859375 0.6248956703124999 0.4863267203125 0.7468993703125 0.497643165625 0.7795771390625 0.5111138890625 0.795369721875 0.521322896875 0.8484375 0.521391259375 0.8484375 0.521391259375 0.7259842640625 0.5190838484375 0.7167178578125 0.5084145515625 0.6951512 0.50022310625 0.662254909375 0.4950459171875 0.573366021875 0.4824033421875 0.54375 0.47983027656250005 0.54375 0.46670375937499997 0.5446678953124999 0.4578125 0.5629938531249999 0.4578125 0.5805653140625 0.4578694921875 0.58154383125 0.4716637890625 0.6028919687500001 0.4760830859375 0.6248956703124999
1 0.49375 0.565625 0.49375 0.6545138890625 0.4961933625 0.668885721875 0.49874963125000005 0.6789804890625 0.5 0.687847221875 0.509375 0.7100694437499999 0.518915890625 0.7582243390625 0.52488056875 0.8192976328124999 0.528125 0.8045138890625001 0.534375 0.77118055625 0.5359578 0.731473228125 0.534375 0.6934027781250001 0.521875 0.6489583328124999 0.5125 0.6322916671875001 0.511815109375 0.5951252281249999 0.511815109375 0.59159205625 0.511815109375 0.5708978109375 0.5125 0.56006944375 0.5125 0.543402778125 0.51153106875 0.5279950828125 0.509375 0.52118055625 0.5015625 0.5072916671875001 0.4921875 0.5072916671875001 0.48125 0.52118055625 0.48125 0.537847221875 0.49375 0.565625
0 0.609375 1 0.609375 0.8017361109374999 0.5828125 0.8017361109374999 0.5578125 0.8239583328125001 0.540625 0.8600694437499999 0.525 0.9322916671874999 0.528125 0.987847221875 0.53154296875 1 0.609375 1
1 0.7607977015625 0.459375 0.765921521875 0.5705909765625 0.675 0.7541669171875001 0.675 1 0.9861119546874999 1 1 0.9464882703124999 1 0.7748216140624999 0.917114165625 0.6002335859375 0.933227896875 0.459375 0.7607977015625 0.459375