1 0.5830216078125 0.509375 0.5867952015625 0.4858146609375 0.5867952015625 0.40837695781249994 0.5754321906250001 0.3605699421875 0.5769571421874999 0.269030609375 0.5724057140625 0.254272190625 0.5662962671875 0.25 0.5652643453125 0.25 0.553631471875 0.2521192984375 0.548783659375 0.265106825 0.5541444984375 0.3485993265625 0.5421875 0.41107122343749997 0.5421875 0.4795177421875 0.5424578234374999 0.484137434375 0.548341421875 0.509375 0.5830216078125 0.509375
1 0.524314425 0.509375 0.53125 0.472226125 0.53046875 0.433273465625 0.51640625 0.3682366640625 0.51953125 0.27821397812500004 0.516015625 0.26612144375 0.5106625953124999 0.2603975375 0.50185499375 0.2603975375 0.496484375 0.26174934375 0.49140625 0.275918153125 0.49453125 0.3636732453125 0.4796875 0.4328319328125 0.4796875 0.4579476734375 0.48419275624999997 0.509375 0.524314425 0.509375
1 0.1995495328125 0.509375 0.1995495328125 0.374183621875 0.1920024296875 0.348941021875 0.1885517390625 0.2684218296875 0.1830644359375 0.253788496875 0.1741305625 0.249521834375 0.1643144359375 0.25357032031250004 0.1625 0.26063369375 0.1625 0.27057113906249997 0.1723578046875 0.347324865625 0.163749625 0.4235410328125 0.167264221875 0.4665965890625 0.174786071875 0.5013733546875 0.177233203125 0.509375 0.1995495328125 0.509375
1 0.2700178125 0.509375 0.2700178125 0.3980928515625 0.2623388875 0.3728564203125 0.2595006171875 0.27954577187499996 0.2527067 0.2654407359375 0.2469709375 0.261720478125 0.2392474421875 0.26374709687500003 0.23197885937499998 0.2790000453125 0.24028587968749998 0.3718642828125 0.23056479218749998 0.428503978125 0.2296875 0.44480509531249995 0.2296875 0.459461396875 0.23537100937500002 0.503503978125 0.23695262499999997 0.509375 0.2700178125 0.509375
1 0.3212122421875 0.27431910312499996 0.3094934921875 0.27493325625 0.303125 0.2905490109375 0.303125 0.340625 0.3068042265625 0.340625 0.311314196875 0.334450759375 0.315660009375 0.340625 0.3225931703125 0.340625 0.32320531875 0.340066134375 0.3273921109375 0.2871655265625 0.3212122421875 0.27431910312499996
1 0.341488975 0.509375 0.341488975 0.427942196875 0.3273647359375 0.3808223765625 0.323480759375 0.3760635578125 0.3067365046875 0.3772467421875 0.2984375 0.42632210156249994 0.2984375 0.47939764374999994 0.30105404999999996 0.509375 0.341488975 0.509375
1 0.46038052656249995 0.29177196250000004 0.4535378859375 0.2744494859375 0.4441305640625 0.27172625 0.438327753125 0.27662145 0.4338826703125 0.297482053125 0.43717993125000004 0.37941286406249997 0.43125 0.40607195156250003 0.43125 0.41320117968750003 0.45209365 0.41891211093749997 0.45926310625 0.425 0.4663961890625 0.425 0.4663961890625 0.4153620796875 0.45832216406250004 0.3834568109375 0.46038052656249995 0.29177196250000004
1 0.31152005625 0.5078125 0.3059500171875 0.44414668281249997 0.316106978125 0.3829221390625 0.3056219203125 0.2896752640625 0.31086515625 0.2742451125 0.31939189375 0.2708752390625 0.31939189375 0.265422871875 0.3167681328125 0.25748984531249997 0.31036195 0.250761546875 0.2979834625 0.25113007187499997 0.296875 0.25454120156250004 0.296875 0.2907339859375 0.30423239999999996 0.3447206375 0.296875 0.405628775 0.296875 0.45567618750000005 0.2972519109375 0.4599843015625 0.308762678125 0.5078125 0.31152005625 0.5078125
1 0.44731485156249995 0.26887366562500004 0.439482146875 0.2523177703125 0.426200896875 0.253401909375 0.4198633640625 0.26436064375 0.42561518125 0.35438333125 0.4171875 0.3970961484375 0.4171875 0.4234375 0.42568328125 0.4234375 0.43096957500000005 0.417290796875 0.44122676875 0.3795605359375 0.43604072812499994 0.30898229375 0.439839153125 0.2780441 0.44731485156249995 0.26918482187500004 0.44731485156249995 0.26887366562500004
1 0.3741837078125 0.2901841625 0.385133578125 0.2803437625 0.38447806875 0.26925083125 0.3763439984375 0.25893870625000004 0.36573425312499996 0.2646124421875 0.358571078125 0.2806528453125 0.3546668890625 0.3667275921875 0.346875 0.3902129921875 0.346875 0.4390625 0.347282234375 0.4390625 0.34977943906250003 0.43616294531250005 0.34856942968750004 0.42230133125 0.35204691875 0.408385171875 0.36535290468750004 0.38880436406249996 0.37070621875 0.304100325 0.3741837078125 0.2901841625
0 0.4852389203125 0.509375 0.4852389203125 0.48201146718750004 0.4796490203125 0.4505818421875 0.47094073593749997 0.432838665625 0.4509245375 0.41526231406249997 0.4422978546875 0.41377058125 0.42656395625 0.41377058125 0.41378824999999997 0.4260157234375 0.39934192031250004 0.45238950625 0.3984375 0.4580492609375 0.3984375 0.509375 0.4852389203125 0.509375
1 0.6665917578125 0 0.6796875 0.023400056250000002 0.70390625 0.0850992390625 0.7234375 0.2019713375 0.751171875 0.2688186078125 0.778515625 0.3043839921875 0.8015625 0.32640418125 0.8026701515625 0.3265625 0.8151069890624999 0.3265625 0.822265625 0.32184416250000003 0.8375 0.2987821765625 0.840625 0.279592825 0.83046875 0.2051526671875 0.815625 0.151163203125 0.798828125 0.115764309375 0.755859375 0.0719790234375 0.740625 0.047818785937500004 0.721792371875 0 0.6665917578125 0
1 0.7433137875 0 0.7445437140625 0.012530509375000002 0.7527210734375 0.036214346875 0.771741109375 0.0732062640625 0.7958852421875 0.0953125 0.797612525 0.0953125 0.797612525 0.0082675953125 0.79354539375 0 0.7433137875 0
1 0 0.509375 0 1 0.49488847343750003 1 0.49488847343750003 0.9172970218749998 0.49320243125 0.9118583265625 0.461134225 0.8637099859375 0.4062870390625 0.8076072249999999 0.3087887015625 0.7232229546875001 0.2848875515625 0.6957054484375 0.2686079859375 0.6575687796875 0.26595454375 0.5950051125 0.2955293375 0.509375 0 0.509375
0 0.944323075 0.5800467375 0.944323075 0.5794498499999999 0.9405625796875 0.5408778890625 0.9288586875 0.518888525 0.9171875625 0.510221084375 0.9021312609375001 0.510221084375 0.8890391812499999 0.51865390625 0.8796875 0.5368374765625 0.8796875 0.58957135625 0.88471924375 0.6066095984375 0.893152678125 0.6201382953125 0.9046762421875 0.628125 0.9241898640624999 0.628125 0.9344377125 0.6148810265625 0.944323075 0.5800467375