1 0.6390625 0.45 0.6390625 0.3464186 0.6327047125 0.32170158125000003 0.630784034375 0.25639196875 0.633822996875 0.16213852499999998 0.6296015890625 0.143923803125 0.6209016890625 0.1336895859375 0.612263340625 0.1336895859375 0.5947026234375 0.134868321875 0.586826784375 0.1532840703125 0.586797071875 0.19630779375000001 0.59306584375 0.24236396093749998 0.5945446750000001 0.3270861828125 0.5796875 0.404377771875 0.5796875 0.45 0.6390625 0.45
1 0.5711683921875 0.45 0.5711683921875 0.411795875 0.5525617265625 0.3492070921875 0.549378453125 0.3034283875 0.5511155609375 0.21688023437499998 0.5487329625 0.186379309375 0.5367667093749999 0.160033484375 0.5278090171875001 0.15368997499999998 0.508641709375 0.16200017656250001 0.4995870015625 0.191209909375 0.5028430625 0.2383775 0.5097142203125 0.2797163859375 0.5140815359375 0.36304971875000003 0.5006505109375 0.45 0.5711683921875 0.45
1 0.451118925 0.45 0.4388002078125 0.3675029609375 0.441418178125 0.31895105 0.45126163906250005 0.2670885640625 0.4552435828125 0.2101441203125 0.45181865 0.1924437625 0.4452223015625 0.1812006015625 0.42676366093749996 0.17845472499999998 0.41109652968750005 0.19691102968750002 0.4049522203125 0.2180995609375 0.4024270875 0.254210671875 0.40439949531249997 0.30379627343750004 0.3991592703125 0.3898481875 0.39375 0.4100506484375 0.39375 0.45 0.451118925 0.45
1 0.39932311249999997 0.45 0.41015625 0.3991436421875 0.4109375 0.37003160468749996 0.4 0.3289890015625 0.40703125 0.182258453125 0.403125 0.158374190625 0.394921875 0.1446061265625 0.367578125 0.14547184375 0.35859375 0.1663713734375 0.36484375 0.3265306375 0.34140625 0.43461394999999997 0.34082775625 0.45 0.39932311249999997 0.45
1 0.33398563124999997 0.45 0.33398563124999997 0.443611178125 0.310888684375 0.3615524109375 0.3116291671875 0.1986699984375 0.307237965625 0.1822764828125 0.29943217187500004 0.1696010265625 0.28594885937500003 0.163585296875 0.273610509375 0.17001493750000002 0.2645521046875 0.195003371875 0.26546818125 0.2533913359375 0.274951184375 0.3640654046875 0.25928594843749997 0.44448856875000003 0.25864100625 0.45 0.33398563124999997 0.45
1 0.22177571875000002 0.45 0.2228518234375 0.44517753437499996 0.24925708124999998 0.357241125 0.246357240625 0.31018255625 0.24800623125 0.2824229609375 0.2569809640625 0.197664371875 0.26307443125 0.172573453125 0.26198046875 0.15388709843749998 0.22291796874999997 0.1547962859375 0.21807428906249998 0.16114629687499998 0.21484564218750002 0.206961446875 0.2163044953125 0.2526674921875 0.2107149421875 0.3165563828125 0.2046875 0.3364941671875 0.2046875 0.45 0.22177571875000002 0.45
1 0.1965186703125 0.45 0.1965186703125 0.43358542499999997 0.17275374062499999 0.3454436078125 0.17009213125 0.2982486578125 0.173723665625 0.18563956406249998 0.1677376859375 0.163512796875 0.16254641875 0.15874032656249998 0.133672496875 0.1606337765625 0.125156859375 0.1809294859375 0.12602968125 0.2184294859375 0.1338636921875 0.2863759484375 0.135383046875 0.3516537265625 0.1183786921875 0.42698100781250004 0.1162626890625 0.45 0.1965186703125 0.45
1 0 0.45 0.0666340140625 0.45 0.0666340140625 0.3800928328125 0.0486777265625 0.3224261796875 0.0430408265625 0.27090078281249996 0.044504393749999996 0.20871930156250001 0.042190289062500004 0.172608190625 0.0363909515625 0.164168440625 0.021016771875 0.164168440625 0 0.16549385781249998 0 0.2063872921875 0.012403996875 0.327232 0.0069056015625 0.36288808437500003 0.0002501546875 0.38048861562499997 0 0.38446288281249996 0 0.45
1 0.4716088046875 0.45 0.4764792796875 0.42396251874999996 0.4928620875 0.36726353437500003 0.49275995312500004 0.3505832296875 0.48201433125 0.3073094890625 0.482772140625 0.25033776875 0.49129690625 0.1754332265625 0.49164751406249996 0.1476418125 0.48838655624999994 0.1413304484375 0.45473621406250003 0.1421329546875 0.45 0.144119296875 0.45 0.1824238640625 0.45462369843749995 0.192861490625 0.4580095625 0.22488775625000001 0.45 0.307912125 0.45 0.38698258281250003 0.45393621562500003 0.420789275 0.46092716562499997 0.45 0.4716088046875 0.45
1 0.1088325640625 1 0.1087863640625 0.9810733859375 0.10521776249999999 0.9732621078125 0.0989462109375 0.9724452781250001 0.094637659375 0.9776151453124999 0.09375 0.9830379859375 0.09375 0.983254371875 0.09927845156250001 0.9979127859375 0.09959869375 1 0.1088325640625 1
1 0.580507 1 0.5822050515625 0.98525390625 0.5804688609374999 0.9783094609375 0.573142409375 0.97275390625 0.5672512281250001 0.9746057562499999 0.5633392578125 0.9806242749999999 0.5619794515625001 1 0.580507 1
1 0.5645833328125 1 0.5645833328125 0.97523148125 0.56015625 0.9692129625 0.5528645828125 0.9701388890625001 0.5479166671875 0.978009259375 0.548983028125 1 0.5645833328125 1
1 0.6390625 1 0.6661063031250001 1 0.6736384796875 0.9696506046875001 0.6775745796875 0.91552488125 0.6730510296875 0.8721008343750001 0.6616580171875001 0.8255305171874999 0.6585074953125 0.798895965625 0.657323940625 0.7653988593750001 0.6640891515625 0.7030626328125 0.6647916703125001 0.66409185625 0.657842396875 0.642134171875 0.6464853765624999 0.637180409375 0.64181683125 0.637180409375 0.6390625 0.6397048140624999 0.6390625 1
1 0.674915834375 0.7871843234375 0.6770116828125 0.8178035453125 0.7004140015625 0.9061948828125 0.703164415625 0.9743141062500001 0.7078386484375 0.98125 0.71765796875 0.98125 0.71765796875 0.8211281828124999 0.6958695921875 0.7352978828125 0.6962738921875 0.6242822734375 0.6868652625 0.59961063125 0.6807561671875 0.596875 0.673327771875 0.596875 0.6696777625 0.5989102953125001 0.665625 0.6091328593750001 0.665625 0.644472746875 0.6706811187499999 0.678755490625 0.6698404421874999 0.7647711 0.674915834375 0.7871843234375
1 0.7266880921875 0.724706809375 0.711344640625 0.6733069109375001 0.7073946328125 0.5829745015625 0.7023334765625 0.5686916359375 0.6903235734375001 0.5639555359375 0.684375 0.5723646703125 0.684375 0.60076566875 0.6893094421875 0.604451834375 0.6969327125 0.6227374765625 0.7022657031249999 0.7394587734375 0.7254415015625 0.81875 0.7266880921875 0.81875 0.7266880921875 0.724706809375
0 0.856923753125 1 0.863346103125 0.9640562124999998 0.8632589046875001 0.9294067250000001 0.8496127640625 0.902696159375 0.8246992546874999 0.875554815625 0.7966435890625 0.8665053921875 0.772181815625 0.8698468687500001 0.749265384375 0.8911711640625001 0.7314185015625 0.921386859375 0.728125 0.9324199125 0.728125 1 0.856923753125 1