1 0.44535898749999997 0 0.4386450234375 0.031147803125 0.4359375 0.0989811125 0.4359375 0.1435222109375 0.46365498125000004 0.300990409375 0.46969665000000005 0.317779071875 0.48994411250000003 0.325 0.517216775 0.325 0.5278266078125 0.30859509531249996 0.5336077734375 0.2707173015625 0.5336077734375 0.004686159375 0.5324032171875 0 0.44535898749999997 0
1 0.2578125 0 0.2578125 0.23035079218750001 0.26092680625 0.2328125 0.295707884375 0.2328125 0.310566859375 0.215562496875 0.34334614218750004 0.068289390625 0.344191884375 0 0.2578125 0
1 0.1375 0 0.1375 0.15375243593750001 0.143142478125 0.159375 0.1737949015625 0.159375 0.1840878890625 0.146126165625 0.2121863140625 0.029033756249999997 0.213148165625 0 0.1375 0
1 0.3915745328125 0 0.39973916875 0.083529103125 0.4139213375 0.1410506640625 0.42300079999999995 0.1484375 0.4267764875 0.1484375 0.4327168046875 0.1421767515625 0.4373013515625 0.0310574140625 0.4439147375 0 0.3915745328125 0
1 0.53125 0 0.53125 0.2171617484375 0.5345432390625 0.2203125 0.560358259375 0.2203125 0.5745910703125 0.2057559484375 0.6027713828125 0.0859525953125 0.605711946875 0 0.53125 0
1 0.6979696328125 0.55 0.7025213796875 0.5469612734375 0.7138717781249999 0.5223541843749999 0.7145254359375001 0.5113159125 0.7319467578125 0.485081575 0.7319467578125 0.3957386421875 0.7161621328125001 0.3350103640625 0.713912703125 0.21108197187500002 0.7083521828125 0.185754190625 0.701751753125 0.176607759375 0.690602696875 0.176607759375 0.6865597640625001 0.17915015781250002 0.6813981859375 0.1875640421875 0.678693528125 0.1993825578125 0.6788123984375 0.247421446875 0.6829397546875 0.2763436703125 0.685432965625 0.332861571875 0.6724951796874999 0.39384242187499996 0.6703125 0.41639579062500004 0.6703125 0.46479885468750004 0.6718529249999999 0.4944769875 0.683611778125 0.55 0.6979696328125 0.55
1 0.7542715296875 0.3083380671875 0.74375 0.34440441875 0.74375 0.46553490000000003 0.7734386953125 0.4656301421875 0.7781682265625001 0.46875 0.779573378125 0.46875 0.782480490625 0.46744355000000004 0.7792487625 0.43944744687500004 0.7959833796875 0.42398361875 0.7997327375000001 0.417196853125 0.8008358812499999 0.4061100015625 0.796526909375 0.36878186562500004 0.7844798625 0.30974504375 0.7852692250000001 0.28472078437500004 0.7944437171875001 0.219246884375 0.7957539109375 0.19424688437499998 0.7884946187499999 0.16838366093749998 0.7797019265625 0.156835903125 0.7769115203125 0.15625 0.7727942578125 0.15625 0.7654453234374999 0.159884634375 0.76122365625 0.1657212171875 0.7555171171875 0.1849473390625 0.7529711531250001 0.213602525 0.7559828796875 0.26572121718749997 0.7542715296875 0.3083380671875
1 0.265625 0.55 0.265625 0.63099010625 0.273503984375 0.6742994 0.2834557640625 0.713789221875 0.29385451875 0.721443859375 0.313144921875 0.7234375 0.314725340625 0.7234375 0.320223015625 0.7177457374999999 0.3252801421875 0.690857965625 0.3252801421875 0.55 0.265625 0.55
1 0.521875 0.55 0.521875 0.6984375 0.5477623015625 0.6984375 0.5522677125000001 0.693482921875 0.5638991578125 0.6508640125 0.5748415671875 0.5915056640625 0.5749862890624999 0.55 0.521875 0.55
1 0.696189878125 1 0.696189878125 0.9555938874999999 0.6912834 0.9352097031250001 0.69357818125 0.8670189640625001 0.6917893421875 0.8604282234374999 0.685037034375 0.8512652656249999 0.684340090625 0.8512652656249999 0.676182253125 0.852409384375 0.672094678125 0.861822034375 0.6749435640625 0.928525121875 0.6671875 0.9631841156250001 0.6671875 1 0.696189878125 1
1 0.760302871875 1 0.760452525 0.9812546031250001 0.754289896875 0.9494092484374999 0.753927590625 0.9363977703125 0.760497915625 0.8708025781250001 0.756302146875 0.8562202734375 0.7528362296875 0.8541525625 0.7496907265624999 0.8541525625 0.7442259328125 0.8575141875 0.7404280437499999 0.8652268796874999 0.738302590625 0.9356700234374999 0.7328125 0.9510311421874998 0.7328125 1 0.760302871875 1
1 0.6390625 1 0.6499567625 1 0.650593334375 0.97588221875 0.6572089171875 0.9494250281250001 0.6481994953125 0.9217838484375 0.6547698203125 0.856279909375 0.654358990625 0.8441639359374999 0.6498238187500001 0.836733015625 0.6394276109375 0.836733015625 0.6390625 0.8372491125 0.6390625 1
1 0.7320667249999999 1 0.7320667249999999 0.9504306281249999 0.7270903578125 0.9280310546875 0.729416053125 0.8825758265625 0.7284102640625 0.86592128125 0.72438725 0.853043175 0.7203597625 0.848967428125 0.7115864203125 0.851951290625 0.7079900015625 0.8626903578124999 0.71151924375 0.9302465812499999 0.7046875 0.9584100453125 0.7046875 1 0.7320667249999999 1
1 0.7969101546874999 1 0.8028302078125 0.9595838484375001 0.8000707859375 0.9326350171875 0.8030664312500001 0.8854249171875 0.8070293171875 0.859559603125 0.8055703453125 0.8525727312499999 0.8005561140624999 0.8487478015625 0.7946328453125 0.8523181578125 0.7891268828125 0.862851140625 0.7857300828125 0.92766595625 0.7786551453125 0.9432612265625 0.778125 0.945123303125 0.778125 1 0.7969101546874999 1