1 0.525 0.6 0.525 0.37924165468750004 0.5118344421875001 0.3277658125 0.5111465875000001 0.1827900109375 0.500380715625 0.15875400312500001 0.48610532187500005 0.15575719375 0.4802028625 0.15575719375 0.46708633125 0.19027810625 0.478401434375 0.3398759515625 0.4644224421875 0.41311448281249996 0.46149185625 0.501310975 0.469332415625 0.5656375031249999 0.4773048375 0.6 0.525 0.6
1 0.559375 0.6 0.559375 0.264182490625 0.5519694015625001 0.261862359375 0.5422037765625001 0.28399664375 0.547412109375 0.3924328640625 0.53308919375 0.483122146875 0.531787109375 0.52448854375 0.5426861265625 0.6 0.559375 0.6
1 0.41945461875 0.6 0.42904573749999997 0.55837520625 0.43125 0.53196108125 0.43125 0.46796221562499996 0.4212964125 0.388515109375 0.42891045781250003 0.2848525859375 0.4222602109375 0.26330586875 0.410829365625 0.25981789843750003 0.40762441875000005 0.25981789843750003 0.397840884375 0.27892075312500003 0.39779876875000003 0.39246416875 0.38359044375 0.45183592812500006 0.38359044375 0.57214695625 0.38726366875 0.6 0.41945461875 0.6
1 0.3859375 0.333599875 0.38253064375 0.325365675 0.3719332890625 0.3224179359375 0.36500560625 0.34408620624999997 0.3743325375 0.42174199687499997 0.3665516984375 0.4962227 0.36944273125 0.5375663687500001 0.3819498 0.5921875 0.3859375 0.5921875 0.3859375 0.333599875
1 0.354963540625 0.4546543359375 0.3545261046875 0.41328036562500003 0.35625 0.4030751140625 0.35625 0.367247546875 0.3540470171875 0.3602709109375 0.3462345171875 0.3601800046875 0.3396303296875 0.37432371249999996 0.33754689843749996 0.43893834531250003 0.3277307578125 0.475001721875 0.3277307578125 0.5817922359375001 0.331372996875 0.5828125 0.3442381953125 0.5828125 0.34642181562499996 0.493338271875 0.354963540625 0.4546543359375
1 0.4364483 0.35884754375 0.43016707812500005 0.3752680921875 0.44811517656250005 0.49474529375 0.445500528125 0.590625 0.45 0.590625 0.45 0.3742237765625 0.44295871875000004 0.359188740625 0.4364483 0.35884754375
1 0.5421875 0.3693745703125 0.5324227203125 0.3584330046875 0.5260890093749999 0.372311340625 0.5401768234375 0.5250087031249999 0.5369773984374999 0.5815530203125 0.5418985875 0.5890625 0.5421875 0.5890625 0.5421875 0.517705390625 0.5404254078124999 0.50698149375 0.5421875 0.4616099796875 0.5421875 0.3693745703125
2 1 0.2440282625 0.651256678125 0.2440282625 0.644701740625 0.24434331406249998 0.6379686359375001 0.245624084375 0.634790728125 0.2508941 0.6339450703125 0.268568578125 0.6353180328125 0.3278824296875 0.638503309375 0.335602671875 0.6438939765625 0.3375 0.747487428125 0.3375 0.802459990625 0.337217003125 0.9054718046874999 0.3290346734375 0.9244104468749998 0.33268165625 1 0.32953929843749996 1 0.2440282625
1 0.183638825 0.6 0.1917976125 0.6968895859375001 0.175322378125 0.772913175 0.17480065 0.8369658390625 0.191590659375 0.9223809078125 0.1965664875 0.9265625 0.225 0.9265625 0.225 0.73016728125 0.2160163625 0.6956203359375001 0.218163984375 0.6 0.183638825 0.6
1 0.7758389859375 0.6 0.77744140625 0.646264134375 0.76337890625 0.7316947796875001 0.76181640625 0.762277609375 0.76337890625 0.791879965625 0.77119140625 0.8324843390625001 0.78994140625 0.8960459453125 0.79778138125 0.90625 0.8112943265624999 0.90625 0.82197265625 0.9005794296874999 0.82587890625 0.8898630984375 0.834375 0.8279250234375001 0.834375 0.732345975 0.8295247390625 0.7036883484375 0.8144205718749999 0.6576556984375 0.81025390625 0.6382839812500001 0.8090048046874999 0.6 0.7758389859375 0.6
1 0.63616473125 0.6 0.636888690625 0.6046984921874999 0.6428657375 0.6607552812499999 0.64493473125 0.7059436421875 0.6430956703125 0.740263571875 0.6285088140624999 0.8529983156250001 0.626953521875 0.8974730937500001 0.6283687718750001 0.9260554578125 0.6332143375 0.963684734375 0.6407502796875 0.9974586343749999 0.6416265953125 1 0.7484375 1 0.7484375 0.870072384375 0.74463309375 0.847159515625 0.7317774609375001 0.7961267125 0.701012321875 0.7100748609374999 0.6973197796875 0.689947171875 0.6933398640625 0.6374727421874999 0.6944925921875 0.6 0.63616473125 0.6
1 0.561336140625 0.6 0.5817734328124999 0.686486709375 0.5845575593750001 0.7263015234375001 0.5828369921875 0.7982873015624999 0.5871836187499999 0.8381566812500001 0.5993370265625 0.8930773171874999 0.610263096875 0.9230161421874999 0.6416422640625 0.98125 0.6421875 0.98125 0.6421875 0.7500268906249999 0.6177080796875 0.6951308921875 0.6107544328125 0.6625597953125 0.6056849671875 0.6 0.561336140625 0.6