1 0.49253563749999996 0 0.49548120000000007 0.0191540578125 0.49609186562499996 0.05898154375 0.479716315625 0.1262128515625 0.4765625 0.1646316671875 0.4765625 0.1815924671875 0.4787167171875 0.2092893234375 0.4878801984375 0.24829464375 0.5028317921875 0.296875 0.5394970546875 0.296875 0.5409983703125001 0.29494430625 0.5480788859375 0.2616595546875 0.5480788859375 0.1265773734375 0.53095813125 0.0744502125 0.5268096640625 0.0450145546875 0.5292762984375 0 0.49253563749999996 0
1 0.41074134687499997 0 0.4124125203125 0.028337540625 0.410229028125 0.0435142015625 0.396875 0.0844957875 0.396875 0.2536051078125 0.3996382015625 0.2650214609375 0.4012603390625 0.2671875 0.43388928125000004 0.2671875 0.438062759375 0.263064303125 0.45178780312500005 0.214303825 0.4586079578125 0.14295068125 0.4587343171875 0.12064452031249999 0.441079928125 0.0353770453125 0.44438273749999996 0 0.41074134687499997 0
1 0.3579380546875 0 0.36025901875 0.015002793750000002 0.3496781 0.07613683125000001 0.346875 0.12284512343750001 0.346875 0.125077328125 0.3513028671875 0.1664610078125 0.3601761484375 0.2039029390625 0.3719284953125 0.23779150468750002 0.37557641406250003 0.240625 0.3999545640625 0.240625 0.3999545640625 0.054869429687500006 0.3921213875 0.034577915625 0.388547975 0.017020193750000003 0.3883262046875 0 0.3579380546875 0
1 0.2996624859375 0 0.30050493125 0.0091218078125 0.2875 0.0695250390625 0.2875 0.1334213890625 0.2931416953125 0.1709431046875 0.30599766875 0.2125 0.3393696703125 0.2125 0.33971890625 0.21190591093750002 0.33971890625 0.046511767187500004 0.3259635046875 0 0.2996624859375 0
1 0.56875 0 0.5439186421875 0 0.5454376140625 0.0081458140625 0.545042615625 0.030297309374999998 0.5390130109375 0.059155253124999994 0.5409224859374999 0.072091859375 0.558779921875 0.1162051640625 0.5676966328125 0.14701336874999998 0.56875 0.1559710921875 0.56875 0
1 0.46033739999999995 0 0.4603628515625 0.0059299796875 0.4546875 0.026144093750000003 0.4546875 0.1234375 0.4578546859375 0.1234375 0.4628262140625 0.11296440156250001 0.4797135375 0.055530460937500005 0.48214757031250005 0.0296707890625 0.4809155984375 0 0.46033739999999995 0
1 0.9117542609375 0 0.9149736140625 0.016947421875 0.921066871875 0.03654313125 0.926213703125 0.0766959328125 0.92958275625 0.12551384375000002 0.92694585625 0.15723604375 0.9334557796875 0.1768487328125 0.9383664968750001 0.18641049062499998 0.9428585640625 0.207813290625 0.9463883234375 0.2135741140625 0.9578942843749999 0.2571065828125 0.964314921875 0.286077296875 0.9682335765625 0.3268041625 0.96993398125 0.38741218593750004 0.9685451 0.4310433390625 0.9639756609375001 0.478913671875 0.9539855921875 0.5502793359375 0.9599925390624999 0.5614460359375 0.9712861890625 0.5631544390625 0.9744211109375 0.5695232828125001 0.97996873125 0.5734939953125 0.9981727921874999 0.5765625 1 0.5765625 1 0.159137328125 0.9993585546875 0.1576901921875 0.9876323593749999 0.11976574531249999 0.9822037796875 0.059629923437499996 0.982725278125 0 0.9117542609375 0
1 0.6350953578125 0 0.635755928125 0.0034579625000000004 0.6401147468749999 0.0620527109375 0.6394081093749999 0.1171303359375 0.6369735656250001 0.12099677499999999 0.63401115 0.142402028125 0.6230426890625 0.18294540937499998 0.623162690625 0.18982041249999998 0.6131824 0.215305575 0.603453028125 0.25516574062499997 0.5984375 0.2885465359375 0.5984375 0.413566646875 0.6021643375 0.44412921406250006 0.6121601203125 0.49120226875000006 0.6367241078125 0.5845099078125 0.6452648937500001 0.6 0.7223682890625 0.6 0.7297280515625 0.5851822453125 0.7517900109375 0.472111753125 0.7517900109375 0.26909476875 0.7503160640625 0.2595846296875 0.7409551375 0.22499216875 0.7106778171875 0.13883122187500002 0.7007147625 0.093633165625 0.6996544421875 0.056777571875 0.70216096875 0 0.6350953578125 0
1 0.7640625 0 0.7640625 0.027117279687500002 0.7736259609375 0.0771372296875 0.775652796875 0.10269420468749998 0.7786767718750001 0.11374013125 0.78043249375 0.1424561203125 0.7808309015624999 0.15999013125 0.778700203125 0.1771032171875 0.7640625 0.248077990625 0.7640625 0.287035325 0.7681174921875 0.3090887046875 0.7735958249999999 0.3638506203125 0.7737248390625 0.41152068125 0.7708407296875001 0.4663378390625 0.7942665625 0.547239265625 0.7994903109375 0.56061513125 0.803860746875 0.564650009375 0.80543095625 0.5714229734375 0.810586540625 0.5734375 0.8188477890625 0.5734375 0.8188477890625 0.48284288750000004 0.8026985906250002 0.4229578515625 0.79619400625 0.3820819859375 0.7915963749999999 0.310309021875 0.7922824343749999 0.2801389609375 0.7975991984374999 0.232651740625 0.8188477890625 0.12393814375000001 0.8188477890625 0.0096997796875 0.8175461578125001 0 0.7640625 0
1 0.6203125 0 0.6203125 0.0161367234375 0.624952790625 0.047949496875 0.63481233125 0.0921875 0.6351021 0.0921875 0.6351021 0.0019151531249999999 0.634666134375 0 0.6203125 0
1 0.8020835421875001 0 0.8035128265625 0.024435404687500002 0.8014146234374999 0.0830395890625 0.7973926546875 0.1070083109375 0.7901736546875 0.13560720625 0.7796875 0.1680510859375 0.7796875 0.6 0.8662825578125 0.6 0.8665611453125 0.5987750828125 0.8722420265625 0.5877126406250001 0.8966632375 0.49110868124999996 0.9067905078124999 0.44298896875000005 0.9153228234374999 0.37449943281250003 0.9179261921874999 0.3338744328125 0.9163706484375 0.280561878125 0.908981771875 0.22775967187499999 0.8970657609374999 0.180947 0.8752214625000001 0.11449357812500001 0.8677447265625 0.0759934640625 0.86730351875 0.050550734374999996 0.870956378125 0 0.8020835421875001 0
1 0.5407346296875 0.8756414546875 0.5417426421875 0.8656907125 0.5417426421875 0.7866469640625 0.5405354625000001 0.774642753125 0.5187522109375 0.6913295625 0.5186625328125001 0.6264662328125 0.516229890625 0.6214828015625 0.49230388124999996 0.6244505296875 0.48798185156249996 0.6306752437500001 0.4906272109375 0.6926395078125 0.47717522656250005 0.7581335515625 0.4734375 0.7878145984375 0.4734375 0.8413879468750001 0.47706366874999995 0.8711935484375001 0.4895240515625 0.9280672734375 0.4935579625 0.9421875 0.5258435218749999 0.9421875 0.5278034765624999 0.941111240625 0.5407346296875 0.8756414546875
1 0.36807916875 0.6 0.368547065625 0.62156425 0.36670573125 0.6539504359375 0.3484375 0.722063171875 0.3484375 0.93832248125 0.351432125 0.95197125 0.355552171875 0.95625 0.39294615 0.95625 0.3946235640625 0.954658628125 0.41420269843749996 0.8710572609374999 0.4177500796875 0.8480152265625 0.421123553125 0.8036344468750001 0.42025490000000004 0.76093574375 0.41666152968750003 0.7338928906250001 0.4001522515625 0.6525308859375001 0.40343209843750005 0.6 0.36807916875 0.6
1 0.4368458515625 0.9296875 0.4594593546875 0.9296875 0.4594593546875 0.76964399375 0.444280675 0.722928796875 0.44176125468749994 0.671990753125 0.43899664843749997 0.66599950625 0.4258463203125 0.664299165625 0.42080414062499993 0.6555543828125 0.423442109375 0.6522803078125 0.430601425 0.6577570781250001 0.43828443124999994 0.6558143203125 0.433991128125 0.646597484375 0.4203125 0.64675665 0.4203125 0.705712821875 0.43287851875000005 0.7462284578125 0.44138895 0.7933900734375 0.44410261249999994 0.8471059000000001 0.44200499375 0.8841974796875001 0.43665002499999994 0.926887040625 0.4368458515625 0.9296875
1 0.358595340625 0.8513209312499999 0.355676296875 0.83562850625 0.35265417499999996 0.7819673171875 0.3570962203125 0.73141461875 0.349423071875 0.7013692453125 0.34718386093750003 0.6420674703125 0.3429972921875 0.636367815625 0.3190389609375 0.6383235171875 0.3169324 0.6436074296875 0.3223828640625 0.7045059671875 0.309375 0.77930926875 0.309375 0.8378553406249999 0.3098396390625 0.8505234749999999 0.31646779375 0.891807503125 0.33094825 0.944533353125 0.3328030015625 0.9484375 0.358595340625 0.9484375 0.358595340625 0.8513209312499999
1 0.2185266109375 0.6 0.21578906562500003 0.6379796609375 0.206390246875 0.696474640625 0.20546342812499999 0.7747689078125 0.20922458124999999 0.811833240625 0.22093690625 0.8686695671875 0.2454961328125 0.953829584375 0.2536093203125 0.9754534296875 0.258457253125 0.9796875 0.288329209375 0.9796875 0.288329209375 0.682154325 0.26197380312499996 0.6 0.2185266109375 0.6
1 0.28864837187500003 0.733694465625 0.28442236875 0.7349849265625 0.2831961 0.741997721875 0.2858068375 0.773995025 0.2841454296875 0.7999209515625 0.2889516 0.79765899375 0.2887604015625 0.808724540625 0.2832553875 0.8138098406250001 0.2734375 0.873607003125 0.2734375 0.9375 0.28194216875 0.9375 0.2942389875 0.8929528140624999 0.2925182890625 0.847066621875 0.2939555453125 0.8165566359374999 0.29234689999999997 0.8093314968750001 0.29626965 0.780445525 0.28864837187500003 0.733694465625
1 0.16513661875000002 0.6 0.16998263125 0.6605399484375 0.1674338359375 0.6880507140625001 0.1578125 0.736939940625 0.1578125 0.83010668125 0.158408078125 0.8359899875 0.1638335703125 0.8667791796875001 0.184455515625 0.944665703125 0.1898709421875 0.95625 0.2033343484375 0.95625 0.2033343484375 0.8707959671874999 0.19531485937499998 0.8282079124999999 0.1920266296875 0.7984781515625 0.19044422968750002 0.7624004171875 0.191771115625 0.7228192390625 0.2007472703125 0.6542092078125 0.19809656250000002 0.6 0.16513661875000002 0.6
1 0.1418060484375 0.756264975 0.16473411875 0.6676028953124999 0.16482763125 0.6499799671875001 0.1593251484375 0.64824665625 0.1483688296875 0.64824665625 0.14687504843750002 0.64847044375 0.1433117953125 0.65336585625 0.14462608906250002 0.7053997187500001 0.1393600640625 0.73663851875 0.1296875 0.7667302250000001 0.1296875 0.9078001718750001 0.1354039078125 0.9395983078124999 0.13879985781249998 0.946875 0.1536767546875 0.946875 0.13948846406249998 0.86746709375 0.1355988484375 0.7995104765625001 0.1418060484375 0.756264975
1 0.14102316406249998 0.8737897953125 0.1341875828125 0.8226211875 0.1363032203125 0.7738201296875 0.14618283125 0.724548171875 0.146448665625 0.7181531890625 0.146448665625 0.6935038671875 0.1430966078125 0.6805211859375 0.1274716078125 0.679611134375 0.1263393671875 0.6827760375 0.12906975781250002 0.7447827390625 0.1197109796875 0.7940850328125 0.11875 0.8080915234375 0.11875 0.8278980703125001 0.12341188437499999 0.874610253125 0.13640041249999998 0.924291028125 0.141516790625 0.9359375 0.146448665625 0.9359375 0.146448665625 0.89322266875 0.14102316406249998 0.8737897953125