1 0.053896103125 0 0.0522099 0.0207802125 0.0540252875 0.17007663906249998 0.04898550625 0.21104219999999999 0.039725978125 0.24847066093749998 0.0083691390625 0.344387575 0.0083691390625 0.559375 0.0688711546875 0.559375 0.06882650312500001 0.55159035 0.07323330312500001 0.48387079218749995 0.0765055765625 0.45395812187500006 0.0917961328125 0.3811778765625 0.1168756921875 0.2999453890625 0.10612325 0.221498084375 0.10793053906250001 0.16924675312499998 0.1305419015625 0.0199744984375 0.13125 0.004771339062499999 0.13125 0 0.053896103125 0
1 0.148051171875 0 0.14955137031250001 0.103724534375 0.14409320781249998 0.1959722234375 0.13340605 0.24519217968749998 0.100803503125 0.34689251875 0.100803503125 0.559375 0.18317585 0.559375 0.1863638734375 0.5080227875000001 0.19417449375 0.44228896406249996 0.21974911718749998 0.3470041140625 0.2234137359375 0.32468002500000004 0.206170053125 0.2134000765625 0.21024621250000003 0.1356222984375 0.23144521093749998 0 0.148051171875 0
1 0.2744569109375 0 0.285085246875 0.11122569375 0.28629640625 0.19011094687500002 0.281783446875 0.23785599999999998 0.27568428749999996 0.271149334375 0.24879198281249998 0.377645103125 0.2423264390625 0.42204591249999995 0.2425333296875 0.4309348 0.25561737500000004 0.44267601093750003 0.2574255578125 0.4532406546875 0.2565634796875 0.46990005 0.2535160640625 0.4732152015625 0.2501281234375 0.48874894375 0.25252035156249997 0.510982071875 0.24784578124999998 0.5115103578125 0.24707638125 0.5187271265625 0.2492617171875 0.532071365625 0.248028825 0.559375 0.3679379796875 0.559375 0.37481778593750004 0.4761428375 0.38125 0.44245874843750005 0.38125 0.31200175625000004 0.3809644375 0.310645459375 0.367378259375 0.2639060703125 0.3601972484375 0.22386970781249999 0.3570809015625 0.1705254671875 0.3601973453125 0.0627804140625 0.366825003125 0 0.2744569109375 0
1 0.3653968421875 0 0.358859353125 0.0558977640625 0.355275153125 0.1371543625 0.3557168515625 0.198283659375 0.36703567812500004 0.2735482421875 0.3874164109375 0.3546875 0.3875 0.3546875 0.3875 0.29729958437500004 0.37461763124999997 0.24220071562499998 0.36942806250000004 0.19566135 0.3693160703125 0.1534209421875 0.380249490625 0.027483489062499998 0.378578471875 0 0.3653968421875 0
1 0.42277551718749995 0 0.4316007921875 0.07942762187499999 0.435415834375 0.1348958484375 0.435480878125 0.190538734375 0.43042951875 0.2430811640625 0.3919092609375 0.430732628125 0.37942713125 0.5214603734375001 0.3786205546875 0.559375 0.5734375 0.559375 0.5734375 0.4118657625 0.537412546875 0.27705048906249996 0.5213303109375 0.2288311265625 0.5173684375 0.13330467968749998 0.51792839375 0.0776326859375 0.52287699375 0 0.42277551718749995 0
1 0.5775218359375 0 0.5924428671874999 0.11350817656250001 0.597901028125 0.205737671875 0.5976991828125 0.225723128125 0.5874585734375 0.3044447484375 0.5722024265625001 0.3708932375 0.597909053125 0.4800148484375 0.6070123656249999 0.53453201875 0.6095280437499999 0.559375 0.709375 0.559375 0.709375 0.3649218515625 0.7039298875 0.345775621875 0.6846674203124999 0.3000237078125 0.6708824140625 0.227685125 0.665354409375 0.16987825625 0.66675570625 0.0655138109375 0.6701297078125 0 0.5775218359375 0
1 0.5544775140625 0 0.5541902359375 0.0018698437500000002 0.5573391171875001 0.045221364062500005 0.5735738890625 0.163271925 0.5764639125000001 0.20217899843749998 0.5744407921875 0.25314462656250003 0.5589061203125001 0.329229353125 0.5633254171875001 0.3515425015625 0.566782240625 0.3625 0.571469684375 0.3625 0.58125 0.32842309531249997 0.58125 0.048476225 0.5742713968750001 0 0.5544775140625 0
1 0.784375 0.38765360000000004 0.7760494 0.3582407421875 0.7839814828125 0.276167721875 0.7683338 0.262982653125 0.7548905734375 0.2770141796875 0.7480358375 0.351971925 0.7480358375 0.5125 0.7622136421875 0.5125 0.7716670875 0.5111404 0.784375 0.4274173421875 0.784375 0.38765360000000004
1 0.847924021875 0.27443564062500003 0.8273987515625001 0.2648403828125 0.8198301359375 0.4574309171875 0.8341529703124999 0.5125 0.859375 0.5125 0.859375 0.3880344171875 0.8498905359375 0.3616130546875 0.847924021875 0.27443564062500003
1 0.9265625 0.42421492968749996 0.915418559375 0.37887674531250004 0.9202542906250001 0.275051609375 0.9008905734375 0.260458890625 0.887272503125 0.2789917921875 0.8771506234374999 0.376419946875 0.8771506234374999 0.5252082375 0.8828772296875 0.5265625 0.9058070453125 0.5265625 0.9265625 0.4337046046875 0.9265625 0.42421492968749996
1 0.9831154640624999 0.37479154375 0.9919066937500001 0.27628271875 0.9656362984375001 0.2582683140625 0.94381700625 0.411650609375 0.94381700625 0.537256 0.9489140703124999 0.5375 0.9748572062499999 0.5375 0.996875 0.45648360468750004 0.996875 0.4552775828125 0.9831154640624999 0.37479154375