1 0.3849995484375 0.45 0.398266340625 0.45 0.402243178125 0.4479457625 0.402243178125 0.42865729531249996 0.3914104578125 0.40284288281249997 0.3859984453125 0.3472873296875 0.402243178125 0.30083534375 0.402243178125 0.226631859375 0.39764641875 0.21117621875 0.3999633625 0.102842884375 0.38402738125 0.0708984390625 0.36383501875 0.07367621875 0.3578125 0.08785332343749999 0.3578125 0.11814414375 0.3709366890625 0.227842884375 0.3578125 0.2984345109375 0.3578125 0.34849625156249997 0.363632678125 0.40284288281249997 0.3775919203125 0.4472873296875 0.3849995484375 0.45
1 0.2765625 0.36742262187499997 0.295140109375 0.446875 0.29777523125 0.446875 0.330157671875 0.44191389531249997 0.33051076875 0.43930581249999995 0.33051076875 0.27558046406250003 0.31451070468750003 0.22521490625 0.32031735625 0.11139065937499999 0.3134680296875 0.0835805625 0.301716646875 0.071875 0.2979513109375 0.071875 0.2825890296875 0.07645835 0.2765625 0.0934705015625 0.2765625 0.1100310109375 0.28858477968749996 0.2250640734375 0.2765625 0.28227270312499997 0.2765625 0.36742262187499997
1 0.2090397984375 0.196211684375 0.2264606078125 0.088655315625 0.22067107031250002 0.0603595609375 0.2059784359375 0.0458382765625 0.1962795953125 0.0458382765625 0.186978065625 0.0482416984375 0.17574126406249999 0.0655850375 0.172236740625 0.2215290734375 0.1578125 0.262983615625 0.1578125 0.45621237812500004 0.168511221875 0.4578125 0.1788193375 0.4578125 0.1997109359375 0.45215572187499997 0.22542028281249998 0.361913490625 0.2271277484375 0.30067288593749997 0.2090397984375 0.196211684375
0 0.41875 0.2531113171875 0.4142266515625 0.2559264046875 0.37554580625 0.3110899140625 0.371875 0.32147946875 0.371875 0.45651337812500004 0.3898510109375 0.486643609375 0.41875 0.5050573953125 0.41875 0.2531113171875
1 0.8625 0.473250396875 0.8687934937499999 0.5129734671875 0.88220580625 0.5604502640625 0.8906180906250001 0.56875 0.9144623515625 0.56875 0.9160769999999999 0.5665937359375001 0.9160769999999999 0.376223890625 0.9028626124999999 0.3292695390625 0.8996259765625 0.29728872812499996 0.8994366406250001 0.204342275 0.8947297140625 0.1889735765625 0.8875362625000001 0.1794132796875 0.8840512140625 0.1794132796875 0.866104909375 0.1862265359375 0.8625 0.19912523437500002 0.8625 0.23296958124999997 0.8631934703125002 0.2423401578125 0.8694823187499999 0.273004815625 0.8719765546874999 0.3354866328125 0.8697444421875 0.3673401578125 0.8625 0.3949909265625 0.8625 0.473250396875
1 0.7613899984375 0.311374678125 0.7473573484375 0.25800853125 0.751538290625 0.15947019375 0.7451275859375001 0.1424547640625 0.7359143734375 0.140113634375 0.7271854390625 0.149523478125 0.722470253125 0.163594303125 0.7241348421875 0.2687859859375 0.721875 0.27881977343750003 0.721875 0.43583725468749995 0.723978171875 0.4421875 0.7430249124999999 0.4421875 0.749502971875 0.4352041125 0.7613324640625001 0.3792482953125 0.7634889046875 0.3556007984375 0.7613899984375 0.311374678125
1 0.8609375 0.1859375 0.8660526484375 0.1859375 0.8843801109375 0.177027334375 0.8869447390625 0.13394450625 0.8783644468750001 0.1167402203125 0.8673946203125 0.11832002187499999 0.8609375 0.13045536562499999 0.8609375 0.1859375
1 0.28605281250000003 0.5890625 0.29323064374999996 0.6404710171875 0.2945602625 0.6807306093750001 0.275490078125 0.7635184296874999 0.2703125 0.8139579359375 0.2703125 0.8267747625 0.2741557640625 0.8869477031249999 0.2920226921875 0.9747568265625001 0.3012084640625 0.9936977578124999 0.314989971875 0.9984375 0.33351719375 0.9984375 0.3403578453125 0.9784802578124999 0.3403578453125 0.740192490625 0.328663534375 0.6912347359375 0.326552665625 0.6509569578125001 0.33078127031250004 0.5890625 0.28605281250000003 0.5890625
1 0.6904800156249999 0.77749700625 0.6870287640624999 0.7642454562500001 0.6881253609375 0.6958360375 0.68622318125 0.689318190625 0.6792517703125001 0.6803703624999999 0.67049465625 0.6820161312499999 0.6665770906249999 0.6916353125000001 0.670591778125 0.758314103125 0.6609375 0.8057515937499999 0.6609375 0.8099116546874999 0.6674280703125 0.876614415625 0.6707115953125 0.8896379890624999 0.674484203125 0.89375 0.6880249359375 0.89375 0.6904800156249999 0.8903467828125 0.6904800156249999 0.77749700625
1 0.748524784375 0.7658361984375001 0.7554787468749999 0.6999499078125 0.7513667296875 0.6858285093750001 0.7463201828124999 0.6832933125 0.73927970625 0.6882382984375 0.7354358921874999 0.6962663484375 0.732899784375 0.76656394375 0.728125 0.7800785046875001 0.728125 0.8921875 0.737747203125 0.8921875 0.7441181765625 0.8860852765624999 0.7513388984375 0.8691275125000001 0.75430355625 0.8449806625 0.7547903578125 0.8098682531250001 0.7488114453125 0.77875064375 0.748524784375 0.7658361984375001
1 0.6505119109375 0.8658285343750001 0.6503502375 0.8056706203124999 0.6561835546875 0.77872785625 0.6463918718749999 0.752057828125 0.6510470046875 0.6862625421875 0.6502855015625 0.6742436859375001 0.6449999375 0.6664687734375 0.6356033859375 0.6675583421875 0.6299298999999999 0.6764500953125 0.62974675625 0.7514228203125001 0.61875 0.7939701375 0.61875 0.8668588843749999 0.61917570625 0.8700777078125 0.6224551703125 0.8857548093750001 0.6255294515625 0.8890625 0.6361315875 0.8890625 0.641411709375 0.8877377984375 0.6505119109375 0.8658285343750001
1 0.7274287359375 0.8456386968749999 0.7261369375 0.8124740609375 0.7274287359375 0.8003176390625001 0.7274287359375 0.7904505484375 0.7206000031249999 0.756174459375 0.72398188125 0.7106767734374999 0.7233640828125 0.694028296875 0.719642834375 0.681192646875 0.7157123421875 0.6771623890625 0.7068743359375 0.6802493609375 0.7030300359374999 0.691033921875 0.704985778125 0.7585719484375 0.696875 0.78919375625 0.696875 0.8628156078125 0.7015571140625 0.8855693015625 0.7040959296875 0.8890625 0.7204597328125001 0.8890625 0.7229058937499999 0.8838976734375 0.7274287359375 0.8622520734375 0.7274287359375 0.8456386968749999
1 0.80537319375 0.7576630468750001 0.8030554265625 0.7139757 0.803998184375 0.688049775 0.8017302468749999 0.6811053296875 0.7962845703125 0.6774016265625 0.790792746875 0.6811053296875 0.7865271953125 0.6917534765625 0.79068071875 0.7565682921875 0.78543943125 0.772309034375 0.7828125 0.788068759375 0.7828125 0.8550394828125001 0.7854790515625 0.8704571812499999 0.788325503125 0.875 0.788473571875 0.875 0.8038664375 0.860734959375 0.80537319375 0.8563850765625001 0.80537319375 0.7576630468750001