1 0.044742729687499996 0.5408277406249999 0.058165548437500006 0.5162192390625 0.0648769578125 0.4904921703125 0.061521253124999994 0.44351230468749997 0.0520134234375 0.43400447499999995 0.0436241609375 0.4546979859375 0.0369127515625 0.49272930625000005 0.0380313203125 0.5329977625 0.044742729687499996 0.5408277406249999
1 0.154362415625 0.2455257265625 0.1465324390625 0.230984340625 0.1325503359375 0.2181208046875 0.106823265625 0.210290828125 0.093400446875 0.21252796406250002 0.0777404921875 0.22035794218750002 0.065995525 0.23322147656249997 0.059284115625 0.2522371359375 0.060402684375 0.271252796875 0.0782997765625 0.31040268437499996 0.0827740484375 0.33389261718749996 0.11465324375 0.3400447421875 0.1319910515625 0.3540268453125 0.1387024609375 0.3674496640625 0.140939596875 0.4010067109375 0.128635346875 0.44351230468749997 0.1319910515625 0.4793064875 0.14765100625 0.5162192390625 0.1935123046875 0.5866890375 0.2046979859375 0.554250559375 0.2069351234375 0.501677853125 0.1935123046875 0.446868009375 0.156599553125 0.38646532499999997 0.143176734375 0.3495525734375 0.140939596875 0.3182326625 0.155480984375 0.2723713640625 0.154362415625 0.2455257265625
1 0.23489932812499997 0.5564876953125 0.2393736015625 0.5576062640624999 0.2662192390625 0.5095078296875 0.2740492171875 0.4837807609375 0.2740492171875 0.4379194625 0.2611856828125 0.41051454062500004 0.2393736015625 0.4479865765625 0.23042505625 0.48489932812500003 0.23042505625 0.5363534671875 0.23489932812499997 0.5564876953125
1 0.383668903125 0.5620805375 0.38814317656249997 0.5631991046875 0.3959731546875 0.5229306484375 0.39149888125 0.47035794218750004 0.371364653125 0.418903803125 0.3540268453125 0.3959731546875 0.3400447421875 0.432326621875 0.3422818796875 0.48042505625 0.356823265625 0.5184563765625 0.383668903125 0.5620805375
1 0.27181208125 0.2321029078125 0.263982103125 0.25 0.265100671875 0.27572706875 0.2807606265625 0.3148769578125 0.2818791953125 0.32941834375 0.31375838906250003 0.3288590609375 0.338926175 0.33948545937499996 0.344519015625 0.3081655484375 0.357941834375 0.2734899328125 0.35570469843749997 0.24328859062500002 0.3467561515625 0.22874720312500002 0.3282997765625 0.21588366875 0.31711409375 0.21252796406250002 0.2925055921875 0.21588366875 0.27181208125 0.2321029078125
1 0.572706934375 0.5497762859375 0.5771812078125 0.5497762859375 0.58165548125 0.5251677859375 0.5782997765625 0.47147650937499996 0.565995525 0.4345637578125 0.5531319906250001 0.4161073828125 0.541387025 0.444630871875 0.5425055921874999 0.48825503281250004 0.55480984375 0.52181208125 0.572706934375 0.5497762859375
1 0.42281879218749996 0.5620805375 0.42617449687500003 0.5710290828125 0.4306487703125 0.5721476515624999 0.46196867968750005 0.5240492171875 0.4776286359375 0.4793064875 0.4776286359375 0.43903803124999996 0.46029082812500005 0.3948545859375 0.43288590625 0.43568232656249994 0.41946308749999994 0.4793064875 0.4172259515625 0.5318791953125 0.42281879218749996 0.5620805375
1 0.50727069375 0.21364653281249998 0.48266219218749995 0.21700223749999997 0.465324384375 0.230984340625 0.458612975 0.24328859062500002 0.45525727031249996 0.2667785234375 0.46979865781249996 0.309284115625 0.47203579375000004 0.34395973125 0.4753914984375 0.34619686875 0.493847875 0.3344519015625 0.5313199109375 0.3350111859375 0.533557046875 0.311521253125 0.548098434375 0.2768456375 0.5492170015625 0.2533557046875 0.541387025 0.23434004531250002 0.5206935125000001 0.21700223749999997 0.50727069375 0.21364653281249998
1 0.762863534375 0.5430648765625 0.7673378078125 0.5229306484375 0.7662192390625 0.4893736015625 0.7550335578125 0.446868009375 0.75111856875 0.44519015624999997 0.7449664421875 0.446868009375 0.74272930625 0.498322146875 0.7527964203125 0.5296420578125 0.762863534375 0.5430648765625
1 0.6907158843750001 0.34563758437500003 0.7253914984375001 0.33780760625 0.748322146875 0.2880313203125 0.751677853125 0.26342281875 0.7449664421875 0.24328859062500002 0.729865771875 0.22818791875 0.7142058171875 0.22147650937500002 0.7007829984375 0.22035794218750002 0.6806487703124999 0.22706935156250002 0.6655480984375 0.2410514546875 0.6577181203125 0.257829978125 0.6577181203125 0.28691275156249996 0.6677852343749999 0.3260626390625 0.6655480984375 0.35850111875 0.6510067109375 0.3965324390625 0.6174496640625 0.45022371406249995 0.6029082781249999 0.500559284375 0.6029082781249999 0.5576062640624999 0.6096196875000001 0.5844519015625 0.616331096875 0.593400446875 0.6353467562499999 0.555369128125 0.66219239375 0.5206935125000001 0.6778523484375001 0.48266219218749995 0.6800894859375 0.44574944062500005 0.6666666671875 0.40324384843749994 0.6677852343749999 0.378635346875 0.6733780765625 0.36297539218749997 0.6907158843750001 0.34563758437500003
1 0.9161073828124999 0.3551454140625 0.9194630874999999 0.3327740484375 0.938478746875 0.2880313203125 0.9395973156249999 0.2645413875 0.9351230421875 0.25111856875 0.9222595078125 0.23601789687500002 0.9021252796875 0.22706935156250002 0.88534675625 0.22706935156250002 0.866331096875 0.23489932812499997 0.8478747203125 0.257829978125 0.844519015625 0.282438478125 0.8557046984375001 0.3260626390625 0.8545861296874999 0.365212528125 0.8400447421875 0.4021252796875 0.8008948546875001 0.4647651 0.7908277406249999 0.4960850109375 0.7863534671875 0.5296420578125 0.789709171875 0.57550335625 0.79865771875 0.6057046984375 0.8131991046874999 0.6303131984375 0.831096196875 0.588926175 0.8668903796875 0.5408277406249999 0.8825503359375 0.5061521250000001 0.8881431765625001 0.4647651 0.8780760624999999 0.42449664374999996 0.8791946312500001 0.392058165625 0.885906040625 0.3752796421875 0.9161073828124999 0.3551454140625
1 0.127516778125 0.44239373593750003 0.140939596875 0.3965324390625 0.1375838921875 0.3674496640625 0.129753915625 0.35290827812500003 0.1168903796875 0.3422818796875 0.0989932890625 0.3355704703125 0.081096196875 0.3355704703125 0.059843400000000005 0.344519015625 0.048098434375 0.3562639828125 0.04026845625 0.3741610734375 0.041387025 0.398769575 0.060402684375 0.4368008953125 0.0682326625 0.48042505625 0.059284115625 0.5162192390625 0.0425055921875 0.5441834453125 0.02572706875 0.588926175 0.020134228125 0.6291946312500001 0.021252796875 0.660514540625 0.0357941828125 0.7142058171875 0.06711409375 0.76230425 0.0967561515625 0.7829977625 0.129753915625 0.783557046875 0.1549217 0.7706935125000001 0.181208053125 0.7332214765625 0.19686800937499999 0.6851230421875 0.1991051453125 0.6303131984375 0.1879194625 0.581096196875 0.14876957500000001 0.51957494375 0.129753915625 0.4748322140625 0.127516778125 0.44239373593750003
1 0.33780760625 0.44239373593750003 0.35234899375 0.39765100625 0.35234899375 0.366331096875 0.3467561515625 0.35290827812500003 0.3327740484375 0.33780760625 0.303691275 0.3288590609375 0.2891498875 0.331096196875 0.271252796875 0.34116331093749996 0.256152125 0.3674496640625 0.25727069375 0.39541387031249997 0.2740492171875 0.4345637578125 0.276286353125 0.4748322140625 0.2673378078125 0.5095078296875 0.2382550328125 0.5620805375 0.23154362343749998 0.5822147656250001 0.2248322140625 0.6180089484375 0.2248322140625 0.6549216999999999 0.237136465625 0.7063758390625 0.262863534375 0.7522371359375 0.2891498875 0.7751677859375 0.31767337812499996 0.7790827734375 0.34619686875 0.76957494375 0.37695749375 0.729865771875 0.3959731546875 0.6761744968750001 0.398210290625 0.6224832218749999 0.384787471875 0.5654362421875 0.3534675609375 0.513982103125 0.338926175 0.47147650937499996 0.33780760625 0.44239373593750003
1 0.54026845625 0.4815436234375 0.541387025 0.43903803124999996 0.5581655484375 0.3965324390625 0.5570469796874999 0.365212528125 0.5363534671875 0.3400447421875 0.5173378078125 0.3333333328125 0.501677853125 0.3333333328125 0.48042505625 0.3422818796875 0.467561521875 0.3562639828125 0.46196867968750005 0.3696868015625 0.46196867968750005 0.3965324390625 0.479865771875 0.4479865765625 0.478747203125 0.4770693515625 0.465324384375 0.51957494375 0.44071588437500003 0.555369128125 0.42617449687500003 0.5922818796875 0.41946308749999994 0.6593959734375 0.4306487703125 0.7119686796875 0.45413870312500004 0.755592840625 0.47035794218750004 0.7729306484375 0.48489932812500003 0.7807606265625 0.5145413875 0.782438478125 0.5441834453125 0.7684563765625 0.572706934375 0.729865771875 0.5883668906249999 0.689597315625 0.59395973125 0.6303131984375 0.5827740484375 0.57326621875 0.572706934375 0.5497762859375 0.5570469796874999 0.528523490625 0.54026845625 0.4815436234375
1 0.7460850109375 0.5162192390625 0.7393736015625 0.48825503281250004 0.74272930625 0.4546979859375 0.763982103125 0.40883668906250004 0.7662192390625 0.3819910515625 0.7533557046875 0.35570469843749997 0.72203579375 0.3400447421875 0.6918344515625 0.3478747203125 0.6711409390624999 0.3696868015625 0.6677852343749999 0.40436241562499997 0.6800894859375 0.4401566 0.6800894859375 0.48266219218749995 0.6633109625 0.5206935125000001 0.6375838921875 0.554250559375 0.6241610734374999 0.579977628125 0.6096196875000001 0.6437360171875001 0.6129753921875001 0.69519015625 0.6353467562499999 0.7533557046875 0.6638702453125 0.7829977625 0.6817673375 0.7885906046875 0.70246085 0.7880313203125 0.7231543625 0.7818791953125 0.7550335578125 0.7477628640625 0.7762863531249999 0.704138703125 0.7852349000000001 0.6638702453125 0.7852349000000001 0.6191275171874999 0.7807606265625 0.593400446875 0.76957494375 0.56096196875 0.7460850109375 0.5162192390625
1 0.9563758390625001 0.4647651 0.9765100671875 0.42337807656250004 0.9776286359374999 0.390939596875 0.959172259375 0.36465324374999997 0.9435123046875 0.356823265625 0.9267337812499999 0.35458612968750003 0.9021252796875 0.36353467500000003 0.8825503359375 0.38646532499999997 0.8791946312500001 0.42337807656250004 0.8903803124999999 0.46700223750000003 0.8870246078124999 0.49720357968749995 0.8713646531249999 0.5352349000000001 0.831096196875 0.5922818796875 0.8176733781250001 0.62695749375 0.8120805375 0.6571588359375 0.8120805375 0.6996644296875 0.8165548093749999 0.72427293125 0.8366890375 0.7746085015624999 0.8607382546875 0.8020134234375 0.886465325 0.81096196875 0.9049217 0.8104026843750001 0.9300894859375 0.79865771875 0.9642058171875 0.757829978125 0.9821029078124999 0.7186800890625 0.9910514546875 0.6739373609375 0.98769575 0.6168903796875 0.9574944078125001 0.5385906046875 0.9530201343750001 0.4949664421875 0.9563758390625001 0.4647651