1 0.1594697359375 0 0.1589720140625 0.1004937328125 0.129892221875 0.1932052109375 0.129892221875 0.363152590625 0.137605728125 0.3980502171875 0.1419224859375 0.403009221875 0.16451045625 0.403125 0.1746523015625 0.403125 0.18187013125 0.4019451546875 0.186658084375 0.39341090625 0.208223478125 0.3187300609375 0.21574177187500002 0.2748673046875 0.2171875 0.2334670859375 0.2171875 0.22039207656249998 0.1964484640625 0.113051084375 0.19807146874999998 0.0665743234375 0.209270378125 0.0030290625 0.2093761546875 0 0.1594697359375 0
1 0.31627461874999996 0 0.3236557859375 0.0799821 0.32298253125 0.1084794921875 0.29931190937499996 0.201595915625 0.29780334375 0.27658752343750004 0.3073171796875 0.3305198125 0.324110328125 0.390408378125 0.32800592968750003 0.39375 0.368405115625 0.39375 0.3734375 0.38363611249999996 0.3734375 0.154092009375 0.359354071875 0.0947709796875 0.36530400625000004 0.007756279687500001 0.3649427515625 0 0.31627461874999996 0
1 0.4449308375 0 0.44093415 0.1001837265625 0.4179894078125 0.1648361234375 0.4179894078125 0.3859375 0.4527403671875 0.3859375 0.45964399375 0.3778156734375 0.4812568578125 0.31264044375 0.49161166562499997 0.2649904640625 0.49375 0.23441088125 0.49375 0.22103723125000002 0.49164388125 0.192793565625 0.476305121875 0.11085595468750001 0.47934541875000003 0.06737769375 0.49285344374999995 0.0033291109375 0.4930862375 0 0.4449308375 0
1 0.3656756546875 0 0.3661705046875 0.0354944234375 0.3608248609375 0.057878448437499994 0.3604389390625 0.11331579843749999 0.38275099687499997 0.193125171875 0.3881905796875 0.24267025625 0.3868919046875 0.301088653125 0.3758880953125 0.3578125 0.400069521875 0.3578125 0.4061133703125 0.34338185625 0.4125 0.3146128890625 0.4125 0.1542195046875 0.3967845828125 0.09147288125 0.395214128125 0.0374998671875 0.4010416859375 0 0.3656756546875 0
1 0.2099322109375 0 0.209304146875 0.0766276078125 0.20492616406250003 0.092602715625 0.20492616406250003 0.15830275 0.2140504265625 0.20608721874999997 0.2158897203125 0.23473019687500002 0.20989632187499999 0.3080362421875 0.20492616406250003 0.3271169265625 0.20492616406250003 0.36875 0.2286134421875 0.36875 0.23506362812499998 0.3544287609375 0.2573013875 0.27596424375 0.2625 0.2389075765625 0.2625 0.22212983749999998 0.26115004218750004 0.18151147031249998 0.24387651875 0.088956634375 0.254285078125 0 0.2099322109375 0
1 0.113211671875 0.3274603125 0.113211671875 0.3375 0.13125 0.3375 0.13125 0.28499905000000003 0.131209378125 0.2842738609375 0.126761796875 0.283367090625 0.113211671875 0.3274603125
1 0.125889828125 0 0.131042509375 0.060714679687499995 0.11936391875 0.11858335625000001 0.1378686015625 0.1790272953125 0.1436545546875 0.2109375 0.1453654390625 0.2109375 0.165625 0.1371985078125 0.165625 0.0642354578125 0.1651646875 0.0615343609375 0.16333148125000002 0 0.125889828125 0
1 0.064582715625 0 0.067054071875 0.0715292140625 0.063609190625 0.097068834375 0.0357364859375 0.1852876125 0.0357364859375 0.3020627 0.047767828125 0.374622159375 0.0878905109375 0.378125 0.0908090046875 0.378125 0.10105569375000001 0.3572052859375 0.1203125 0.2835253953125 0.1203125 0.1868215640625 0.10176620624999999 0.08741004062499999 0.1098322453125 0 0.064582715625 0
1 0 0 0 0.1795844140625 0.0024000375 0.182939740625 0.0118411828125 0.2052888578125 0.020243090624999998 0.2426653859375 0.022260693749999998 0.27414964375 0.0191822203125 0.3042219265625 0.0049684328125000005 0.3479969234375 0.011796921875 0.353125 0.01192283125 0.353125 0.034375 0.35201462656250004 0.034375 0.10618079062500001 0.0242903890625 0.0714890171875 0.022600253125 0.029492551562500004 0.02524276875 0 0 0
2 1 0.37580749999999996 0.5881341140625 0.37580749999999996 0.5822369078125 0.3782074625 0.5552505765625 0.3771652640625 0.5390625 0.3802159828125 0.5390625 0.5534079015625 0.7169771109375 0.537714321875 1 0.5191814906250001 1 0.37580749999999996
1 0.25 0.940625 0.25 0.8609900953124999 0.2449021234375 0.8414025390625 0.2443945921875 0.796949003125 0.2299091234375 0.796338646875 0.2338352484375 0.8386883953125001 0.2269233984375 0.8748495046875 0.227500609375 0.904020715625 0.233740634375 0.9373267796875 0.2357560984375 0.940625 0.25 0.940625
1 0.271875 0.872782125 0.2688127640625 0.8537721250000001 0.271875 0.8279101734375001 0.271875 0.797394765625 0.26464014375 0.7957511687500001 0.25814948437499996 0.8045060390625001 0.25806950624999997 0.850484925 0.2524943484375 0.8706036921875 0.2524943484375 0.95130380625 0.257176375 0.953125 0.263210071875 0.953125 0.2713807546875 0.9291359968750001 0.271875 0.9248444875 0.271875 0.872782125
1 0.309375 0.8871278984375 0.3082852 0.8764780203125 0.3035452828125 0.85491751875 0.3090513703125 0.831670303125 0.309375 0.8165394609375 0.309375 0.8110318 0.30239204062499997 0.8069842656249999 0.2958747546875 0.8109200390625 0.2910498140625 0.8346059499999999 0.291373034375 0.860950575 0.286427371875 0.8776173203125 0.286427371875 0.9578125 0.2954716421875 0.9578125 0.30736495625 0.9225910703124999 0.309375 0.9044989546875 0.309375 0.8871278984375
1 0.32371066718749997 0.9359802921875 0.33006849531250004 0.9666313031249999 0.33156874375 0.96875 0.34375 0.96875 0.34375 0.8825693890625 0.3429717171875 0.8795732109374998 0.340678315625 0.8434634609374999 0.3383133546875 0.8191303421875 0.3315536328125 0.814595665625 0.3273068515625 0.8180474656250001 0.32687301562500004 0.8388058046874999 0.3310650421875 0.8666994875 0.32302365625 0.9123691812500001 0.32371066718749997 0.9359802921875
1 0.413464709375 0.9515625 0.414506109375 0.9508958421875 0.41897828906249995 0.937211671875 0.4234375 0.905795609375 0.4234375 0.8916415609375001 0.415851946875 0.8410098453125 0.4212296140625 0.8051034515625 0.41886309375 0.795932371875 0.41110718437499993 0.794134046875 0.40566120781250004 0.8028956921875 0.4067488640625 0.8530594671875 0.39898366093750004 0.8768197687499999 0.39898366093750004 0.9487579765625 0.40082776249999996 0.9515625 0.413464709375 0.9515625
1 0.459375 0.8838703859375 0.45680052812499994 0.8615030859375 0.45293487499999996 0.8420610140625 0.4567809953125 0.8142519343749999 0.458483603125 0.7963095265625 0.4449639515625 0.79375 0.444957240625 0.79375 0.44232686093750007 0.8130088734375001 0.44365699375 0.84034474375 0.437511253125 0.8567966625000001 0.437511253125 0.9406226562500001 0.44092551718750006 0.9421875 0.4449696890625 0.9421875 0.450139803125 0.9380307578125 0.45326052031249997 0.9270014921874999 0.459375 0.8842038437499999 0.459375 0.8838703859375
1 0.365899903125 0.8810640609375 0.3633980546875 0.9009774421875001 0.36263959218749997 0.9139823390625 0.3653677546875 0.9300940437499999 0.371868825 0.95625 0.3884854078125 0.95625 0.3890625 0.9551040687500001 0.3890625 0.87585938125 0.382737425 0.8565701390625 0.3821085046875 0.8225975140624999 0.381951965625 0.8060577609375 0.3759073765625 0.8030452531249999 0.373024603125 0.8030452531249999 0.3709804796875 0.8034508859375 0.3666941734375 0.8088601921875 0.3680118921875 0.83471794375 0.37107526874999996 0.8587099984375 0.365899903125 0.8810640609375
1 0.34375439218750004 0.9546875 0.34390887187499997 0.9546875 0.35 0.9330086359375 0.35 0.879189365625 0.34808079687500004 0.8694468093750001 0.3445371828125 0.85070760625 0.3459540046875 0.8286718734375 0.3473445359375 0.8022923890625 0.34422900625 0.7953125 0.340615421875 0.7953125 0.3353442546875 0.796253759375 0.3333999984375 0.8087142343749999 0.3379021515625 0.8168897953125 0.339945053125 0.832903828125 0.33896439843750004 0.8595175578124999 0.3402889796875 0.8723341843749999 0.3430902375 0.8892521296875 0.3465697984375 0.91166094375 0.34391230156249997 0.945640984375 0.34375439218750004 0.9546875
1 0.028806500000000002 0.93644058125 0.029651240625000002 0.9375 0.0390625 0.9375 0.0390625 0.8431564968749999 0.037330960937500005 0.8375703703124999 0.036826581250000004 0.7930850125 0.021458701562499998 0.7912676 0.0189468359375 0.7947875515625 0.020014885937499997 0.81145421875 0.0250089703125 0.8405663375 0.018729326562500002 0.876827453125 0.01946114375 0.9004522015624999 0.028806500000000002 0.93644058125
1 0.6965665921874999 0.8967347453125001 0.6984375 0.8958110937499999 0.6984375 0.785900171875 0.6919118734375 0.7672846640625 0.689971875 0.7042571640624999 0.6858141171875001 0.6972623390624999 0.6809513625 0.6953125 0.6771427953125 0.6953125 0.6714627953125 0.6985179171875 0.6684588687499999 0.7113336015625 0.67571584375 0.7764930718749999 0.668013775 0.81266125 0.668370665625 0.8386014890624999 0.671246653125 0.858261328125 0.6831627124999999 0.894444571875 0.6855671515624999 0.896875 0.6935713609375 0.896875 0.6965665921874999 0.8967347453125001
1 0.7828125 0.7501156859375 0.7793637359375 0.7363316453125 0.7828125 0.6944142140625 0.7828125 0.6868665484375 0.779868646875 0.68086805625 0.772846025 0.6796875 0.7724326234375 0.6796875 0.7666366375 0.6907396921875 0.7682736953125 0.725870140625 0.766584184375 0.7414475890625 0.7624500296875001 0.7558749140625001 0.7624500296875001 0.8239353749999999 0.76378179375 0.8296875 0.7646868796875 0.8296875 0.7766893453125 0.8293181125 0.7828125 0.8102139843749999 0.7828125 0.7501156859375
1 0.7383581046875001 0.7896870500000001 0.7429533968750001 0.8267073890625 0.7484685078125001 0.84649118125 0.7489156171875 0.846875 0.7625 0.846875 0.7625 0.7582862171875 0.7580860328125001 0.7447711671875 0.7580955796875 0.6956622 0.7539831234375 0.6875013078125 0.749844403125 0.68494070625 0.7436501734375 0.687561421875 0.7402598234375001 0.69490440625 0.7450834015625001 0.7491546140625001 0.7379168187499999 0.780212459375 0.7383581046875001 0.7896870500000001
1 0.7219768171875 0.8455091093749999 0.7234375 0.8391669609375001 0.7234375 0.7781547109375 0.7186944953125 0.760671325 0.7234375 0.7127803828125 0.7234375 0.6991310421875 0.7197514203125 0.692022084375 0.714131353125 0.6900320609375 0.707078021875 0.6961845328124999 0.703485 0.7063867671875 0.705608 0.7419150453125 0.7037691203125 0.75997616875 0.6981370171875 0.7761225015625 0.6981370171875 0.8671875 0.7148972390624999 0.8671875 0.7219768171875 0.8455091093749999
1 0.623759290625 0.8547149031250001 0.6289613453125 0.8330413968749999 0.6296875 0.8241456234375001 0.6296875 0.799067015625 0.6217931671875 0.752638090625 0.6283079453125 0.7008649421875 0.62452986875 0.6945804250000001 0.621406228125 0.69375 0.6171226890625 0.69375 0.613622865625 0.6950248515624999 0.6085089109374999 0.7051055359375 0.6075237312499999 0.7592287578125 0.60073224375 0.7803981859375 0.60073224375 0.8772942921875 0.6013381921875001 0.878125 0.6045460390625 0.878125 0.6121723453125 0.877507034375 0.61833473125 0.8721051671875 0.623759290625 0.8547149031250001
1 0.6602793609375001 0.8515625 0.6645655546875 0.8515625 0.66356495625 0.817174078125 0.665625 0.8067716812500001 0.665625 0.691312703125 0.6612031875 0.686708175 0.655512784375 0.6883306234375001 0.650996734375 0.7007346875 0.656067709375 0.7369805359375 0.6559948984374999 0.7541970484375 0.647837596875 0.78935110625 0.6483889625 0.8083002890625 0.6530840078125 0.8316262468750001 0.6588018468750001 0.8506656093749999 0.6602793609375001 0.8515625
1 0.7015625 0.749051309375 0.6995251390625 0.742358996875 0.7015625 0.7029534140625 0.7015625 0.6892707437500001 0.6930665171875 0.6820304937499999 0.6883337093749999 0.685235121875 0.6854521531250001 0.6924210140625 0.6878435796875 0.718441315625 0.685063353125 0.74666745625 0.685063353125 0.7822867109375 0.6919321265625 0.8015625 0.6945157953125001 0.8015625 0.7015625 0.7718344765625 0.7015625 0.749051309375
1 0.6064018531250001 0.7073863125 0.6127286859375001 0.6950875203125 0.61875 0.6915834000000001 0.61875 0.6907487046874999 0.6163217078125001 0.6848518359375 0.612423796875 0.6829888578125 0.6070766328125 0.6853924203125 0.6028333359375 0.69258339375 0.6030854734375 0.7383539734375 0.596875 0.7602148375000001 0.596875 0.790625 0.5973003171875 0.790625 0.6069268921875001 0.757483571875 0.6064018531250001 0.7073863125
1 0.5738487921875001 0.857849509375 0.5756280390625 0.859375 0.5857824703125 0.859375 0.5890625 0.8563271390625001 0.5890625 0.7724935562499999 0.5810831875 0.7528932687500001 0.58005531875 0.69941745625 0.5765646125 0.6914371828125 0.56892644375 0.68760878125 0.5649782671875 0.6895889421875 0.5605024281250001 0.6998068875 0.5667669640625 0.7546742703125 0.5595600265625 0.7896791328124999 0.5607533015625 0.8189642312500001 0.5738487921875001 0.857849509375