1 0.17230580625 0.5390625 0.175934015625 0.5217310234375 0.18125 0.48466309531249996 0.18125 0.3928982390625 0.178525684375 0.37055676718749997 0.160307140625 0.2905276484375 0.16788157343750001 0.14045599375 0.1585826765625 0.1167377328125 0.149874465625 0.113304896875 0.1391531953125 0.113304896875 0.1319160109375 0.11875841250000001 0.122864334375 0.145347371875 0.126991046875 0.2915720171875 0.10418663125000001 0.3909915953125 0.102420215625 0.4192406421875 0.102420215625 0.502951984375 0.10510068125000001 0.5270984515625 0.10754315625 0.5390625 0.17230580625 0.5390625
1 0.25594240468749996 0.5390625 0.2575545171875 0.5327454703125001 0.26587189375000003 0.4793103171875 0.2671875 0.4510637296875 0.2671875 0.4360749859375 0.2651552828125 0.405308971875 0.2480426875 0.30790938749999996 0.2500437203125 0.26494642343749997 0.2600914421875 0.1922374640625 0.2609831359375 0.1552149734375 0.253233653125 0.1338862234375 0.24072050156250002 0.128125 0.23580290312500002 0.128125 0.2248313171875 0.1358622640625 0.21480479687499998 0.1634224046875 0.213876021875 0.30850576875 0.193966753125 0.382494975 0.193966753125 0.5390625 0.25594240468749996 0.5390625
1 0.3703125 0.5390625 0.3703125 0.3497911 0.362581025 0.32438295156249997 0.358379896875 0.27993850781249996 0.35961056875 0.2191977671875 0.35473587812499996 0.16586443281250002 0.3453037046875 0.1458644328125 0.3272424015625 0.13845702499999998 0.3185247765625 0.1443829515625 0.3101849203125 0.171790359375 0.31310367656250004 0.210308878125 0.3256078609375 0.2873459140625 0.3274687671875 0.3229014703125 0.3110005234375 0.4354940640625 0.3134399625 0.5006792484375 0.319579796875 0.537716284375 0.31995491249999997 0.5390625 0.3703125 0.5390625
1 0.38394011875 0.1208192390625 0.3692224921875 0.1171875 0.367362440625 0.1171875 0.358313975 0.12453387499999999 0.352629178125 0.144739978125 0.36539425312499996 0.26758170312499996 0.36484885 0.3314308921875 0.3785782796875 0.38447325625 0.39075378125000004 0.415293396875 0.396875 0.451863778125 0.396875 0.1521265453125 0.3950255828125 0.1420218734375 0.38394011875 0.1208192390625
1 0.44138930312499997 0.5390625 0.4421875 0.529548715625 0.4421875 0.4159354546875 0.42879846875 0.33577480937500004 0.43325583281249996 0.2735865421875 0.44136214687499997 0.2204569421875 0.4421875 0.1779558171875 0.4421875 0.17739906249999998 0.433865609375 0.155554096875 0.4166244671875 0.15039658281249998 0.4047273203125 0.1610492875 0.3956741640625 0.1874103546875 0.395063234375 0.326975215625 0.379317296875 0.3862368875 0.379317296875 0.5390625 0.44138930312499997 0.5390625
1 0.49375 0.5390625 0.49375 0.345142290625 0.48378560156250006 0.3105877328125 0.48039010937500004 0.26176686718750003 0.4829625125 0.199068475 0.480710921875 0.1561055125 0.468024559375 0.12961643437499998 0.4556912140625 0.127365759375 0.4502280609375 0.127365759375 0.4423465078125 0.134688153125 0.43790035781250003 0.15364883125 0.4462544109375 0.16933290781250002 0.4496861015625 0.1869066125 0.44835595625 0.273308709375 0.4513839625 0.3310864875 0.472998940625 0.4081764921875 0.48436028125 0.4652740265625 0.4867878765625 0.5275642734375 0.4857303375 0.5390625 0.49375 0.5390625
1 0.55 0.1434401390625 0.539977375 0.1458767390625 0.5290118125000001 0.170321184375 0.5286094421875001 0.2073582203125 0.5361725171875 0.284395259375 0.5366207203125 0.3229137765625 0.518419415625 0.405876740625 0.51685618125 0.41476562812499995 0.519143753125 0.41875 0.5196434859375 0.41875 0.5304079374999999 0.3977285921875 0.5419366937500001 0.38587673906250003 0.55 0.3838707484375 0.55 0.1434401390625
0 0.55 0.5390625 0.55 0.37855586093750004 0.5390493078125 0.3821724484375 0.5192647859374999 0.400590440625 0.503398471875 0.426996525 0.4921875 0.45719017656250005 0.4921875 0.5390625 0.55 0.5390625
1 0 0.5390625 0 0.88658050625 0.0035450578125 0.8825636812500001 0.0125571578125 0.8235988828125 0.0171875 0.7229363 0.0171875 0.6950974875 0.004390421875 0.59525311875 0.0063628734374999996 0.5390625 0 0.5390625
1 0.03010809375 0.5390625 0.0278494203125 0.6329782374999999 0.0180342828125 0.678973634375 0.0180342828125 0.9375 0.037729081250000004 0.9375 0.042404096875000005 0.9283170140625 0.052329915625 0.8761027671875 0.057238628125 0.7885882171875 0.0625 0.7449232234375 0.0625 0.718856353125 0.053391656249999996 0.6387773140624999 0.0601327296875 0.5390625 0.03010809375 0.5390625
1 0.13184558125 0.5390625 0.137052025 0.590316134375 0.13361252343750002 0.6548994671875 0.136182378125 0.677816134375 0.1484375 0.72979406875 0.1484375 0.5390625 0.13184558125 0.5390625
1 0.09233019375 0.5390625 0.1048467859375 0.6606985828124999 0.0966122828125 0.7340032109375001 0.096023459375 0.8091729421875 0.1016642625 0.8778986937500001 0.1132666515625 0.928125 0.1147172796875 0.928125 0.1314019390625 0.9031280718750001 0.134375 0.90167263125 0.134375 0.6890233953125 0.126513453125 0.6600681500000001 0.1241056984375 0.5390625 0.09233019375 0.5390625
1 0.1475794109375 0.5390625 0.1413509765625 0.7031462515625 0.13250915000000002 0.7398385140625 0.13250915000000002 0.915961790625 0.137420909375 0.9212111234375 0.1581083453125 0.978125 0.16008073437499998 0.978125 0.173504946875 0.91119590625 0.178125 0.8452344109375 0.178125 0.83291121875 0.1759067078125 0.7839088375000001 0.166941628125 0.7083655484375 0.178125 0.589745203125 0.178125 0.5390625 0.1475794109375 0.5390625
1 0.2516847859375 0.5390625 0.261502421875 0.6709157359375 0.2489557796875 0.7828289375 0.2505646 0.8454649875 0.2577883890625 0.9034582 0.2726614859375 0.9796572156250001 0.27760874687500003 0.9859375 0.2921875 0.9859375 0.2921875 0.6917322078125 0.287335753125 0.6688069796875 0.28391337656250004 0.5390625 0.2516847859375 0.5390625
1 0.1842473265625 0.5390625 0.188312278125 0.637044275 0.1821304453125 0.6787109390625 0.1824455890625 0.705794271875 0.20218494687500002 0.8266276078124999 0.2036728078125 0.8828776078124999 0.20020915156250002 0.9432942718749999 0.20628732031250002 0.9453125 0.21387847031249999 0.9453125 0.21927885156250002 0.9349609390625 0.225 0.8944730312499999 0.225 0.7074413421875001 0.21336076093749998 0.6412109390625 0.21493292656250002 0.5390625 0.1842473265625 0.5390625
1 0.2811149484375 0.5390625 0.2754497625 0.6217120375 0.2754497625 0.6813646046875 0.2880676140625 0.7965456203125 0.28749473281250004 0.8569913875000001 0.28142507499999997 0.9109375 0.2927176890625 0.9109375 0.29466430312499997 0.9072823937500001 0.3061190078125 0.845131603125 0.31115849687499997 0.80777710625 0.3125 0.772079571875 0.3125 0.7412448390625 0.299737765625 0.617640859375 0.3037841515625 0.5390625 0.2811149484375 0.5390625
1 0.3434425203125 0.5390625 0.350592 0.6510826578125 0.33658802187500003 0.7559434406250001 0.3376378140625 0.822483815625 0.341665821875 0.860173253125 0.3596525078125 0.9549967390624999 0.36723730468750004 0.9578125 0.3828125 0.9578125 0.3828125 0.6886830703125 0.37676489062499996 0.6613735234375 0.37491368281250004 0.5390625 0.3434425203125 0.5390625
1 0.4313118828125 0.5390625 0.4376406859375 0.6231942421875 0.42570901406250006 0.7290369234374999 0.42720865 0.7894147968749999 0.43316237187500006 0.8394923828125 0.4497723609375 0.9203125 0.4671875 0.9203125 0.4671875 0.6502313203125001 0.4607556546875 0.6195706640624999 0.459462875 0.5390625 0.4313118828125 0.5390625
0 0.17902102656250002 1 0.176890775 0.964693446875 0.1639569640625 0.92463590625 0.1420558125 0.8971013687500001 0.11050908906250001 0.8971013687500001 0.0911507859375 0.9105591984375 0.0789569640625 0.9276041750000001 0.0592207140625 0.9708799671874999 0.0523412125 0.9982282015624999 0.0523412125 1 0.17902102656250002 1
1 0.58342965 1 0.5823261015625001 0.9706814203124999 0.576430990625 0.9581814203124999 0.5720538375 0.9554036453125001 0.5654233296875 0.9572554984374999 0.56156293125 0.97160735 0.5636975015625 0.9929036453125001 0.56672264375 0.9984591999999999 0.5668393984375 1 0.58342965 1
1 0.6263389109374999 1 0.62621118125 0.9702511984375001 0.6201949375 0.955117390625 0.6134898375 0.953927515625 0.6108808781249999 0.953927515625 0.6061633859375 0.9597008109375 0.6042714359375 0.96996176875 0.6083184578124999 1 0.6263389109374999 1
1 0.653125 1 0.653125 0.9578221124999999 0.6531188046875 0.9578125 0.64996196875 0.9578125 0.6480458046875001 0.9592982671874999 0.6452184328125 0.9702227640625001 0.647594740625 1 0.653125 1