1 0.4593925234375 0 0.4619816015625 0.0195679109375 0.46236995781249995 0.05862131875 0.44115088125 0.153524715625 0.44145481562500005 0.211319034375 0.4481113546875 0.25126278750000003 0.46405847343750006 0.31011108906249996 0.471986590625 0.315625 0.5023187765625 0.315625 0.5087774046875 0.30776793125 0.5125 0.28912901562500004 0.5125 0.11659535624999999 0.49573965937500003 0.060765654687500004 0.49321341875 0.019332131250000002 0.4945376890625 0 0.4593925234375 0
1 0.34654712499999996 0 0.351460603125 0.0263082234375 0.354124584375 0.061464475 0.3369981296875 0.1652252796875 0.33933083750000004 0.209750465625 0.3472151140625 0.25196524062500003 0.3690913453125 0.320812203125 0.3748023359375 0.325 0.4015625 0.325 0.4015625 0.1058040390625 0.3912460765625 0.07729855 0.386865921875 0.0538459015625 0.3842491765625 0.01244268125 0.384668478125 0 0.34654712499999996 0
1 0 0 0 0.287458915625 0.005684150000000001 0.290308015625 0.0170124734375 0.30053395625 0.019237009375 0.3078125 0.0211374234375 0.3078125 0.0390625 0.24186743437499997 0.0390625 0.1466269953125 0.029984496875 0.1103041265625 0.02383383125 0.0680651140625 0.026987909375 0.018846364062500003 0.029942265625 0 0 0
1 0.097290025 0 0.0985235578125 0.026371479687499998 0.09538415781250001 0.0787546953125 0.0910026625 0.096486646875 0.078527584375 0.13046686875 0.078527584375 0.35 0.11766866718749999 0.35 0.1189427203125 0.34835772343750004 0.1412108390625 0.2770038640625 0.14901226875 0.2328278125 0.15 0.2187025796875 0.15 0.19465266875 0.14839288125 0.166808146875 0.145646603125 0.146179915625 0.14109383125 0.136410253125 0.13497487187499999 0.11159950625 0.1312670265625 0.08225912656249999 0.134981890625 0.0291341265625 0.1408109203125 0 0.097290025 0
1 0.2230109421875 0 0.22469401875 0.0177722078125 0.2257747140625 0.059169365625000005 0.2229069171875 0.08184076875 0.20340239218749998 0.14679360156250001 0.1993451234375 0.1668901765625 0.1993451234375 0.243255896875 0.20202970156250002 0.26476235312499996 0.2168910859375 0.3302964484375 0.22225106249999999 0.3359375 0.2596085984375 0.3359375 0.265940325 0.32219911562500003 0.28127818437499996 0.25727052499999997 0.2828125 0.2447626390625 0.2828125 0.1646984 0.2804493625 0.14947014375 0.26292926875 0.0886387 0.2595470640625 0.0660036609375 0.260001596875 0.026941159375000003 0.2633524015625 0 0.2230109421875 0
1 0.147046125 0 0.14350259062499998 0.0418753609375 0.1447144078125 0.07156589218750001 0.1528243453125 0.10676456406249998 0.1707275109375 0.1599865265625 0.17623328124999998 0.19517004843750002 0.1763735609375 0.24594523750000002 0.1724134125 0.277167965625 0.1639839703125 0.317738425 0.1636687578125 0.325 0.16706420625 0.325 0.1703248890625 0.3216810359375 0.1741460640625 0.3068615265625 0.178125 0.2850076734375 0.178125 0.13488780312499998 0.160539428125 0.0802505453125 0.15749885156250001 0.0614853953125 0.1561051953125 0.0239823625 0.1580726640625 0 0.147046125 0
1 0.0420554328125 0 0.041629034375 0.0389638390625 0.0436969578125 0.06552936875000001 0.0486623671875 0.088206828125 0.057319114062499996 0.1116867515625 0.0584769828125 0.12262728125 0.06239583125 0.1273359921875 0.0703952375 0.148469134375 0.0764327828125 0.1765625 0.0765625 0.1765625 0.0765625 0.1129470953125 0.0603636234375 0.0656263328125 0.0570923296875 0.0273390234375 0.0582008 0 0.0420554328125 0
1 0.071086578125 0.3000464546875 0.071875 0.3066825734375 0.071875 0.294201553125 0.071086578125 0.3000464546875
1 0.26286526875 0 0.26072813125 0.018011174999999997 0.25944102343750003 0.06021079687500001 0.26395580625 0.08984375156249999 0.2858698515625 0.1723956515625 0.2878395546875 0.1919026609375 0.2865158390625 0.2421875 0.286571634375 0.2421875 0.2890625 0.22387852343749998 0.2890625 0.1496535453125 0.28711605156250003 0.13722728281250002 0.26874784687500003 0.0718204578125 0.2662527640625 0.053100760937500005 0.26645275156250003 0.0187257609375 0.2684665609375 0 0.26286526875 0
1 0.7375206640625 0.4484375 0.74318380625 0.4484375 0.7547668796875 0.4479857015625 0.7603182625 0.43773385 0.7625 0.42550154375 0.7625 0.297137740625 0.7536339578125 0.2637022 0.7533951703125 0.22017762031250002 0.75606763125 0.1942153328125 0.7550619359375 0.166443615625 0.748854165625 0.15401331093749998 0.7406968765624999 0.1515625 0.7396455109375 0.1515625 0.7322359828125 0.15698502187500002 0.7285317609375 0.16860455000000002 0.729065109375 0.1991601046875 0.7333412640625 0.23522879375 0.73330529375 0.2630126296875 0.7207010281249999 0.31687390625 0.7196035843749999 0.3733796296875 0.723213446875 0.4011210453125 0.7328433953125 0.4454624609375 0.7375206640625 0.4484375
1 0.7860785703125 0.38909169062500004 0.79956631875 0.454115603125 0.80173868125 0.45625 0.8255890406249999 0.45625 0.8295806906250001 0.44630955781250004 0.8328125 0.42669478437499997 0.8328125 0.3201457890625 0.8202776374999999 0.27029272187500003 0.8228746749999999 0.1805597265625 0.8170503281249999 0.165186490625 0.8050065078124999 0.16219961562500002 0.7976376109375 0.169938165625 0.7948143265625001 0.18284658125 0.80048596875 0.26994725625 0.7863695515625 0.334489334375 0.784803446875 0.3566751921875 0.7860785703125 0.38909169062500004
1 0.8615567890625 0.19651933906250002 0.8654155203125 0.2270860796875 0.8707297203125 0.2701452890625 0.8614490374999999 0.3469092671875 0.8623826921875001 0.3867119609375 0.8697066671875 0.4284028703125 0.8811271515625 0.4691920921875 0.883921346875 0.471875 0.9 0.471875 0.9 0.3071209328125 0.894814396875 0.2922616359375 0.891697809375 0.2714890453125 0.890459378125 0.23509039999999998 0.8893813406250001 0.20020556250000002 0.885399946875 0.18256069531250002 0.8766195515625 0.1742861453125 0.8692426843749999 0.175809603125 0.8638246531250001 0.18282676250000002 0.8615567890625 0.19651933906250002
1 0.9332575609374999 0.1845044125 0.9285591546875 0.19704093125 0.9259035765625001 0.220902753125 0.9275185640625001 0.24682867812499998 0.9257389046875 0.2773842359375 0.9246941937500001 0.30125074375 0.91779855625 0.321230809375 0.91408924375 0.33254365625000004 0.91408924375 0.48125 0.9380329140625001 0.48125 0.939557134375 0.478310159375 0.9532095453124999 0.42275460625 0.9578125 0.38795137031250004 0.9578125 0.38437624531250003 0.95719160625 0.3451285546875 0.951726428125 0.3216225765625 0.9485647265625001 0.29682867812499997 0.9476139046875 0.2773842359375 0.9504590546875 0.24875406249999998 0.9557528640624999 0.21812497656250002 0.9550903953125001 0.1919479734375 0.9494879781249999 0.182153815625 0.9428742124999999 0.182153815625 0.9332575609374999 0.1845044125
1 1 0.18478829218749998 0.998840246875 0.1870375328125 0.994434221875 0.20072882656250002 0.995068140625 0.2183685640625 0.994725303125 0.23404305937499997 0.9951387703125001 0.2516815140625 0.9927269859375001 0.27663866718749996 0.9893801859375 0.300245125 0.9831155328125 0.3190477234375 0.9831155328125 0.471875 1 0.471875 1 0.18478829218749998
2 0 0.6566071890625 0.33815093125 0.6479966484374999 0.4958664609375 0.6406047765625 0.50257264375 0.6368222875 0.5046875 0.6320203125 0.5046875 0.5519078125 0.5042847453125 0.55151469375 0.1938538484375 0.55151469375 0.12449090625 0.5541669546875 0 0.5556155359375 0 0.6566071890625
1 0.7488905125 0.8589491203125 0.76443184375 0.9435077125 0.7934035843749999 0.9484375 0.7952195046874999 0.9484375 0.79958809375 0.943098628125 0.809375 0.8951370453124999 0.809375 0.7865957859374999 0.8084703953125001 0.7804622703125 0.7932927109375 0.7167370109375 0.7975062875 0.5999976203124999 0.790586865625 0.58410266875 0.77952815 0.57728549375 0.767954859375 0.5857551859375001 0.762447009375 0.6059622546875 0.7689285031249999 0.708685490625 0.748774765625 0.8075511421874999 0.7488905125 0.8589491203125