1 0.461321371875 0 0.45127408437499994 0.00552463125 0.4425532578125 0.0217666546875 0.4391882015625 0.047347146875 0.4417872734375 0.0883585140625 0.4391337609375 0.13279049062499998 0.43387843281249994 0.1550750515625 0.4241964171875 0.18227337500000002 0.4241964171875 0.3765625 0.450984475 0.3765625 0.45565433750000006 0.366636475 0.47368809843750004 0.3075106953125 0.4791960109375 0.2818928015625 0.4796875 0.27667045468749996 0.4796875 0.197765784375 0.467745915625 0.1411681953125 0.46913650156250003 0.11340288437499998 0.4796875 0.05202943125 0.4796875 0.0185914703125 0.47492970625 0.0040020765625 0.4623413765625 0 0.461321371875 0
1 0.17075149218750002 0 0.17282049531250002 0.07857420000000001 0.1603957421875 0.12047236406249999 0.1603957421875 0.2249414265625 0.165261390625 0.25415469218750003 0.1717561 0.26236957968749997 0.1749972203125 0.2625 0.1821696859375 0.2625 0.19401535625 0.2586497421875 0.199818709375 0.2457784546875 0.209375 0.19969544374999998 0.209375 0.12485592812499999 0.1971838125 0.0759280703125 0.2016192234375 0 0.17075149218750002 0
1 0.24959495937499998 0 0.2520662890625 0.028148837500000003 0.26198381875 0.0828926984375 0.2616944984375 0.1006039375 0.24961157812499998 0.1565387 0.249816175 0.204183403125 0.270870703125 0.288248640625 0.273293340625 0.2921875 0.296875 0.2921875 0.296875 0.12860492343750002 0.2874799875 0.10291271093750001 0.283986521875 0.07062395 0.28563771718750003 0.0297124515625 0.2837336578125 0 0.24959495937499998 0
1 0.32694839062500003 0 0.3335558171875 0.0518831015625 0.334413765625 0.08187894375 0.3237693953125 0.12402636874999999 0.321479046875 0.14845003125 0.32529508281249997 0.19401389687499998 0.328478965625 0.2078125 0.332770578125 0.2078125 0.3354852921875 0.18407623281250002 0.348229803125 0.1275009875 0.3493245046875 0.10751345781249999 0.338544134375 0.010813546875 0.34283363125 0 0.32694839062500003 0
1 0.33972432812500003 0 0.3373721765625 0.001976340625 0.33358267656249996 0.015109881250000002 0.332459675 0.1132872421875 0.3197132125 0.15499305624999998 0.3197132125 0.334375 0.3466565515625 0.334375 0.347945453125 0.33321277031249996 0.3666598671875 0.2708783921875 0.3703125 0.239449334375 0.3703125 0.17687969375 0.3592917453125 0.11962969999999999 0.3703125 0.0194383125 0.3703125 0.010222776562499999 0.366064484375 0 0.33972432812500003 0
1 0.41177027343750006 0 0.41568225312499996 0.0853105296875 0.41407267656249996 0.10075783593750001 0.398465015625 0.1518434265625 0.39744813749999996 0.15835420312499998 0.39744813749999996 0.22419305 0.40634147499999995 0.27365816718749997 0.41114316874999995 0.2890625 0.4245063453125 0.2890625 0.422847621875 0.26823638125000004 0.4247287046875 0.2294557453125 0.446875 0.14207194375 0.446875 0.131493771875 0.43925368125 0.0870966671875 0.44526213906249995 0.000808878125 0.44489887812499995 0 0.41177027343750006 0
1 0.5141913671875 0 0.5118234453125 0.0120007015625 0.523753446875 0.1008230984375 0.522605625 0.1253007875 0.5106207687500001 0.1788169734375 0.5100318421875001 0.20106413125000003 0.51666346875 0.2243392828125 0.5220545578125 0.280989328125 0.53160600625 0.31535065625 0.5400772109374999 0.329152275 0.5465218953125001 0.3296875 0.5578125 0.3296875 0.5578125 0.1374320265625 0.550710875 0.1183016640625 0.5480541796875 0.0905321984375 0.5501167296875 0.03824348125 0.5480189249999999 0.00824348125 0.5434855265625 0 0.5141913671875 0
1 0.47209531250000003 0 0.47209531250000003 0.0002676046875 0.48000075000000003 0.012762289062500001 0.48370452343750003 0.032562678125 0.474398578125 0.13175098125 0.4772910765625 0.1549179734375 0.48697763437499997 0.184375 0.4897286109375 0.184375 0.5078125 0.12271734375000001 0.5078125 0.119729965625 0.4960150796875 0.0752639109375 0.5011105406249999 0 0.47209531250000003 0
1 0.8996394578124999 0.3458317796875 0.9015625 0.33039585 0.9015625 0.275938021875 0.8978420046875 0.245995421875 0.9015625 0.210049678125 0.9015625 0.160844659375 0.9010167796874999 0.159480440625 0.8923731 0.1568572140625 0.8863632828125001 0.1606609203125 0.8804681750000001 0.1732472859375 0.8777399921875 0.24357220000000002 0.87153538125 0.26358923125 0.87153538125 0.3875 0.886212421875 0.3875 0.8883593015625 0.3848661296875 0.8996394578124999 0.3458317796875
1 0.8510190312500001 0.385618525 0.8575277031249999 0.3781020234375 0.8640625 0.34787901250000003 0.8640625 0.2649027453125 0.8596443078125 0.2429622953125 0.8640625 0.1868167125 0.8640625 0.1676803171875 0.8617569546875 0.1601055609375 0.8519242968749999 0.15625 0.8494998062500001 0.15625 0.8456757890625 0.1585355359375 0.8409738671875001 0.16648318125 0.8396735281249998 0.17390877031250002 0.840373475 0.24329866875 0.8322189999999999 0.27187954375 0.8322189999999999 0.3791114296875 0.8324630359375 0.3803902515625 0.8373879625 0.3859375 0.8449142234375 0.3859375 0.8510190312500001 0.385618525
1 0.818941703125 0.29111095 0.829206746875 0.3054364859375 0.831623859375 0.3109375 0.8328125 0.3109375 0.8328125 0.23995520781250002 0.8324569671875001 0.2386586015625 0.8300900953125 0.1693111890625 0.8255014812500001 0.158481103125 0.8138058062500001 0.1542437203125 0.80877548125 0.1567789140625 0.805432921875 0.165393275 0.812263140625 0.239564384375 0.8065405890624999 0.27991699375 0.818941703125 0.29111095
0 0.777336815625 0.415961834375 0.7792553375 0.4171875 0.81151464375 0.4171875 0.8187123281249999 0.410648690625 0.828125 0.39070891093750004 0.828125 0.329635240625 0.8226589234375 0.3120906046875 0.80823731875 0.290254078125 0.7984741125 0.282792128125 0.7766961640625001 0.2845167140625 0.7648269984375 0.2964810296875 0.7549635390625 0.32187884375000003 0.7524823234375 0.3440798546875 0.75631258125 0.377425309375 0.761207134375 0.3913384390625 0.777336815625 0.415961834375
2 0.56875 1 0.56875 0.917029084375 0.26396102187500003 0.917029084375 0.1624206890625 0.9204960578125 0.0369997140625 0.9282334921875 0.032031564062500004 0.9320190187499999 0.0297525921875 0.93806935625 0.025800134375 1 0.56875 1
1 0.48836874531249996 0.7963669421875 0.4871400515625 0.8315521265625 0.47413026093750005 0.8809032265625 0.47413026093750005 0.91875 0.5195825562499999 0.91875 0.525 0.918364315625 0.525 0.896423190625 0.51262855 0.8320325859375 0.512168896875 0.8153841 0.5204813015624999 0.7264043 0.5152515671875 0.7047495890625 0.5066560703125 0.69749673125 0.5009269062499999 0.697596734375 0.49288806875 0.7042145843750001 0.48636497343749996 0.719596909375 0.48490644843749997 0.7464578546875 0.48836874531249996 0.7963669421875
2 1 0.8671161203125 0.9118990484375 0.8671161203125 0.8970243734375 0.8676448687499999 0.8049771984374999 0.8674021546875 0.8039137453125 0.8671161203125 0.79091135 0.8671161203125 0.7898730296875 0.8676658015625 0.789177290625 0.8671161203125 0.7443460046875 0.8671161203125 0.7424771984375 0.8684930968749999 0.7382998265625 0.8671161203125 0.7281620765625 0.8671161203125 0.7269223609375001 0.8678399062499998 0.7229631890625 0.8671161203125 0.6851003171875 0.8671161203125 0.679596690625 0.867741278125 0.676071090625 0.8671161203125 0.6456093484375 0.8671161203125 0.6326515265625 0.869485409375 0.627649159375 0.8671161203125 0.6222831765625 0.8671161203125 0.6159848609375 0.8697763281250002 0.6046660234375001 0.8671161203125 0.591331828125 0.8671161203125 0.588971690625 0.8693231453125 0.56875 0.8679275171875 0.56875 0.9706626359375001 0.6907691437500001 0.967413996875 0.999342659375 0.9657266296875001 1 0.9651119343750001 1 0.8671161203125