1 0.5410851609375 0 0.5421464234375 0.018977096875 0.5519421734375001 0.06901034218749999 0.554220959375 0.10567285312500001 0.5432117265625 0.1544744765625 0.5410347078125 0.1977745625 0.5456377531250001 0.236671765625 0.5570321640625 0.2800508078125 0.5676102843749999 0.3134298546875 0.5738973078125 0.3171875 0.59217068125 0.3171875 0.59217068125 0.13163003281250002 0.580547525 0.0958307671875 0.577747159375 0.0702710546875 0.5795726859375 0.0314112546875 0.5776023 0 0.5410851609375 0
1 0.436945090625 0 0.43387298906250005 0.0055214125000000005 0.4295719375 0.037432765624999996 0.4353143484375 0.07502765156249999 0.438631828125 0.10916242031250001 0.4372831921875 0.14269233125 0.4314021515625 0.1602428859375 0.41758510937500004 0.18462915156249998 0.4171875 0.1990742203125 0.4171875 0.25319526875 0.4222914453125 0.2864657671875 0.4256876765625 0.32330712500000003 0.43707241406249997 0.355117165625 0.44160340312499996 0.3625 0.4785109671875 0.3625 0.48083364843750004 0.3613516 0.48447596718749997 0.3267708234375 0.4883479484375 0.30989471874999996 0.4883479484375 0.2096244671875 0.4839394296875 0.1885118734375 0.4742683890625 0.1556881375 0.4604587171875 0.120417984375 0.46109611250000004 0.0824142609375 0.4684307953125 0.034942578125 0.468091984375 0.0033285593750000003 0.46606840156249996 0 0.436945090625 0
1 0.3640307265625 0 0.3624901046875 0.0220319328125 0.364319565625 0.07765398125 0.3618182640625 0.103201225 0.3546875 0.121726528125 0.3546875 0.31233408749999997 0.35872716250000003 0.3125 0.3688526484375 0.3125 0.3775998109375 0.306883640625 0.3897602953125 0.265880578125 0.39499599218750003 0.21145275625 0.40273038593750005 0.1826303578125 0.401023671875 0.15592213593749998 0.3891165125 0.10129483749999998 0.39104390625 0.06350875 0.4001020265625 0 0.3640307265625 0
1 0.57250215 0 0.5640625 0.059507501562499995 0.5640625 0.12752960468750002 0.5709533375 0.164189303125 0.5732258109374999 0.1953125 0.5766473375000001 0.1953125 0.5800350375 0.18468832968749999 0.58653145625 0.1314548 0.5849554078125 0.10684401406249999 0.5758169359374999 0.0606896265625 0.579535603125 0.015134071874999998 0.5825799703125 0 0.57250215 0
1 0.4655711421875 0 0.4651377140625 0.06777705625 0.4640625 0.071873815625 0.4640625 0.1839427578125 0.46845137187499997 0.205413540625 0.4676748953125 0.2509441609375 0.4641714859375 0.2734375 0.47735425 0.2734375 0.481891659375 0.2629918390625 0.4978794921875 0.20285054531250002 0.5023698015625 0.1550561453125 0.500293640625 0.13176436875 0.48906966562500004 0.0841528234375 0.4897059875 0.0519472203125 0.49847639375 0 0.4655711421875 0
1 0.308456603125 0 0.3084524 0.0132804703125 0.3121691640625 0.037500310937499996 0.3113415984375 0.0730558640625 0.2984375 0.13136044687499998 0.2984375 0.240069190625 0.305361421875 0.2686862890625 0.310633196875 0.271875 0.3296027328125 0.271875 0.33763358593750004 0.26144619687500004 0.34333184375000003 0.2311841578125 0.3453391984375 0.1755911703125 0.35103745625 0.14532913125 0.350607646875 0.133144340625 0.3361347078125 0.080634559375 0.33532680937500003 0.0540427609375 0.3396827296875 0 0.308456603125 0
1 0.4076727765625 0 0.410550346875 0.017554321875 0.40744859531250005 0.06315147812500001 0.4 0.084341565625 0.4 0.1478179921875 0.40515655781250004 0.171875 0.40714221562499997 0.171875 0.41980100781249996 0.1399724 0.4257171859375 0.10861167499999999 0.42340748906250003 0.016805478125000002 0.42761509531249997 0 0.4076727765625 0
1 0.2703125 0.0160743953125 0.2703125 0.0546875 0.29035682343749997 0.0546875 0.29141945625 0.014710370312500002 0.2703125 0.0160743953125
1 0.26689327500000004 0 0.2693610328125 0.0437429328125 0.267108284375 0.062469446875 0.2578125 0.0981185828125 0.2578125 0.1964690484375 0.26545668125 0.22352643125 0.2720462515625 0.23125 0.29160650781249997 0.23125 0.2954631453125 0.2246885859375 0.2977417515625 0.2015176265625 0.295851 0.1580219171875 0.303973178125 0.113061740625 0.3040378203125 0.10195062968749999 0.29282256875 0.06441795781250001 0.2900947125 0.041979234375 0.292767315625 0 0.26689327500000004 0
1 0.864669984375 0 0.866630934375 0.024022628125 0.8606252484375 0.0716213078125 0.84881596875 0.124652375 0.840652525 0.17770465 0.839631903125 0.241730790625 0.8430118656250001 0.283137040625 0.84899599375 0.3245584390625 0.8576587109375 0.36052927343749996 0.8831048656250001 0.44266960624999996 0.9033215125 0.499010509375 0.9097893921875 0.5049047296875 0.916687771875 0.506506625 0.9180323609375 0.5109375 0.9543763437500001 0.5109375 0.9543763437500001 0.1060897171875 0.9420027937500001 0.07365650625 0.9270476015625 0.024374125 0.9246618578125 0 0.864669984375 0
1 0.7290043328125 0 0.7295500390624999 0.0187546953125 0.7160845828125 0.093974740625 0.708501409375 0.120290015625 0.7046875 0.1504408859375 0.7046875 0.24784097031250002 0.7118944968750001 0.29070264375 0.7387714140625 0.3796875 0.7877225515624999 0.3796875 0.7893278265625 0.378491240625 0.79197645625 0.3708857921875 0.80313398125 0.31498043125 0.80313398125 0.114214059375 0.7989900171875 0.109795 0.790495553125 0.0868581484375 0.7727792046874999 0.01598444375 0.77231410625 0 0.7290043328125 0
1 0.63159946875 0 0.6309811609375 0.0064281796875000005 0.6266976 0.014070873437500001 0.6265625 0.01450246875 0.6265625 0.2276996 0.6320449015625 0.2495860078125 0.6385714234375001 0.297727421875 0.6405656125 0.3 0.6477452375 0.3 0.650093528125 0.29747985312499997 0.6561840296875 0.2805106765625 0.6548658453125 0.23261184531249998 0.6567683796875 0.2029000859375 0.6614026281250001 0.17174711874999998 0.6780690390624999 0.0956697828125 0.6784090734375 0.06588524999999999 0.67422110625 0.05314266875 0.6704475999999999 0.0161085609375 0.6674394953125 0.008126254687499999 0.6683663656250001 0 0.63159946875 0
1 0.25579054375 1 0.25579054375 0.99427184375 0.247013078125 0.9686618124999999 0.2456793859375 0.8853602953124999 0.2342698375 0.865164590625 0.22221096562499998 0.860929746875 0.2140625 0.8778195265625 0.2140625 0.886079403125 0.225138078125 0.9685345484375001 0.2191001703125 1 0.25579054375 1
1 0.31275902968749997 1 0.3167954625 0.9921599000000001 0.3213393328125 0.9760239671875001 0.3213393328125 0.8953997484375 0.31233667187499997 0.8658210765625001 0.31217484375 0.779559771875 0.31036986875 0.7713265671875 0.3010419890625 0.7600967562500001 0.28783485625 0.7769451140625 0.2927784203125 0.8392448546875 0.2796875 0.9137075609374999 0.2796875 0.9379418515625 0.2803460109375 0.9499683749999999 0.28670383906249997 0.9801734734374999 0.29335658593749997 1 0.31275902968749997 1
1 0.1061143921875 1 0.091366828125 0.9318317171875 0.09856231875 0.8512943421875001 0.088545325 0.832412528125 0.076340971875 0.8392206140624999 0.0684863359375 0.8565044531249999 0.069010509375 0.9496418265625 0.065625 0.9600907359375 0.065625 1 0.1061143921875 1
1 0.389082653125 1 0.40251287812500003 0.9407118046875 0.40421348593750006 0.9198784718749999 0.398548909375 0.898005015625 0.38204455937500004 0.890625 0.3808309671875 0.890625 0.37108560156250003 0.902999653125 0.36738136250000003 0.9195571578124999 0.3646232828125 0.9821663203125001 0.36138229375 1 0.389082653125 1
1 0.24951654374999999 0.749546721875 0.253640375 0.721741671875 0.250347259375 0.7183103578125001 0.238104378125 0.7205345953125 0.234920021875 0.7580436875000001 0.23125 0.7695550843750001 0.23125 0.8741093375 0.23274567343750002 0.878125 0.24041831249999998 0.878125 0.2445421765625 0.875899246875 0.2567653046875 0.8313457156249999 0.257358690625 0.7855396546875 0.24951654374999999 0.749546721875
1 0.2009786984375 0.8941772406249999 0.1888935390625 0.8434843937500001 0.192950609375 0.7697504515625 0.18668173906250002 0.75412625 0.1757442390625 0.754699459375 0.1695777625 0.76820098125 0.170957115625 0.84303720625 0.1640625 0.8670517156249999 0.1640625 0.9569917484375001 0.1693515953125 0.9790664281249999 0.171003375 0.98125 0.187815921875 0.98125 0.18803694375 0.9808615625 0.200138203125 0.9302883515625 0.2009786984375 0.8941772406249999
1 0.157315328125 0.7098164015625 0.14509676875 0.712605028125 0.14413109375 0.74589285625 0.14375 0.7478832703125 0.14375 0.859375 0.1558326375 0.859375 0.15862050625 0.8558209 0.1660545484375 0.8180023828125 0.1654043609375 0.7709621734375001 0.1580674390625 0.7326193125 0.16064898125 0.7130838625 0.157315328125 0.7098164015625
1 0.21773800781250002 0.79792165625 0.2237563125 0.7743741796875 0.2259653484375 0.7466145828125 0.22080099843749998 0.7166852921875 0.2050792421875 0.7140625 0.20264445156250002 0.7140625 0.1984375 0.7201295328125 0.1984375 0.784257365625 0.20208068125 0.7991287328125 0.2064265796875 0.803125 0.2071297984375 0.803125 0.21773800781250002 0.79792165625
1 0.07158555625 0.8425664453125 0.0772483109375 0.83678805625 0.080842625 0.7562006671875 0.07822426875 0.7306494734375001 0.066408515625 0.7339047531249999 0.06091813124999999 0.7459172265625 0.06288957187500001 0.8235040031249999 0.059375 0.8397940687500001 0.059375 0.9311817999999998 0.0650205796875 0.95 0.0683279765625 0.95 0.0694619765625 0.948058334375 0.0705289984375 0.917502778125 0.0662675421875 0.8608130031249999 0.07158555625 0.8425664453125
1 0.8709970531250001 1 0.8504247328125001 0.9004166250000001 0.8657183828124999 0.8144497718749999 0.846631771875 0.78212665 0.8255171171875 0.7873215671875 0.8124528718749999 0.807956546875 0.8070616859375 0.924695340625 0.790625 0.968274540625 0.790625 1 0.8709970531250001 1
1 0.976224665625 1 0.978435821875 0.9930637015624999 0.961412078125 0.8816640921874999 0.9787353375000001 0.7817843 0.9612815937500001 0.752614565625 0.959689325 0.752614565625 0.9444236046875 0.7549746859375001 0.929731284375 0.772873971875 0.922350121875 0.8784295265625 0.8984375 0.943900925 0.8984375 1 0.976224665625 1
1 1 0.7915957203125 0.984375 0.8310808015625 0.984375 0.9394077609375 0.9868978625 0.9269032296875 1 0.89926171875 1 0.7915957203125
1 0.9217746296874999 0.705017690625 0.9070098187500001 0.7260072921875 0.9059798171875 0.8065147640625 0.884375 0.8724760593750001 0.884375 0.9710384093750001 0.922724796875 0.8673854625 0.9241108125 0.7813224328125 0.9538184484375 0.73656545 0.9364293343749999 0.7020991375 0.9362787078125001 0.7020991375 0.9217746296874999 0.705017690625
1 0.8985273078125001 0.6625073359375 0.8866787687500001 0.6839362125 0.8889360500000001 0.7642752078124999 0.86875 0.83011950625 0.86875 0.9296875 0.870098640625 0.9296875 0.90617336875 0.821634015625 0.9063054734375001 0.7272978515624999 0.9296146265624999 0.701106765625 0.9301318546875 0.67888454375 0.9171870015625 0.6587550328125 0.8985273078125001 0.6625073359375
1 0.781668384375 1 0.8093719687500001 0.9234413703125 0.8113539796874999 0.8070153781249999 0.8337620625 0.77247866875 0.8331517171874999 0.744821228125 0.818747678125 0.7248904281249999 0.7977953687499999 0.731649359375 0.787697171875 0.7474686546875 0.783649046875 0.864014984375 0.7734375 0.883177734375 0.7734375 1 0.781668384375 1
1 0.7875 0.6897669796875 0.7875 0.7390625 0.7884930406249999 0.7390625 0.804999446875 0.7226763703125 0.824530565625 0.72707143125 0.8271785625 0.7020954703125 0.8162998281249999 0.6811299109375 0.8019663234375001 0.675406065625 0.7875 0.6897669796875
1 0.813925821875 0.64307505625 0.7975909015625 0.6381930015625 0.78588775625 0.64837825625 0.78125 0.6599509890624999 0.78125 0.68400464375 0.7818292953125 0.6890625 0.7857691250000001 0.6890625 0.794069753125 0.679943859375 0.8196536953125 0.685835953125 0.8225928296875 0.6607517671875 0.813925821875 0.64307505625