1 0.0109375 0 0.0109375 0.0546875 0.0421376203125 0.0546875 0.057069946875 0.0000943140625 0.0570663625 0 0.0109375 0
1 0.8520771046875 0 0.8517276546874999 0.00340436875 0.8421875 0.0568800359375 0.8421875 0.09881171718750001 0.8438756734374999 0.1251553046875 0.8518728015624999 0.168522278125 0.8633970890625001 0.2099313140625 0.8672275265625 0.2167772515625 0.8720668203124999 0.2203125 0.8902648671875 0.2203125 0.8918247109375 0.21830980156250002 0.8918247109375 0.019108471874999998 0.8867709609375 0 0.8520771046875 0
1 0.51875 1 0.51875 0.7356048828125 0.5156847250000001 0.7312160625 0.506474540625 0.7259181375 0.4977983828125 0.72895354375 0.49064517499999993 0.7435402953125 0.48922772812500004 0.7621345859374999 0.49504923281249996 0.8204073015625 0.49703370312499995 0.8676598328124999 0.4828125 0.9300848421874999 0.4828125 1 0.51875 1
1 0.4255150578125 1 0.4262721796875 0.9828920734375 0.421539428125 0.9440031843749999 0.418330325 0.9356698515625 0.413235265625 0.8838180000000001 0.4184242453125 0.8245587406249999 0.4247001453125 0.8041883703125 0.42871155781250003 0.7773365171875 0.43036143281249994 0.7458550359375 0.428630728125 0.7291883703125001 0.42461611406250005 0.7213179999999999 0.412649896875 0.7111328140625 0.40530970312500003 0.712058740625 0.3960188046875 0.7203920734375 0.3878472 0.7421513328125 0.38515566093750003 0.7736328140625 0.382386421875 0.8662254062500001 0.37995045781250003 0.8828920734375 0.371675328125 0.9115957765625 0.3625 0.9352731750000001 0.3625 1 0.4255150578125 1
1 0.34565679375 1 0.35200435625000004 0.9565231015624999 0.3506748078125 0.9223002062500001 0.3403002625 0.8520934656249999 0.3421312890625 0.8270874062499999 0.35105020468750003 0.7760887546874999 0.3545052078125 0.7399594625000001 0.35126052812499997 0.7224153531249999 0.34071771093750003 0.710045653125 0.33290521093750003 0.710136559375 0.325891746875 0.714844975 0.31781719375 0.7348341984375001 0.3162125734375 0.8051803265625 0.31269609531250003 0.8524146703125 0.296875 0.8978289187499999 0.296875 1 0.34565679375 1
1 0.3044186296875 1 0.2967122390625 0.9561520968749999 0.28994140625 0.9380464421875001 0.2857747390625 0.9081010812500001 0.28525390625 0.8765801328125 0.29775390625 0.7701199203125 0.29879557343749996 0.7313099640624999 0.2951497390625 0.71158925625 0.28707682343749996 0.6956997484375 0.27926432343749996 0.68770034375 0.27536830156250003 0.6864606328124999 0.2646139609375 0.6864606328124999 0.2521809890625 0.6958332781250001 0.24879557343749997 0.7015952640625001 0.24358723906250002 0.7234228234375 0.2425455734375 0.767788334375 0.24619140625 0.8152868234374999 0.2441080734375 0.8919808093749999 0.24150390625 0.9075242156249999 0.2284830734375 0.9509820015624999 0.22275390625 0.97832565 0.22379557343749998 0.9858119890625 0.21858723906250002 0.9918988078125001 0.2175649078125 1 0.3044186296875 1
1 0.1990616125 1 0.20284437031250002 0.9785078828125 0.210801925 0.9597923546875 0.21633332031250002 0.9383748187500001 0.20579802812499998 0.8675180093750001 0.20875163749999998 0.8295398921875 0.2222933515625 0.7561341140625 0.224488784375 0.7218748546875 0.219254090625 0.70215688125 0.20798695781249998 0.6913943265625 0.1921246140625 0.695552671875 0.18429232812500002 0.7082572609375 0.1796114 0.740740440625 0.17605780937499999 0.8286427859375 0.17177904375 0.8629626640625 0.1628721140625 0.8964930078125001 0.1578125 0.9096898015625001 0.1578125 1 0.1990616125 1
1 0.1293111140625 1 0.13572976406249998 0.9564399 0.1442472453125 0.9283710234375 0.1604425484375 0.8888756796875 0.1679939453125 0.8599293937500001 0.1666829296875 0.8378527218749999 0.18210316875000002 0.7061529156249999 0.1770583703125 0.6948578109375 0.1726732 0.6913724312499999 0.16046728593749998 0.6947081484375 0.15032409062500002 0.7140898890624999 0.1449742125 0.7669161843750001 0.14366457187499998 0.80202859375 0.1398345921875 0.829879146875 0.1318379421875 0.8579237640624999 0.128125 0.8652217546875001 0.128125 1 0.1293111140625 1
1 0.11776393437499999 1 0.11702653125 0.9544573249999999 0.1236864078125 0.8981122359375 0.1387154390625 0.8559136625000001 0.14186928593749998 0.8402486937500001 0.1398759765625 0.8077503625 0.15 0.7117416421874999 0.15 0.7116264453125 0.1454658109375 0.69993303125 0.1383034796875 0.696017165625 0.1268128125 0.6966096828125 0.1193773875 0.7079791734375 0.1152351390625 0.8116677187500001 0.0984375 0.8601459671875 0.0984375 0.9998408515625 0.0985109640625 1 0.11776393437499999 1
1 1 1 1 0.714040028125 0.998930125 0.714040028125 0.9921904874999999 0.71928390625 0.9869987281250001 0.735924609375 0.991961509375 0.8313374953124999 0.991351096875 0.840511725 0.978125 0.8925459890624999 0.978125 0.9714752593749999 0.9849595328125 1 1 1
1 0.95964404375 1 0.95964404375 0.8853248015624999 0.954529759375 0.8659279578125 0.9517805390625 0.8474549046875002 0.9536923906249999 0.738863940625 0.9482796671875 0.719540734375 0.942247225 0.7109035625000001 0.9330370406250001 0.7056056374999999 0.9243608828125 0.7086410437499999 0.917207675 0.7232277953125 0.9157902281249999 0.7418220859375 0.9216117328125 0.8000948015624999 0.923596203125 0.8473473328125 0.909375 0.9097723421874999 0.909375 1 0.95964404375 1
1 0.8511786171875 1 0.8528346796875 0.9625795734375 0.848101928125 0.9236906843749999 0.844892825 0.9153573515625 0.839797765625 0.8635055000000001 0.8449867453125 0.8042462406249999 0.8512626453125 0.7838758703125001 0.8552740578125 0.7570240171875 0.8569239328125 0.7255425359375 0.855193228125 0.7088758703125 0.8511786140625001 0.7010055 0.8392123968749999 0.6908203140625 0.8318722031250001 0.6917462406249999 0.8225813046875 0.7000795734375 0.8144097 0.7218388328125 0.8117181609375 0.7533203140625 0.808948921875 0.84591290625 0.8065129578124999 0.8625795734375 0.798237828125 0.8912832765625 0.7890625 0.914960675 0.7890625 1 0.8511786171875 1
1 0.7692536984375 1 0.77856685625 0.9362106015624999 0.7772373078125 0.9019877062500001 0.7668627625 0.831780965625 0.7686937890625 0.8067749062499999 0.7776127046875001 0.7557762546875 0.7810677078125 0.7196469625 0.777823028125 0.702102853125 0.7672802109375001 0.6897331531249999 0.7594677109375001 0.689824059375 0.752454246875 0.694532475 0.74437969375 0.7145216984375 0.7427750734374999 0.7848678265625 0.7392585953124999 0.8321021703125 0.7234375 0.87751641875 0.7234375 1 0.7692536984375 1
1 0.7336105406250001 1 0.7331705734374999 0.992145015625 0.7232747390625001 0.935839596875 0.71650390625 0.9177339421875 0.7123372390625 0.88778858125 0.71181640625 0.8562676328125001 0.72431640625 0.7498074203125 0.7253580734374999 0.7109974640625 0.7217122390625 0.69127675625 0.7136393234375 0.6753872484375 0.7058268234375 0.66738784375 0.7019308015625001 0.6661481328125 0.6911764609375 0.6661481328125 0.6787434890624999 0.675520778125 0.6753580734375 0.6812827640625001 0.6701497390625 0.7031103234375 0.6691080734375 0.7474758343750001 0.67275390625 0.7949743234375 0.6706705734375 0.871668309375 0.66806640625 0.8872117156249999 0.6550455734375 0.9306695015625 0.64931640625 0.95801315 0.6503580734375001 0.9654994890624999 0.6451497390625 0.9715863078125 0.6441080734375 0.9798407062500001 0.64150390625 0.983347078125 0.6394023859375 1 0.7336105406250001 1
1 0.618954859375 1 0.625319303125 0.9814193046875002 0.6294068703125 0.9581953828125 0.637364425 0.9394798546875001 0.6428958203125 0.91806231875 0.632360528125 0.847205509375 0.6353141375 0.8092273921875 0.6488558515625 0.7358216140625 0.651051284375 0.7015623546875001 0.6458165906250001 0.68184438125 0.6345494578124999 0.6710818265625 0.6186871140625 0.675240171875 0.610854828125 0.6879447609375 0.6061739 0.720427940625 0.602620309375 0.8083302859374999 0.5983415437499999 0.8426501640625 0.5894346140625 0.8761805078125 0.584375 0.8893773015625002 0.584375 1 0.618954859375 1
1 0.6086656687499999 0.685840415625 0.6036208703125 0.6745453109375 0.5992357 0.67105993125 0.5870297859375 0.6743956484375 0.576886590625 0.6937773890625 0.5715367125 0.746603684375 0.570227071875 0.7817160937500001 0.5663970921875 0.809566646875 0.5584004421875 0.8376112640625 0.5546875 0.8449092546875001 0.5546875 0.9877370515624999 0.5622922640625 0.9361273999999999 0.5708097453125001 0.9080585234375 0.5870050484375 0.8685631796875001 0.5945564453125 0.83961689375 0.5932454296875 0.817540221875 0.6086656687499999 0.685840415625
1 0.5502489078125 0.8777997359375 0.5652779390625 0.8356011625 0.5684317859375 0.81993619375 0.5664384765625 0.7874378625 0.5765625 0.6914291421875 0.5765625 0.6913139453125 0.5720283109375 0.67962053125 0.5648659796875 0.675704665625 0.5533753124999999 0.6762971828125 0.5459398875 0.6876666734375 0.5417976390625 0.79135521875 0.525 0.8398334671875001 0.525 0.9795283515625 0.5284485734375 0.9869991203125 0.529595665625 0.9875 0.5429854140625 0.9875 0.5444148234374999 0.985146525 0.54358903125 0.934144825 0.5502489078125 0.8777997359375