2 0.5 1 0.5 0.9244331765624999 0.42787110781250004 0.928271553125 0.3361613375 0.9365333609375 0.271664209375 0.9373457640625 0.1794336078125 0.9456439937500001 0.1586649265625 0.9443230265625001 0.068560759375 0.950623721875 0.0640625 0.9530913984375001 0.0640625 1 0.5 1
1 0.3365258328125 0.83945206875 0.3282260515625 0.811941775 0.325765665625 0.776756590625 0.3274776578125 0.72660504375 0.325079159375 0.6997683453125 0.31802125000000003 0.6846648468750001 0.309755521875 0.678410684375 0.3040263546875 0.6785773875000001 0.295690165625 0.686242425 0.29375 0.6957666890625 0.29375 0.7278113734375 0.3026461875 0.7969133046875 0.30276996875 0.8136102796875001 0.29375 0.8716749640625 0.29375 0.9 0.3365258328125 0.9 0.3365258328125 0.83945206875
1 0.23293754375 0.7864835359375 0.23483774531249998 0.7210430484374999 0.23327380312499998 0.6941911968750001 0.2274360578125 0.6786541093749999 0.219890353125 0.6711500156250001 0.20908154375 0.6711500156250001 0.2053992703125 0.6747299109375 0.19906059062499998 0.69516745625 0.20051667499999998 0.72016745625 0.209553971875 0.786181153125 0.20757993749999998 0.8146937890625001 0.1981354375 0.85758450625 0.1953125 0.881380503125 0.1953125 0.8890706859375002 0.196251525 0.8921020078125 0.1971464765625 0.8921875 0.24496326562499998 0.8921875 0.24496326562499998 0.83986516875 0.2350577875 0.805056646875 0.23293754375 0.7864835359375
1 0.14258131406250002 0.7687018578125 0.14460783593749998 0.714011625 0.1432596109375 0.6908634765625 0.139379603125 0.677936875 0.1345480515625 0.6710439453125 0.12907007343750002 0.6664749203125 0.1207367390625 0.6665718859374999 0.11475638437499999 0.6712742421875 0.10960270000000001 0.685695790625 0.11831930625 0.7995604375 0.10903659218749999 0.8459961249999999 0.10625 0.8885964453125 0.10625 0.8926035625000001 0.10897715625 0.8953125 0.1545572015625 0.8953125 0.1545572015625 0.8364658171875 0.148510625 0.81681364375 0.14414525625000002 0.7955537093749999 0.14258131406250002 0.7687018578125
1 0.766349825 0.6611412640625 0.7676932078125001 0.6481054625 0.76436166875 0.6460273796875 0.7593598734375 0.648688184375 0.7590581578125001 0.66165115 0.753125 0.681517628125 0.753125 0.7426139859375 0.755649740625 0.7453125 0.764468040625 0.7453125 0.7670574890624999 0.7424406453125 0.7742126375 0.7031147140625 0.7712133390625 0.675591878125 0.766349825 0.6611412640625
1 0.8110711234375 0.6919057640625 0.8045628499999999 0.6699828140624999 0.8036592453125 0.6495972890624999 0.7999177234375 0.6446032015625001 0.794709390625 0.6447547484375 0.79375 0.6463393078124999 0.79375 0.6662783187500001 0.7942109281249999 0.6712118328125 0.79375 0.6744570875 0.79375 0.735669046875 0.799074075 0.7515625 0.8110711234375 0.7515625 0.8110711234375 0.6919057640625
1 0.8462047296874999 0.7505689390625 0.8462047296874999 0.7042791203125001 0.8400386703125001 0.6797984046875 0.8396057953125 0.6456210328124999 0.8298355562499999 0.6428012453124999 0.8265625 0.6440011765625 0.8265625 0.6443164390625 0.83008890625 0.678353859375 0.8265625 0.700210896875 0.8265625 0.734998890625 0.8332549531250001 0.7625 0.84555355 0.7625 0.8462047296874999 0.7505689390625
1 0.8273817625 0.6448390625 0.8225686671875 0.6472114484375 0.8203125 0.6667645234374999 0.8203125 0.7211849 0.823208553125 0.7296875 0.8256587578125 0.7296875 0.830246346875 0.6853601671874999 0.830246346875 0.6586826578125 0.829285571875 0.6462067390625 0.8273817625 0.6448390625
1 0.8589721625 0.6443213140624999 0.8556002125 0.646537625 0.855729496875 0.6687598453125 0.8515625 0.6889501140625001 0.8515625 0.739517784375 0.854198846875 0.75 0.8582851203124999 0.75 0.8581252703125 0.72252416875 0.8647183359374999 0.6921656234375 0.8613293796875 0.6467043265625 0.8589721625 0.6443213140624999
1 0.8819997921875 0.7097908703125 0.8756139640624999 0.6879267203125 0.8755621640625 0.6471010921875 0.865625 0.6464282421875 0.865625 0.6776395609375 0.867232103125 0.687340353125 0.865625 0.6993275828125001 0.865625 0.76147045 0.869170759375 0.7765625 0.8819997921875 0.7765625 0.8819997921875 0.7097908703125
1 0.8765625 0.7203125 0.8777912578125001 0.7203125 0.889787715625 0.6795951406249999 0.8901297484375 0.664765171875 0.8868621375 0.64472895 0.8828749953124999 0.646004178125 0.8765625 0.6687661328125 0.8765625 0.7203125
1 0.9020126921875 0.6542888984375 0.9011067578125 0.644543946875 0.8882520218749999 0.646636028125 0.8894225 0.68186666875 0.8875 0.688401409375 0.8875 0.7640625 0.8965417296875 0.7640625 0.8986097515625 0.7505942843750001 0.9030405187500001 0.7441855328125 0.9049803046874999 0.734953546875 0.905515871875 0.70901853125 0.8988352296875 0.681104384375 0.9020126921875 0.6542888984375
1 0.9363165875 0.7043125765625 0.9359549359375 0.6982103562499999 0.9281460828124999 0.66900541875 0.9287998578125001 0.646722525 0.9258948703125001 0.6445745546875 0.9178623578125 0.6473595624999999 0.9193242406250001 0.6713729671875 0.915625 0.6899149296875 0.915625 0.7417297484375001 0.918679334375 0.7539017140625 0.91939103125 0.7546875 0.93067370625 0.7546875 0.932725671875 0.7521567421875 0.9363165875 0.7300290421875 0.9363165875 0.7043125765625
1 0.949063665625 0.6427802015624999 0.9429797859375 0.6461254921874999 0.9425756609375 0.66001438125 0.9390625 0.6731909 0.9390625 0.740625 0.951959671875 0.740625 0.9522108984375001 0.7403608375 0.9584699593749999 0.7041588171875001 0.9575810015624999 0.681037940625 0.9524445515625001 0.660767575 0.95287561875 0.645952759375 0.949063665625 0.6427802015624999
0 0.9022338874999999 1 0.9046875 0.98836805625 0.9046875 0.9726273140625 0.8994791671875 0.95133101875 0.8908854171874999 0.93883101875 0.8830729171874999 0.9342013890625 0.87421875 0.9342013890625 0.86328125 0.9406828703125001 0.8557291671874999 0.954108796875 0.8510416671875 0.973553240625 0.8510416671875 0.9902199078125001 0.8533993687500001 1 0.9022338874999999 1