1 0.2172079515625 0.509562175 0.23843219843750002 0.5140625 0.2757205203125 0.5140625 0.279370771875 0.5089178734375001 0.29415425625 0.450474696875 0.2984375 0.3889186828125 0.2984375 0.3637282140625 0.273715765625 0.25363555937500004 0.28296801718750003 0.1042683875 0.27131930312499997 0.0830784734375 0.256756053125 0.0777486140625 0.2451755125 0.082317765625 0.2303238546875 0.115001875 0.23457139531250001 0.2500435171875 0.210083440625 0.3351735890625 0.210083440625 0.46174325468750005 0.2172079515625 0.509562175
1 0.192618015625 0.46830505625 0.187866175 0.3806691984375 0.2065097953125 0.30645471562500004 0.1955559296875 0.23623262031249997 0.2109375 0.1157941484375 0.2109375 0.10916860937499999 0.2041555375 0.09052774062499999 0.1897573203125 0.0852278484375 0.1858227 0.0852278484375 0.162544203125 0.11345909531250001 0.158493871875 0.2528224453125 0.145644078125 0.291697178125 0.145644078125 0.49937032031250006 0.1666314390625 0.5046875 0.1809187890625 0.5046875 0.192618015625 0.46830505625
1 0.1434889046875 0.5 0.15156653281250002 0.5 0.153125 0.49408741718750004 0.153125 0.44195758749999997 0.14870812656250001 0.42024937968750004 0.1464181859375 0.3639338890625 0.153125 0.327606478125 0.153125 0.2773839734375 0.1450777578125 0.24873781250000002 0.148468171875 0.118664671875 0.13597085312499999 0.0982592890625 0.11960246249999999 0.096378909375 0.10274505781250001 0.12271333437500001 0.11070699375 0.2450341125 0.090463353125 0.3315602078125 0.0879939328125 0.40030177968749997 0.1087140453125 0.49520529375000005 0.1434889046875 0.5
1 0.072829640625 0.104390425 0.0604010453125 0.11121072812499999 0.054656351562500004 0.129293471875 0.065562434375 0.1981206625 0.067951196875 0.28125425625 0.09375 0.362209125 0.09375 0.125025803125 0.0865448359375 0.1122760078125 0.072829640625 0.104390425
1 0.096875 0.48451419375000004 0.0965982859375 0.4875 0.096875 0.4875 0.096875 0.48451419375000004
1 0.06875 0.39886552656249996 0.06875 0.3737711921875 0.042839218750000005 0.251324628125 0.051728178125 0.116748946875 0.0399652703125 0.088134725 0.028570142187499998 0.085284321875 0.0272381984375 0.1715507765625 0.0272381984375 0.491995803125 0.035510978124999995 0.49375 0.050939675 0.49375 0.0656032296875 0.4458650421875 0.06875 0.39886552656249996
0 0.618042553125 0.51875 0.6212994546874999 0.516520353125 0.632969003125 0.49140365625 0.643835421875 0.42570302968749996 0.6368278546874999 0.356504565625 0.6162171421875 0.31968057031249997 0.5651279984375 0.2872234 0.5291802859375 0.285129684375 0.495801459375 0.3003831703125 0.472694003125 0.32483368281249997 0.453125 0.37432571718749996 0.453125 0.48771087656249995 0.45436507812500004 0.4932851484375 0.47066178125 0.51875 0.618042553125 0.51875
1 0.48703706562500004 0.7390625 0.490625 0.713806396875 0.490625 0.6909841765625 0.490486475 0.6882754671875 0.4815830140625 0.6449243906250001 0.48592039218750005 0.60334865625 0.47000579687500005 0.5994104250000001 0.46762834062499997 0.6139369296874999 0.46908301406249997 0.644560678125 0.456704340625 0.6951044921875 0.456704340625 0.7388414703125 0.45857285000000003 0.7390625 0.48703706562500004 0.7390625
1 0.519001528125 0.6469127515624999 0.5234375 0.6188035171874999 0.5234375 0.5992653921875 0.5119871453125 0.5984375 0.5097187703125 0.5984375 0.5068495703125 0.6018982890625 0.5060076203125 0.6130093999999999 0.5057648218749999 0.6572900703125 0.4965131828125 0.6849216984375 0.4965131828125 0.7421875 0.5038244109375001 0.7421875 0.5212199562500001 0.7408658734375 0.5234375 0.7380749124999999 0.5234375 0.68012606875 0.519001528125 0.6469127515624999
1 0.7990831453125 0.8483037671875 0.80219028125 0.8927163796875 0.825835075 0.9850197140624999 0.8278903265625001 0.9875 0.8421875 0.9875 0.8421875 0.781814 0.8351778875000001 0.7625864437500001 0.827852853125 0.6432693328125 0.8237904234375 0.6368760828125 0.7980091734375 0.6358255765624999 0.7946236390625 0.6460671578125 0.7970538796875 0.6738449359375001 0.80937948125 0.74354405 0.8097611734375001 0.7657026046875 0.7990831453125 0.8483037671875
1 0.7296875 1 0.73521183125 1 0.7444649953125 0.957455215625 0.7484375 0.9313366343750001 0.7484375 0.86850656875 0.73189463125 0.7819095765625 0.7378130625 0.6667682078125 0.7299614625 0.646342859375 0.7296875 0.6462757484375 0.7296875 1