1 0.4738510359375 0 0.4771723859375 0.058875475 0.4671875 0.0985563734375 0.4671875 0.15549541718749998 0.474437703125 0.18488241875 0.48026702343750005 0.1890625 0.49332048906250003 0.1890625 0.49947145 0.1825092765625 0.508733409375 0.1387164140625 0.50795046875 0.10127010781250001 0.49519040312499996 0.058246273437499996 0.4983018859375 0 0.4738510359375 0
1 0.41945967968750003 0 0.42293425781250005 0.0502908265625 0.415625 0.08646515 0.415625 0.13364289375 0.416711815625 0.14289479375 0.42494061875 0.1731244890625 0.42682931249999995 0.175 0.44906378281250003 0.175 0.44906378281250003 0.10210526718749999 0.44803433437500007 0.10206931875 0.44754561718749997 0.0900753171875 0.44906378281250003 0.0891973671875 0.44906378281250003 0.07659966406249999 0.440952278125 0.050920028125 0.4411958546875 0 0.41945967968750003 0
1 0.4797310421875 0.6573226359375 0.472600040625 0.6478047218749999 0.4652926375 0.6503913703124999 0.462617946875 0.6564176328125 0.4674061640625 0.6998259828125 0.459375 0.7281208625 0.459375 0.7301088953125 0.46175982812500005 0.752614346875 0.46857349687500005 0.771875 0.48585628906249995 0.771875 0.48585628906249995 0.7114105734375 0.4804191765625 0.6993715578125 0.4797310421875 0.6573226359375
1 0.49375 0.559375 0.49375 0.5890625 0.494345371875 0.5890625 0.4956002640625 0.5882561953125001 0.4983678421875 0.5890625 0.5051897828125 0.5890625 0.5073082062500001 0.583971909375 0.5084082203125 0.5629824046875 0.5074722046875 0.559375 0.49375 0.559375
1 0.4615827640625 0.559375 0.46135016718750005 0.5812159296875 0.459375 0.5872618578125 0.459375 0.64375 0.47032746718749996 0.64375 0.47281035625 0.6372125296875 0.477495253125 0.62121699375 0.4772168828125 0.6067778859375 0.47546840156250003 0.5964960140625 0.47145625312500006 0.5800662359375 0.47359190624999997 0.559375 0.4615827640625 0.559375
1 0.3671875 0.559375 0.3671875 0.5801016984375 0.3679456046875 0.5905826609375 0.3744602359375 0.6046875 0.385874253125 0.6046875 0.3889840671875 0.594682825 0.3911677171875 0.580764909375 0.38884785 0.559375 0.3671875 0.559375
1 0.393483215625 0.559375 0.396181134375 0.5859850484375 0.3921875 0.5988416359375 0.3921875 0.6312916265624999 0.39960854375 0.6515625 0.41072366562499996 0.6515625 0.4128318125 0.6483593171875001 0.41559251250000007 0.631246659375 0.4164908890625 0.6144220171875 0.41409448437499996 0.60334685 0.4051988671875 0.5841711953125001 0.40828158593749997 0.559375 0.393483215625 0.559375
1 0.4359375 0.559375 0.4359375 0.58614668125 0.44414110000000007 0.6046875 0.4517268609375 0.6046875 0.45330551874999997 0.5969947609374999 0.45330551874999997 0.5645502671875 0.45176486093749996 0.559375 0.4359375 0.559375
1 0.509375 0.5904011312499999 0.504174465625 0.58368314375 0.5040879406250001 0.58368314375 0.4949195609375 0.5911096890625 0.49933615 0.6318345843750001 0.4921875 0.65344583125 0.4921875 0.655789759375 0.4927940796875 0.67315990625 0.4965796421875 0.6944902374999999 0.5033709671875 0.7046875 0.509375 0.7046875 0.509375 0.5904011312499999
1 0.4462794234375 0.690625 0.446797096875 0.690625 0.44713087187499995 0.6903828640625 0.44713087187499995 0.6487600875 0.4398713140625 0.6336758140625001 0.4385664828125 0.59775210625 0.435162159375 0.5904438375 0.428357321875 0.5890625 0.42735082343749997 0.5890625 0.4265625 0.5898138375 0.4265625 0.6243581781249999 0.42795537812499995 0.6344754453125 0.4265625 0.63953861875 0.4265625 0.6748034125 0.4462794234375 0.690625
0 0.411140828125 0.6773355515625 0.40113081875 0.6818333015625 0.3906203078125 0.6960761812499999 0.3876173046875 0.7065709328125 0.3876173046875 0.7275604390625 0.39362331093749997 0.7455514437499999 0.404133821875 0.7567958203125 0.41264232968750003 0.759044696875 0.42315284062499997 0.758295071875 0.43216184999999996 0.7507988187500001 0.436666353125 0.7440521921875 0.441671359375 0.7275604390625 0.441671359375 0.708070184375 0.43766735468749995 0.6945769296875 0.4281578453125 0.6818333015625 0.4201498375 0.6773355515625 0.411140828125 0.6773355515625