1 0.0482001859375 0 0.0636537375 0.0471902015625 0.0651637734375 0.0484375 0.1086717796875 0.0484375 0.125 0.008968321875 0.125 0 0.0482001859375 0
1 0.1359271484375 0 0.1359271484375 0.0135976609375 0.143251290625 0.0434237328125 0.15126261875 0.05 0.16152338593749999 0.05 0.17733451718749998 0.049025965625 0.1874841890625 0.0388397109375 0.2 0.0042191812500000005 0.2 0 0.1359271484375 0
1 0.21031994531249998 0 0.21031994531249998 0.0246786203125 0.215296215625 0.0450417328125 0.2263163671875 0.0453125 0.24363921875 0.0453125 0.25143615 0.04048608125 0.2628739625 0.012090915625 0.26395115156250004 0 0.21031994531249998 0
1 0.2758752953125 0 0.2758752953125 0.033222312500000004 0.279498946875 0.04375 0.3037010703125 0.04375 0.3228041296875 0 0.2758752953125 0
1 0.1234375 0 0.1234375 0.019293976562500002 0.13192459843749998 0.04375 0.146572821875 0.04375 0.139103440625 0 0.1234375 0
1 0.5578244671875 0 0.5592932421875 0.044891109375 0.5561947421875 0.10097196718749998 0.5516233203125 0.1477207265625 0.544102725 0.1868799765625 0.5396640046875001 0.2253318234375 0.5420333875 0.23125 0.5875 0.23125 0.5875 0 0.5578244671875 0
0 0.6891644687499999 0 0.6891644687499999 0.082815565625 0.693676025 0.10466961718750001 0.70589199375 0.142553796875 0.726552725 0.16974286249999998 0.7391855515625 0.1807782203125 0.7601193734375 0.192691021875 0.7759457296875001 0.1953125 0.7825262015625001 0.1953125 0.8023068734375001 0.19244558125 0.8256762156249999 0.17934929375 0.85662474375 0.143065465625 0.869135678125 0.120312103125 0.8812695375 0.0859892125 0.88803339375 0.0563262515625 0.8909574124999999 0.032240056249999996 0.8920832593749999 0 0.6891644687499999 0
1 0.5986497078124999 0 0.5975254484375 0.032194603125 0.594407421875 0.061884851562499996 0.5787187359375 0.1394918625 0.5787187359375 0.175 0.5927233140625 0.175 0.5990870078125 0.1662720078125 0.613300715625 0.11683421875 0.6202262390625 0.0824082609375 0.6259449390625 0.037842578125 0.628254740625 0 0.5986497078124999 0
1 0.5915724499999999 0 0.5904005171875 0.0401686421875 0.588697953125 0.052324079687500004 0.5839458093750001 0.058234831249999994 0.5832525890625 0.0730891125 0.5800198484375 0.082585171875 0.578493346875 0.12433077031249999 0.5661946312499999 0.197421253125 0.566375928125 0.1984375 0.5749305437500001 0.1984375 0.5829690375000001 0.1868990703125 0.5873511875 0.1680648203125 0.593173646875 0.1148923765625 0.5963740640624999 0.1081740984375 0.597067284375 0.0933198171875 0.5945385375 0.08703566874999999 0.5984501734375 0.08627670625 0.5997145484375 0.0894187796875 0.6046714015625 0.0659154359375 0.6078125 0.018358953125 0.6078125 0 0.5915724499999999 0
1 0.151108459375 0.859375 0.15900354218749999 0.8538730828125001 0.157967146875 0.7944980828125 0.1640625 0.7518167828125 0.1640625 0.7040979421875 0.1429852578125 0.6521651328125 0.13943178750000002 0.5380844515625001 0.128989165625 0.521560021875 0.10864939375 0.5197611656250001 0.09581815625 0.5453878750000001 0.10871934999999999 0.6580151437499999 0.09259551875000001 0.7187526484375001 0.0936319140625 0.7781276484375 0.11995503125 0.859375 0.151108459375 0.859375
1 0.1548516875 0.904480115625 0.16495626875 0.9454103125 0.1682296546875 0.9484375 0.20440411093750002 0.9484375 0.2120222703125 0.9442747890625001 0.22260694218750002 0.915297684375 0.23389195312500002 0.8691330781249998 0.2375 0.8160055749999999 0.2375 0.8092616937500001 0.23171664062500003 0.7686594828125 0.2079554890625 0.697896696875 0.213303515625 0.566646696875 0.19931927031250002 0.5444281546875 0.1821954375 0.5415632625 0.17012651875 0.5492690203125 0.1616136828125 0.565864521875 0.1687019875 0.6996242171875 0.1548516875 0.7497431734375001 0.1548516875 0.904480115625
1 0.3625 1 0.3625 0.8340138671874999 0.33263339062499997 0.7646959609375 0.3284809296875 0.60866448125 0.3163790375 0.5828996578125001 0.2932497515625 0.5711591281249999 0.27277458593750004 0.5829653593749999 0.26583538125 0.6011690562500001 0.2846325390625 0.7706838796875 0.2637079171875 0.8564357093750001 0.26207695000000003 0.9217329281249999 0.2744357109375 0.9864509921875001 0.27915829062499997 1 0.3625 1
1 0.51875 1 0.51875 0.9298945562500001 0.5012663328125 0.8765644796875 0.4961621703125 0.8437883421875 0.5105768796875 0.654680390625 0.4907108125 0.619646859375 0.47038843906250005 0.613901375 0.46847197031250004 0.613901375 0.44108283437500007 0.63165195625 0.4276552515625 0.6582871796875001 0.43678717031250003 0.8441337734375001 0.42728319687500005 0.8926167281249999 0.40421031718749995 0.9598595390625 0.40421031718749995 1 0.51875 1
1 0.41040809375 0.9155870187499999 0.4125974453125 0.9171875 0.41927094531250003 0.9171875 0.439333071875 0.8447058359374999 0.42592619374999996 0.6552648249999999 0.43715459531249995 0.6294360328125 0.457703453125 0.6075843421875 0.459375 0.5947706296874999 0.459375 0.5420053203124999 0.45853979375 0.5357093421875 0.4464529640625 0.5231039828124999 0.43221170156250005 0.5231039828124999 0.4235380859375 0.5250920734375 0.4100113875 0.5471922171875 0.4179500625 0.669919321875 0.3931056984375 0.7666759093750001 0.3931056984375 0.8273266515625 0.3953830765625 0.8652085109375001 0.41040809375 0.9155870187499999
1 0.328125 0.61015625 0.325 0.76015625 0.3578125 0.83671875 0.371875 0.77421875 0.371875 0.72421875 0.34375 0.62890625 0.346875 0.53203125 0.33828125 0.5125 0.32109375 0.5078125 0.3046875 0.52421875 0.303125 0.55859375 0.30625 0.56953125 0.321875 0.58359375 0.328125 0.61015625
1 0.51875 1 0.55625 1 0.55625 0.9404543578125001 0.5424480125 0.8599927375 0.5440970484375 0.812770515625 0.5530631078125 0.734956375 0.544976003125 0.7093142015625 0.534329509375 0.7010444984374999 0.52149 0.71083944375 0.51875 0.71721503125 0.51875 1
1 0.6078125 1 0.6078125 0.86473963125 0.60397036875 0.8511174015625 0.6028330328125 0.7354025828124999 0.598906996875 0.7231211046875 0.5840039296875 0.7059195171875 0.5819833640625001 0.7059195171875 0.5805723375 0.7125447296875 0.570000746875 0.7251424265624999 0.5671625453125 0.74208224375 0.5793956031249999 0.8472553875 0.5706139859375 0.893908175 0.58392495 0.9669183515625001 0.5860449187500001 1 0.6078125 1
1 0.624125559375 1 0.6248021828125 0.9733549328125001 0.6375 0.9086539343750001 0.6375 0.8931084390624999 0.6290702765625 0.8511327109375 0.63739535625 0.7468296515625 0.6314579968749999 0.7268839843749999 0.6208513078125 0.7203125 0.620694375 0.7203125 0.6135377484375 0.7260179328125 0.60458285625 0.747784396875 0.6062632906250001 0.8337591156249999 0.6039418765625 0.8470372062500001 0.6039418765625 0.9324013375 0.6061439515625 0.948923234375 0.604979925 0.9822565671875001 0.6039418765625 0.9873782906249999 0.6039418765625 1 0.624125559375 1
1 0.6920833046875 1 0.6921875 0.9982110484375 0.6921875 0.9480066296875 0.6917166890625 0.9393632390625001 0.68573705625 0.92155321875 0.6784397656250001 0.8594351671875 0.6921875 0.7335225968750001 0.6921875 0.7178721218749999 0.6858298484375001 0.6990867046875 0.6762693750000001 0.6918136453124999 0.6744061234375 0.6918136453124999 0.6607489546875 0.7013486125 0.6503489421875 0.7259679078125 0.6486224921875 0.76899618125 0.6513408609375 0.81602743125 0.648671371875 0.8618607656249999 0.6335606109375 0.9127702765624999 0.6335606109375 1 0.6920833046875 1
1 0.7777432828124999 1 0.78125 0.982261246875 0.78125 0.9137120249999999 0.77188084375 0.8509421703125 0.78125 0.7496371609375 0.78125 0.7490807046875 0.7754585890625 0.7323401687500001 0.7674016124999999 0.7284441953125 0.7646856921875 0.7284441953125 0.7545290546875 0.7387700687500001 0.75227984375 0.7731393921875 0.75227984375 0.9026633796875 0.7594107703125 0.9515341656250002 0.7565594859375 0.996037809375 0.7557480453125001 1 0.7777432828124999 1
1 0.734375 1 0.734375 0.9228458734375 0.7207285859375 0.8586287328125 0.7261216656249999 0.73055495625 0.72390720625 0.7196214421875 0.710536259375 0.7030382109375 0.7086645703125 0.7030382109375 0.69702680625 0.7154138296875 0.6941873828125 0.7246488046875 0.6920941328125 0.7651706515625 0.6920941328125 0.8332815468749999 0.6926035859375 0.8607599171875 0.6920941328125 0.8648989046875 0.6920941328125 0.8932213078124999 0.7061544421875 0.9707462359375001 0.705504090625 1 0.734375 1
1 0.767837028125 1 0.7703125 0.962152778125 0.76796875 0.934375 0.75234375 0.8552083328125001 0.75546875 0.73993055625 0.749609375 0.725347221875 0.738671875 0.718402778125 0.72734375 0.7302083328125001 0.725 0.871875 0.7390625 0.937152778125 0.7421875 0.96631944375 0.7416754640625 1 0.767837028125 1