1 0 0 0 0.1526300015625 0.012572346875000001 0.17881478281250002 0.029788590625 0.23277453593750003 0.03579455 0.2778687125 0.031834476562500005 0.3030870359375 0.0067268265625000006 0.35432420468750003 0 0.3603803796875 0 0.65 0.459375 0.65 0.459375 0.4072666984375 0.37851089843749997 0.33387884687499997 0.36161290468749996 0.2908565953125 0.35882287343749997 0.2487418703125 0.3711122734375 0.187149396875 0.4282307875 0.0530611890625 0.43463390156250004 0.004259815625 0.43371315781249997 0 0 0
1 0.8697304328125 0.65 0.8680946703124999 0.643757084375 0.8662447531249999 0.6160278234375001 0.8695492859375001 0.5862041265625 0.86887574375 0.563055978125 0.8630432796874998 0.5508106890625 0.8541352296875001 0.5493712281249999 0.8468390937500001 0.55851926875 0.8450521171875 0.5688014875 0.8499013874999999 0.6279151953125 0.84870821875 0.65 0.8697304328125 0.65
1 0.82354266875 0.65 0.8229166671874999 0.645659721875 0.8166666671874999 0.6234375 0.81875 0.5539930562500001 0.8143229171874999 0.54149305625 0.80703125 0.539641203125 0.80234375 0.5433449078125 0.7994791671874999 0.5521412031249999 0.8015625 0.6234375 0.794666465625 0.65 0.82354266875 0.65
1 0.790888246875 0.65 0.7911458328125001 0.644733796875 0.7822916671875 0.6058449078125 0.784375 0.544733796875 0.7799479171874999 0.5331597218749999 0.7747395828125001 0.5313078703125 0.76953125 0.5350115734374999 0.7661458328125 0.544733796875 0.7677083328125001 0.6058449078125 0.7598958328125001 0.64288194375 0.7596905046875 0.65 0.790888246875 0.65
1 0.75907541875 0.65 0.7609375 0.6197337968750001 0.7546875 0.594733796875 0.7536458328125001 0.5817708328125 0.7552083328125001 0.5336226859375001 0.7528645828125 0.5285300921875 0.7466145828125 0.5257523140625 0.740625 0.532696759375 0.7390625 0.5401041671875 0.740625 0.5873263890625 0.7322916671874999 0.62899305625 0.7322916671874999 0.6475115734375 0.7326915921875 0.65 0.75907541875 0.65
1 0.9225490656249999 0.65 0.915625 0.6234375 0.9177083328125001 0.5530671296875 0.91328125 0.5433449078125 0.90546875 0.54149305625 0.9005208328125001 0.5493634265625 0.8973958328125 0.56695601875 0.9 0.5901041671875 0.9005208328125001 0.6243634265625 0.8941425031249999 0.65 0.9225490656249999 0.65
1 0.9599987406250001 0.65 0.9578125 0.62991898125 0.9526041671875 0.6095486109375 0.9541666671875 0.5475115734375 0.95078125 0.5368634265625001 0.9434895828125001 0.5331597218749999 0.9408854171875 0.5340856484375001 0.9359375 0.545659721875 0.9369791671875 0.6095486109375 0.9286458328125 0.6410300921875 0.9279877140625 0.65 0.9599987406250001 0.65
1 0.9859375 0.65 0.9859375 0.632696759375 0.9776041671875 0.5910300921875 0.9786458328125001 0.5373263890625 0.9752604171874999 0.52945601875 0.9684895828125001 0.5285300921875 0.9645833328125001 0.532696759375 0.9630208328125001 0.5410300921875 0.9651041671874999 0.5614004625 0.9645833328125001 0.5864004625 0.9572916671874999 0.6243634265625 0.9593517484374999 0.65 0.9859375 0.65
1 0.8947299890625 0.65 0.9005208328125001 0.620659721875 0.9010416671874999 0.601215278125 0.8989583328125 0.5956597218749999 0.8979166671875 0.5651041671875 0.8994791671875 0.5530671296875 0.9046875 0.5382523140625 0.9036458328125001 0.532696759375 0.89921875 0.5276041671875 0.89296875 0.5285300921875 0.8895833328125 0.5364004625 0.890625 0.5864004625 0.8817708328125 0.6308449078125 0.8822197812500001 0.65 0.8947299890625 0.65
1 0.8367950140625 0.65 0.8375 0.6280671296875 0.8291666671875 0.5901041671875 0.83125 0.5373263890625 0.82734375 0.5276041671875 0.8221354171874999 0.5257523140625 0.8161458328125001 0.5336226859375001 0.8151041671874999 0.539178240625 0.8192708328125 0.5614004625 0.8166666671874999 0.594733796875 0.8171875 0.6234375 0.82216796875 0.65 0.8367950140625 0.65
1 0.375 1 0.375 0.8550047156249999 0.3668597390625 0.82113840625 0.36621313906249997 0.798916184375 0.37029886093750003 0.7421678640625 0.36976002812500003 0.7236493453125 0.36217647343750003 0.70499535 0.35507646249999997 0.7026937875 0.35080193125000003 0.7026937875 0.34348035625 0.7077204953125 0.337962253125 0.72420316875 0.342928346875 0.823180209375 0.3296831578125 0.8877725859375 0.3291444421875 0.923030546875 0.3328173359375 0.9775631421875 0.33604116093749997 0.99873815 0.3364379703125 1 0.375 1
0 0.459375 1 0.459375 0.8673653046875 0.44348958281249995 0.8669560187500001 0.4361979171875 0.8697337968750001 0.4203125 0.889641203125 0.4125 0.9081597218749999 0.4088541671875 0.9239004625 0.4057291671875 0.9627893515625001 0.4067708328125 0.9859375 0.41000680625 1 0.459375 1
1 0.459375 0.71283724375 0.45598958281249996 0.7132523140625 0.446875 0.7285300921875 0.44322916718750005 0.7461226859375 0.43854166718750004 0.801678240625 0.434375 0.8211226859374999 0.41197916718750005 0.8683449078125001 0.3963541671875 0.9285300921874999 0.3963541671875 0.9442708328125 0.3942708328125 0.9507523140625 0.3958333328125 0.95538194375 0.3947916671875 0.9813078703125001 0.3963541671875 0.9989004625 0.3968928515625 1 0.4072009859375 1 0.4057291671875 0.9877893515625 0.40520833281249996 0.9498263890625 0.409375 0.91741898125 0.41510416718750004 0.8998263890625001 0.42682291718750004 0.8780671296874999 0.43359375 0.8715856484375 0.4440104171875 0.8660300921874999 0.459375 0.86676833125 0.459375 0.71283724375
2 1 0.75765255625 0.5083934 0.75765255625 0.5039068375 0.75822541875 0.47835906093749997 0.7584881453125 0.4760838328125 0.75765255625 0.459375 0.75765255625 0.459375 0.8591311765625 0.483819046875 0.8565150015625 0.519837371875 0.8576189640624999 0.5233484984375 0.8528195265624999 0.53488765625 0.8550636234375 0.5556671062499999 0.85224144375 0.57411180625 0.8587998140625 0.578718484375 0.8558037125 0.590257640625 0.8580478093749999 0.593822646875 0.8551002249999999 0.6058287578125 0.8554682109374999 0.61715238125 0.8503049015624999 0.9058018156250001 0.8405695625 0.9400959906249999 0.8361907421874999 0.9470643562500001 0.8247400171875 0.9509257218750001 0.8319776171875001 0.9760873734375 0.836368778125 0.9851840140625001 0.844289721875 0.9878645390624999 0.855754634375 0.9878017124999999 0.8715196328125 0.991963909375 0.88013399375 1 0.88134015 1 0.75765255625
1 0.49170394531249995 0.65 0.4916666671875 0.6582175921875 0.4770833328125 0.7035879625 0.4703125 0.7396990734375 0.4703125 0.7535879624999999 0.47265625 0.75960648125 0.4838541671875 0.76006944375 0.49973958281249997 0.75960648125 0.5130208328125 0.7535879624999999 0.5213541671875 0.6832175921875 0.51875 0.6526620375000001 0.5188886484374999 0.65 0.49170394531249995 0.65
1 0.5580729171875001 0.8614583328125001 0.52421875 0.8586805562500001 0.5192708328125 0.862847221875 0.5203125 0.881365740625 0.5247395828125 0.893865740625 0.5361979171875 0.8984953703125 0.5479166671875 0.8980324078125002 0.55546875 0.8947916671874999 0.5598958328125 0.8859953703125001 0.5598958328125 0.8646990734375001 0.5580729171875001 0.8614583328125001
1 0.523889509375 0.65 0.525 0.6730324078125001 0.5182291671875 0.699884259375 0.5135416671875 0.74618055625 0.5151041671875001 0.7535879624999999 0.51953125 0.7577546296875 0.5604166671875 0.75914351875 0.56875 0.7554398140625 0.5692708328125 0.7424768515625 0.5536458328125 0.6702546296875 0.5540256078125 0.65 0.523889509375 0.65