1 0.0744488671875 0 0.0769344265625 0.0328016453125 0.0625 0.12275732343750001 0.0625 0.204990321875 0.0676455140625 0.24998597031249997 0.08316943437499999 0.31682215937499997 0.093161640625 0.353128078125 0.097888634375 0.359375 0.12402496562500001 0.359375 0.12402496562500001 0.0807708578125 0.1109170796875 0.035319995312500005 0.10754329375 0 0.0744488671875 0
1 0.2113814921875 0 0.2136752390625 0.01293710625 0.215753878125 0.062362025 0.2046875 0.12465329375 0.2046875 0.229501384375 0.2066787203125 0.249950096875 0.222721225 0.31934776249999997 0.23095288125 0.3439229875 0.2404092 0.348316609375 0.2426912078125 0.3484375 0.2628739859375 0.3484375 0.2628739859375 0.11610496875000001 0.2540878390625 0.0886701375 0.24642612343749998 0.0532763109375 0.2434180046875 0.0153649875 0.244091778125 0 0.2113814921875 0
1 0.314398084375 0 0.32091750937499997 0.072670134375 0.317287775 0.1064771203125 0.3046875 0.16310641875 0.3046875 0.2678051625 0.31664684374999996 0.3279914140625 0.32051245625 0.340625 0.35 0.340625 0.35 0.09161746093749999 0.34746177500000003 0.0719603328125 0.34971316875 0 0.314398084375 0
1 0.2484375 0 0.2484375 0.1383002390625 0.2521766546875 0.1580467609375 0.25352062656249996 0.184247634375 0.2504629359375 0.23956058906250002 0.2484375 0.2494708953125 0.2484375 0.33125 0.2573665609375 0.33125 0.26223688125 0.3254412296875 0.2799091453125 0.246838609375 0.281655675 0.184247634375 0.2674701546875 0.09836699374999999 0.274337421875 0 0.2484375 0
1 0.140389478125 0 0.148765175 0.064171509375 0.1478793 0.09310085312500001 0.1375 0.15115515156249998 0.1375 0.201984465625 0.144782040625 0.2784435703125 0.15878231874999998 0.33169809687499996 0.16063388125 0.3328125 0.1850801234375 0.3328125 0.1850801234375 0.1175764484375 0.17502264375 0.076309946875 0.174304878125 0 0.140389478125 0
1 0.11875 0.3278267984375 0.1271227578125 0.3240934296875 0.1281671953125 0.31460061562499997 0.1281671953125 0.2694073890625 0.12182497968749999 0.23462055468749998 0.11875 0.26972906406249997 0.11875 0.3278267984375
1 0.096875 0 0.096875 0.050284498437500005 0.1083478171875 0.11012730156249999 0.11239069531250001 0.159375 0.11529414687499999 0.159375 0.1177038734375 0.15657568125000002 0.11156324843750001 0.11008988906249999 0.12004530312499999 0 0.096875 0
1 0.013854995312500002 0 0.016117446875 0.063141515625 0 0.1366790125 0 0.2763114625 0.009653996875 0.3338838734375 0.012919634374999999 0.340625 0.048574925000000005 0.340625 0.052252853125 0.33389420468750003 0.052252853125 0.3338463015625 0.03804245625 0.23926960937500003 0.0360367171875 0.1708562171875 0.049236550000000004 0.09079799375 0.0458771546875 0.0660527234375 0.045631568750000004 0.0238402078125 0.04724830625 0 0.013854995312500002 0
1 0.8045012 0.55 0.8045012 0.4349690640625 0.790885278125 0.40182154531250003 0.7830283078125 0.3755276890625 0.7793439328125 0.3527033140625 0.7782252640625 0.332780784375 0.7775593187500001 0.298194496875 0.7795388859375 0.236605803125 0.7759166109375 0.19912221562500002 0.7685923328125 0.17985823437499998 0.7622846 0.17142970468750002 0.7518975015625 0.16334181718750002 0.7439518281249999 0.161675253125 0.7312387671874999 0.16416854218750002 0.7223964578125 0.17130750781249998 0.715476225 0.18575335312500002 0.713239046875 0.1975061765625 0.715298821875 0.23500794374999998 0.7279943328125 0.29935757500000004 0.7334010640624999 0.33975209687499996 0.7344576328125 0.3743338390625 0.7334900046875 0.392521628125 0.7155303906249999 0.47540449218749997 0.7130091546875 0.4988874140625 0.7136928078125 0.5182286671874999 0.7125 0.5263923187499999 0.7125 0.5347556984375 0.713400846875 0.55 0.8045012 0.55
1 0.39887680937500003 0.55 0.394467421875 0.5188760703125 0.39260610625000003 0.4802436359375 0.3941615734375 0.4535508640625 0.39838317343749996 0.425909653125 0.4113459921875 0.371783684375 0.4113459921875 0.2656154578125 0.402506109375 0.2163525765625 0.3991164171875 0.1781784125 0.403459196875 0.1592926640625 0.4113459921875 0.1452501828125 0.4113459921875 0.13781535 0.40300094687500004 0.128062734375 0.39136045625 0.1231394921875 0.389789965625 0.1231394921875 0.381770715625 0.123997571875 0.3724486546875 0.1308161125 0.3676358421875 0.13829425625 0.3630201 0.1524934203125 0.36578384218750004 0.19994509375 0.376276546875 0.2532750109375 0.3797992046875 0.2803823078125 0.38098163125 0.320708440625 0.3623892171875 0.40198213125000004 0.3609375 0.4119428171875 0.3609375 0.509534675 0.36932291250000004 0.55 0.39887680937500003 0.55
1 0.4681178609375 0.55 0.4770979890625 0.5248095562499999 0.49527435000000003 0.49078176874999996 0.5087689921875 0.47443434375000004 0.5285068171875 0.4569909109375 0.5451343765625 0.44709130156250004 0.5451343765625 0.434756503125 0.5359454375 0.40742101093749994 0.5309102875 0.377926671875 0.531132571875 0.32982540625 0.5380793546875 0.254788146875 0.5376294546875 0.21612382343749997 0.5339229609375 0.2000077546875 0.5287085046875 0.18870581718749999 0.5198069656250001 0.17975718125 0.5092055578125001 0.1759315296875 0.4998305578125001 0.1766968046875 0.4870149171875 0.1841931109375 0.4764806375 0.2029375921875 0.472415528125 0.223206328125 0.4726950125 0.24722507500000002 0.48186610312500006 0.3297423359375 0.4851321796875 0.37521333281249997 0.4832881203125 0.38474593281249997 0.48236846250000004 0.406517046875 0.45876113749999997 0.494641884375 0.45322214531250005 0.5226538656249999 0.45 0.549994784375 0.45 0.55 0.4681178609375 0.55
1 0.67055488125 0.369695859375 0.673415359375 0.34814775937500003 0.672686553125 0.271936178125 0.6682205875 0.233639353125 0.6669375625 0.1855290859375 0.668972484375 0.1715603015625 0.6756983140624999 0.157224015625 0.6761264296875 0.15079815624999998 0.6705254187499999 0.139696621875 0.6658651859375 0.1347917125 0.654567734375 0.1289916875 0.6412728515625 0.1307163984375 0.63499899375 0.1345260609375 0.626133246875 0.147297721875 0.6221486078125 0.16058971718749998 0.6208165453125 0.1880688203125 0.6292487890625 0.28339061249999997 0.6286400390625 0.32086509687500003 0.6225966203125 0.352226640625 0.6090699781250001 0.39378731718750004 0.6046875 0.41280276875000005 0.6046875 0.45125678750000003 0.617084990625 0.4600835765625 0.6371118484375 0.48125 0.6408583734375 0.48125 0.64178231875 0.47969229999999996 0.6478495953125 0.44422999687500003 0.67055488125 0.369695859375
1 0.668064209375 0.55 0.6694309859375001 0.5239388859375 0.6760606890625 0.4858603828125 0.6820697640625 0.46301328125 0.7042267640625 0.3985727453125 0.7094307171875001 0.376311465625 0.7123125671875 0.3247590375 0.7104591765625 0.27437825 0.7073167828125 0.2556319109375 0.7068436265625 0.21931088281250002 0.7094802953125 0.192948840625 0.7151313109374999 0.178889090625 0.7218109796875 0.168344275 0.7223686984375 0.1642435125 0.7171223703124999 0.153991609375 0.712625834375 0.149305025 0.6983636703125 0.144618440625 0.6896983109375 0.146375909375 0.6788411203125 0.153991609375 0.6736599265625001 0.161314396875 0.6670128265624999 0.18064655937500002 0.6648861328125 0.20407948281250002 0.6664834234375 0.2415721578125 0.6686449078125 0.2556319109375 0.6694631703125 0.32182991875 0.6665400546875 0.355221834375 0.6626989390625 0.3727965265625 0.65 0.4103311890625 0.65 0.5380478390625 0.6521653984375 0.545028515625 0.6529020671875 0.55 0.668064209375 0.55
1 0.9428686078125 0.55 0.9416634546874999 0.53888764375 0.94005846875 0.5008387437499999 0.94087563125 0.4793112875 0.9444800749999999 0.4515765765625 0.9523688499999998 0.42259093124999997 0.9523688499999998 0.27972919375 0.9512237906250001 0.27587159843750003 0.944548215625 0.270989528125 0.938285471875 0.25913678125 0.935709815625 0.239686221875 0.9371103093750002 0.22928940468749998 0.9361363515625001 0.218129165625 0.926157740625 0.1613573546875 0.9229613390625001 0.15625971249999998 0.911324321875 0.15625971249999998 0.901636221875 0.1574569859375 0.897405 0.162096084375 0.896118815625 0.16725009375 0.8980530203124999 0.2041569484375 0.9099181421874999 0.28207758906249997 0.91219006875 0.3254284984375 0.9081949984375001 0.353133609375 0.8993367187499999 0.384554684375 0.8899512953125001 0.42818924531249997 0.8890625 0.43544059687500003 0.8890625 0.524100715625 0.893444496875 0.55 0.9428686078125 0.55
1 1 0.55 1 0.2352134984375 0.9883213734375002 0.2728294765625 0.9605112359374999 0.2736439640625 0.967158815625 0.3264225921875 0.9669427921875 0.3667625578125 0.9569928390625 0.41681603437500003 0.9512924953125002 0.43773291875 0.95 0.4493060578125 0.95 0.55 1 0.55
1 0.42899255312499995 0.55 0.4291432515625 0.5463015906249999 0.43528684687499997 0.5105118390625 0.44131979218749995 0.4870198265625 0.4667124484375 0.41001791875000004 0.4700197140625 0.395926346875 0.4729276578125 0.372470696875 0.47329866249999997 0.32503720937499997 0.46862189218749994 0.25775391718749996 0.46851549062500003 0.222036890625 0.4707463640625 0.2056156625 0.47471552656250005 0.194444115625 0.4864168828125 0.1755705078125 0.480094159375 0.1630548546875 0.46631810468749996 0.156188609375 0.456528609375 0.15688806718749998 0.44408504843749996 0.1652304953125 0.4342250515625 0.18203326875 0.4306465140625 0.19320026875000001 0.4292858984375 0.226592184375 0.4348416234375 0.320214790625 0.43105916874999994 0.37471451875 0.4078125 0.445659159375 0.4078125 0.55 0.42899255312499995 0.55
1 0.42325613281249996 0.230332221875 0.42658757031250005 0.192253721875 0.4375708078125 0.16945889218750002 0.44758024062499996 0.1577947 0.44608839062500005 0.152510928125 0.44101373749999995 0.1457410125 0.43120511562499997 0.1405537234375 0.420794659375 0.1405537234375 0.41171686249999995 0.1455705671875 0.401095865625 0.1575242609375 0.39315452031250003 0.17682006249999999 0.389791228125 0.21079552812500002 0.3910905234375 0.2272144828125 0.39025659375 0.2635491484375 0.3920171640625 0.27469569531250004 0.38842252187500004 0.32918406093749997 0.38540554375 0.350266871875 0.3827030234375 0.354354 0.3785848203125 0.37015531562500004 0.3734375 0.38354216406249997 0.3734375 0.5078125 0.37345476718750004 0.5078125 0.3813343171875 0.47274253125000004 0.4164879015625 0.379167646875 0.420132371875 0.35984684843750003 0.424142553125 0.3229445390625 0.424893375 0.2830926625 0.42325613281249996 0.230332221875
0 0.6632276375 0.55 0.66284690625 0.5479967453125 0.6554536578125 0.524615728125 0.6403603859375 0.495428384375 0.622960184375 0.47549667656250005 0.614118965625 0.46802854062500004 0.58859335625 0.45548746875 0.5667797078125 0.45375817031250004 0.53977545625 0.45888745000000003 0.5153215171875 0.474338340625 0.497005096875 0.4957231015625 0.4930681703125 0.49779943437499996 0.486634109375 0.5088544328125 0.478878878125 0.51738483125 0.47070848125 0.53852636875 0.46753235625 0.5417105734375001 0.464665046875 0.5495494796875 0.4645176375 0.55 0.6632276375 0.55
1 0.244778778125 0.55 0.246586253125 0.5696755453125 0.26095225312500003 0.625112921875 0.26585818906249997 0.6296875 0.2819503390625 0.6296875 0.2819503390625 0.55 0.244778778125 0.55
1 0.74612008125 0.55 0.7565382734375 0.627348734375 0.7046875 0.818712496875 0.7046875 0.855205071875 0.72536610625 0.9791321515625 0.73449805625 1 0.8879865484374999 1 0.8879865484374999 0.7277547671875 0.8454271625 0.6263144171875 0.8474292109375 0.55 0.74612008125 0.55
1 0.89821468125 0.55 0.8983165812500001 0.5508858828125 0.8900130749999999 0.6110498015625 0.8625 0.6947083609375 0.8625 0.720298809375 0.888901225 0.8021609125 0.8700891640624999 0.9791106765625 0.8867295390625 1 0.9731229890625 1 0.9766782593750001 0.9974120890624999 1 0.9168796921875 1 0.72535663125 0.970090646875 0.601442528125 0.9756928500000001 0.55 0.89821468125 0.55
1 0.5904965515624999 0.55 0.5898462828125 0.5901041671875 0.581749315625 0.6380650578125 0.5375 0.7517514359374999 0.5375 0.94579145 0.5472430609375 0.9812152749999999 0.5625788328125 1 0.6529099328125 1 0.6476391859375 0.8078819421875 0.6882654625 0.6834374999999999 0.664496353125 0.6123263875 0.67297180625 0.55 0.5904965515624999 0.55
1 0.47780156875 0.55 0.47978662187500004 0.565330346875 0.47286765312500006 0.6047267671875 0.434375 0.7190919765625 0.434375 0.7606469046875001 0.4466101390625 0.8639179718750001 0.49571305 0.9561746578125 0.5234136625 0.959375 0.5538285421875 0.959375 0.5599287875 0.951307084375 0.5599287875 0.790866915625 0.556575528125 0.76600758125 0.5599287875 0.748274771875 0.5599287875 0.642525728125 0.543745840625 0.605670803125 0.54501075625 0.55 0.47780156875 0.55
1 0.3592615609375 0.55 0.3631648578125 0.615116490625 0.35 0.660393959375 0.35 0.86621221875 0.38467239375 0.9296875 0.430570134375 0.9296875 0.430570134375 0.62136545 0.42573656875 0.6121891046875 0.4261482359375 0.55 0.3592615609375 0.55