1 0.08125 0.4 0.08125 0.35238448437500003 0.07877041875 0.3532086046875 0.077006759375 0.35836485156250003 0.076766053125 0.38245711718750003 0.074801234375 0.39271505156250003 0.074886003125 0.4 0.08125 0.4
1 0.1375 0.4 0.1375 0.3573422984375 0.134269103125 0.3546875 0.13337634062499998 0.3546875 0.1320234859375 0.3566605671875 0.13035550625 0.3632877296875 0.13149608125 0.3892500765625 0.1307510953125 0.3939525453125 0.132663015625 0.3952139640625 0.135255825 0.4 0.1375 0.4
1 0.086360678125 0.32128667499999997 0.08349609375 0.3244440671875 0.08193359375 0.3503245265625 0.084016928125 0.3698295921875 0.084016928125 0.380940703125 0.0851105796875 0.384375 0.0890625 0.384375 0.0890625 0.321365290625 0.086360678125 0.32128667499999997
1 0.136000440625 0.3811447421875 0.1375 0.3836148234375 0.1375 0.3248981515625 0.1370156078125 0.324684471875 0.1349754015625 0.32559827812500003 0.13378113125 0.3279055171875 0.134119490625 0.3575290859375 0.1324674078125 0.366776225 0.1339204328125 0.370024540625 0.1369359546875 0.373281946875 0.136587628125 0.376982621875 0.1346767984375 0.3806742046875 0.136000440625 0.3811447421875
1 0.095525553125 0.35327955 0.0957141453125 0.34679806874999997 0.096875 0.3406993875 0.096875 0.327832971875 0.0954807296875 0.3190021078125 0.09645957031249999 0.303270459375 0.0948800859375 0.2984375 0.0935434359375 0.2984375 0.09111205781250001 0.29900833437499996 0.0902634546875 0.3013095125 0.0891499046875 0.3216707921875 0.0878388203125 0.33091186875 0.0883327125 0.3318468859375 0.0879285875 0.34573577499999997 0.089194728125 0.355948234375 0.09058942187499999 0.3578125 0.09368173125 0.3578125 0.095525553125 0.35327955
1 0.1015625 0.3043122796875 0.10110767031250001 0.3031978453125 0.1015625 0.3011343375 0.1015625 0.2840626609375 0.09997368906250001 0.281452234375 0.098351853125 0.28044441875000004 0.09465328125 0.2834804421875 0.0943104546875 0.286230925 0.09514115937499999 0.29919388750000003 0.0965388421875 0.3048040359375 0.09824639843750001 0.32334984843750003 0.1008376125 0.334375 0.1015625 0.334375 0.1015625 0.3043122796875
0 1 0.4 1 0.2921474 0.9946584953125001 0.2908138171875 0.9737937375 0.2908138171875 0.971722059375 0.2912745140625 0.9581837171875 0.30344850624999997 0.9500063125 0.317490903125 0.9421504593750001 0.348716990625 0.9421504593750001 0.39418921875 0.9440142734375 0.4 1 0.4
1 0.96978474375 0.289941078125 0.9726953640625 0.2829693609375 0.9734375 0.2697353125 0.9734375 0.2319139296875 0.9665690437500001 0.1859107703125 0.9734375 0.137109303125 0.9734375 0.10329402343750001 0.9727089359375001 0.10224055937500001 0.9717204578124999 0.10224055937500001 0.9568518609375 0.10415723125000001 0.952227575 0.112998978125 0.9482560484375 0.1935242328125 0.9413166140625 0.2158439546875 0.9413166140625 0.3046875 0.9424367953124999 0.3046875 0.949463996875 0.29665285468749997 0.96978474375 0.289941078125
1 0.7860848578125 0.323553475 0.7872941421874999 0.325 0.808181846875 0.325 0.8105909671875 0.3227699640625 0.8146678671875 0.3079763609375 0.81875 0.283944171875 0.81875 0.2171785953125 0.8112288640624999 0.17552653125 0.8109685046875 0.14866861874999998 0.81577283125 0.1088750140625 0.7994608765625 0.105538825 0.7912667234375 0.10965852499999999 0.7947957328124999 0.1495006109375 0.7946699640625 0.1717258640625 0.7807243500000001 0.22180423437500002 0.7807243500000001 0.29822953124999996 0.7860848578125 0.323553475
1 0.7714913593749999 0.315625 0.7740662875 0.3145769390625 0.778125 0.3023010109375 0.778125 0.2025922984375 0.7665578515625 0.1622318171875 0.7664906546875001 0.10950252812500001 0.7510317515625 0.1068301 0.7457327796875 0.11086948125 0.7514914140625 0.1628061890625 0.7409910281250001 0.211589321875 0.7423943546875 0.258799421875 0.752802759375 0.309919309375 0.7581075546875 0.315625 0.7714913593749999 0.315625
0 0.032981515625 0.69153014375 0.039012559375 0.68458099375 0.0374633109375 0.6565740874999999 0.032974865625 0.6693929515624999 0.032396167187500005 0.6744938078125 0.032396167187500005 0.7157389843749999 0.0406978375 0.7319473140625 0.052975459375 0.7375 0.054138453125 0.7375 0.0694299203125 0.7277571234375 0.078125 0.7077280734375 0.078125 0.654710159375 0.0766120625 0.6515335906249999 0.070833971875 0.6470378578125 0.0663789859375 0.6470378578125 0.06352487968750001 0.6484510640625001 0.0630604703125 0.6918420375000001 0.058180565625 0.7019256374999999 0.052016818750000006 0.7005839703125 0.04181910625 0.7078732406249999 0.0344378625 0.6992517109375 0.032981515625 0.69153014375
1 0.6352178890625 1 0.6496930765625 0.943705875 0.65625 0.8845769859375 0.65625 0.85172031875 0.6514003703125 0.847636328125 0.6547531578125 0.8350639000000001 0.6459509484375 0.81610443125 0.63621099375 0.7578655375000001 0.6457738796875 0.6119597765625 0.6393425109375 0.5866574109375 0.634788634375 0.5858632046875 0.6182415156250001 0.5858632046875 0.607575 0.6003194359374999 0.6039922109375 0.6178301328125 0.60438155 0.758004003125 0.5909425359375 0.8151150921875001 0.5909425359375 1 0.6352178890625 1
1 0.64351159375 0.95 0.6440950265625001 0.95 0.6620510484375 0.8952867359375001 0.671875 0.84180369375 0.671875 0.8388937328124999 0.662270925 0.7226088421875 0.671875 0.640338365625 0.671875 0.5875470375 0.67137383125 0.5855960484375 0.6564991609375 0.5808355484375001 0.64351159375 0.6011304984375 0.64351159375 0.6080458671875 0.6451315265625001 0.6266034484375 0.64351159375 0.6406490140625 0.64351159375 0.869092353125 0.6442190375 0.8757599093749999 0.64351159375 0.8810915828125001 0.64351159375 0.95
1 0.7852721265625 1 0.7902731015625 0.9827045140624999 0.803125 0.920039228125 0.803125 0.8047125375 0.7932908859375 0.7357666937499999 0.803125 0.6368818765625 0.803125 0.5910988453125 0.7957696796875 0.5789644484375 0.7731882328124999 0.5911808453124999 0.7663994000000001 0.6096630000000001 0.7638368390625001 0.7454735515625 0.743339121875 0.8351474203125001 0.743339121875 0.9760046265625 0.746899584375 1 0.7852721265625 1
1 0.9329421734375 0.9921875 0.94375 0.9625320890625 0.94375 0.76529703125 0.9406184484375 0.7504108828125 0.94375 0.674309378125 0.94375 0.6041036468750001 0.94112388125 0.5925478265625 0.93174396875 0.5836957265625 0.9152785203124999 0.588246078125 0.9070053140625 0.606554475 0.9096604546875 0.7398231531249999 0.8878996062500001 0.8527891921874999 0.89150190625 0.9071425062500001 0.907120803125 0.98397665625 0.9144450109375001 0.9921875 0.9329421734375 0.9921875
1 0.71182041875 0.8515625 0.71739608125 0.8452184531250001 0.7234375 0.8115662359375001 0.7234375 0.7193237531250001 0.7164910875 0.689662896875 0.7186942640625 0.5907194546875 0.7137541453125 0.577450725 0.702628665625 0.57569361875 0.695068784375 0.5897633875 0.694355053125 0.7059017750000001 0.7072716390625 0.776705678125 0.7035071937499999 0.846108490625 0.708980903125 0.8515625 0.71182041875 0.8515625
1 0.686990015625 0.5794482953125 0.67587890625 0.5789307875 0.6835507953125 0.7183399296874999 0.7046875 0.8039668921875001 0.7046875 0.7141371828125 0.6998797625 0.6944895203125 0.6954058703125 0.59091519375 0.686990015625 0.5794482953125
1 0.9068163 0.60085589375 0.91875 0.5863413296875 0.91875 0.584163990625 0.9176215265625001 0.5773465812499999 0.9005806609375 0.5823818171874999 0.8931145109375 0.5984675609375 0.8834932249999999 0.7071176171875 0.8703125 0.750173071875 0.8703125 0.809375 0.87089611875 0.809375 0.89022185 0.746567228125 0.902728821875 0.61815600625 0.9068163 0.60085589375
1 0.798688984375 0.7846170265625 0.8043436734375 0.821875 0.8050253250000001 0.821875 0.809375 0.7644728609375 0.809375 0.7541605046875001 0.8018008296874999 0.6896882140624999 0.798688984375 0.71887736875 0.798688984375 0.7846170265625