1 0.359375 0.6796875 0.359375 0.462198015625 0.3530469578125 0.43995712343750004 0.34824814531250003 0.352498034375 0.3489675546875 0.3039687453125 0.3451252078125 0.26645510625 0.3315862875 0.2391740421875 0.3131640421875 0.23330483906250002 0.3035746625 0.2400720078125 0.2961332046875 0.2683737703125 0.3023564078125 0.335054071875 0.31111300625 0.3754273078125 0.3148667140625 0.43096922656250003 0.29660525312499997 0.551311634375 0.29960244999999996 0.6262570890625 0.307250040625 0.6721586046875 0.30924552968749996 0.6796875 0.359375 0.6796875
1 0.265625 0.6796875 0.265625 0.4491818375 0.254595228125 0.409557153125 0.253599996875 0.3275854375 0.256193559375 0.2761420046875 0.253884303125 0.2386510953125 0.24156580156250002 0.2144773546875 0.22420145468750002 0.209375 0.22317925624999999 0.209375 0.209624965625 0.2266601734375 0.20506170156249998 0.2489460296875 0.2177066984375 0.4058177484375 0.19689457187499998 0.5088864281250001 0.19678004531249998 0.6019874359374999 0.20221430312500002 0.6394419828125 0.2115426078125 0.6796875 0.265625 0.6796875
1 0.16218769375 0.6796875 0.175 0.618500265625 0.1828125 0.49739411406249995 0.1765625 0.4531679234375 0.16015625 0.381518621875 0.16171875 0.296741834375 0.16640625 0.2563003671875 0.165625 0.21327209218749998 0.16328125 0.203631715625 0.155859375 0.194863115625 0.1350424 0.1932770625 0.13060467343749999 0.1932770625 0.1234375 0.20224531250000002 0.11875 0.22185344687500003 0.1234375 0.374467534375 0.103125 0.45989908437500004 0.09765625 0.5142567234375 0.096875 0.574006228125 0.09921875 0.605868828125 0.113388696875 0.6796875 0.16218769375 0.6796875
1 0.0492640453125 0.289004578125 0.0516975375 0.3487268015625 0.030942006249999997 0.452311584375 0.030816428125 0.5258499624999999 0.036363870312500005 0.566218659375 0.05627888125 0.6527116296875 0.06090838750000001 0.659375 0.096875 0.659375 0.096875 0.3967772015625 0.086355503125 0.3564713328125 0.0836956375 0.2911935546875 0.08700280625 0.219116803125 0.08464800624999999 0.19963599062499998 0.08165896406249999 0.193322346875 0.0432645296875 0.189653565625 0.040060165625 0.1972106265625 0.0405805515625 0.22913688593749998 0.0492640453125 0.289004578125
1 0.25043544375 0.5296875 0.279887140625 0.4324093515625 0.2844571640625 0.38243208281249996 0.2843719984375 0.290560828125 0.2908040984375 0.2573411546875 0.3046875 0.228609559375 0.3046875 0.20856815625 0.29759035625 0.2039484953125 0.264936078125 0.2016410765625 0.264063596875 0.2016410765625 0.260112628125 0.20772983437499998 0.25712125937499997 0.2368737671875 0.2575383140625 0.303699559375 0.2523368265625 0.362010159375 0.2503905078125 0.3675506421875 0.2503905078125 0.5296875 0.25043544375 0.5296875
1 0.3835296640625 0.6796875 0.39967634375 0.6014469984375 0.4046875 0.53398301875 0.4046875 0.5186914703125 0.398938115625 0.46547229687499997 0.386820628125 0.4159360859375 0.383625565625 0.3855169390625 0.39274723906250003 0.2283815234375 0.384263928125 0.20716748593749998 0.35698483125 0.205344571875 0.34766102656250003 0.22024165 0.3439541453125 0.245350775 0.3481083125 0.3687163515625 0.3442721265625 0.39938103125 0.3394188296875 0.41765588593749997 0.3394188296875 0.47496479843749995 0.35197695156250003 0.5378879765625 0.35582395624999996 0.5738353968750001 0.35345869531249996 0.6419182343750001 0.347298553125 0.6796875 0.3835296640625 0.6796875
1 0.5015625 0.6796875 0.5015625 0.47387998593749997 0.48902090156250005 0.4253756796875 0.4905125671875 0.31161407812499997 0.4876457703125 0.251873671875 0.47781262656249995 0.227359003125 0.4611638703125 0.2200326984375 0.44827062812499996 0.230834684375 0.4410132765625 0.25772708906249997 0.45021660781249995 0.3647988203125 0.451229896875 0.41616952500000004 0.43182321718749994 0.50869775 0.42731925625 0.55855228125 0.4284347828125 0.5904967250000001 0.4361830828125 0.6559017890625001 0.4416713609375 0.6796875 0.5015625 0.6796875
1 0.546875 0.6796875 0.546875 0.42252316875 0.5361246562499999 0.3846957984375 0.5317032 0.322141171875 0.534636559375 0.26563376875 0.5329101125 0.22263284218749999 0.528249215625 0.2160823765625 0.489967965625 0.2134054921875 0.486897253125 0.2207985421875 0.4875444015625 0.231909653125 0.4929067359375 0.2571828046875 0.4993505359375 0.354459659375 0.4971452140625 0.42346705625 0.5227966890625 0.5165541124999999 0.5301536796875 0.5627152265625 0.5320696 0.62232819375 0.5275737390625 0.6787263343750001 0.5280038203124999 0.6796875 0.546875 0.6796875
1 0.609375 0.22005554374999997 0.5918316234375001 0.2182091140625 0.583316984375 0.22302249999999998 0.576335165625 0.246601796875 0.5754648421875 0.35774926875 0.5708762046875 0.40496239999999994 0.5547556250000001 0.45701178125 0.5547556250000001 0.6796875 0.5999519265625 0.6796875 0.608425496875 0.648327028125 0.609375 0.6438544015625001 0.609375 0.41785352343750004 0.6080201890625 0.41073612343750004 0.609375 0.38959458593749996 0.609375 0.22005554374999997
0 0.609375 0.4743814984375 0.6190104171875 0.4921005796875 0.6377604171875 0.5044087765625 0.6463128921875 0.5046875 0.6590134640625 0.5046875 0.6763020828124999 0.49472953906250006 0.6911458328125 0.46689636874999996 0.6953125 0.44041341406249995 0.6953125 0.41906568125000004 0.6947916671875001 0.4010283125 0.6864583328125 0.3716896890625 0.6752604171875001 0.35402517499999997 0.6575520828125 0.3426065265625 0.6488567265625 0.34239489375 0.6416795609375 0.34239489375 0.6247395828125 0.35393755 0.6119791671875 0.3761424125 0.609375 0.38574981406250003 0.609375 0.4743814984375
1 0.4703738796875 0.947182625 0.48055636249999995 0.9604964359375 0.486396240625 0.9609375 0.49960189374999997 0.9609375 0.5024313625 0.9602418953124999 0.5086588140625 0.95322169375 0.5140625 0.9274410718749999 0.5140625 0.744141753125 0.512851159375 0.736403515625 0.501552 0.689290384375 0.49420005624999996 0.681501828125 0.473366725 0.6817442453125 0.4686640421875 0.6878203390625 0.45467610625 0.753755015625 0.45160356718749994 0.7806553468749999 0.449557071875 0.84552470625 0.45594235781250003 0.88713683125 0.4703738796875 0.947182625
1 0.3682634421875 0.6796875 0.3611979171875 0.6826258625 0.35625 0.697150496875 0.3484375 0.73075665 0.346875 0.76553344375 0.346875 0.78281738125 0.3494791671875 0.8112758296875 0.35989583281250004 0.8692454062499999 0.3678276875 0.88125 0.385608009375 0.88125 0.3947916671875 0.873582371875 0.409375 0.8073323703125 0.4125 0.7818264125 0.4125 0.732884621875 0.409375 0.709184221875 0.40234375 0.6830408703125 0.39723531093750003 0.6796875 0.3682634421875 0.6796875
1 0.28526793281249996 0.6796875 0.2806108828125 0.6837267515625001 0.2782781828125 0.703098459375 0.2787833890625 0.741037178125 0.2816590234375 0.7605301109375 0.29553198593749996 0.8200560671874999 0.3013240390625 0.825 0.31790682812500004 0.825 0.32297005625 0.8230073125 0.3285938515625 0.8013995875 0.3328125 0.7701523265625 0.3328125 0.6968232296875 0.32921447812500004 0.6825453890625 0.3208581484375 0.6796875 0.28526793281249996 0.6796875
1 0.5363298125 0.88125 0.5386254375 0.8783313296875 0.5574589859375 0.81577754375 0.56087540625 0.7982455703125 0.5609375 0.7970857390624999 0.5609375 0.6985428703125 0.5604002703125001 0.694299390625 0.5570202390625 0.6872412828125001 0.525319565625 0.6853909218750001 0.5200559203124999 0.6894136171875 0.5104188109375001 0.7161854953125 0.5104188109375001 0.797170409375 0.5106244531249999 0.80699105625 0.5104188109375001 0.8101682078125 0.5104188109375001 0.88125 0.5363298125 0.88125
1 0.6666705203125 0.6796875 0.6608684953124999 0.7094261953125 0.6651488421875 0.7542638687500001 0.6768395578125 0.7890625 0.690625 0.7890625 0.690625 0.6796875 0.6666705203125 0.6796875
1 0.705190884375 0.6796875 0.7056585734375 0.6911654 0.7022448703124999 0.6966721953125 0.7060301 0.78956836875 0.7127212734375 0.7953125 0.73125 0.7953125 0.73125 0.6796875 0.705190884375 0.6796875
1 0.9481167984375001 0.6796875 0.9442772265624999 0.6913612765625 0.9443164015625 0.765109759375 0.94844765 0.784375 0.9773531890625 0.784375 0.9796875 0.7562307359375 0.9796875 0.6985225046875 0.9748432765625001 0.6796875 0.9481167984375001 0.6796875
1 0.9123770796875 0.6796875 0.906013384375 0.70131365625 0.9086853109374999 0.766887425 0.9052716078125 0.7722672703125 0.9057169296875 0.78319623125 0.911969728125 0.7921875 0.9359375 0.7921875 0.9359375 0.6796875 0.9123770796875 0.6796875
1 0.8558011640625001 0.6796875 0.8558011640625001 0.698545828125 0.858072653125 0.703352384375 0.86088086875 0.7143871546875 0.8596386484374999 0.7307805968750001 0.8628609390624999 0.7363508859375 0.8607905718750001 0.7636732890625 0.8567401328124999 0.7690319624999999 0.8558011640625001 0.7740454390625 0.8558011640625001 0.8 0.866779515625 0.8 0.8732656578124999 0.791418921875 0.8753360265625 0.7640965203125 0.8793864609375 0.758737846875 0.8796875 0.7547650703125 0.8796875 0.6796875 0.8558011640625001 0.6796875
1 0.74945110625 0.6796875 0.745670365625 0.6922844765625 0.7464336609375 0.7141424 0.7429881203125 0.7195222453125 0.746815309375 0.7250713609374999 0.74336976875 0.7304512046875 0.74719695625 0.7360003265625 0.748723546875 0.779716171875 0.752550734375 0.7852652890625 0.75293238125 0.796194253125 0.7577124703125 0.803125 0.7683102875000001 0.803125 0.7749413890625 0.8021665562500001 0.774559740625 0.7912375921875 0.7665237171875 0.76921039375 0.7653787734375 0.736423509375 0.7749520984375 0.69842605625 0.7765625 0.6959115890625001 0.7765625 0.6796875 0.74945110625 0.6796875
0 0.791797609375 0.6796875 0.791172425 0.680669190625 0.7805816 0.6853708328125 0.7722863703125 0.6983963390625 0.7662867203125 0.719745703125 0.7669232609375001 0.7306746640624999 0.763605165625 0.735884865625 0.7701059578125 0.7853194734375 0.7783334953125001 0.802221475 0.8037203421875001 0.8339289328125 0.8100993781250001 0.834375 0.8521780796874999 0.834375 0.8612656203124999 0.827068440625 0.86875 0.8153161734375001 0.86875 0.71002794375 0.8668318218750001 0.7050076 0.85299060625 0.6849919390625 0.8462493171875 0.6796875 0.791797609375 0.6796875