1 0.45 0.6296875 0.45 0.463588540625 0.4464824140625 0.45219732187500006 0.4430969375 0.42546676093749997 0.4419653859375 0.38657787187500003 0.44547639375000003 0.32800195468750004 0.44445260937500003 0.29281676874999996 0.4397201671875 0.273566390625 0.43183131250000006 0.26234406093749996 0.4254735453125 0.25893145624999997 0.410997978125 0.263314390625 0.404743509375 0.2724139125 0.4000740078125 0.2911750140625 0.40128638437499997 0.33284168125 0.4096917203125 0.4066246546875 0.41014078749999994 0.439982246875 0.39991283125 0.5007253734375 0.3953125 0.5198904265625 0.3953125 0.6296875 0.45 0.6296875
1 0.37575572031250004 0.6296875 0.374270665625 0.5765760234374999 0.379166465625 0.522617378125 0.3866269375 0.492514284375 0.3855601140625 0.47132725000000003 0.375006928125 0.43323960625 0.3723129515625 0.414939609375 0.37769721875 0.2953130640625 0.37160705 0.27771276093749997 0.3634030234375 0.272739928125 0.3502959859375 0.27735413750000004 0.3440585640625 0.28842111875 0.340631846875 0.3016026015625 0.34044149375 0.3321217359375 0.344791384375 0.39098037343750003 0.34405864531249997 0.42246185625 0.3328125 0.469215515625 0.3328125 0.6268406765625001 0.3333723921875 0.6296875 0.37575572031250004 0.6296875
1 0.3204749734375 0.5631118640625 0.3216355109375 0.5149697765625 0.3250803625 0.4908654 0.3335037234375 0.4583731484375 0.33395640000000004 0.4454101828125 0.3240177671875 0.40202499375 0.33024334375 0.2982909875 0.323842609375 0.2803172515625 0.314629278125 0.275796709375 0.30558110781250003 0.2814552890625 0.29957884687499997 0.296796703125 0.298576490625 0.32550040625 0.3015502875 0.3745199359375 0.3001241 0.40045192343749997 0.2953125 0.4195437390625 0.2953125 0.525234340625 0.3029929796875 0.5568364375 0.30889428125 0.59656640625 0.3102836484375 0.6 0.320456896875 0.6 0.322468284375 0.595482909375 0.3204749734375 0.5631118640625
1 0.3234765375 0.6296875 0.3234765375 0.5206556171875001 0.3079741859375 0.47264153750000004 0.30224639531249997 0.4152523125 0.3008625453125 0.3216247 0.2961255734375 0.28276308437500003 0.2850080484375 0.25838514218749997 0.27539805624999997 0.249280434375 0.26415822499999997 0.2457676453125 0.256496890625 0.247755865625 0.24728129999999998 0.2562619296875 0.24375 0.26498489062499997 0.24375 0.3300034203125 0.2454604453125 0.3457728765625 0.2520457578125 0.375329778125 0.261125296875 0.43544223437499996 0.2637789359375 0.47434021406250004 0.25857747343750004 0.5384109265625 0.252789215625 0.5505661484375 0.253032453125 0.5663250718749999 0.248369690625 0.5858786109375 0.248569825 0.6296875 0.3234765375 0.6296875
1 0.23802377031250002 0.6296875 0.2374895875 0.5975407749999999 0.2421756453125 0.5710529453125 0.24312646718750003 0.5517298375 0.2436406640625 0.5500992390625 0.2436406640625 0.43578984531250003 0.24071090625 0.3854878640625 0.24142755624999998 0.3532321328125 0.23582037812499998 0.2836966828125 0.22904882343750002 0.2699219046875 0.2165953671875 0.2610352953125 0.21159916562499997 0.2610352953125 0.201228940625 0.26461043906250004 0.1949257328125 0.276700915625 0.19375 0.286836284375 0.19375 0.2921624828125 0.195484921875 0.3219499453125 0.2010722015625 0.3554956265625 0.2046825625 0.36401096875 0.20303066250000001 0.37129703593749996 0.206281978125 0.3825598234375 0.2097334359375 0.4418190828125 0.1961421671875 0.520386984375 0.193863015625 0.5525517093750001 0.194044703125 0.5913192578124999 0.20132426093750003 0.6296875 0.23802377031250002 0.6296875
1 0.19121156718750001 0.3722770015625 0.1878694703125 0.31622021093749997 0.190073728125 0.2921158015625 0.1952763453125 0.27705830625 0.19322395781249999 0.2730281484375 0.18554380937499998 0.27900839374999997 0.17777082500000002 0.2974431390625 0.1750600203125 0.35846324375 0.17650445312500002 0.38973237968749996 0.17397931875 0.425843490625 0.165625 0.451883121875 0.165625 0.5140625 0.16623018437499998 0.5140625 0.1662658484375 0.5138974609375 0.18167660937500002 0.464125678125 0.1877856875 0.43610521875 0.1866088125 0.42326359687500004 0.189666209375 0.416630440625 0.19121156718750001 0.3722770015625
1 0.157873565625 0.5083532671875 0.16362808906249998 0.477961403125 0.168768265625 0.46516213124999994 0.179727634375 0.42011914375000003 0.180859325 0.387711734375 0.17807604531250001 0.3180854125 0.180184734375 0.28756623124999997 0.1739814921875 0.27854258593750003 0.1618729890625 0.2818279703125 0.154308228125 0.2968602109375 0.1528173734375 0.3246198 0.15709150624999998 0.3664865328125 0.1557981453125 0.4035235703125 0.146875 0.43736345937500004 0.146875 0.58880258125 0.147183334375 0.59048785625 0.152598175 0.6046875 0.1570736171875 0.6046875 0.160793159375 0.6039418921874999 0.1561598609375 0.5574273421875 0.157873565625 0.5083532671875
1 0.8098260484375001 0.429496853125 0.7863318593749999 0.357208375 0.7578729234375 0.36023053125 0.7484375 0.429590678125 0.7484375 0.5116258078125 0.7553230390625 0.5505861953125 0.77292486875 0.612065828125 0.7753511703125 0.6140625 0.808911825 0.6140625 0.8098260484375001 0.6126451625 0.8098260484375001 0.429496853125
2 1 0.2217297125 0.45941529687499993 0.2448820875 0.45694360468750006 0.254037221875 0.45810215468750004 0.3207402734375 0.46315337031250003 0.33302195 0.45 0.3494386921875 0.45 0.43316616406249997 0.4509874984375 0.434375 0.56006825625 0.434375 0.5706831593749999 0.39894299843750003 0.5777615265625 0.3867917625 0.8176052781250001 0.37562086093749997 1 0.36947343125 1 0.2217297125
1 0.10041555937499999 0.6296875 0.1025242765625 0.651269309375 0.11996468906249999 0.71293324375 0.1284740640625 0.7171875 0.1651679234375 0.7171875 0.1694942828125 0.7123618171875 0.17749536562499998 0.672838109375 0.17749536562499998 0.6296875 0.10041555937499999 0.6296875
1 0.23125 0.6296875 0.23125 0.7350113578124999 0.23748066875 0.7421875 0.26169833593749997 0.7421875 0.28275916875 0.7361834218750001 0.30112866875 0.6767123109375001 0.3069722125 0.634981446875 0.3067329734375 0.6296875 0.23125 0.6296875
1 0.3171875 0.6296875 0.3171875 0.6990508015625 0.319942465625 0.7103337765625 0.3209404296875 0.7109375 0.35717615937499997 0.7109375 0.3656363984375 0.7019477015625 0.378444284375 0.6543344859375 0.381179553125 0.6296875 0.3171875 0.6296875
1 0.6660145015625 0.6296875 0.658141778125 0.686228846875 0.6583618203125 0.77054265 0.662386603125 0.8038517421875 0.6721050734375 0.8454335625 0.7022283328125 0.9331056234374999 0.7095746484375001 0.947381721875 0.717806503125 0.9546875 0.7369494453125001 0.9546875 0.7468688578125 0.9489137624999999 0.7468688578125 0.6488044921875 0.7406112765625 0.6296875 0.6660145015625 0.6296875
1 0.572123184375 0.6296875 0.5707691390624999 0.649581628125 0.5733471953125 0.6875871046875 0.5826287484375 0.73063795625 0.5960687218749999 0.7668246890625 0.61166743125 0.8046875 0.625057684375 0.8046875 0.625057684375 0.6296875 0.572123184375 0.6296875