1 0.020892993749999998 0 0.020642175 0.0027636796875000003 0.0211431984375 0.05166794375 0.01307239375 0.079084953125 0.01307239375 0.190625 0.0249714578125 0.190625 0.030768640625 0.18507816562499999 0.0375197109375 0.16076151249999998 0.0428862890625 0.13373985156249998 0.04375 0.12386040000000001 0.04375 0.1031584609375 0.036141884375 0.044507232812500006 0.0417589984375 0.0054727953125 0.04199154375 0 0.020892993749999998 0
1 0.214362896875 0 0.21291752812500003 0.0025709046875 0.21593648281250002 0.073912659375 0.2057891609375 0.1200271296875 0.2044421375 0.15703689375000002 0.217655821875 0.2140625 0.23418938437499998 0.2140625 0.2359375 0.20774684843750002 0.2359375 0.09855857812499999 0.2310460375 0.0751022296875 0.23274690156250002 0.0093978515625 0.229982965625 0 0.214362896875 0
1 0.27153663125 0 0.27984813750000004 0.062044110937499994 0.27268322968750003 0.1103839015625 0.2735161859375 0.1435837296875 0.28955719062499996 0.20261796875 0.29323033125000003 0.2078125 0.296875 0.2078125 0.296875 0.070838209375 0.295878178125 0.06767503750000001 0.2924536796875 0 0.27153663125 0
1 0.22963074843750003 0 0.2315535359375 0.009523825 0.22723915468749997 0.0732304453125 0.23558644218749997 0.13340104531250002 0.23321996718750002 0.1875 0.23621003906250002 0.1875 0.2368684015625 0.1864522234375 0.246200603125 0.14361721249999998 0.246875 0.13079103593750002 0.246875 0.1080045578125 0.241430990625 0.07075705 0.23634850468750002 0.05173729375 0.2363126828125 0.037802840625 0.241643375 0.0048340421875 0.24167614531249998 0 0.22963074843750003 0
0 0.143111990625 0.25501805312500003 0.1550528484375 0.2828125 0.1928305453125 0.2828125 0.20043401875 0.27211302656249997 0.20829897968750002 0.245853546875 0.209375 0.22995754375000002 0.209375 0.196876771875 0.2076263390625 0.18539496093750002 0.20173844375 0.16954759375 0.19318610625 0.161365546875 0.18232406406249999 0.1585567875 0.1586224625 0.16298775468749999 0.1462434625 0.1781662 0.14322428125 0.1881235484375 0.1414457203125 0.19961517499999998 0.1414457203125 0.2484221671875 0.143111990625 0.25501805312500003
1 0.9244353203125 0.4038149046875 0.9270448640625 0.40625 0.9437592531250001 0.40625 0.9484718390625 0.3978655109375 0.9558162703124999 0.36428959375000003 0.95625 0.36012178906250003 0.95625 0.29579806406250003 0.9513925421875001 0.271256240625 0.950601409375 0.259291978125 0.9530078062499999 0.23794716249999998 0.9509310687500001 0.233889659375 0.9410945703125 0.233424640625 0.9358796421874999 0.237821759375 0.9375344312500001 0.25251528125 0.9346072031249999 0.2738843546875 0.9244353203125 0.307394475 0.9244353203125 0.4038149046875
1 0.8821391609375 0.42517538125 0.8830894718750001 0.4265625 0.8994273328125001 0.4265625 0.9024301125 0.42182623281250003 0.9078125 0.39598913125 0.9078125 0.33536774375 0.89584981875 0.2754299328125 0.8987647296875 0.2393733703125 0.8828658484374999 0.23678127343750002 0.8784576187500001 0.239944740625 0.8813580625 0.290916121875 0.8726924359374999 0.323168978125 0.8696859484375 0.3434848015625 0.8703899375 0.374975375 0.8747074359375 0.4009740296875 0.8821391609375 0.42517538125
1 0.82434900625 0.386776825 0.8391863296875 0.44389245781250003 0.8407293140625001 0.4453125 0.846875 0.4453125 0.846875 0.309663634375 0.844940259375 0.302468046875 0.8438066187500001 0.24807205156249998 0.8408553093750001 0.24097741250000002 0.8226261421875 0.239809234375 0.8210057468749999 0.24200723281249997 0.8222208671875 0.255896121875 0.8301139015625001 0.298755725 0.8228332015625 0.3516917671875 0.82434900625 0.386776825
1 0.84764803125 0.36416094062500004 0.8456830046875 0.40625 0.8500122515624999 0.40625 0.853125503125 0.4017903484375 0.8592715249999999 0.37539416718749996 0.8625 0.3365629921875 0.8625 0.329743684375 0.8534209359375 0.27364803437499996 0.8545526265625 0.2412406265625 0.847081378125 0.23826509062499998 0.8435504593750001 0.2421355734375 0.8410179375 0.26977664843750004 0.8434280984375 0.27556003906250004 0.8421600953125001 0.2819503875 0.8392607953125001 0.28338514375 0.8392607953125001 0.30021947656250003 0.84764803125 0.36416094062500004
1 0.755566265625 0.3544132734375 0.755566265625 0.4569382375 0.75716685625 0.459375 0.7778060328125 0.459375 0.7869486390625 0.43013684375 0.7875 0.42300249375 0.7875 0.384700628125 0.7802818375 0.31154177656250004 0.784168775 0.2802881296875 0.7848929859375 0.24968700781250003 0.7813074312499999 0.241474884375 0.7730118265625 0.23981988593749998 0.7671694734375001 0.2420964265625 0.76327471875 0.25430024218749997 0.7654040421875 0.304664778125 0.7640909109375 0.3240636546875 0.755566265625 0.3544132734375
1 0.7947916671874999 0.284953703125 0.796875 0.240509259375 0.7830729171874999 0.24004629687499998 0.784375 0.278472221875 0.7817708328125 0.2960648140625 0.7822916671875 0.31921296250000003 0.7932291671874999 0.37847222187499996 0.7947916671874999 0.39976851875 0.7979166671875 0.40625 0.80625 0.384953703125 0.80625 0.33773148124999997 0.8049479171874999 0.3326388890625 0.8013020828125 0.33726851875 0.8 0.334953703125 0.796875 0.31921296250000003 0.8005208328125001 0.3136574078125 0.7947916671874999 0.284953703125
1 0.7364583328125001 0.28680555625 0.740625 0.26180555625 0.7401041671874999 0.24328703749999997 0.73828125 0.24004629687499998 0.7200520828125 0.24097222187499998 0.7171875 0.2488425921875 0.7213541671875 0.28680555625 0.7203125 0.30995370312500004 0.7098958328125 0.3516203703125 0.7088541671875 0.39050925937500003 0.7182291671875001 0.4386574078125 0.7247395828125 0.447453703125 0.7348958328125 0.446990740625 0.7427083328125 0.43680555625000006 0.7489583328125 0.403472221875 0.75 0.35810185156249996 0.7473958328125001 0.3395833328125 0.7369791671874999 0.3053240734375 0.7364583328125001 0.28680555625
1 0.7401041671874999 0.2636574078125 0.7359375 0.28773148125 0.7364583328125001 0.302546296875 0.7484375 0.3432870375 0.7505208328125 0.3645833328125 0.7489583328125 0.4071759265625 0.7526041671874999 0.4081018515625 0.7546875 0.40625 0.7557291671874999 0.3692129625 0.7630208328125001 0.33773148124999997 0.7640625 0.3229166671875 0.7510416671875 0.2682870375 0.75 0.24236111093749999 0.74453125 0.24004629687499998 0.7401041671874999 0.2451388890625 0.7401041671874999 0.2636574078125
1 0.6953125 0.24328703749999997 0.67578125 0.24097222187499998 0.6734375 0.24421296250000002 0.6755208328125 0.2608796296875 0.6755208328125 0.290509259375 0.6666666671875 0.32939814843750004 0.6651041671875 0.37569444375 0.6744791671875 0.42476851875 0.6875 0.428472221875 0.6940104171875 0.4261574078125 0.6963541671875 0.42106481406249996 0.6973958328125 0.40625 0.7052083328125 0.3821759265625 0.7067708328125 0.3516203703125 0.7026041671875001 0.32476851875 0.6932291671875 0.28773148125 0.6953125 0.24328703749999997
1 0.659375 0.29699074062499997 0.6520833328125 0.271990740625 0.6510416671875 0.24328703749999997 0.63671875 0.24189814843750002 0.634375 0.2460648140625 0.6348958328125 0.2710648140625 0.6229166671875 0.321990740625 0.6223958328125 0.3516203703125 0.63125 0.4043981484375 0.6388020828125 0.41041666718750003 0.6489583328124999 0.40995370312499996 0.6544270828125 0.4076388890625 0.6583333328125 0.3932870375 0.6583333328125 0.38125 0.6635416671875001 0.36180555625 0.6640625 0.33032407343750003 0.6614583328125 0.321990740625 0.659375 0.29699074062499997
0 0.868576015625 0.5890625 0.8703125 0.5821759265625001 0.8703125 0.553472221875 0.8682291671875 0.5386574078125 0.8635416671874999 0.52569444375 0.8533854171874999 0.509490740625 0.83984375 0.4983796296875 0.8252604171875 0.497453703125 0.81171875 0.5039351859375001 0.7979166671875 0.527546296875 0.7921875 0.553472221875 0.7911458328125001 0.5766203703125 0.7937243 0.5890625 0.868576015625 0.5890625
2 0 0.7384492390624999 0.321167171875 0.727977021875 0.3800279359375 0.7210813093749999 0.425854671875 0.7231011234375 0.44062920625 0.7113350421875 0.48949194062499995 0.7145981953125 0.4934970890625 0.706795565625 0.4953125 0.6819692796875 0.4953125 0.6327316781250001 0 0.6327316781250001 0 0.7384492390624999
1 0.6104224265625 0.5890625 0.609156315625 0.6185763375 0.6043237625 0.6372646625 0.5961635765625 0.656698815625 0.5961635765625 0.821875 0.616471365625 0.821875 0.6208782359375 0.8165102765625001 0.637696575 0.7566445640625 0.6437158484375 0.719437715625 0.64375 0.6979248703125001 0.64375 0.6860775453125 0.6335761453125001 0.6183621265625 0.635356225 0.59058435 0.6356356187500001 0.5890625 0.6104224265625 0.5890625
1 0.6791540984375001 0.5890625 0.6805099484375 0.60270214375 0.680215365625 0.64158194375 0.6629110468749999 0.7107172859374999 0.658498278125 0.7578576890625 0.6634982171875 0.8116432124999999 0.6752743765625 0.8664728484375 0.681841775 0.8765625 0.702128509375 0.8765625 0.7086400312500001 0.872610240625 0.716290925 0.8449688296875 0.724886521875 0.8006789359375001 0.725 0.7985143578125 0.725 0.7232110281249999 0.7227583984375 0.7034294390625 0.7078303046875 0.6439156265625 0.7085649203125 0.5911560328125 0.7087700406249999 0.5890625 0.6791540984375001 0.5890625
1 0.7833495859375 0.5890625 0.7860222625000001 0.6025229921874999 0.7908131734375 0.6691229062499999 0.7869934140625 0.6965001671875 0.7761016656249999 0.7436803953125001 0.777408759375 0.8118985249999999 0.785023984375 0.85750253125 0.8061689671875 0.9334370734374999 0.8095601046875001 0.9396391640624999 0.8111391890625 0.940625 0.825 0.940625 0.825 0.68078091875 0.8220631734375001 0.671125496875 0.8189038609375 0.6350143859374999 0.8192543921875 0.5890625 0.7833495859375 0.5890625
1 0.7598887546875 0.5890625 0.7596087625 0.6272629765625 0.7453125 0.6759639375 0.7453125 0.759375 0.74598365625 0.759375 0.7487638375 0.743337271875 0.770459725 0.675578803125 0.7725072359375 0.661826615625 0.7744796125000001 0.605345134375 0.7723322234375 0.5890625 0.7598887546875 0.5890625
1 0.8381913125 0.5890625 0.8375227546874999 0.64424731875 0.8226549625 0.697584703125 0.8226549625 0.85598444375 0.82665206875 0.865625 0.8489357656250001 0.865625 0.8540181921875 0.8166682046875 0.8634907500000001 0.7766109671875 0.8734375 0.7458666093749999 0.8734375 0.7134348046875 0.8632322312499999 0.641850471875 0.86619805625 0.5947193828125 0.867208628125 0.5890625 0.8381913125 0.5890625
1 0.89203095625 0.5890625 0.896875 0.6587384265625 0.8958333328125001 0.704108796875 0.8739583328125 0.7846643515625 0.8671875 0.82633101875 0.865625 0.8513310187500001 0.8682291671875 0.9096643515625 0.8770833328125001 0.9587384265625 0.8809895828125001 0.9619791671875 0.9026041671874999 0.961516203125 0.9440104171874999 0.9573495375000001 0.9520833328125 0.9254050921874999 0.95625 0.880034721875 0.9557291671874999 0.8309606484375 0.9526041671875 0.798553240625 0.9427083328125001 0.76429398125 0.9421875 0.7504050921875 0.9317708328125001 0.70133101875 0.9317708328125001 0.6707754625 0.934375 0.630034721875 0.9395833328125001 0.5902199078125 0.9396223953125 0.5890625 0.89203095625 0.5890625
1 0.9562313984374999 0.5890625 0.9588541671874999 0.6217013890625 0.9588541671874999 0.6661458328125 0.9432291671874999 0.7272569437499999 0.9427083328125001 0.7429976859374999 0.9442708328125 0.760590278125 0.9494791671874999 0.77725694375 0.9552083328125001 0.8133680562500001 0.9567708328125001 0.879108796875 0.9546875 0.9226273140625001 0.9606770828125001 0.9314236109374999 0.9807291671874999 0.9318865734375 0.9885416671874999 0.9254050921874999 0.9958333328125001 0.8939236109375 1 0.8721643515625 1 0.7239044546875 0.9885416671874999 0.6726273140625001 0.9885416671874999 0.62633101875 0.9918172203125 0.5890625 0.9562313984374999 0.5890625