1 0.46875 0.1666402765625 0.4648647515625 0.1625 0.4537656015625 0.1680555546875 0.44798702187500006 0.178703703125 0.44605628125 0.209259259375 0.4488758625 0.2555555546875 0.44804066875000004 0.284259259375 0.440625 0.31344365937499996 0.440625 0.47807007031250004 0.4429621015625 0.48564814843750004 0.44811655312500004 0.4875 0.462699884375 0.4875 0.46875 0.4817643828125 0.46875 0.1666402765625
1 0.4142752109375 0.5296875 0.41819610625000003 0.5203844937500001 0.4267197359375 0.479051759375 0.4315167265625 0.44262491718749997 0.4320500734375 0.4120693609375 0.42950691093750004 0.378972825 0.418319684375 0.33451018125 0.4141170484375 0.30708760156250003 0.41468272187500005 0.274680196875 0.41975446562499996 0.2225126125 0.419181503125 0.1957396921875 0.41244925156249995 0.1791428578125 0.398988396875 0.17553935468749998 0.3926575859375 0.18064258125 0.385311175 0.19923093281249998 0.38420850156249997 0.2326037328125 0.3858231359375 0.2592977203125 0.3878094984375 0.26469541093750004 0.387441415625 0.315581871875 0.375 0.36315951874999997 0.375 0.4352627578125 0.38193068124999996 0.4375976625 0.3964592703125 0.454528425 0.4047477625 0.48626490312500004 0.40862957031249997 0.5296875 0.4142752109375 0.5296875
1 0.344759178125 0.248726815625 0.34433898749999997 0.2126157046875 0.3389367171875 0.19619161875 0.33071835156249996 0.184067621875 0.32866734062499997 0.1869424328125 0.31044894843750004 0.1887173953125 0.30315005625 0.21082839843749998 0.30357024843749997 0.24693950937500003 0.311009078125 0.304031559375 0.3119177796875 0.337340634375 0.3110161734375 0.3494261890625 0.3009658296875 0.381392834375 0.2921875 0.4377043515625 0.2921875 0.49375 0.29929245 0.49375 0.324424753125 0.4493190828125 0.358583609375 0.4299534578125 0.358583609375 0.40862367656250004 0.34172379531249997 0.346143103125 0.3401972921875 0.30452495156250003 0.344759178125 0.248726815625
1 0.272717253125 0.5296875 0.272717253125 0.3392854890625 0.26201079531250004 0.30340817656249996 0.2583828265625 0.25896373437500003 0.26034935 0.2259581828125 0.2568890390625 0.1962557125 0.24555301406250002 0.174748603125 0.24335893125000002 0.1733620546875 0.23643927343749999 0.1733620546875 0.22911309218749998 0.1763609359375 0.2239927109375 0.1865902515625 0.2234375 0.1908206171875 0.2234375 0.2147575765625 0.224865346875 0.2290007421875 0.2358097171875 0.2932902546875 0.2355486140625 0.3218118578125 0.22757533125 0.3700482640625 0.225751725 0.39846060625 0.23020285624999998 0.4466451765625 0.24284440312500002 0.500005678125 0.2521944453125 0.5296875 0.272717253125 0.5296875
1 0.1937192640625 0.3596361796875 0.179406503125 0.27702440625 0.1817539359375 0.270458034375 0.1885312421875 0.1934576296875 0.1852475140625 0.1783390171875 0.175728965625 0.169482984375 0.170520634375 0.16969520625 0.1629648671875 0.1764738015625 0.15627730625 0.1938474859375 0.1551528140625 0.2086835265625 0.1580523359375 0.277894521875 0.1556975359375 0.297402634375 0.1453125 0.33348496562499996 0.1453125 0.48495515312500004 0.1476534625 0.490625 0.1737792671875 0.490625 0.17653354999999998 0.48790207187499995 0.18906301875 0.43562577343750003 0.19358397656249998 0.4012391796875 0.1937192640625 0.3596361796875
1 0.1342755765625 0.1811567953125 0.12953310468749998 0.1662628484375 0.124627103125 0.16289290781250002 0.11510093749999999 0.1653455375 0.10480657812500001 0.18672958281250002 0.1020196390625 0.27164775625000004 0.096875 0.28888931875 0.096875 0.45 0.1095064890625 0.45 0.1138517640625 0.44405300625 0.1243179015625 0.40469684531250005 0.132129028125 0.3470891796875 0.1325234328125 0.3295633390625 0.1243481359375 0.2646903890625 0.1342755765625 0.1811567953125
1 0.3868831234375 0.4109375 0.38932724687500003 0.4109375 0.391806628125 0.40554687031250003 0.3938556484375 0.369132409375 0.3951673609375 0.359351709375 0.3951673609375 0.25134829375 0.38866064375 0.21401741875 0.388799784375 0.19167385625 0.3951673609375 0.17286817031249999 0.3951673609375 0.1694969 0.3911959484375 0.1622190046875 0.38245757343750003 0.1580747375 0.37452928124999996 0.16318972812500002 0.3703125 0.179601221875 0.3703125 0.18279653125 0.38146095 0.26934475468749997 0.37357840625 0.32285057500000003 0.37267540781249997 0.34244669375000003 0.3779294921875 0.390534171875 0.38158676406250003 0.402419534375 0.3868831234375 0.4109375
0 0.40851250625 0.5296875 0.4088860625 0.510305090625 0.406634084375 0.4850682921875 0.40076860312499996 0.45862930312500005 0.3922198640625 0.44173493593749996 0.375102115625 0.43190126875 0.3471405609375 0.43190126875 0.334472034375 0.43550231562499997 0.32220186093750003 0.44292792187499996 0.2961204125 0.47947919531250005 0.28125 0.5203559906249999 0.28125 0.5296875 0.40851250625 0.5296875
1 0.7211354359375 0.20457806406249998 0.7177334734375 0.10265347968750001 0.7112856781250001 0.08750298749999999 0.7020754953124999 0.08215351562499999 0.691032515625 0.0889016921875 0.6866021453125001 0.1052326828125 0.697117765625 0.2042097765625 0.6878219125 0.25450071875 0.6859375 0.28475000625 0.6859375 0.2971673734375 0.6884614640625 0.32959769687499996 0.7020954671874999 0.38770070156249997 0.7100756109375 0.40625 0.7310225390625 0.40625 0.7310225390625 0.23841643124999998 0.7211354359375 0.20457806406249998
0 0.631078909375 0.36050709062499997 0.6292829953125001 0.33272931250000004 0.6203570609375 0.29939598125 0.60812200625 0.2813404234375 0.5900006078125 0.2776367203125 0.5779136734375 0.2813404234375 0.5617228984375 0.3007848671875 0.554714059375 0.317914496875 0.553125 0.32775693437500003 0.553125 0.370198178125 0.5644436546875 0.3683774609375 0.570612828125 0.3711552375 0.5764742265625 0.3921875 0.6187292906249999 0.3921875 0.6261039937499999 0.3882848671875 0.631078909375 0.36050709062499997
1 0.2262843703125 0.5296875 0.225 0.53972319375 0.225 0.6122764984375 0.2253730359375 0.6180976515625 0.23273065937499998 0.6596552140625 0.2604799265625 0.750812734375 0.26790754687499996 0.759375 0.2998860109375 0.759375 0.3052781875 0.7539429249999999 0.3070914375 0.7416930374999999 0.3070914375 0.5389943703125 0.30597029375 0.5327641 0.3049359546875 0.5296875 0.2262843703125 0.5296875
1 0.3078125 0.5296875 0.3078125 0.5414341328125001 0.312090178125 0.5733072921875 0.332025375 0.639973959375 0.348081325 0.6788628484375 0.35795464374999997 0.69375 0.37618819531250003 0.69375 0.37773511875 0.69344618125 0.39368341875 0.6823350703125 0.3998458875 0.6719184015625 0.40209557812499996 0.567751734375 0.3981652203125 0.5296875 0.3078125 0.5296875
0 0.0459643109375 0.5296875 0.0417658484375 0.53723535625 0.034375 0.571738384375 0.034375 0.7029237046875 0.041448323437500004 0.7342207796875 0.060030804687499995 0.7609375 0.132535965625 0.7609375 0.152424921875 0.745923728125 0.1681562828125 0.7162971171875 0.187972978125 0.6537652140625 0.1882099421875 0.595491078125 0.184128521875 0.561124053125 0.176800884375 0.5339382703125 0.17399945781249998 0.5296875 0.0459643109375 0.5296875
1 0.9677718406250001 0.904083475 0.9749019750000001 0.8559353265624999 0.97581799375 0.8244538453124999 0.9726481703125 0.7901945859375 0.9542395875 0.7068612515625 0.9563769234375 0.6513056953125 0.9623306828124999 0.6077871781249999 0.9620703265625 0.5809353265625 0.9565252781249999 0.5656575484374999 0.9473927546875001 0.5573242140625 0.9406219218749999 0.5573242140625 0.9331686031250002 0.5628797703124999 0.9280455671875 0.5688982890625 0.9240764343750001 0.5800094 0.9220918078124999 0.6124168078125 0.9262403562500001 0.6846390296875 0.9248843296875 0.7133427343750001 0.9109375 0.769442140625 0.9109375 0.9263723687500001 0.9177447812499999 0.9587131046875002 0.920928134375 0.9656575484375001 0.92444895 0.9671875 0.9492278062499999 0.9671875 0.9552447812499999 0.9587131046875002 0.9677718406250001 0.904083475
1 0.8940960593749999 0.8322956687499999 0.8952956984375 0.7933673156250001 0.8912061968749999 0.759463253125 0.8761593859375001 0.6977237484375001 0.880573709375 0.5938227140625 0.8728321156250001 0.5754529609375 0.8624800968749999 0.5725385859375 0.8510801546875 0.5849611890624999 0.8487705484375001 0.598082015625 0.8486449015625 0.6350795859375 0.8526734015624999 0.702277515625 0.8484375 0.7232386171874999 0.8484375 0.7632464796875 0.8673396125 0.8454195671875 0.8692740171875 0.9109375 0.8773795453125001 0.9109375 0.8792452609375001 0.908321796875 0.88534615625 0.886591371875 0.8940960593749999 0.8322956687499999
1 0.867191146875 1 0.873891875 0.9565990124999999 0.873891875 0.8388400890625001 0.872966871875 0.8326048187499999 0.8484842828125 0.7438816234375001 0.8469362328125 0.7004116218750001 0.8497201359375 0.6261677406249999 0.8481720859375 0.5826977375 0.8438545812499999 0.5699288390625 0.8361785953125 0.5596324375 0.8220729999999999 0.556583703125 0.8122633593749999 0.5644520171874999 0.8058983921875 0.5772552453124999 0.8029350031250001 0.5912896828124999 0.8039299015625 0.632006165625 0.8119542046875001 0.6946295124999999 0.8130568437499999 0.7446052546875 0.798315321875 0.821258928125 0.796875 0.836488325 0.796875 0.9414459265625 0.798889771875 0.9601963328124998 0.8083533812500001 1 0.867191146875 1
1 0.7524329390625001 0.791999475 0.7540531546875 0.8372241656250001 0.7623768671875 0.888441453125 0.7835194031249999 0.9571266515625 0.7895550218749999 0.9644535093750001 0.7956561000000001 0.965625 0.796021896875 0.965625 0.796021896875 0.73780175625 0.78789358125 0.7125421046875 0.7836774421875 0.673580375 0.783166228125 0.6229093906250001 0.779705915625 0.593206921875 0.773586465625 0.5785090765625001 0.7610822765625 0.5703496859375 0.75767496875 0.5703496859375 0.7480656343750001 0.5767244875 0.7453125 0.589017759375 0.7453125 0.615953815625 0.7455906421874999 0.6193612093749999 0.7565941046875 0.6716865249999999 0.7613393265624999 0.7171297375 0.7550797031250001 0.7673272578125 0.7552473609374999 0.78206923125 0.7524329390625001 0.791999475
1 0.722601984375 0.8183373453125 0.733349946875 0.7587385281250001 0.7256653671875 0.7303956046875 0.720660409375 0.7000947171874999 0.7261089546875 0.60466068125 0.7192548515625 0.587838775 0.708468265625 0.5845807390625 0.6984366984375 0.594695575 0.694783496875 0.6077858734375 0.69395346875 0.62815624375 0.6972072828125 0.6631504265625 0.697441915625 0.7084359078125 0.69375 0.7235524343749999 0.69375 0.8381406234375 0.6964323984374999 0.8480597218749999 0.7087271375 0.9125 0.7112062187499999 0.9125 0.7180667406250001 0.910498809375 0.72285224375 0.9015221234374999 0.722601984375 0.8183373453125
1 0.6858633265625 1 0.6876996421875 0.9890591171875001 0.6925286890625 0.9362479656249999 0.68769689375 0.8748450812499999 0.6741620984375001 0.8121577453125 0.6706248265625 0.7856730359374999 0.6701369765624999 0.75991399375 0.6736220234375001 0.71087329375 0.6844317203125 0.63557290625 0.6862031046875 0.588484190625 0.6776045421875001 0.563705446875 0.671883621875 0.5576244828125 0.6606520359375 0.5555809875 0.6520919546874999 0.5588927921875 0.64367479375 0.5668008453125 0.63606843125 0.5806439796875 0.631431775 0.5993627546875 0.6288963234375 0.6621588359375 0.6317038734375 0.7356655109375 0.6265625 0.78627566875 0.6265625 1 0.6858633265625 1
1 0.6461007453125001 1 0.6461007453125001 0.666323796875 0.6373220515625 0.6165245578125 0.636130278125 0.584952071875 0.63430164375 0.579009390625 0.624961428125 0.5739695328125001 0.6127854609375 0.5784012765625001 0.6078125 0.5875372921875 0.6078125 0.6382380859375 0.6080972515624999 0.6414928109375 0.622216940625 0.7011623 0.62554970625 0.751222971875 0.616440134375 0.82062120625 0.6148886 0.87468893125 0.62107999375 0.9394734109375001 0.6412498156249999 1 0.6461007453125001 1
1 0.5886113500000001 0.80481513125 0.6020420609375 0.7492019109375001 0.6046069171874999 0.720616609375 0.6051242609375 0.7058017921874999 0.600167625 0.6682911625 0.5984006531249999 0.6291654734375001 0.5999238421875 0.6005012359374999 0.603013021875 0.5868096796875 0.6002292703125 0.5842777984375 0.5886092671875 0.5880391671874999 0.581565340625 0.602823615625 0.580433646875 0.6352310234375 0.5835332906249999 0.66610230625 0.583841740625 0.73204038125 0.5734375 0.7705499078125 0.5734375 0.9232629640625 0.5748859140625 0.93125 0.5757686765625 0.93125 0.57687596875 0.87169733125 0.5799616546874999 0.84315149375 0.5858455140625 0.8092474328125 0.5886113500000001 0.80481513125
1 0.5677083328125 0.715046296875 0.5640625 0.7391203703125 0.5572916671875 0.76319444375 0.553125 0.8122685187500001 0.5567708328125 0.846527778125 0.5640625 0.8798611109374999 0.571875 0.9076388890625001 0.5770833328125 0.9113425921874999 0.5807291671875 0.9067129625 0.5739583328125 0.86319444375 0.5739583328125 0.8122685187500001 0.5760416671875 0.7891203703125 0.5859375 0.7511574078125001 0.5901041671875 0.7178240734375001 0.5885416671875 0.71319444375 0.5895833328125 0.6807870375 0.5864583328124999 0.6706018515625 0.5822916671875 0.6233796296875 0.5833333328125 0.60023148125 0.5783854171875 0.5942129625 0.5736979171875001 0.5942129625 0.5635416671875 0.6048611109375 0.5604166671875 0.6224537031249999 0.5677083328125 0.715046296875