1 0.42769006093749995 0.459375 0.42825961250000005 0.45056457187500004 0.43912985156250006 0.4014759578125 0.4416002875 0.3638486234375 0.43735463281250003 0.3445633484375 0.4248694890625 0.3235289890625 0.41715396250000003 0.32940287968750004 0.4115639953125 0.32268126874999997 0.40069922656249995 0.32729360625 0.39279913906249997 0.34498896874999996 0.38996505937500003 0.36178296875 0.39238218125 0.459375 0.42769006093749995 0.459375
1 0.19870855781250002 0.2178732703125 0.20772720625000002 0.140222825 0.20432490468750003 0.1282421890625 0.19839063437499999 0.12382085312499999 0.1879186546875 0.127573684375 0.18283244999999998 0.1378152640625 0.18162630156249998 0.2157840453125 0.175 0.23905005781250002 0.175 0.375790978125 0.18149774531250001 0.3765625 0.1833555109375 0.3765625 0.1911432453125 0.369421328125 0.2069219546875 0.3059781078125 0.20695426718749999 0.26418410468750003 0.19870855781250002 0.2178732703125
1 0.25844092500000004 0.1563907953125 0.2592378734375 0.0895967953125 0.2521849890625 0.0780618234375 0.2467162390625 0.0782846578125 0.2389253734375 0.0904244640625 0.24271892187500002 0.1542496859375 0.234375 0.2192921921875 0.234375 0.2244410609375 0.2367389984375 0.2518539109375 0.244860234375 0.2828125 0.2636672890625 0.2828125 0.2670469265625 0.261874859375 0.2670469265625 0.19177517187499998 0.25844092500000004 0.1563907953125
1 0.7269172218750001 0 0.7265625 0.010194228125 0.7265625 0.06962968593749999 0.73047960625 0.103053865625 0.7389709140624999 0.14162441875 0.7459630671874999 0.1614927234375 0.7511435859375 0.165625 0.7736344140625 0.165625 0.781425090625 0.15518318749999999 0.7866557671875001 0.103126865625 0.7866557671875001 0.000504396875 0.7865994609375 0 0.7269172218750001 0
1 0.6203125 0 0.6203125 0.1109375 0.6372940015624999 0.1109375 0.64437779375 0.10469685468750001 0.6590149796875 0.0356344109375 0.6615408296874999 0.002301078125 0.66139245625 0 0.6203125 0
0 0.8787547828125 0 0.87265625 0.0295138890625 0.8734375 0.0614583328125 0.88828125 0.1142361109375 0.897265625 0.12743055625 0.92109375 0.13506944375000002 0.947265625 0.13298611093749999 0.966796875 0.10381944375 0.97890625 0.078125 0.98046875 0.04618055625 0.98828125 0.017013889062500002 0.98715533125 0 0.8787547828125 0
1 0.609375 0.5520282578125 0.605594059375 0.5460545375 0.5883526796874999 0.5467570703125 0.5799827828125 0.5614761515625 0.581286896875 0.6361887968750001 0.5848354875 0.6417954171875 0.5856380203125 0.687772428125 0.5765625 0.7202856953125 0.5765625 0.7345156984375001 0.60930576875 0.7586982156250001 0.609375 0.7588075984375 0.609375 0.5520282578125
1 0.53698785 0.7374661796875 0.5278135921875 0.6976578140624999 0.5349408015625 0.571080525 0.5269053984375 0.55131685 0.51672779375 0.5459912421875 0.49717699218750006 0.5668789703125 0.4967791078125 0.698922371875 0.484375 0.737074459375 0.484375 0.8971949531250001 0.4861025296875 0.90625 0.495797446875 0.90625 0.48797965625 0.8829709250000001 0.49360184843750005 0.808117775 0.5139887703125 0.7584944140625 0.53698785 0.7374661796875
1 0.16026802812500002 0.67298816875 0.15725524375 0.6671005359375 0.1611390109375 0.661493915625 0.17111965468749998 0.575427525 0.1575621203125 0.5489331765625 0.1433335296875 0.554118278125 0.1288693625 0.5852356999999999 0.13184648906250002 0.6372408515625001 0.1270560859375 0.7004592421875 0.11875 0.72514715 0.11875 0.92012225 0.1203244171875 0.9203125 0.14393644218749999 0.9203125 0.167892946875 0.8462450015625 0.1731188390625 0.7772794828125 0.1563842609375 0.6785947890624999 0.16026802812500002 0.67298816875
1 0.098853428125 0.7427313546875001 0.0817879 0.6812640421875 0.0850719609375 0.5775347546875 0.072099871875 0.55216445625 0.054858492187499996 0.5528669890625 0.0467395359375 0.5675860703125 0.054803776562499996 0.699629471875 0.040625 0.758880003125 0.040625 0.8417753203125 0.05533290625 0.9125541625 0.0613488671875 0.9171875 0.0913389234375 0.9171875 0.095088425 0.9138119031249999 0.098853428125 0.89283688125 0.098853428125 0.7427313546875001
1 0.43690732812500005 0.55070043125 0.4125519515625 0.5607128671874999 0.4125519515625 0.59756999375 0.4125519515625 0.70506999375 0.3987248625 0.7941413796875001 0.3968812546875 0.8448199375 0.40794290312500003 0.904712753125 0.4263790453125 0.9354270859374999 0.4472521546875 0.9300107765625001 0.4558728453125 0.9156429593750002 0.46621767187499996 0.863918821875 0.4696659484375 0.7949533046875 0.45932112031249994 0.737482040625 0.44552801718749996 0.6972521546875 0.44897629375000003 0.5708153734375 0.43690732812500005 0.55070043125
1 0.2355650828125 0.5729985921875 0.2364868546875 0.60985571875 0.240174071875 0.6927842703125 0.2235815375 0.784927075 0.22081609375000003 0.8202484890624999 0.2235815375 0.8739984656249999 0.22828663749999997 0.9213900859375 0.2410958453125 0.9338913281250001 0.2641410375 0.9354270859374999 0.2731142234375 0.9213900859375 0.28690732812499997 0.8466774421875 0.28690732812499997 0.7834590515625 0.266217671875 0.7087464078125001 0.2696659484375 0.5765625 0.263219265625 0.5637842875000001 0.24754850312499999 0.556105740625 0.2355650828125 0.5729985921875
1 0.3424946 0.5637842875000001 0.32866750625 0.5776057234375 0.3314329484375 0.6467128390625 0.32866750625 0.7311771031250001 0.3129967453125 0.8048913453125 0.3129967453125 0.8632484999999999 0.3231366203125 0.9123913453124999 0.3317349140625 0.9386314656250001 0.361045259375 0.941505028125 0.366217671875 0.9328843390625 0.3834590515625 0.8351831890625 0.3800107765625 0.777711925 0.3593211203125 0.6972521546875 0.366217671875 0.5880567531249999 0.35759698281249996 0.562194684375 0.3424946 0.5637842875000001
1 0.35759698281249996 0.562194684375 0.340355603125 0.55070043125 0.3265625 0.55070043125 0.314493534375 0.5765625 0.32139008593749996 0.6857579015624999 0.30070043125 0.7719647984375 0.2972521546875 0.8064475578125 0.311045259375 0.8984015796874999 0.317605859375 0.9093199312500001 0.312074971875 0.8263913796875 0.3111532 0.7787842406250001 0.327745734375 0.7173556671875 0.3259020625 0.6467128390625 0.3259020625 0.5837485578124999 0.35759698281249996 0.562194684375
0 0.609375 0.763493775 0.6093211203125 0.763344109375 0.5748383625 0.7346084765625001 0.540355603125 0.740355603125 0.5265625 0.75184985625 0.511045259375 0.777711925 0.4972521546875 0.8409303156250001 0.4972521546875 0.875413075 0.50414870625 0.8984015796874999 0.5007004312500001 0.90414870625 0.5300107765625001 0.9472521546875001 0.54897629375 0.961619971875 0.5713900859375001 0.964493534375 0.59897629375 0.9472521546875001 0.609375 0.9322318015625001 0.609375 0.763493775
1 1 0.675772271875 0.99453125 0.6633680562500001 0.98359375 0.6596643515625 0.9739583328125001 0.6693865734375001 0.9708333328125001 0.6823495375 0.9708333328125001 0.7027199078125 0.9755208328125 0.7379050921875 0.9776041671875 0.7832754625 0.9677083328125 0.8314236109375 0.9651041671874999 0.8582754625 0.9671875 0.874016203125 0.9822916671874999 0.923090278125 0.9973958328125001 0.98883101875 1 0.9881696421874999 1 0.675772271875
1 0.9963789453124999 1 0.9885416671874999 0.95086805625 0.9697916671875 0.8869791671874999 0.9640625 0.8601273140625001 0.9614583328125 0.8342013890625001 0.9609375 0.7851273140625 0.965625 0.7101273140625001 0.9635416671874999 0.6629050921874999 0.9528645828125001 0.6374421296875 0.9466145828125001 0.6309606484375 0.93515625 0.6281828703125 0.9268229171875 0.6309606484375 0.9190104171875 0.63836805625 0.9125 0.65179398125 0.909375 0.6703125 0.9119791671874999 0.7332754625 0.9208333328125 0.8073495375 0.9197916671874999 0.8592013890625001 0.9114583328125001 0.9147569437499999 0.9041666671874999 0.9351273140625 0.9041666671874999 0.9443865734374999 0.9010416671874999 0.9499421296874999 0.8963487406249999 1 0.9963789453124999 1
1 0.8963828890624999 1 0.896875 0.9851273140625001 0.9010416671874999 0.954571759375 0.9119791671874999 0.9101273140625 0.9197916671874999 0.8554976859375 0.9161458328125001 0.7814236109375 0.9083333328125001 0.692534721875 0.9098958328125001 0.661053240625 0.90859375 0.655034721875 0.8997395828125001 0.6494791671875 0.8872395828125 0.6531828703125 0.8796875 0.6647569437499999 0.8770833328125001 0.67586805625 0.8770833328125001 0.7156828703125 0.8859375 0.77586805625 0.8848958328125001 0.82586805625 0.8697916671874999 0.8943865734374998 0.8635416671874999 0.948090278125 0.8639587984375 1 0.8963828890624999 1
1 0.86383699375 1 0.8630208328125001 0.9499421296874999 0.8651041671874999 0.9212384265625001 0.8697916671874999 0.8869791671874999 0.8723958328125001 0.8823495375 0.8838541671875 0.82586805625 0.8854166671874999 0.7971643515625 0.8854166671874999 0.7823495375 0.8791666671874999 0.7453125 0.8760416671875 0.7064236109375 0.8765625 0.6777199078125 0.8791666671874999 0.6638310187500001 0.8763020828125001 0.6615162031249999 0.86484375 0.6661458328125001 0.8583333328125 0.6814236109375 0.8583333328125 0.71383101875 0.8625 0.7443865734375 0.8651041671874999 0.8101273140625 0.8520833328125 0.866608796875 0.8484375 0.9138310187500001 0.8520833328125 0.9592013890625001 0.8610296390624999 1 0.86383699375 1
1 0.8427083328125 0.7916087968750001 0.8390625 0.8156828703125001 0.8322916671874999 0.83975694375 0.828125 0.88883101875 0.8317708328125001 0.923090278125 0.8390625 0.9564236109375 0.846875 0.9842013890625001 0.8520833328125 0.9879050921874999 0.8557291671874999 0.9832754625 0.8489583328125001 0.93975694375 0.8489583328125001 0.88883101875 0.8510416671875 0.8656828703125001 0.8609375 0.8277199078125002 0.8651041671874999 0.7943865734375001 0.8635416671874999 0.7897569437499999 0.8645833328125001 0.7573495375 0.8614583328125001 0.7471643515624999 0.8572916671874999 0.6999421296875 0.8583333328125 0.67679398125 0.8533854171874999 0.6707754625 0.8486979171875 0.6707754625 0.8385416671874999 0.6814236109375 0.8354166671875 0.699016203125 0.8427083328125 0.7916087968750001