1 0.0412576578125 0.6296875 0.0466839921875 0.6056237999999999 0.0484375 0.59499876875 0.0484375 0.515827121875 0.039360928125 0.47291826875 0.045205478125 0.40976423593750005 0.044842824999999996 0.39037438125 0.041308415625 0.379930953125 0.033744721875 0.3749785625 0.0310230421875 0.3749785625 0.02464175 0.3808044140625 0.02098149375 0.38885220625 0.0200254265625 0.47578006093749997 0.0118642296875 0.515949721875 0.007428256249999999 0.5311370578125 0.007428256249999999 0.6146006984375 0.010037246875 0.6296875 0.0412576578125 0.6296875
1 0.16875 0.6296875 0.16875 0.508599046875 0.1591303859375 0.47553213593750004 0.157581184375 0.43106343125 0.15932283593750002 0.41242362187500003 0.15724615625 0.3902499171875 0.151716040625 0.37798036874999996 0.142532746875 0.3748379421875 0.1420408265625 0.3748379421875 0.13617729218750002 0.3805599671875 0.13272386249999998 0.3904641265625 0.13929559375 0.4755280203125 0.128988353125 0.545603178125 0.1299271421875 0.59937965625 0.13521507500000002 0.6232596640625 0.1378594171875 0.6296875 0.16875 0.6296875
1 0.0218626703125 0.39209413125000003 0.0258558765625 0.38180736406250004 0.0328125 0.37962575625 0.0328125 0.3748624578125 0.0290489640625 0.3709938578125 0.02038344375 0.37490072812499997 0.016058046875000002 0.3897746109375 0.0223899765625 0.46873340625 0.013233087499999999 0.5242795515625 0.0156585671875 0.5390625 0.0165298328125 0.5390625 0.0209324015625 0.522139503125 0.0274170359375 0.47744937812500005 0.0218626703125 0.39209413125000003
1 0.10899804843750001 0.6296875 0.109375 0.6275584078125 0.109375 0.5128767578125 0.10021828906250001 0.47350446718750006 0.1029590984375 0.39545042656249996 0.0996724859375 0.3817983390625 0.0929272578125 0.3758014953125 0.0879799140625 0.3758014953125 0.081644478125 0.378067334375 0.076820465625 0.3890904140625 0.07664440312500001 0.41875951093749997 0.0794317296875 0.434302915625 0.08096900625 0.4768165796875 0.068181528125 0.5426575171875 0.0664752890625 0.57522279375 0.0693595828125 0.5990995359375 0.076449321875 0.6296875 0.10899804843750001 0.6296875
1 0.1265143078125 0.46361295625 0.1265625 0.44933714843750006 0.1265625 0.4383330734375 0.12302122499999998 0.41277796875000006 0.12199936874999999 0.38409245468750003 0.1265625 0.37264307812499997 0.1265625 0.3666450265625 0.1245003015625 0.36315908750000003 0.11515762656249999 0.3653383234375 0.1094508796875 0.38175118750000003 0.11372338906249999 0.4473828015625 0.11246796875000001 0.46502995468749997 0.10626281093750001 0.49767380625 0.11335220312500001 0.5203125 0.113517378125 0.5203125 0.12081382031250001 0.49531269375000003 0.1265143078125 0.46361295625
1 0.117903746875 0.594465403125 0.11591738124999999 0.602956603125 0.117810328125 0.6088369874999999 0.11942650625 0.609375 0.121223796875 0.609375 0.1225302765625 0.5440707390624999 0.1338845453125 0.48945930937500004 0.1352531109375 0.4726742421875 0.131679271875 0.3895382421875 0.1359375 0.3798080109375 0.1359375 0.3671875 0.13360017500000002 0.3671875 0.1275306046875 0.3690009078125 0.12170802031250001 0.383806621875 0.1221282109375 0.4199177328125 0.1259895265625 0.4381599875 0.125281859375 0.4669426234375 0.11780335625 0.49623832187500005 0.11423294218749999 0.5029960703125 0.1123543171875 0.520746528125 0.1164311140625 0.5575072999999999 0.117903746875 0.594465403125
1 0.063351275 0.5103285234375 0.06957864687500001 0.4906718578125 0.072017884375 0.434211596875 0.0706624359375 0.42040759687499996 0.0735480796875 0.38517996718749997 0.0859375 0.370316325 0.0859375 0.3696685 0.08403269687500001 0.36858365000000004 0.0747062234375 0.3680397296875 0.06640199062499999 0.382699303125 0.06432833437499999 0.41235015625000004 0.0648329453125 0.4622228234375 0.05625 0.49265077812499997 0.05625 0.5234375 0.05737878125 0.5234375 0.0594142859375 0.5160326375000001 0.063351275 0.5103285234375
1 0.0746537578125 0.5573602734375 0.0859375 0.46653694687499997 0.0859375 0.464668659375 0.08292875 0.4361405203125 0.0797907984375 0.4261070125 0.0778982953125 0.38999590156249997 0.082239640625 0.3781336421875 0.0859375 0.3749747140625 0.0859375 0.3672744125 0.0833955953125 0.365625 0.08117194062500001 0.365625 0.073372525 0.3684338203125 0.068655921875 0.3831041890625 0.07533625000000001 0.4607302921875 0.0660874734375 0.5234953703125 0.07031888750000001 0.5743302921875 0.081153375 0.6125 0.0812004703125 0.6125 0.080531775 0.5997405203125 0.0758669 0.5805084218750001 0.0746537578125 0.5573602734375
0 0.978125 0.21764567499999998 0.9711099624999999 0.2067115578125 0.9585776375 0.2042046078125 0.9513991078124999 0.21030395 0.9476463953125001 0.21889552812500002 0.9457246828125001 0.2280456046875 0.9465687593750001 0.24659141875 0.9542973578125 0.26875 0.973100153125 0.26875 0.978125 0.260855071875 0.978125 0.21764567499999998
1 0.6099336015625 0.6296875 0.613282140625 0.649841334375 0.61343646875 0.7183052609375 0.5958501421875 0.7839892828125 0.5912434515625 0.7883732515624999 0.5893144453125 0.8567279953125 0.5921412359375 0.8994297703124999 0.6092369859375 0.9845079015625 0.6123082109375 0.9890625 0.6464938609375 0.9890625 0.650758196875 0.9783582265625 0.6609375 0.9219079765625 0.6609375 0.7907852328125 0.6486393828125 0.7377266671875 0.642635459375 0.7216856734375 0.6441494734375001 0.7189897843749999 0.643127615625 0.690258784375 0.6477717140625 0.6296875 0.6099336015625 0.6296875
1 0.459375 0.6296875 0.459375 0.8697393140624999 0.46496547968749996 0.856828421875 0.4776490171875 0.8062552109375 0.48125 0.7791135890625001 0.48125 0.732659596875 0.46954296093750003 0.666196865625 0.4705129828125 0.6384190859375 0.4718686234375 0.6296875 0.459375 0.6296875
1 0.513219103125 0.6296875 0.5172269484375 0.6663242265625 0.517134046875 0.6867431140625 0.5053107578125 0.746681603125 0.5004805828125 0.7886636265625 0.504109790625 0.8441706625000001 0.5204081765625 0.913934578125 0.5249977984374999 0.921875 0.5528573453125001 0.921875 0.553125 0.9211254140625 0.553125 0.71639438125 0.5453452999999999 0.687285021875 0.54353401875 0.648396134375 0.544630440625 0.6296875 0.513219103125 0.6296875
1 0.7260868968749999 0.6296875 0.731411478125 0.6799549015624999 0.7358036234374999 0.749526890625 0.717361925 0.8320005109374999 0.713768553125 0.8584697265625 0.7113374046875001 0.9007221984375 0.7146427859375001 0.9563627828125 0.7188996453125001 0.9843956515624999 0.72372245 1 0.7828125 1 0.7828125 0.809522959375 0.7709635546875 0.75885689375 0.7699154187499999 0.682175103125 0.77332014375 0.6510762609375 0.77264216875 0.6296875 0.7260868968749999 0.6296875
1 0.7887585671874999 0.6296875 0.793244896875 0.6684096875 0.793241221875 0.7128936015625 0.7793582078125001 0.7741838453125001 0.7774795812499999 0.7919343046874999 0.789562815625 0.8447697453125 0.7924147859375 0.865868709375 0.79418909375 0.928752740625 0.7931437515624999 0.973315584375 0.802861075 0.9796875 0.8102874468750001 0.9796875 0.8182299437499999 0.978828603125 0.8236825328125 0.97702531875 0.8270086921875001 0.9716761953124999 0.834454871875 0.93960271875 0.8390625 0.9130305109375 0.8390625 0.78281235 0.8229179484374999 0.709718090625 0.8218260875000001 0.66068348125 0.8255571500000001 0.6296875 0.7887585671874999 0.6296875
1 0.6769503953125 0.6296875 0.679580890625 0.6852162828124999 0.6767952953125 0.70476985625 0.6679698046875 0.73657871875 0.6620070765625 0.7831114578125 0.667373384375 0.8218366546875 0.6685245390625 0.857929578125 0.676559665625 0.9002675421875 0.6824691359375 0.9109375 0.7026725609375 0.9109375 0.7038207812499999 0.9095069562500001 0.7080432249999999 0.8528435968749999 0.7151769171875 0.8136818890624999 0.71875 0.8030570671875001 0.71875 0.7399216796875 0.70568720625 0.688010590625 0.7049599125 0.646343925 0.7064482218749999 0.6296875 0.6769503953125 0.6296875
1 0.8273949921874999 0.6296875 0.8296235953125001 0.6832629890625 0.82432539375 0.7207341546875 0.8431219140625 0.8129108140625 0.8447561578125 0.8637578078124999 0.8415433859375 0.9 0.85501750625 0.9 0.860725928125 0.8922034484375001 0.8640625 0.8742215718749999 0.8640625 0.7307065125000001 0.8613584312499999 0.7225616718750001 0.8546235953125001 0.6813686 0.8538334093750001 0.6582599203124999 0.8553048015625 0.6296875 0.8273949921874999 0.6296875
1 0.8586158312500001 0.6296875 0.8578415703125 0.671128434375 0.8560701140625 0.6764984796875 0.8560701140625 0.74787654375 0.8579902796875001 0.7773764703125 0.8562918796875 0.8097838765625 0.8560701140625 0.8112658968750001 0.8560701140625 0.85625 0.857373615625 0.85625 0.8653239265625 0.8556132812499999 0.8687821328125 0.854086446875 0.8725800171875001 0.8460781328125 0.8829514312499999 0.8068496859375 0.8859375 0.7890145890625 0.8859375 0.704448875 0.8790986875 0.6721101703125 0.88047035625 0.63602028125 0.88139241875 0.6296875 0.8586158312500001 0.6296875
1 0.60020585625 0.6296875 0.6033268734374999 0.6691625671875 0.5941492484374999 0.7133484578125 0.5897432265625 0.7488976625 0.591357525 0.7896687390625 0.5971247234375 0.83125 0.5971936671875 0.83125 0.596798809375 0.8237156515624999 0.6004316921875 0.8132877875 0.6051644453125 0.7740045421875 0.6140625 0.73448468125 0.6140625 0.6406393640625 0.6118482828125 0.6296875 0.60020585625 0.6296875