1 0.49841141875000006 0 0.496324334375 0.014260190624999999 0.49625709999999995 0.06569454531249999 0.5041640140625 0.12245713124999999 0.522550478125 0.190035315625 0.5338045734375 0.21403398906249999 0.53402073125 0.2140625 0.552207409375 0.2140625 0.5641924984375 0.2103696609375 0.571875 0.1930620875 0.571875 0 0.49841141875000006 0
1 0.866226834375 0 0.84765625 0.0767361109375 0.8421875 0.1420138890625 0.84765625 0.215625 0.8671875 0.31284722187499997 0.878515625 0.32743055625 0.9015625 0.3295138890625 0.912109375 0.32465277812500004 0.91875 0.3114583328125 0.93828125 0.2322916671875 0.9453125 0.187847221875 0.94765625 0.11006944375000001 0.940625 0.05729166718749999 0.927734375 0 0.866226834375 0
1 0.08467245625 1 0.091184846875 0.9797392281249999 0.0935047796875 0.9427492015624999 0.0987246265625 0.900346003125 0.09698467656250001 0.8714757390625 0.095244728125 0.840801084375 0.080745153125 0.8173439953124999 0.0743653421875 0.800202275 0.07204540937500001 0.7668210328124999 0.0743653421875 0.7325375953125001 0.0790052046875 0.694645375 0.0737853578125 0.6630685234375 0.06392564843750001 0.646829 0.0471061421875 0.6495355875 0.0395663625 0.6630685234375 0.0401463453125 0.694645375 0.048846090625 0.741559553125 0.0505860390625 0.779451775 0.0378264140625 0.815539603125 0.02912666875 0.8489208453125 0.0198469421875 0.9012481984375 0.0210069078125 0.9427492015624999 0.032606567187500005 0.9869567937500001 0.0343718125 1 0.08467245625 1
1 0.15714285781249998 0.846840278125 0.1521428578125 0.8101736109375001 0.1378571421875 0.76461805625 0.1371428578125 0.7390625 0.1428571421875 0.68350694375 0.1428571421875 0.651284721875 0.1353571421875 0.636284721875 0.12392857187499999 0.6307291671875 0.11392857187500001 0.636284721875 0.10642857187500002 0.6557291671875001 0.111428571875 0.72461805625 0.11071428593749999 0.7623958328125 0.095 0.816840278125 0.091428571875 0.8435069437500001 0.09714285781250001 0.8723958328125001 0.098571428125 0.926840278125 0.1078571421875 0.9679513890625 0.1167857140625 0.9740624999999999 0.13571428593749998 0.97350694375 0.1407142859375 0.9701736109375 0.155 0.9035069437499998 0.15714285781249998 0.846840278125
1 0 0.8952716500000001 0.0057142859375 0.92350694375 0.009642857812499999 0.9340624999999999 0.0207142859375 0.9368402781250001 0.022857142187500002 0.9346180562499999 0.0207142859375 0.911284721875 0.022857142187500002 0.8657291671875 0.0407142859375 0.7990625 0.044285714062499995 0.77461805625 0.034999999999999996 0.7279513890625 0.04 0.6412847218750001 0.0325 0.6251736109375 0.023214285937500002 0.6207291671874999 0.0125 0.6262847218750001 0.006428571875 0.6412847218750001 0.0057142859375 0.6579513890625 0.011428571875 0.7123958328125 0.01 0.74461805625 0 0.7780625000000001 0 0.8952716500000001
1 0.21000000000000002 0.85461805625 0.21071428593750002 0.816840278125 0.193571428125 0.731284721875 0.193571428125 0.6957291671875 0.1978571421875 0.671284721875 0.198571428125 0.6401736109375 0.1917857140625 0.6251736109375 0.1775 0.6207291671874999 0.1717857140625 0.6251736109375 0.16571428593749998 0.6390625 0.16999999999999998 0.71350694375 0.16857142812499998 0.7401736109374999 0.1528571421875 0.79350694375 0.1521428578125 0.8057291671875 0.15714285781249998 0.8357291671875 0.1578571421875 0.8912847218750001 0.1628571421875 0.921284721875 0.171071428125 0.931840278125 0.186428571875 0.9323958328125 0.195 0.926840278125 0.2028571421875 0.8968402781249999 0.21000000000000002 0.85461805625
1 0.0771428578125 0.6590625 0.08071428593749999 0.676840278125 0.073571428125 0.7690625 0.07785714218749999 0.8001736109375 0.09 0.8346180562499999 0.1078571421875 0.766840278125 0.0942857140625 0.7223958328125001 0.093571428125 0.676840278125 0.0978571421875 0.656840278125 0.098571428125 0.631284721875 0.0932142859375 0.6162847218749999 0.0796428578125 0.6107291671875 0.068571428125 0.62350694375 0.0671428578125 0.6435069437500001 0.0771428578125 0.6590625
1 0.216428571875 0.7190624999999999 0.2392857140625 0.7201736109375 0.23785714218749998 0.6946180562500001 0.24 0.676840278125 0.21678571406249997 0.676284721875 0.216428571875 0.7190624999999999
1 0.2557142859375 0.7857291671875 0.2407142859375 0.7257291671875 0.23857142812499998 0.706840278125 0.24357142812500002 0.626840278125 0.2346428578125 0.6107291671875 0.22607142812499997 0.60961805625 0.2203571421875 0.6129513890625 0.213571428125 0.6290625000000001 0.21785714218750002 0.70350694375 0.215 0.7257291671875 0.203571428125 0.7623958328125 0.203571428125 0.77350694375 0.21142857187500003 0.8190625 0.20928571406250002 0.8623958328124999 0.21142857187500003 0.8857291671875 0.21607142812500002 0.8940625000000001 0.2342857140625 0.89461805625 0.241428571875 0.886840278125 0.2492857140625 0.8601736109375 0.255 0.8201736109375 0.2557142859375 0.7857291671875
1 0.8962994203125 1 0.8953125 0.9614004625 0.8822916671875 0.90491898125 0.8864583328125001 0.8345486109374999 0.8854166671874999 0.8262152781250001 0.8815104171874999 0.8211226859374999 0.8658854171874999 0.8229745375 0.8619791671874999 0.8317708328125001 0.8645833328125001 0.9123263890625001 0.8552083328125001 0.9530671296875 0.8515625 0.9808449078125001 0.853358290625 1 0.8962994203125 1
1 0.73233235625 1 0.7338541671875 0.989178240625 0.734375 0.9558449078125001 0.7213541671874999 0.8938078703125001 0.7203125 0.8669560187500001 0.7239583328125001 0.827141203125 0.7075520828125 0.8239004624999999 0.6994791671874999 0.8280671296875 0.7041666671875 0.8678819437499999 0.7046875 0.8901041671875 0.690625 0.9465856484374999 0.6895833328125001 0.9752893515625001 0.6924264609375 1 0.73233235625 1
1 0.6816514765624999 1 0.6854166671874999 0.97991898125 0.6859375 0.9493634265625002 0.6833333328125001 0.926215278125 0.671875 0.87991898125 0.6739583328125001 0.827141203125 0.65859375 0.8248263890625 0.653125 0.8289930562500001 0.6567708328124999 0.8808449078125001 0.6442708328125 0.9299189812499999 0.64375 0.977141203125 0.6474905296875 1 0.6816514765624999 1
1 1 1 1 0.8203610359375 0.98671875 0.8211226859374999 0.9833333328125 0.8289930562500001 0.9885416671874999 0.8836226859374999 0.984375 0.8910300921874998 0.975 0.932696759375 0.9729166671874999 0.969733796875 0.9778177281249999 1 1 1