1 0.02738613125 0.61875 0.023601810937500002 0.63674500625 0.0203125 0.6773129734375 0.0203125 0.6778447125 0.0227804625 0.7112514390625 0.027745275000000003 0.745451353125 0.042298415625 0.8078158859375 0.0468267953125 0.8161916703125 0.051269229687499994 0.8171875 0.0741422375 0.8171875 0.0796766203125 0.8108158171875001 0.0796766203125 0.6290939375 0.07757124531250001 0.61875 0.02738613125 0.61875
1 0.46932891562499995 0.61875 0.459068628125 0.662432065625 0.45539215625 0.7037364125 0.4556985296875 0.7265625 0.459068628125 0.7591711953125 0.47101715625 0.8222146734375 0.47607230468750006 0.83172554375 0.48664215625 0.8347146734375 0.5051776953125 0.833355978125 0.5079350484375 0.8306385875 0.5111519609374999 0.8233016296875 0.5237132359375 0.7591711953125 0.5267769609374999 0.7330842390625 0.5280024515624999 0.7086277171875001 0.527696078125 0.68797554375 0.5252450984375 0.6673233703125 0.5144634171875 0.61875 0.46932891562499995 0.61875
1 0.37301785 0.61875 0.3680759796875 0.6390625 0.3662377453125 0.6515625 0.3604166671875 0.6722146734375001 0.3564338234375 0.6977581515625 0.355821078125 0.7097146734375 0.3567401953125 0.7390625 0.36011029375 0.7700407609375001 0.3720588234375 0.8325407609375001 0.376194853125 0.8425951093750002 0.38737745156250003 0.8461277171875 0.4071384796875 0.8453125 0.41050857812499997 0.8420516296875 0.4134191171875 0.8352581515624999 0.42322303906250003 0.7934103265625 0.426899509375 0.7711277171875001 0.428431371875 0.7569972828125 0.4296568625 0.712432065625 0.42935049062499997 0.6955842390625 0.4256740203125 0.6711277171875001 0.4138633578125 0.61875 0.37301785 0.61875
1 0.276950115625 0.61875 0.263602940625 0.674932065625 0.25808823593749997 0.7194972828124999 0.259007353125 0.75264945625 0.262071078125 0.7814538046875 0.26636029375 0.8048233703125 0.27647058750000003 0.8521059781249999 0.278462009375 0.8556385875 0.2850490203125 0.8580842390625 0.3100183828125 0.8572690218750001 0.3135416671875 0.8531929343750001 0.3172181375 0.8428668484375 0.3208946078125 0.8135190218750001 0.3279411765625 0.7841711953124999 0.3325367640625 0.7173233703124999 0.3279411765625 0.67547554375 0.321813725 0.6591711953125 0.31997549062499997 0.6472146734375 0.31323529375 0.6233016296875 0.3125021875 0.61875 0.276950115625 0.61875
1 0.190238771875 0.61875 0.18976715625 0.6211277171875 0.177818628125 0.6694972828125 0.1735294125 0.7102581515625 0.1747549015625 0.73797554375 0.1775122546875 0.76514945625 0.1891544125 0.8260190218750001 0.19129902031249998 0.8347146734375 0.1948223046875 0.8415081515624999 0.20508578437499997 0.8450407609375 0.22300857812500002 0.8447690218750001 0.22668504843749998 0.8425951093750002 0.22928921562500001 0.8368885875000001 0.23572303906249997 0.8146059781249999 0.2415441171875 0.779279890625 0.24491421562500001 0.7662364125 0.247977940625 0.7189538046875 0.2473651953125 0.6928668484375 0.243688725 0.661345109375 0.23694852968750002 0.6439538046875 0.2307552875 0.61875 0.190238771875 0.61875
1 0.102534053125 0.61875 0.0935661765625 0.652105978125 0.088664215625 0.6928668484375 0.08927696093750001 0.7222146734375 0.0911151953125 0.7434103265625 0.094178921875 0.765692934375 0.1036764703125 0.8124320656249999 0.1064338234375 0.8233016296875 0.109037990625 0.8279211953125 0.1127144609375 0.8306385875 0.119914215625 0.8314538046875001 0.1381433828125 0.8306385875 0.1405943625 0.8295516296875001 0.144117646875 0.8233016296875 0.1588235296875 0.7472146734375 0.162193628125 0.70047554375 0.1615808828125 0.6819972828124999 0.158210784375 0.6608016296875 0.1482294890625 0.61875 0.102534053125 0.61875
1 0.23117885 0.61875 0.2338848046875 0.6309103265625 0.23756127500000002 0.6428668484375 0.2415441171875 0.6477581515625 0.24705882343750002 0.7015625 0.2455269609375 0.751019021875 0.24399509843749997 0.7662364125 0.23664215624999999 0.8059103265625 0.237867646875 0.8146059781249999 0.2389399515625 0.8148777171875 0.24276960781249998 0.8075407609375 0.255943628125 0.738519021875 0.2583946078125 0.7037364125 0.2587009796875 0.674932065625 0.2556372546875 0.649932065625 0.2486060046875 0.61875 0.23117885 0.61875
1 0.31283158437499997 0.61875 0.3138480390625 0.624932065625 0.328553921875 0.674932065625 0.3325367640625 0.7097146734375 0.3291666671875 0.774932065625 0.3276348046875 0.7868885875 0.321507353125 0.8135190218750001 0.3208946078125 0.8292798906249998 0.3250306375 0.8273777171875001 0.32732843125 0.8211277171875 0.33897058750000003 0.765692934375 0.3438725484375 0.723845109375 0.3438725484375 0.6928668484375 0.3408088234375 0.664605978125 0.3365196078125 0.6412364125 0.3308584078125 0.61875 0.31283158437499997 0.61875
1 0.4138950890625 0.61875 0.4244485296875 0.662432065625 0.42996323593749997 0.6955842390625 0.4305759796875 0.7113451093750001 0.4287377453125 0.7450407609375 0.4305759796875 0.7564538046875 0.43486519531249995 0.7347146734375001 0.43762254843750004 0.6972146734375 0.43762254843750004 0.6809103265625 0.431188725 0.637432065625 0.4268571984375 0.61875 0.4138950890625 0.61875
0 0.228568071875 1 0.22714460781249998 0.9912364124999999 0.2216299015625 0.9716711953124999 0.210600490625 0.9466711953125 0.202787990625 0.9328125 0.1868566171875 0.9143342390625 0.173069853125 0.9045516296875 0.1540747546875 0.8985733703125 0.1356924015625 0.9002038046875 0.11976102968749999 0.9078125 0.10536152031249998 0.92139945625 0.0903492640625 0.9436820656249999 0.080085784375 0.9646059781249999 0.0724264703125 0.989605978125 0.070603553125 1 0.228568071875 1
1 0.9657799203125 0.61875 0.965625 0.619635203125 0.965625 0.6861828156249999 0.9686494218749999 0.7 0.9820925421875 0.7 0.9829288328124999 0.6964247140625 0.9829288328124999 0.6387986625 0.9770270499999999 0.61875 0.9657799203125 0.61875
1 0.809171875 0.61875 0.809375 0.6232638890625 0.8020833328125001 0.655671296875 0.8046875 0.6945601859374999 0.8083333328125001 0.709375 0.8114583328125 0.713078703125 0.8169270828125 0.7135416671875 0.8203125 0.709375 0.828125 0.6732638890625 0.8244791671874999 0.6417824078125001 0.8177421875 0.61875 0.809171875 0.61875
1 0.8441080734374999 0.61875 0.8447916671875 0.6260416671875 0.834375 0.67789351875 0.8380208328125001 0.7019675921874999 0.8434895828125001 0.71631944375 0.8473958328125001 0.718634259375 0.85390625 0.719097221875 0.8572916671874999 0.7140046296875 0.8625 0.6815972218749999 0.8619791671874999 0.659375 0.8541666671874999 0.6241898140625 0.8544448390625 0.61875 0.8441080734374999 0.61875
1 0.8384632765625 0.61875 0.8302083328125001 0.656597221875 0.8302083328125001 0.6649305562500001 0.8338541671874999 0.6769675921875 0.8354166671875 0.6621527781250001 0.8447916671875 0.6260416671875 0.8446984499999999 0.61875 0.8384632765625 0.61875