1 0.4390625 0.02742745625 0.4379423703125 0.028111271875 0.4333132625 0.03955653125 0.43253383593750006 0.054356189062500004 0.43792724375000003 0.10361212187499999 0.43361511875 0.11182421718749999 0.42420190468749996 0.14695609999999998 0.42420190468749996 0.2056486171875 0.42907149999999994 0.2228595546875 0.42987073750000004 0.2367787515625 0.4341515328125 0.240625 0.4390625 0.240625 0.4390625 0.02742745625
1 0.3716287140625 0.24939626874999998 0.377397278125 0.2578125 0.3881487265625 0.2578125 0.3934067125 0.2523013125 0.3997178921875 0.235667975 0.40553708125 0.203287840625 0.40625 0.182872575 0.40625 0.17294843437500002 0.396532646875 0.11803296249999999 0.40257120312500005 0.0495356546875 0.3979951265625 0.0388587203125 0.38712229374999996 0.0369432359375 0.383070540625 0.0410871765625 0.3805668640625 0.05311209375 0.3819816484375 0.11702219218750001 0.3704657328125 0.1501088109375 0.3704657328125 0.24202439999999997 0.3716287140625 0.24939626874999998
1 0.1736844796875 0.157015403125 0.1729502625 0.168469221875 0.1729502625 0.20966551562500002 0.1753225671875 0.24196379218750003 0.1800863734375 0.2546875 0.19718011562499999 0.2546875 0.2001609453125 0.24932866250000002 0.2078125 0.21688815312499998 0.2078125 0.1501301609375 0.20094194999999998 0.1151878046875 0.2051336484375 0.0538398953125 0.2022834046875 0.03833595 0.197621840625 0.033927784375 0.1906824921875 0.033927784375 0.1890910453125 0.0342497515625 0.1823947640625 0.0453912296875 0.1808035875 0.07695164374999999 0.1837867734375 0.11463834218749999 0.1736844796875 0.157015403125
1 0.1508556953125 0.10249891250000001 0.147282246875 0.11292677656250001 0.14721130468750002 0.1296541140625 0.142363459375 0.15409220625 0.1410535890625 0.17646610625 0.14795217968750002 0.2141560546875 0.15596338125 0.23505799375 0.16099325 0.2421875 0.168532146875 0.2421875 0.16875 0.24200053124999998 0.16875 0.11073028124999999 0.165439028125 0.1016495296875 0.1661372203125 0.05980085 0.16426816093750002 0.0366830390625 0.159166965625 0.0253668140625 0.15330213125 0.022588790625 0.1515441015625 0.022588790625 0.1462000609375 0.027051115625 0.14291399375 0.0379267765625 0.1462746109375 0.0776809203125 0.1508556953125 0.10249891250000001
1 0.2268383234375 0.060681184374999995 0.22608417812499998 0.0839294625 0.2329092125 0.12989199375 0.22652290000000003 0.156285190625 0.223552590625 0.1908114625 0.2248459515625 0.2278484984375 0.2293648046875 0.2526148640625 0.23322733750000002 0.259375 0.256779353125 0.259375 0.2625 0.24236268125 0.2625 0.12234217812499999 0.2604845328125 0.11234892031249999 0.2532933578125 0.10074577968750001 0.253587853125 0.0942309203125 0.2598413421875 0.07898221093749999 0.2595573125 0.0409524953125 0.256450221875 0.034191621875 0.24734624374999997 0.032676234375 0.244007 0.032676234375 0.22991656875 0.051667940625 0.2268383234375 0.060681184374999995
1 0.6637764031250001 0 0.6660587640625 0.0378545359375 0.6655415765624999 0.06748416406249999 0.6499238671875001 0.12631909218749998 0.648150990625 0.1391218234375 0.648150990625 0.21951815 0.64909073125 0.23375681093749998 0.6566806078124999 0.2765918765625 0.6613147640625 0.2859375 0.6895184078125001 0.2859375 0.6936274515624999 0.2795197109375 0.7046875 0.2283310234375 0.7046875 0.12677309375 0.692624909375 0.068272209375 0.6926212640625 0.0386274234375 0.6966773843749999 0 0.6637764031250001 0
2 1 0.31725431875 0.4390625 0.3419063484375 0.4390625 0.5 0.506743728125 0.5 1 0.48997748437500005 1 0.31725431875
1 0 0.9864102390625 0.0002830359375 0.9881097999999999 0.0053161765625 0.9921875 0.0249790609375 0.9921875 0.029122873437500002 0.9827209 0.040625 0.9326023593749999 0.040625 0.849498153125 0.032597509375 0.8086316734375 0.0330466953125 0.7808508671875 0.038765396875000004 0.7364306625 0.03967075 0.7105047375 0.03467084375 0.6970469953125 0.0238626796875 0.693279659375 0.016377009375 0.69879279375 0.0114487484375 0.7131188875 0.012633706250000001 0.7686926265625 0.010754842187499999 0.807578484375 0 0.8447435109375 0 0.9864102390625
1 0.0961852984375 1 0.101018071875 0.9944525921875 0.1095093796875 0.95497170625 0.1140625 0.921931771875 0.1140625 0.8812506250000001 0.110990675 0.852661134375 0.102957778125 0.8261569281250001 0.10079834843749999 0.809815575 0.10141640781250001 0.792837540625 0.103118975 0.763732390625 0.1058514703125 0.7356356140625 0.1053130734375 0.7211456484375001 0.10213347343750001 0.706855803125 0.098698228125 0.704723371875 0.0874264375 0.704723371875 0.08367778125 0.70637935 0.0802861453125 0.711792434375 0.07744011875 0.7237264671875 0.0806962078125 0.7865245468750001 0.07991678125 0.8027889953124999 0.0756529046875 0.83099888125 0.0657893328125 0.869642740625 0.063144421875 0.8839993953124999 0.063144421875 0.9481914234375001 0.07183524218750001 0.997588634375 0.0741431546875 1 0.0961852984375 1
1 0.29282101250000003 0.8072528562500001 0.2813840203125 0.8710955359374999 0.28246404375 0.9165569125000002 0.285841675 0.93865779375 0.2993322953125 0.9908288703124999 0.30390975781249996 0.9953125 0.3187278765625 0.9953125 0.3199683703125 0.9952013578125001 0.321875 0.993150834375 0.321875 0.8366462484374999 0.3138700609375 0.80974315625 0.3117498140625 0.79128530625 0.3108656078125 0.713295184375 0.3039861953125 0.6983662609375 0.2957130625 0.695956459375 0.2924975875 0.695956459375 0.2883611953125 0.6992763125 0.28315358281249997 0.7130510921875001 0.2839809765625 0.7362295765625 0.29282101250000003 0.8072528562500001
1 0.35395424062499997 0.7937522453125 0.3422197921875 0.8613200765624999 0.34146215468749996 0.899416546875 0.34770168749999997 0.9435606 0.357360715625 0.980989540625 0.357783134375 0.98125 0.379583103125 0.98125 0.382360715625 0.9793874671874999 0.384375 0.968915840625 0.384375 0.831059109375 0.37494924375 0.7970468125 0.373426053125 0.7683764859375 0.37610535624999997 0.7255168796875 0.37539400624999997 0.705146509375 0.37101891249999996 0.6919709109375 0.364565615625 0.68844566875 0.357316815625 0.68844566875 0.352236578125 0.6922465375 0.34778983750000003 0.7069154671875 0.35395424062499997 0.7937522453125
1 0.2227210015625 1 0.22317860937499998 0.9996254015625 0.23336454999999998 0.9620420609375 0.24018814531250002 0.9283809468750001 0.2421875 0.9037072484374999 0.2421875 0.8908210796875 0.23992724375000002 0.857980709375 0.2332413109375 0.8316685546875 0.2321713484375 0.802658121875 0.2333251 0.7781033203125001 0.24066954687500003 0.734774165625 0.24042983437499998 0.7194931875 0.23687140156250003 0.7096996390625 0.2314913078125 0.7057103515625001 0.22322108749999997 0.7057103515625001 0.22118012656250002 0.7063336 0.21495286406249997 0.7153236734374999 0.212222671875 0.7285324890625 0.211054740625 0.74349176875 0.2111732 0.79859579375 0.20981064374999997 0.8184293765625 0.2047760265625 0.841469771875 0.2002538890625 0.853213246875 0.2002538890625 1 0.2227210015625 1
1 0.1768807875 1 0.1817708328125 0.9759259265625001 0.1864583328125 0.940740740625 0.18697916718750002 0.902777778125 0.1824828125 0.8738731 0.17566921093750001 0.8496569109375001 0.170952109375 0.8223360703125 0.17042798125 0.8030872921875 0.17135416718750002 0.784259259375 0.17497038125 0.7476197578124999 0.1740968390625 0.7320965484374999 0.17182563906249998 0.7230930859375 0.165536165625 0.7128477703125 0.1574996078125 0.7112954546875001 0.15173425000000001 0.7178152015625 0.1475412640625 0.724955875 0.14509535 0.7364430437499999 0.1496377515625 0.7941893578125001 0.14895833281249998 0.8120370375 0.1480653796875 0.8316499859375 0.14474593593750001 0.8496569109375001 0.1386311640625 0.8741835734375 0.1328125 0.9055555562500001 0.1328125 0.9379629625 0.1375 0.9740740734374999 0.143108975 1 0.1768807875 1