2 0 0.28630648124999997 0.00469963125 0.2749678625 0.0114543046875 0.2718747265625 0.02344963125 0.2740945671875 0.18437635624999998 0.264746928125 0.22811558281250002 0.2608573875 0.2572445421875 0.253017446875 0.27026537500000003 0.25241099375 0.2822768640625 0.2574086109375 0.3895739171875 0.25333734531249996 0.394567621875 0.26097726250000003 0.39200116406249996 0.267580034375 0.396183990625 0.270163746875 0.40016296406249996 0.2824818109375 0.41165900625 0.2884296125 0.41477378125 0.2953125 0.4200261828125 0.2953125 0.4226072796875 0.28977204218749997 0.43352861875000004 0.28648484375 0.43504802343750004 0.2790046609375 0.436138171875 0.2872894765625 0.4418673390625 0.2870226375 0.4433382625 0.2712091203125 0.447021803125 0.27752079375 0.4526647796875 0.262439140625 0.45967178906250006 0.2579449875 0.4606649734375 0.24956313749999998 0.45802309843750005 0.2432029484375 0.4609375 0.237830484375 0.4609375 0.2373461765625 0.4545703453125 0.2317865515625 0.4420703453125 0.23236875 0.4394446328125 0.22878633593750003 0.4347786796875 0.23270836250000002 0.42766393281250004 0.218683996875 0.425252846875 0.2072190875 0.4189920734375 0.20565833281249998 0.416339425 0.1974462890625 0.41034714843750003 0.19726229687500002 0.4176118796875 0.192293053125 0.41516847187500006 0.1752725828125 0.40366165781249996 0.16747293125 0.391150884375 0.1662032765625 0.3083437703125 0.17098625625 0.271396925 0.1782641453125 0.235980259375 0.1799137015625 0.20052588437500002 0.175081778125 0.116682490625 0.1808392 0.09847487187500001 0.185391940625 0.0661832046875 0.18689595 0.057307490625 0.1836046375 0.0031569859375 0.18890526875 0 0.18872862031249998 0 0.28630648124999997
1 0.7305951515625 0 0.728125 0.0208465203125 0.728125 0.057274482812500006 0.7293085890625 0.0796875 0.7788674078125 0.0796875 0.7789830312499999 0.0789354484375 0.7789830312499999 0.0059506671875 0.7776108671874999 0 0.7305951515625 0
1 0.6686266453125 0 0.6671875 0.0060763890625 0.66171875 0.0463541671875 0.6625 0.0782986109375 0.67109375 0.0838541671875 0.709765625 0.0845486109375 0.7171875 0.0796875 0.71796875 0.03663194375 0.7100157625 0 0.6686266453125 0
2 0.56875 0.18354801874999999 0.89921875 0.18524305624999998 0.926953125 0.1859375 0.93046875 0.1810763890625 0.93046875 0.10052083281249999 0.926953125 0.0873263890625 0.56875 0.0845024171875 0.56875 0.18354801874999999
1 0 1 0.053964843750000005 1 0.053125 0.992534721875 0.03359375 0.923090278125 0.03359375 0.8814236109374999 0.03828125 0.8619791671874999 0.040625 0.8300347218749999 0.0390625 0.8078125 0.033984375 0.7973958328125 0.012109375 0.7973958328125 0.00625 0.8105902781250001 0.01171875 0.923090278125 0 0.9677331359375 0 1
1 0.446875 1 0.446875 0.9939236109374999 0.44375 0.9703125 0.43046875 0.9147569437499999 0.425 0.9036458328125001 0.4328125 0.8244791671874999 0.4328125 0.8078125 0.428515625 0.8029513890625001 0.396875 0.805034721875 0.39921875 0.9036458328125001 0.38203125 0.980034721875 0.38203125 1 0.446875 1
1 0.376200596875 1 0.37421875 0.980034721875 0.35703125 0.9189236109374999 0.35703125 0.8953125 0.3640625 0.8411458328125001 0.3640625 0.8105902781250001 0.358203125 0.8029513890625001 0.334765625 0.8015625 0.32890625 0.8064236109374999 0.32734375 0.8189236109374999 0.328125 0.848090278125 0.33359375 0.880034721875 0.33359375 0.9189236109374999 0.3140625 0.9939236109374999 0.3137609140625 1 0.376200596875 1
1 0.3028914734375 1 0.2859375 0.9369791671875 0.2921875 0.860590278125 0.29140625 0.8244791671874999 0.283203125 0.80711805625 0.270703125 0.804340278125 0.26328125 0.8133680562500001 0.26015625 0.8342013890625001 0.259375 0.8786458328125001 0.2640625 0.9189236109374999 0.259375 0.96475694375 0.2603662109375 1 0.3028914734375 1
1 0.22587514999999997 1 0.21484375 0.9536458328125 0.22109375 0.8494791671874999 0.21796875 0.8328125 0.209765625 0.8210069437499999 0.195703125 0.823784721875 0.18984375 0.8342013890625001 0.1859375 0.855034721875 0.1921875 0.9383680562500001 0.1875 0.9828125 0.1881042484375 1 0.22587514999999997 1
1 0.13882509375000002 1 0.12421875 0.93975694375 0.13046875 0.8328125 0.125 0.8119791671875 0.116796875 0.804340278125 0.101953125 0.8140625 0.09609375 0.835590278125 0.1015625 0.9147569437499999 0.10078125 0.942534721875 0.08710561875 1 0.13882509375000002 1
1 0.0863264109375 1 0.1 0.93975694375 0.09609375 0.8342013890625001 0.105078125 0.8098958328125001 0.11328125 0.805034721875 0.107421875 0.7987847218749999 0.083203125 0.7987847218749999 0.0796875 0.8078125 0.08359375 0.9064236109374999 0.06484375 0.9980902781250001 0.06490513437499999 1 0.0863264109375 1
1 0.188928865625 1 0.1875 0.9758680562500001 0.1921875 0.9355902781250001 0.1859375 0.8592013890625001 0.18984375 0.835590278125 0.20234375 0.8189236109374999 0.2 0.805034721875 0.195703125 0.8001736109375 0.172265625 0.8015625 0.16796875 0.8161458328125001 0.1734375 0.9189236109374999 0.1578125 0.9772569437499999 0.15509884062499998 1 0.188928865625 1
1 0.27222055312500004 1 0.2734375 0.9953125 0.27265625 0.973090278125 0.2609375 0.96475694375 0.2640625 0.9133680562500001 0.26015625 0.885590278125 0.2609375 0.8342013890625001 0.2640625 0.81475694375 0.27109375 0.805034721875 0.265234375 0.8015625 0.23828125 0.8036458328125 0.246875 0.8703125 0.246875 0.898090278125 0.23046875 0.9564236109375 0.2265625 0.9869791671874999 0.22871668125000003 1 0.27222055312500004 1
0 0.56875 0.9008341140624999 0.5916658203125 0.90389654375 0.6051054046875 0.928125 0.6126423171875001 0.928125 0.6201531640625 0.8977072968750001 0.6192587890625 0.8782992390625001 0.6120740125 0.8522378359375 0.598325375 0.83968016875 0.583481625 0.8403715296875 0.572584525 0.84782539375 0.56875 0.8599447156250001 0.56875 0.9008341140624999