1 0.4347235328125 0.2314650265625 0.425 0.2693731328125 0.425 0.35 0.467813925 0.35 0.47179565312499994 0.3250023875 0.472566928125 0.2916599625 0.4699544484375 0.26383673124999996 0.45988276250000004 0.2199458265625 0.4410680734375 0.2211165390625 0.4347235328125 0.2314650265625
1 0.3755827171875 0.2363681578125 0.3698604515625 0.26071689375 0.3640625 0.3061690515625 0.3640625 0.323102534375 0.36591991875 0.3496648671875 0.37024628125 0.3546875 0.4136575859375 0.3546875 0.4136575859375 0.2884764453125 0.3941384765625 0.2334812953125 0.3755827171875 0.2363681578125
1 0.153125 0.312126990625 0.153125 0.353125 0.2022367015625 0.353125 0.205097221875 0.35041075781250003 0.203505009375 0.3074097546875 0.187811196875 0.24460626093750001 0.17140494687500002 0.2449881203125 0.16619348437499998 0.2527452046875 0.153125 0.312126990625
1 0.0796875 0.278033571875 0.0796875 0.353125 0.121797009375 0.353125 0.12578595312500002 0.3004833796875 0.1140933984375 0.232633528125 0.1030529953125 0.231322084375 0.09801937499999999 0.231322084375 0.0922406703125 0.2368695078125 0.0796875 0.278033571875
1 0.0511602875 0.28547163750000004 0.0393833734375 0.21887866250000002 0.036225765625 0.21875 0.018832178124999998 0.21875 0.0046875 0.26017198750000003 0.0046875 0.35325762968749996 0.029021760937500002 0.3546875 0.0394379546875 0.3546875 0.0461767234375 0.3506857484375 0.0511602875 0.28547163750000004
2 0 0.4546875 0.62645505625 0.4546875 0.6266352234375 0.3940318609375 0.6266352234375 0.3666488578125 0.623945290625 0.36067382812500004 0 0.376312821875 0 0.4546875
1 0.9314131078125 0.14182306718749998 0.932448121875 0.1196008453125 0.9294292765625001 0.11169108125 0.9233949031249999 0.1069887265625 0.9149321921875 0.10966953593749999 0.9094883328125001 0.12026011249999999 0.9075576515625 0.19527829375 0.903125 0.20939516875000003 0.903125 0.3375 0.9202841390625001 0.3375 0.9289019421875 0.3076244125 0.9332775874999999 0.280808925 0.9335694921875 0.2409759265625 0.925265984375 0.1954843484375 0.9257370421875001 0.174181990625 0.9314131078125 0.14182306718749998
1 0.5091205296875 1 0.5071581796875 0.9843348562500001 0.4899941859375 0.90624059375 0.4670986375 0.832108665625 0.4665772796875 0.7837542625 0.4801553875 0.7006456796875 0.4829686875 0.6402429953125 0.47779448750000003 0.6173516296875 0.46915792968750003 0.6018065265625 0.44615856562499995 0.5894518203125 0.43488300156250004 0.5933496453125 0.4217838125 0.606627315625 0.412970315625 0.6246553875 0.40781202499999997 0.6460835140625 0.4052434890625 0.6863439078125 0.411053484375 0.725358784375 0.41334125781250003 0.7804487874999999 0.4115907609375 0.8180326796875 0.40863650937499996 0.8368004359375 0.37943197031250003 0.9130121421874999 0.3734375 0.9403704515625 0.3734375 1 0.5091205296875 1
1 0.28210918125 1 0.28210918125 0.904878215625 0.2434181421875 0.807965328125 0.23946191093750002 0.7811317890625 0.2377504796875 0.73682841875 0.2424778296875 0.6656310359375001 0.2362329546875 0.6159827328125 0.23094861406249997 0.59989954375 0.2204198328125 0.5831754484375 0.20511592812499999 0.5725218609375 0.1905629109375 0.572606525 0.1735773703125 0.5874764531250001 0.167380271875 0.6029550296874999 0.1651354671875 0.6204248531250001 0.1661538953125 0.6647322499999999 0.1829674546875 0.7465469359375 0.18747280625 0.8109764671875 0.17569966718750002 0.8607295921875 0.1743355859375 0.88087995 0.1663590546875 0.8956974609374999 0.15363325156250002 0.9615700703125001 0.1515625 0.9983932062499999 0.1515625 1 0.28210918125 1
1 0.07547556250000001 0.5296875 0.0751495375 0.530570303125 0.07010190625 0.5788521234374999 0.07504243125 0.6328055328125 0.0738096984375 0.7040674578124999 0.069613728125 0.7227787484375 0.0484375 0.778465453125 0.0484375 1 0.0807172578125 1 0.0840420515625 0.9814849171875 0.1056769375 0.906780909375 0.13691212656250001 0.8337014843749999 0.14548851093749998 0.80301048125 0.1441594609375 0.7747217375 0.12566405625 0.716338196875 0.1252124421875 0.69480119375 0.129668790625 0.645156928125 0.1440875234375 0.5648619874999999 0.14375660625 0.5325665640625 0.1429590453125 0.5296875 0.07547556250000001 0.5296875
1 0.239402584375 0.5296875 0.24664588906249998 0.6001482375 0.24473608906250002 0.6498409046875 0.24174258750000002 0.6672058546875 0.2328125 0.690128546875 0.2328125 0.8835897859375 0.236643428125 0.8970184343750001 0.2522981890625 0.9958521390625 0.252555490625 1 0.25613684062500003 1 0.2566776890625 0.9785436624999999 0.2650459953125 0.91162723125 0.28423138593749997 0.8370806765625 0.3145047890625 0.7629859203125 0.3174279453125 0.7469632484375 0.3125275125 0.7212057546875 0.29469202499999997 0.6639827875 0.29493444062499996 0.619602771875 0.30912622343749996 0.5296875 0.239402584375 0.5296875
1 0.3436807046875 0.5296875 0.339570425 0.5329413359374999 0.33031252968749997 0.5500465609375 0.32556304375 0.567665628125 0.3244503609375 0.6146938937499999 0.3367936359375 0.7109267875 0.33568095468750003 0.7579550515625 0.30234865312500003 0.8665234109375 0.293021484375 0.9312917406250001 0.2921875 0.9548280874999999 0.2921875 1 0.3772065515625 1 0.3833146125 0.963045053125 0.398224834375 0.9047945328125 0.41793070312499997 0.845220128125 0.41793070312499997 0.82595455 0.3974673453125 0.7745931875000001 0.3889248703125 0.7359574156249999 0.39058998749999996 0.6647438765625 0.39790843593749997 0.612128684375 0.396295971875 0.573250909375 0.38674132656250004 0.5393494203125 0.38030466875 0.5296875 0.3436807046875 0.5296875
1 0.7 0.8552193171875 0.6748213359374999 0.785549496875 0.672742334375 0.7372273484375 0.6845233453125 0.64595218125 0.6838303453125001 0.5909186234375 0.6775933390625 0.5694421140625 0.66962383125 0.5553481546875 0.6509128125 0.5432676171875 0.6377457984375 0.54595218125 0.6245787859374999 0.5566904359375 0.616609278125 0.5694421140625 0.6117582734375 0.5868917781249999 0.60829326875 0.6365562078125 0.6193812796875 0.7238045296875 0.6193812796875 0.76675755 0.617302278125 0.785549496875 0.5965122578125001 0.837898490625 0.573643234375 0.9184354031249999 0.5653272265625 0.9748112421874999 0.5647492453125 1 0.69092115 1 0.6935323546875 0.9855494968750002 0.7 0.9642531468750001 0.7 0.8552193171875
1 0.52418174375 0.5296875 0.5216681828125 0.55333473125 0.53344919375 0.6566904359375 0.53206319375 0.7036703015625 0.510580171875 0.7680998328124999 0.4904831515625 0.8472944625000001 0.49394815468750003 0.8687709734375 0.5168171781249999 0.9372273484375 0.53103148125 1 0.5642050890625 1 0.5653272265625 0.958703859375 0.5778012390625 0.8915897656249999 0.5999772609375 0.8298447984375 0.6020562625 0.8123951343750001 0.60760026875 0.8070260062500001 0.614530275 0.785549496875 0.5868102484375 0.7036703015625 0.5847312453125 0.68756291875 0.5847312453125 0.652663590625 0.5944332546875 0.5667575499999999 0.59512625625 0.5345427859375 0.5940657234375 0.5296875 0.52418174375 0.5296875
1 0.42118308281249994 0.7788380874999999 0.41771807812499995 0.7372273484375 0.413560075 0.713066275 0.410441571875 0.711052853125 0.40593706718749994 0.719777684375 0.3962350578125 0.7627307046875 0.39900705937500003 0.7761535234375 0.41910407968749996 0.824475671875 0.4218760828125 0.8150796984374999 0.42118308281249994 0.7788380874999999
1 0.485632146875 0.8446099 0.48979015 0.8419253359375001 0.5168171781249999 0.7425964765625 0.513352175 0.7170931203124999 0.48944365 0.6506501671875 0.4773161375 0.7774958046875 0.47870213906250003 0.824475671875 0.485632146875 0.8446099
1 0.4273331734375 0.5296875 0.4343500953125 0.5882340609375001 0.4381615984375 0.592932046875 0.44301260468750003 0.5889052015625 0.45825861874999996 0.591589765625 0.4686536296875 0.598301175 0.4807811421875 0.6177642624999999 0.48147414218750006 0.624475671875 0.4842461453125 0.6164219796875 0.4870181484375 0.56541526875 0.491335234375 0.5296875 0.4273331734375 0.5296875
0 0.146916959375 0.5296875 0.1502198109375 0.5479656046875 0.1502198109375 0.5788380875 0.141903803125 0.659375 0.141903803125 0.6902474828124999 0.1439828046875 0.705012584375 0.1467548078125 0.707697146875 0.1620008234375 0.705012584375 0.15922882031250002 0.667428690625 0.160614821875 0.6217911078125 0.167544828125 0.5949454703125 0.178979340625 0.5781669468749999 0.19076035156249999 0.5714555375 0.204620365625 0.5714555375 0.2191733796875 0.580851509375 0.23060789218750002 0.6016568796875 0.2385774 0.6493078859375 0.2527839140625 0.6097105703125 0.24314380624999998 0.5296875 0.146916959375 0.5296875
1 0.770807340625 0.688949778125 0.762208121875 0.6447235390625 0.765545840625 0.58772454375 0.757451809375 0.5816654734375 0.7488338156250001 0.583254384375 0.746795840625 0.5881609546875 0.748145621875 0.645050846875 0.740625 0.6800319406249999 0.740625 0.7418534937500001 0.7430811687500001 0.75623469375 0.7473204109375 0.7609375 0.75778151875 0.7609375 0.761758440625 0.7599649484375 0.7703224765625001 0.7167275546875 0.770807340625 0.688949778125
1 0.7223352390625 0.5836032906249999 0.7151987453124999 0.584787590625 0.7103230296875 0.5923014546875 0.7083517875 0.6493140937499999 0.7078125 0.6516566609375001 0.7078125 0.7734375 0.709848646875 0.7734375 0.7151363171875 0.7664354 0.7263166156249999 0.7222182765625 0.7271747203125 0.6902283687499999 0.72110681875 0.65664498125 0.7281865375 0.594213178125 0.7223352390625 0.5836032906249999
1 1 0.5868055562500001 0.996484375 0.5868055562500001 0.99296875 0.5930555562500001 0.99296875 0.6583333328125 0.98359375 0.7013888890625 0.98671875 0.7611111109375 0.99453125 0.775 1 0.7734649124999999 1 0.5868055562500001
1 0.955078125 0.5826388890625 0.944140625 0.5826388890625 0.9390625 0.5944444437499999 0.9390625 0.64305555625 0.9328125 0.6763888890625 0.93203125 0.7083333328125 0.9359375 0.7541666671874999 0.93984375 0.7638888890625 0.953515625 0.76319444375 0.95859375 0.752777778125 0.9640625 0.722222221875 0.9640625 0.6861111109375 0.9546875 0.64305555625 0.95859375 0.5944444437499999 0.955078125 0.5826388890625