1 0.3422565734375 0 0.3416496859375 0.018768796875 0.33722283750000004 0.0335228765625 0.33722283750000004 0.1 0.3482140046875 0.1 0.3515625 0.0862930359375 0.3515625 0 0.3422565734375 0
0 0.228125 0.275384653125 0.228125 0.19987135312499998 0.220697059375 0.18211805625 0.20655163281250002 0.1691550921875 0.20334266093750003 0.16875 0.19777625625 0.16875 0.1838505953125 0.173784721875 0.1678938390625 0.19461805625 0.1645465609375 0.2122106484375 0.1646692875 0.2372106484375 0.1693070109375 0.25850694375 0.17952130156249999 0.28211805624999997 0.1942161859375 0.296875 0.2088349171875 0.296875 0.217930265625 0.2904513890625 0.228125 0.275384653125
1 0.38245334531249997 0 0.38226683281249996 0.018880935937500003 0.3752907 0.043375017187499997 0.3752907 0.099759271875 0.375346771875 0.10025329062499999 0.3765180703125 0.1015625 0.389922665625 0.1015625 0.3930086546875 0.09066830625 0.396875 0.056695228125 0.396875 0.048637968749999996 0.392510996875 0.022948396875 0.39410799218750003 0 0.38245334531249997 0
1 0.3632468109375 0 0.36181128125 0.0068783796875 0.361675253125 0.0262803796875 0.36783529375 0.059375 0.3765625 0.059375 0.3765625 0 0.3632468109375 0
1 0.9171555734375 0.23279079687499998 0.9158883046875002 0.2614945015625 0.9185654203125001 0.307790796875 0.9345121531249999 0.3929759828125 0.9437909234375 0.4244574640625 0.9524429171875 0.428125 0.9809714265625 0.428125 0.983895090625 0.4244574640625 0.9878063312500001 0.407790796875 0.9890625 0.40014808281249997 0.9890625 0.197235353125 0.9704000734375 0.12353153750000001 0.9700318921875001 0.0485315375 0.9580759515625001 0.0434389453125 0.938241159375 0.04251301875 0.9346152296875001 0.0485315375 0.9375444484375001 0.12260561249999999 0.9337161375 0.1522352421875 0.9308498921874999 0.157790796875 0.9188972249999999 0.214272278125 0.9171555734375 0.23279079687499998
1 0.7995310328125 0.2898901390625 0.8064382531250001 0.345971103125 0.8185322609375 0.39986645 0.8436585921875001 0.4015625 0.8469532734375 0.4015625 0.8528964875 0.39673767031249996 0.8671875 0.3302532046875 0.8671875 0.22342859062499998 0.8664528562499999 0.2179586 0.8505083062499998 0.1467042953125 0.8525306718750001 0.0965374109375 0.8519020953125 0.0873115296875 0.8496651265625002 0.0829212015625 0.8254702828125 0.0829212015625 0.8216937625 0.08924736718750001 0.8228718171875 0.1456954734375 0.8020419078125001 0.23691210312500002 0.7995310328125 0.2898901390625
1 0.726374971875 0.3875 0.757516659375 0.3875 0.7599512296875 0.3814082390625 0.7739108515625001 0.3281046703125 0.7774206593749999 0.308751165625 0.7796875 0.278435340625 0.7796875 0.26469695 0.777354259375 0.231771996875 0.7674418000000001 0.17577993281249998 0.772331628125 0.1267968 0.7685099671875 0.11924388906250001 0.745420796875 0.12214732343750001 0.743048884375 0.17307325 0.724229259375 0.22991683125 0.723702128125 0.2324767578125 0.723702128125 0.37124868125 0.726374971875 0.3875
1 0.9004109375 0.3851453796875 0.9044612890625 0.39375 0.9203125 0.39375 0.9203125 0.3675741703125 0.917122428125 0.352020921875 0.9111956109375001 0.309127940625 0.9099921765625 0.24990205781250002 0.915442865625 0.20496558281250002 0.9203125 0.186001428125 0.9203125 0.11481891562499999 0.9166414765625 0.11216034999999999 0.907787309375 0.1115929484375 0.9030145140625001 0.117294390625 0.90344558125 0.1321092046875 0.9010569484375001 0.13934972968749998 0.90279015625 0.1810497734375 0.887704109375 0.2521705703125 0.8855220671874999 0.28437771875 0.8901288609375 0.335503903125 0.9004109375 0.3851453796875
1 0.2194947578125 0.6959227625000001 0.22265904218750002 0.7675436328125 0.2194947578125 0.7814533 0.2194947578125 0.9770694625 0.2209026046875 0.98125 0.2440720421875 0.98125 0.24679591875 0.9802061015625 0.2531387546875 0.9681204984375 0.2637296640625 0.9140039312500001 0.265625 0.8868993703125 0.265625 0.8484022859374999 0.2640219734375 0.8274586890625001 0.247982778125 0.7648083890625 0.24848932656249997 0.7276134859375001 0.2527654890625 0.6739492484375 0.25197709687500003 0.6552728671875 0.24594942656250002 0.640388215625 0.23429399375 0.6348508609375 0.222807571875 0.6456158750000001 0.2194947578125 0.6569015109375 0.2194947578125 0.6959227625000001
1 0.36875 1 0.36875 0.8263372234374999 0.349961284375 0.7741608859375 0.347277515625 0.7500868109375001 0.3447862015625 0.6630497734375 0.3424905640625 0.6473090328125 0.3400190984375 0.6389756999999999 0.332448775 0.6274016265625 0.32598314687499996 0.622771996875 0.31712898125 0.622771996875 0.30703409375 0.635271996875 0.3041214 0.6510127375 0.3058497515625 0.6769386625 0.3183729265625 0.7445312562499999 0.32166045468750004 0.7815682921875 0.311396340625 0.8519386640625001 0.3116417953125 0.9019386640625001 0.3171420328125 0.9417534765625 0.3345565546875 1 0.36875 1
1 0.39363441875 0.7458491203125 0.383821103125 0.79836850625 0.381787965625 0.8476094609375 0.3841622 0.8724759562500001 0.3951606703125 0.921808421875 0.4011160921875 0.940885725 0.4060633171875 0.946875 0.40700016874999995 0.946875 0.41179868906249995 0.873484778125 0.421875 0.8186246796875001 0.421875 0.7474238328125 0.41573935000000006 0.7194139296875 0.4114039734375 0.66038830625 0.41251396093750003 0.6213992890625 0.40464865781250003 0.6099314078125 0.3942745671875 0.6099314078125 0.386439971875 0.6202903375 0.38295575 0.6344128625 0.38427754531249997 0.6584201828125 0.392194109375 0.7116566125 0.39363441875 0.7458491203125
1 0.47169244375 1 0.4734375 0.9738418671875 0.4734375 0.9191643875000001 0.472112909375 0.888333871875 0.4510340234375 0.79207229375 0.44989280468750004 0.749370575 0.45620910625000005 0.6809611828125 0.4561958046875 0.6364439859375001 0.452155190625 0.6223914046875001 0.4456198859375 0.611497721875 0.43125218125 0.60635883125 0.42270322031249996 0.6106974546874999 0.41513289999999997 0.622025990625 0.41040892187500005 0.6450468234375 0.4097255625 0.6821202375000001 0.41699072812500004 0.7389472890625 0.41661589687499995 0.79179781875 0.41284733593749995 0.8167068765625001 0.405443978125 0.8457145921875 0.405443978125 1 0.47169244375 1
1 0.4755099875 0.6233752328125 0.47806105312499997 0.6558250859375001 0.489283809375 0.7182016812500001 0.49144341718750006 0.753408084375 0.48148118437500004 0.8297081546874999 0.5001681078125 0.89608556875 0.5064479328125 0.9416257187500001 0.5089525484374999 0.9842395312499999 0.5118242796875 0.9890625 0.534375 0.9890625 0.534375 0.79121269375 0.5197442453125001 0.7471679046874999 0.515418375 0.6989348718749999 0.515906059375 0.6647605000000001 0.5128806109374999 0.6221254625 0.50444445 0.6028362546875 0.49064403125 0.5967289203125 0.48209174218750006 0.602849621875 0.477553521875 0.6114443046875 0.4755099875 0.6233752328125
1 0.54218575625 0.6926219109374999 0.543514840625 0.720433065625 0.5341399578125 0.7734358609375 0.5335293578125 0.7881839234375001 0.5441436765625001 0.8313772921875 0.5521898281250001 0.91137406875 0.5555093796875 0.9171875 0.5733936515625 0.9171875 0.5746395453125 0.9146611078125 0.58125 0.8808503406250001 0.58125 0.7591920203125 0.56736540625 0.71826468125 0.565102421875 0.6940904781249999 0.5631176796874999 0.60801274375 0.5572582749999999 0.5942363640625 0.5466799578125 0.5880132796875 0.539002165625 0.5921422609375 0.53431019375 0.6006214796875 0.5320562703125 0.612491634375 0.5339061875 0.6403361656250001 0.54218575625 0.6926219109374999
1 0.609375 1 0.609375 0.581578703125 0.6065104171875 0.5797453703125 0.5940104171875 0.581597221875 0.58203125 0.593634259375 0.5765625 0.6052083328125 0.571875 0.62743055625 0.5729166671875 0.6709490734375001 0.578125 0.71631944375 0.5807291671875 0.7237268515624999 0.5848958328125 0.77835648125 0.5848958328125 0.81539351875 0.5807291671875 0.844097221875 0.5625 0.924652778125 0.5578125 0.9709490734374999 0.5591934421875 1 0.609375 1
1 0.6658397203125 0.7068367359375 0.675580371875 0.6678380828125 0.6762667109375 0.6360884015625 0.669832796875 0.604090075 0.6711695640625 0.5753891687499999 0.6796875 0.5454594984375001 0.6796875 0.4968885671875 0.673957975 0.4900002953125 0.6620205312499999 0.4910964625 0.651902265625 0.5126820734375 0.6494570234375 0.5821961046874999 0.6323745890625 0.6248364734375 0.6323745890625 0.7263255625 0.6377637640625 0.734375 0.65141263125 0.734375 0.6514843359375 0.7343265046875 0.6658397203125 0.7068367359375
1 0.6963073671875 1 0.6937798921875 0.99278395625 0.696875 0.981783340625 0.696875 0.912042871875 0.69530756875 0.9069068937499999 0.689127778125 0.9013781109375 0.6756784109375 0.9008300890625 0.6662464859374999 0.9102458656250001 0.6631350578124999 0.928211575 0.6661775921875 0.976582178125 0.66163321875 0.9892125203125002 0.6506781984375001 1 0.6963073671875 1
1 0.7099881328125 0.8761187687499999 0.7099881328125 0.8882033609375 0.7068235765625 0.8927350828125 0.70919699375 0.9048196749999999 0.7143393984374999 0.9116172578124999 0.7234375 0.910861971875 0.7317444625 0.9085961109374999 0.741633703125 0.89575623125 0.739260284375 0.880650490625 0.7317444625 0.872342334375 0.7515229437500001 0.8663000375 0.7566653484375 0.85799188125 0.7582476265625 0.81871695625 0.7527096515625 0.7749103093749999 0.76615901875 0.7326142375 0.7685324359375001 0.7144873484375001 0.7653678796875 0.6933393125 0.7554786390625 0.6804994328125 0.74598496875 0.6820100078125 0.73767800625 0.6933393125 0.7337223093749999 0.708445053125 0.7321400312499999 0.75980456875 0.7254153484375 0.7786867453124999 0.71236155 0.7915266234375 0.7004944625 0.8292909749999999 0.7004944625 0.8625236031250001 0.7171083859375 0.8761187687499999 0.7143393984374999 0.8874480734375 0.71236155 0.8746081953125 0.7099881328125 0.8761187687499999
1 0.821538765625 0.5075387078125 0.8124406640625 0.4946988296875 0.8005735765624999 0.49771997656250005 0.793057753125 0.51055985625 0.7867286390625 0.5785356875 0.7637856015625 0.622342334375 0.7542919296875 0.6510432406250001 0.7527096515625 0.675212425 0.7669501578125 0.6948498859375001 0.7669501578125 0.7326142375 0.7740704109375 0.7356353859375 0.7879153484375 0.7212849312499999 0.804133703125 0.678233571875 0.8065071203125 0.6344269265625 0.8033425640624999 0.5891097046875 0.8167919296875 0.5573876515625 0.8239121828125 0.5271761703125 0.821538765625 0.5075387078125