1 0.047002893750000004 0.1893872734375 0.031189417187500002 0.2456341890625 0.0310254078125 0.2486238296875 0.0310254078125 0.33653386093750004 0.033180459375 0.3551744765625 0.0404596109375 0.385366159375 0.0437071953125 0.3875 0.06514908593749999 0.3875 0.0693658609375 0.3840198265625 0.07846871562499999 0.3544529015625 0.084375 0.3206673953125 0.084375 0.24023133593749998 0.073686609375 0.1812056625 0.08097359531250001 0.07678428281250001 0.0781152703125 0.06165205625 0.07238923281250001 0.054286071874999994 0.062062089062500006 0.052600989062500006 0.05873521875 0.052600989062500006 0.050795762499999994 0.061536723437499996 0.04903931875 0.0727206078125 0.05141825 0.160038671875 0.047002893750000004 0.1893872734375
1 0.55441700625 0.628125 0.558103253125 0.6277440109375 0.5651793859375001 0.6199544625 0.5671875 0.6107448828125001 0.5671875 0.49959855312499996 0.56417336875 0.4957439109375 0.5587315015625001 0.4700636453125 0.5572407671875 0.436757609375 0.56051835625 0.4059836875 0.5600064625 0.3883910953125 0.5570209734375 0.384375 0.5439175578125 0.384375 0.5393123078125 0.38530260781250003 0.5365689625 0.38961940156249997 0.5405382140625 0.4543250328125 0.5382753499999999 0.4841184375 0.529205765625 0.5309606484375 0.5299331921875 0.5559606484375 0.5315136953125 0.574424575 0.5417688296875001 0.622108696875 0.5483865484375 0.628125 0.55441700625 0.628125
1 0.48634131406250003 0.5742830921875 0.49022655000000004 0.5796875 0.502188609375 0.5796875 0.507727803125 0.5714366546874999 0.515730603125 0.5303562984375 0.5171875 0.503799303125 0.5171875 0.5021454640624999 0.5072893578125 0.447483871875 0.511384084375 0.3917827671875 0.5080287640625001 0.386630809375 0.49644534062499995 0.386630809375 0.4916247421875 0.39085272656250003 0.49216903125 0.449113284375 0.4815782265625 0.48938900625 0.481286865625 0.49410855 0.481286865625 0.5381314500000001 0.48634131406250003 0.5742830921875
1 0.4734375 0.5099152484375 0.4734375 0.4408707953125 0.470862659375 0.42665805937499995 0.4734375 0.3990864328125 0.4734375 0.38675674843749996 0.4729936453125 0.38590939999999996 0.46325203125 0.38590939999999996 0.4623449734375 0.38595164843749996 0.45878971562500004 0.3893500671875 0.45650900781250003 0.4328685859375 0.44960275312500003 0.45555191562499997 0.44960275312500003 0.540625 0.46470277656250003 0.540625 0.46778931874999996 0.534870103125 0.4734375 0.5099152484375
1 0.4296875 0.5117476859375001 0.4330729171875 0.516840278125 0.44166666718750003 0.517303240625 0.4458333328125 0.5135995375 0.44895833281249997 0.5006365734375 0.453125 0.4469328703125 0.4458333328125 0.41822916718750003 0.44635416718750004 0.3913773140625 0.44453125 0.3872106484375 0.4361979171875 0.38628472187499996 0.43333333281249997 0.3904513890625 0.4328125 0.4154513890625 0.4296875 0.42878472187499994 0.4296875 0.5117476859375001
1 0.5901041671875 0.4561921296875 0.5796875 0.498784721875 0.5791666671875 0.5247106484375 0.58125 0.5460069437499999 0.5885416671875 0.580266203125 0.5934895828125 0.58350694375 0.6036458328125 0.58304398125 0.6088541671875001 0.5765625 0.6151041671875 0.54508101875 0.6166666671875001 0.5006365734375 0.6135416671875 0.479340278125 0.6057291671875 0.454340278125 0.6078125 0.38767361093749997 0.5934895828125 0.38535879687499996 0.5885416671875 0.3904513890625 0.5901041671875 0.4561921296875
1 0.6276041671875 0.44045138906250003 0.6239583328125 0.44878472187499996 0.61875 0.479340278125 0.61875 0.4997106484375 0.625 0.5404513890625 0.62890625 0.5492476859375001 0.6375 0.5506365734374999 0.64296875 0.5473958328124999 0.6458333328125001 0.5395254625 0.6515625 0.498784721875 0.65 0.46915509218749996 0.6427083328125001 0.435821759375 0.6442708328125001 0.38952546250000003 0.63984375 0.3844328703125 0.6276041671875 0.3867476859375 0.6276041671875 0.44045138906250003
1 0.6536458328125001 0.5117476859375001 0.65859375 0.5214699078125 0.6661458328125001 0.52100694375 0.671875 0.5117476859375001 0.6755208328125001 0.49230324062499997 0.6765625 0.45804398125 0.6682291671874999 0.42008101875000003 0.6682291671874999 0.385821759375 0.6580729171874999 0.3844328703125 0.6552083328125 0.3904513890625 0.6552083328125 0.42100694375 0.6489583328125 0.4469328703125 0.6484375 0.45711805625 0.6536458328125001 0.5117476859375001
2 1 0.1975738953125 0.96328125 0.1992476859375 0.87109375 0.1936921296875 0.86484375 0.19832175937500002 0.8127604171874999 0.2001736109375 0.4296875 0.20808406875 0.4296875 0.38410607343750003 0.43776041718750003 0.3807291671875 0.47421875 0.3807291671875 0.48046875 0.38350694375 0.5018229171875 0.379803240625 0.52578125 0.38258101875 0.5513020828124999 0.379803240625 0.5778645828125 0.3844328703125 0.5877604171875 0.379803240625 0.6247395828125 0.38258101875 0.6356770828125 0.37795138906250003 0.68203125 0.3816550921875 0.94609375 0.3788773140625 0.9658854171875 0.3686921296875 0.9697916671875 0.37100694375 0.971875 0.385821759375 0.9776041671875 0.3932291671875 0.9796875 0.4006365734375 1 0.43158895468749997 1 0.1975738953125
1 0.2587789390625 0.6390625 0.258339165625 0.6437064015625 0.2547152109375 0.8215084390625 0.25110899375 0.8790371359375 0.242298090625 0.9664137875 0.23684189375 1 0.3556157828125 1 0.3604949328125 0.962759028125 0.3874145765625 0.8218040796875 0.40696903593749995 0.7450291140624999 0.424129434375 0.6563384078125 0.4262003484375 0.6390625 0.2587789390625 0.6390625
2 1 0.7478101359375 0.7211537765625 0.7478101359375 0.7066815515625 0.7483449265625 0.6981282109375 0.7501841953125 0.6958989953125 0.767688609375 0.697515496875 0.8232441640625 0.6993753406250001 0.8296875 0.7885782015625 0.8296875 1 0.8206321843750001 1 0.7478101359375