1 0.5119791671875 0.6745370375 0.5161458328124999 0.64398148125 0.5161458328124999 0.6263888890625 0.51328125 0.622222221875 0.5018229171875 0.621296296875 0.4955729171875 0.622222221875 0.4927083328125 0.6263888890625 0.4947916671875 0.691203703125 0.4916666671875 0.7208333328125 0.48125 0.7671296296875 0.48125 0.7921296296875 0.48229166718750005 0.8106481484374999 0.49114583281249996 0.858796296875 0.49817708281249995 0.865740740625 0.5072916671875001 0.8652777781250001 0.5145833328125 0.8578703703125001 0.51875 0.8412037031249999 0.5244791671875 0.8050925921875001 0.5260416671875 0.7810185187500001 0.521875 0.7402777781250001 0.5171875 0.733796296875 0.5125 0.7078703703125 0.5119791671875 0.6745370375
1 0.4484375 0.6263888890625 0.45 0.684722221875 0.4401041671875 0.7245370375 0.43854166718750004 0.7597222218749999 0.44635416718750004 0.809722221875 0.45130208281249995 0.8166666671874999 0.4614583328125 0.8171296296874999 0.46770833281249996 0.8078703703125001 0.475 0.7671296296875 0.4760416671875 0.7393518515624999 0.46510416718750003 0.683796296875 0.4682291671875 0.628240740625 0.4643229171875 0.622222221875 0.45338541718750003 0.622222221875 0.4484375 0.6263888890625
1 0.42942708281249997 0.622222221875 0.41901041718750004 0.622222221875 0.415625 0.6254629625 0.415625 0.66898148125 0.4078125 0.6995370375000001 0.40625 0.7384259265625001 0.41302083281249996 0.7763888890625 0.41796875 0.7814814812499999 0.425 0.7810185187500001 0.4283854171875 0.7796296296875 0.4322916671875 0.771759259375 0.4375 0.7421296296875 0.4390625 0.7180555562500001 0.4369791671875 0.6949074078125 0.4296875 0.6634259265625 0.43125 0.6254629625 0.42942708281249997 0.622222221875
1 0.3895833328125 0.6263888890625 0.3890625 0.6513888890625 0.38125 0.684722221875 0.3802083328125 0.708796296875 0.3859375 0.7476851859375 0.3893229171875 0.752777778125 0.39791666718749996 0.753240740625 0.40208333281249997 0.7495370375 0.40520833281249996 0.7365740734374999 0.409375 0.6828703703125 0.40208333281249997 0.6541666671875 0.40260416718750003 0.6273148140625 0.40078125 0.6231481484375 0.3924479171875 0.622222221875 0.3895833328125 0.6263888890625
1 0.5447916671875 0.6263888890625 0.5463541671875001 0.6921296296875 0.5359375 0.734722221875 0.5354166671875 0.7606481484375001 0.5375 0.7819444437499999 0.5447916671875 0.816203703125 0.5497395828125 0.8194444437499999 0.5598958328125 0.81898148125 0.5651041671875 0.8125 0.5713541671875 0.7810185187500001 0.5729166671875 0.7365740734374999 0.5697916671875001 0.715277778125 0.5619791671875001 0.690277778125 0.5640625 0.6236111109375 0.5497395828125 0.621296296875 0.5447916671875 0.6263888890625
1 0.5838541671875 0.6226851859375 0.5838541671875 0.6763888890625 0.5802083328125 0.684722221875 0.575 0.715277778125 0.575 0.7356481484375 0.58125 0.7763888890625 0.58515625 0.7851851859375001 0.59375 0.7865740734375 0.59921875 0.7833333328125 0.6020833328124999 0.7754629625 0.6078125 0.734722221875 0.60625 0.7050925921875 0.5989583328125 0.671759259375 0.6005208328125 0.6254629625 0.59609375 0.6203703703125 0.5838541671875 0.6226851859375
1 0.6114583328125 0.6569444437499999 0.6052083328125 0.6828703703125 0.6046875 0.69305555625 0.6098958328124999 0.7476851859375 0.61484375 0.7574074078125 0.6223958328125 0.7569444437499999 0.628125 0.7476851859375 0.6317708328125 0.728240740625 0.6328125 0.69398148125 0.6244791671875001 0.6560185187500001 0.6244791671875001 0.621759259375 0.6143229171875 0.6203703703125 0.6114583328125 0.6263888890625 0.6114583328125 0.6569444437499999
1 0.06328125 0.665740740625 0.0421875 0.69305555625 0.0348958328125 0.7189814812499999 0.0322916671875 0.7421296296875 0.0348958328125 0.7708333328125 0.0416666671875 0.7995370375 0.0450520828125 0.803703703125 0.0557291671875 0.803240740625 0.06484375 0.8 0.0692708328125 0.791203703125 0.075 0.7671296296875 0.078125 0.7402777781250001 0.078125 0.7226851859375001 0.075 0.7041666671875 0.0671875 0.671759259375 0.06328125 0.665740740625
1 0.0723958328125 0.6356481484375001 0.0671875 0.6699074078125 0.078125 0.7226851859375001 0.075 0.7671296296875 0.08072916718749999 0.76805555625 0.08645833281250001 0.7625 0.0947916671875 0.7263888890625 0.09427083281250001 0.6958333328124999 0.0869791671875 0.6560185187500001 0.0869791671875 0.6273148140625 0.08359375 0.6231481484375 0.0778645828125 0.6259259265625 0.0723958328125 0.6356481484375001
1 0.08645833281250001 0.6504629625 0.09427083281250001 0.696759259375 0.0947916671875 0.7263888890625 0.0921875 0.7393518515624999 0.0984375 0.7402777781250001 0.10260416718750001 0.73101851875 0.1078125 0.70601851875 0.1088541671875 0.6745370375 0.1 0.640277778125 0.09895833281250001 0.621759259375 0.0934895828125 0.621296296875 0.0869791671875 0.6263888890625 0.08645833281250001 0.6504629625
1 0.14791666718750002 0.6245370375 0.1484375 0.6560185187500001 0.1385416671875 0.690277778125 0.1354166671875 0.715277778125 0.1359375 0.73101851875 0.1427083328125 0.7671296296875 0.14609375 0.772222221875 0.1546875 0.771759259375 0.1583333328125 0.76805555625 0.1614583328125 0.75601851875 0.17135416718750002 0.6949074078125 0.17135416718750002 0.6856481484375 0.1651041671875 0.6587962968750001 0.16458333281249998 0.6254629625 0.1622395828125 0.622222221875 0.14791666718750002 0.6245370375
2 1 0.51805555625 0.99375 0.503240740625 0.99375 0.49583333281249997 0.9880208328125001 0.48564814843750004 0.9817708328125001 0.44768518593750006 0.9768229171874999 0.440740740625 0.96015625 0.43333333281249997 0.91953125 0.43518518593750005 0.82734375 0.4296296296875 0.82109375 0.434259259375 0.7690104171875001 0.4361111109375 0.27578125 0.44629629687500005 0.16067708281249998 0.44444444375 0.13359375 0.4481481484375 0.0315104171875 0.44907407343749994 0.02421875 0.45277777812500003 0.02109375 0.459259259375 0.0098958328125 0.46805555625000006 0.0135416671875 0.4754629625 0.0083333328125 0.48194444374999995 0.0083333328125 0.48842592656250006 0.0041666671875 0.49490740781250003 0.0078125 0.5023148140625 0 0.5097222218749999 0.0002604171875 0.7138888890625 0.009114582812499999 0.7120370375 0.010416667187500001 0.7041666671875 0.0171875 0.6976851859375001 0.015625 0.690277778125 0.0192708328125 0.6791666671875001 0.0375 0.6523148140624999 0.0427083328125 0.6347222218749999 0.0466145828125 0.6333333328124999 0.056510417187499995 0.6111111109375 0.06119791718749999 0.6083333328125 0.07682291718749999 0.61851851875 0.1002604171875 0.6166666671875001 0.1408854171875 0.621296296875 0.15078125 0.6166666671875001 0.1768229171875 0.6203703703125 0.18046875 0.6175925921875 0.38515625 0.6203703703125 0.39401041718749996 0.6166666671875001 0.43046875 0.6166666671875001 0.43671875 0.61944444375 0.45807291718750004 0.615740740625 0.48203125 0.61851851875 0.5075520828125 0.615740740625 0.5341145828125 0.6203703703125 0.5440104171875 0.615740740625 0.5809895828125 0.61851851875 0.5919270828125 0.6138888890625 0.63828125 0.6175925921875 0.90234375 0.6148148140624999 0.9221354171874999 0.6046296296875 0.9260416671874999 0.60694444375 0.928125 0.621759259375 0.9338541671874999 0.6291666671875 0.9359375 0.6365740734374999 0.9578125 0.6699074078125 0.959375 0.690277778125 0.9622395828125001 0.6953703703125 0.9794270828125 0.7129629625 1 0.7162037031249999 1 0.51805555625