2 0.4 0.346042671875 0.1613100078125 0.365662903125 0 0.38322586406250003 0 0.47413359687499995 0.20936375 0.44726288125 0.243512378125 0.4498110125 0.29524465625 0.44113321250000004 0.4 0.4344123203125 0.4 0.346042671875
1 0.2722530859375 0.135924953125 0.26046160937499996 0.1405008484375 0.2542991953125 0.158066571875 0.2558483875 0.24823522343749999 0.2453125 0.286767075 0.2453125 0.33125 0.290798009375 0.33125 0.29111255156250004 0.3302863125 0.28781238125 0.29570049374999996 0.27618513437500003 0.246137009375 0.2824484375 0.1556955375 0.280274390625 0.146055159375 0.2722530859375 0.135924953125
1 0.353738571875 0.2685021140625 0.34180391875 0.22019679218750002 0.342804171875 0.14113922968749998 0.3408535390625 0.132769528125 0.3330111890625 0.12356900468750001 0.320575878125 0.12466695312500001 0.315625 0.13847450156250002 0.315625 0.14195831718750002 0.322790175 0.2308533109375 0.315625 0.2678704421875 0.315625 0.334770284375 0.346388434375 0.3359375 0.353738571875 0.3359375 0.353738571875 0.2685021140625
1 0.7234384109375 0 0.725469246875 0.029834340625 0.7232731734375 0.06462491406250001 0.7109375 0.104915346875 0.7109375 0.1984375 0.750785690625 0.1984375 0.7529399140624999 0.1962713609375 0.7569359078125 0.1364124375 0.7451481734375001 0.0627110984375 0.7505613 0 0.7234384109375 0
1 0.660832365625 0 0.662987865625 0.07511053281249999 0.6484375 0.133361928125 0.6484375 0.19955214999999998 0.6495226031250001 0.2 0.6948236015625 0.2 0.6963407359375 0.1995636515625 0.6992084484375 0.19182927656249998 0.69859143125 0.1377171734375 0.684057371875 0.0757628125 0.690029759375 0.00198800625 0.6898204671875 0 0.660832365625 0
1 0.45219549062500003 0 0.45788586249999996 0.050892095312499996 0.45885120312499994 0.0883739109375 0.446875 0.163017828125 0.446875 0.1937062046875 0.4521622625 0.196875 0.4834221328125 0.196875 0.494608390625 0.1965030625 0.494608390625 0.139983409375 0.48137807656250003 0.0861234640625 0.48185583281250005 0.012603273437500001 0.480000740625 0 0.45219549062500003 0
1 0.4 0 0.4 0.1984375 0.4173997140625 0.1984375 0.41873017656249995 0.19755947812500002 0.41873017656249995 0.12917663906250001 0.40473093281250005 0.0704766 0.4077428546875 0 0.4 0
2 0.4 0.295824915625 0.463671875 0.2951388890625 0.709765625 0.30069444375 0.745703125 0.2951388890625 0.765234375 0.30069444375 0.834375 0.3013888890625 0.912890625 0.30069444375 0.9140625 0.20833333281250002 0.902734375 0.20208333281250002 0.4 0.198663371875 0.4 0.295824915625
1 0.15746538906250002 0.6057937453125 0.1546875 0.6154558015625 0.1546875 0.6703125 0.1632313546875 0.6703125 0.168992259375 0.6476873453125 0.1696713734375 0.6310206765624999 0.1644400453125 0.606567478125 0.16408876875 0.5865311171875 0.1573632546875 0.5891954296875 0.15746538906250002 0.6057937453125
1 0.2784443640625 0.5912374515625001 0.2734375 0.6174705578124999 0.2734375 0.647043090625 0.27675381250000003 0.665625 0.28502735 0.665625 0.29085286093749996 0.640773659375 0.2911195359375 0.62549588125 0.283583096875 0.5875878984375 0.2784443640625 0.5912374515625001
1 0.2694294578125 0.6719452953125 0.2709198609375 0.6633329984375 0.2709198609375 0.6315923578125 0.2627167359375 0.5864649859375 0.25625 0.5906785296875 0.25625 0.59862013125 0.257014096875 0.6064493125 0.25625 0.6108646453125 0.25625 0.663071328125 0.2612174265625 0.6734375 0.265013025 0.6734375 0.2694294578125 0.6719452953125
1 0.241856759375 0.6148968125 0.242056128125 0.5898513109375 0.23767843593750002 0.586629353125 0.23264880156249998 0.589008453125 0.23619404843749997 0.6068819984375 0.2317974890625 0.6196550140625 0.23449683437500002 0.634796284375 0.2296875 0.6453466640625 0.2296875 0.66290670625 0.234491425 0.6681751203124999 0.23585128281249998 0.678125 0.2440721234375 0.678125 0.24666281093750003 0.66470283125 0.24666281093750003 0.6324829671875 0.241856759375 0.6148968125
1 0.2078125 0.6130208328125 0.2140625 0.6269097218749999 0.2109375 0.6657986109375 0.2078125 0.6671875 0.206640625 0.6470486109375 0.2046875 0.6630208328125 0.20703125 0.682465278125 0.21171875 0.6894097218749999 0.2203125 0.6866319437499999 0.225 0.6588541671875 0.218359375 0.5873263890625 0.20703125 0.5907986109375 0.2078125 0.6130208328125
1 0.19765625 0.639409721875 0.190625 0.6088541671875001 0.191015625 0.5859375 0.18125 0.589409721875 0.1828125 0.6130208328125 0.1765625 0.6407986109375 0.18046875 0.6755208328125 0.1859375 0.682465278125 0.19296875 0.6782986109375 0.19765625 0.6532986109375 0.19765625 0.639409721875
1 0.13984375 0.6630208328125 0.14453125 0.6407986109375 0.14375 0.619965278125 0.136328125 0.5859375 0.13125 0.5880208328125 0.125 0.6269097218749999 0.12578125 0.644965278125 0.1328125 0.6657986109375 0.13984375 0.6630208328125
0 0.54958576875 0.662342171875 0.5436297828125001 0.6365684375 0.530495540625 0.624570128125 0.515651790625 0.6258687890625 0.5044313265625 0.6337701390625 0.5 0.646163671875 0.5 0.687122559375 0.5208610171875 0.6890741734375 0.533819721875 0.7140625 0.538622653125 0.7140625 0.540517175 0.7129573265625 0.54957471875 0.6817182671875 0.54958576875 0.662342171875