1 0.6640625 0.4393518515625 0.6588541671875 0.45416666718750004 0.6552083328125 0.48194444374999995 0.6614583328125 0.5208333328125 0.6653645828125 0.525 0.6713541671875001 0.5245370375 0.6755208328125 0.5199074078125 0.6776041671875 0.5097222218749999 0.6796875 0.46898148125 0.6713541671875001 0.4393518515625 0.6713541671875001 0.4263888890625 0.66640625 0.4240740734375 0.6630208328125 0.4263888890625 0.6640625 0.4393518515625
1 0.628125 0.4495370375 0.6208333328125 0.48194444374999995 0.6208333328125 0.5023148140625 0.6265625 0.5319444437499999 0.63046875 0.5361111109375 0.6380208328125 0.5356481484375 0.6453125 0.5078703703125 0.6458333328125 0.48472222187499997 0.6385416671875 0.45046296249999995 0.6390625 0.428240740625 0.6361979171875001 0.4240740734375 0.6309895828125 0.4240740734375 0.6276041671875 0.4291666671875 0.628125 0.4495370375
1 0.5927083328125 0.4606481484375 0.5848958328125 0.5004629625 0.5859375 0.5171296296875 0.590625 0.5310185187500001 0.5921875 0.5449074078125 0.5984375 0.5476851859375 0.6041666671875 0.5449074078125 0.6104166671875 0.5115740734374999 0.6088541671875001 0.48842592656250006 0.6026041671875 0.459722221875 0.6041666671875 0.4254629625 0.60078125 0.4240740734375 0.5911458328125 0.4263888890625 0.5927083328125 0.4606481484375
1 0.6177083328124999 0.49490740781250003 0.6182291671875 0.478240740625 0.609375 0.42731481406249994 0.6044270828125 0.425 0.6026041671875 0.4263888890625 0.6020833328124999 0.45416666718750004 0.6119791671875 0.515277778125 0.6177083328124999 0.49490740781250003
1 0.5739583328125 0.5023148140625 0.5739583328125 0.5300925921874999 0.5770833328125 0.5337962968750001 0.5828125 0.5106481484375001 0.5838541671875 0.48564814843750004 0.5760416671875 0.4486111109375 0.5760416671875 0.4263888890625 0.57265625 0.4240740734375 0.5703125 0.4263888890625 0.5671875 0.471759259375 0.5739583328125 0.5023148140625
1 0.5583333328125 0.4671296296875 0.55 0.5023148140625 0.5505208328125 0.5300925921874999 0.5541666671875001 0.5495370375 0.55703125 0.5574074078125 0.5619791671875001 0.558796296875 0.5692708328125 0.55601851875 0.5739583328125 0.5300925921874999 0.5734375 0.5023148140625 0.5666666671875 0.466203703125 0.5697916671875001 0.4384259265625 0.5690104171875 0.425 0.55625 0.4263888890625 0.5583333328125 0.4671296296875
1 0.5479166671875 0.4263888890625 0.5440104171875 0.425 0.5395833328124999 0.44490740781250004 0.5390625 0.459722221875 0.5494791671875 0.5041666671875 0.5567708328125 0.4671296296875 0.5479166671875 0.4263888890625
1 0.5307291671875001 0.4606481484375 0.5229166671875001 0.48842592656250006 0.5223958328125 0.5143518515625 0.5239583328124999 0.5236111109375 0.528125 0.5300925921874999 0.5296875 0.54398148125 0.53203125 0.547222221875 0.5385416671875001 0.546759259375 0.54375 0.5393518515625 0.5473958328124999 0.5171296296875 0.546875 0.48842592656250006 0.5401041671875 0.46157407343749995 0.5427083328125 0.4263888890625 0.5299479171875 0.4240740734375 0.5286458328125 0.43379629687500004 0.5307291671875001 0.4606481484375
1 0.5036458328125 0.44768518593750006 0.49635416718750003 0.4773148140625 0.4953125 0.5023148140625 0.5005208328124999 0.5310185187500001 0.5049479171875 0.5361111109375 0.5114583328125 0.5356481484375 0.5145833328125 0.5319444437499999 0.5192708328125 0.5115740734374999 0.5208333328125 0.4875 0.5125 0.4495370375 0.5135416671875 0.4254629625 0.50546875 0.42314814843750004 0.5026041671875 0.4254629625 0.5036458328125 0.44768518593750006
1 0.478125 0.440277778125 0.47239583281249997 0.4606481484375 0.47083333281249995 0.48379629687500003 0.4760416671875 0.5199074078125 0.4799479171875 0.5240740734375 0.4869791671875 0.5236111109375 0.490625 0.51898148125 0.49427083281249995 0.5023148140625 0.4953125 0.4699074078125 0.48802083281249997 0.4393518515625 0.48802083281249997 0.4254629625 0.48203125 0.42222222187499997 0.478125 0.4254629625 0.478125 0.440277778125
0 0.5481770828125 0.7138888890625 0.5403645828125 0.7185185187500001 0.5317708328124999 0.73101851875 0.5265625 0.7523148140625 0.5265625 0.76805555625 0.53125 0.790277778125 0.5419270828125 0.809259259375 0.5578125 0.8134259265624999 0.56484375 0.8083333328125001 0.5755208328125 0.7893518515625 0.5802083328125 0.7699074078125 0.5802083328125 0.753240740625 0.5755208328125 0.733796296875 0.56796875 0.7203703703125 0.55703125 0.7138888890625 0.5481770828125 0.7138888890625