1 0.234718425 0.0703151765625 0.22998380625 0.058480076562500004 0.20029630625 0.058307359375 0.19375 0.0797811359375 0.19375 0.1810793234375 0.19816090625 0.20625 0.2212847328125 0.20625 0.231687484375 0.17448184375 0.2373852984375 0.1397868921875 0.23843602343749998 0.10367578125000002 0.234718425 0.0703151765625
2 0.3796875 0 0 0 0 0.0321807546875 0.232561175 0.04375 0.3796875 0.04375 0.3796875 0
1 0.3796875 0.3232090640625 0.39375 0.37847222187499996 0.3984375 0.44236111093749997 0.40546875 0.446527778125 0.419140625 0.44444444375 0.42578125 0.43125 0.4328125 0.38125 0.43359375 0.3423611109375 0.428125 0.303472221875 0.4109375 0.25069444375 0.409375 0.1451388890625 0.401953125 0.127777778125 0.390234375 0.125 0.383203125 0.13055555624999998 0.3796875 0.140651709375 0.3796875 0.16273148125 0.3875 0.25069444375 0.3796875 0.3138257578125 0.3796875 0.3232090640625
1 0.664453125 0.08055555625000001 0.650390625 0.07638888906249999 0.640625 0.09375 0.6453125 0.1895833328125 0.6328125 0.25069444375 0.635546875 0.259722221875 0.648828125 0.2666666671875 0.6640625 0.290972221875 0.671484375 0.290277778125 0.6828125 0.27430555624999997 0.6828125 0.2576388890625 0.66640625 0.1826388890625 0.66875 0.09375 0.664453125 0.08055555625000001
1 0.558203125 0.097222221875 0.545703125 0.0958333328125 0.53671875 0.11180555625 0.5390625 0.21180555625 0.528125 0.25625 0.5265625 0.2826388890625 0.544921875 0.322222221875 0.565625 0.33680555624999997 0.5765625 0.28958333281250004 0.5765625 0.2770833328125 0.5609375 0.19513888906250001 0.56484375 0.115972221875 0.558203125 0.097222221875
0 0.648828125 0.26805555625 0.625390625 0.25555555625 0.587890625 0.272222221875 0.57109375 0.31180555625 0.56796875 0.37152777812500004 0.57421875 0.40069444374999996 0.590234375 0.4388888890625 0.61171875 0.4479166671875 0.633984375 0.4458333328125 0.652734375 0.4263888890625 0.66640625 0.40069444374999996 0.675 0.36319444375 0.675 0.33125 0.6640625 0.2923611109375 0.648828125 0.26805555625
1 0.5903841171875 0.809375 0.5939998265625 0.8572600140625 0.5927470359375 0.9003155703125 0.5895412125 0.9030751671875 0.5874533515625 0.9211216328124999 0.578125 0.9511302484374999 0.578125 1 0.639742759375 1 0.639042671875 0.9742084828124999 0.6263946125000001 0.9255155578125001 0.6232561984375 0.8991039437499999 0.6232293765625 0.8463170765625 0.6281351171875 0.809375 0.5903841171875 0.809375
1 0.68359585 0.809375 0.685134290625 0.8397589359375001 0.6703125 0.9045284812500001 0.6703125 0.9885839375 0.6724373109374999 1 0.7247878203125 1 0.7254105015625 0.99624976875 0.7254105015625 0.907472234375 0.7102635968750001 0.8467705750000001 0.7112137359374999 0.809375 0.68359585 0.809375
1 0.744098771875 0.809375 0.7265625 0.8821180562500001 0.7265625 0.9210069437499999 0.73359375 0.9696180562500001 0.739453125 0.9911458328125 0.74765625 0.99461805625 0.760546875 0.9939236109374999 0.7671875 0.9876736109375 0.78046875 0.9182291671874999 0.778125 0.854340278125 0.768991428125 0.809375 0.744098771875 0.809375
1 0.78547265625 0.809375 0.778125 0.8390625 0.7859375 0.93350694375 0.7921875 0.941840278125 0.805859375 0.942534721875 0.81171875 0.9348958328125001 0.8265625 0.8682291671875 0.825 0.823784721875 0.8222981765625 0.809375 0.78547265625 0.809375
1 0.5186925546875 0.809375 0.5203125 0.8501736109375001 0.50703125 0.90850694375 0.50390625 0.9473958328125001 0.5046875 0.9723958328125001 0.50939275625 1 0.56120805625 1 0.56640625 0.9668402781250001 0.56484375 0.9223958328125 0.5453125 0.8376736109375 0.5464179140625001 0.809375 0.5186925546875 0.809375
1 0.46339285781250006 0.809375 0.4515625 0.873784721875 0.45078125 0.9265625 0.46484375 0.9890625 0.47578125 0.9973958328125001 0.488671875 0.9953125 0.4953125 0.9835069437499999 0.503125 0.9348958328125001 0.50390625 0.8848958328125001 0.50078125 0.8612847218749999 0.48653772812499996 0.809375 0.46339285781250006 0.809375
1 0.41218470937500007 0.809375 0.40859375 0.8265625 0.4078125 0.873784721875 0.41015625 0.8973958328125 0.41875 0.93211805625 0.42734375 0.9460069437499999 0.442578125 0.9453125 0.44921875 0.93350694375 0.4546875 0.8404513890624999 0.44691840312500003 0.809375 0.41218470937500007 0.809375
1 0.5469760234375001 0.809375 0.54609375 0.83211805625 0.5671875 0.93211805625 0.57890625 0.8848958328125001 0.57890625 0.8446180562500001 0.5710591640625 0.809375 0.5469760234375001 0.809375
1 0.6606166296875 0.809375 0.65546875 0.8307291671874999 0.653125 0.854340278125 0.65390625 0.8835069437499999 0.66171875 0.9210069437499999 0.678125 0.8598958328125 0.68203125 0.83350694375 0.68154645625 0.809375 0.6606166296875 0.809375
1 0.5875 0.9223958328125 0.590625 0.929340278125 0.5984375 0.8904513890624999 0.599609375 0.83975694375 0.5953125 0.8418402781250001 0.5875 0.8779513890624999 0.5875 0.9223958328125
1 0.6375 0.9376736109374999 0.6421875 0.9223958328125 0.64296875 0.8876736109375001 0.63828125 0.8557291671874999 0.630078125 0.8272569437499999 0.62578125 0.8446180562500001 0.62734375 0.89600694375 0.6375 0.9376736109374999