1 0.4079733984375 0.24205007968749997 0.40154538906250004 0.239709346875 0.39383178750000003 0.24792185 0.3927340921875 0.2675301875 0.3997554828125 0.3158681484375 0.40113685937500004 0.31875 0.4109375 0.31875 0.4109375 0.2496366515625 0.4079733984375 0.24205007968749997
1 0.35178074375 0.2318359390625 0.3462171734375 0.245030384375 0.35599413593749996 0.2978081609375 0.35539587968749997 0.3171875 0.3640625 0.3171875 0.3640625 0.2373651578125 0.36115574375000004 0.2318359390625 0.35178074375 0.2318359390625
0 0 0.8966320218749999 0.005479790625 0.9061986093750001 0.0207356078125 0.9279186578124999 0.0368352953125 0.9342334593749999 0.0453202546875 0.9196890062499999 0.053192090625 0.9200686296875 0.057543360937499996 0.9267399218750001 0.0575565515625 0.935109675 0.059613678125 0.9359375 0.06440741562499999 0.9359375 0.06583055 0.9336010265624999 0.06610744375 0.9256760249999999 0.06969394062499999 0.9244951578125 0.0772559046875 0.911875396875 0.0840267390625 0.911401934375 0.08902410937500001 0.9240735359375 0.0931907765625 0.923782175 0.102480059375 0.9054611765625001 0.11300220624999999 0.8982148703124999 0.1178940734375 0.8806664078124999 0.12367597968749999 0.8770068359375 0.125 0.8732811359374999 0.125 0.742034125 0.1158436 0.7180466484375 0.1102133203125 0.7077444921875 0.092181925 0.6876136421875 0.07273464375000001 0.6758202328125 0.035791882812499995 0.6758202328125 0.018731232812500002 0.684379140625 0 0.7073916328125 0 0.8966320218749999
1 0.8594382421875 0.5536562296875001 0.8581328265625 0.49654789375 0.8560427328125 0.4921875 0.850660728125 0.4921875 0.8410244375 0.49286133437499996 0.8400058546875 0.50758124375 0.846245996875 0.5559738328125 0.8396301218750001 0.5996849531249999 0.8424584656249999 0.6315747671875 0.8540558718749999 0.671875 0.85443809375 0.671875 0.865625 0.6705511484375 0.865625 0.5724219859375 0.8594382421875 0.5536562296875001
1 0.8036129484375 0.6859375 0.8075918140624999 0.6859375 0.815625 0.6601120218750001 0.815625 0.6014772046875001 0.8080532140625 0.5645179140625001 0.811509509375 0.50759165 0.8072732359374999 0.49714998593750004 0.7994768953125 0.4943267546875 0.792759509375 0.5074825656249999 0.79634254375 0.563060846875 0.787522546875 0.6018997390624999 0.785009109375 0.6310527703125001 0.79407705625 0.6838850890625 0.8036129484375 0.6859375
1 0.5979456359374999 0.6703125 0.6046875 0.6703125 0.6046875 0.556997515625 0.6045147328125 0.5563808390625 0.6022101484375 0.4994363953125 0.5998602140625 0.49457528437500003 0.5911530890625001 0.4931863953125 0.5834601484374999 0.4994363953125 0.5904522328125 0.5563808390625 0.5847052015624999 0.600825284375 0.58697268125 0.6286030625000001 0.5979456359374999 0.6703125
1 0.634375 0.5984392046875 0.6314469234375 0.563082990625 0.634375 0.5367810468750001 0.634375 0.499160346875 0.6340099046875001 0.498397296875 0.627075775 0.49663991718750006 0.619706746875 0.5067085609374999 0.6176800703125 0.5693313906249999 0.6118171203125 0.5869787515625 0.6118171203125 0.68125 0.62455400625 0.68125 0.63382495625 0.65242225625 0.634375 0.6468208015625001 0.634375 0.5984392046875
1 0.725157603125 0.507633925 0.7185372734375 0.496875 0.711431146875 0.496875 0.70629441875 0.5055109124999999 0.71179631875 0.5637351171875 0.70373400625 0.6154786703124999 0.7064055078125 0.64375 0.706753303125 0.64375 0.7179324640625 0.6087239562500001 0.7265625 0.601854834375 0.7265625 0.57146819375 0.72429631875 0.5632986078125001 0.725157603125 0.507633925
1 0.74375 0.51805555625 0.746875 0.575 0.7421875 0.5986111109375 0.7546875 0.6166666671875 0.76171875 0.6375 0.7625 0.6666666671874999 0.75625 0.6875 0.758203125 0.69375 0.76171875 0.69305555625 0.771875 0.6458333328125001 0.7703125 0.61944444375 0.759375 0.5694444437499999 0.76640625 0.5166666671875 0.762109375 0.5048611109375 0.752734375 0.503472221875 0.747265625 0.5076388890625 0.74375 0.51805555625
1 0.7703125 0.6180555562500001 0.77109375 0.64444444375 0.775 0.647222221875 0.7796875 0.6319444437499999 0.78046875 0.6083333328125 0.76875 0.5555555562500001 0.771875 0.497222221875 0.755859375 0.49513888906250003 0.75390625 0.5013888890625 0.762890625 0.50625 0.76640625 0.51805555625 0.759375 0.5583333328125001 0.759375 0.575 0.7703125 0.6180555562500001
0 0.70234375 0.6708333328125 0.70390625 0.68194444375 0.718359375 0.703472221875 0.727734375 0.7118055562500001 0.73671875 0.7111111109375 0.745703125 0.7048611109375 0.75859375 0.6833333328125001 0.76328125 0.647222221875 0.75859375 0.625 0.745703125 0.6034722218749999 0.726953125 0.59930555625 0.716015625 0.60625 0.70859375 0.61944444375 0.70234375 0.647222221875 0.70234375 0.6708333328125