2 0.75 0.6 0.75 0.5900991999999999 0.21565573750000003 0.550151 0.1730430046875 0.5415907765625 0.16253073906249998 0.5464361359375001 0.1414369890625 0.5449611187500001 0.13759995625000002 0.55585370625 0.133268471875 0.5499703703125001 0.1296094484375 0.5580851828125 0.12614821874999999 0.5508675875 0.122619003125 0.57246363125 0.122619003125 0.599016640625 0.1252087125 0.596143053125 0.12898642031250002 0.5678074046875 0.132862990625 0.5869125015625001 0.129203965625 0.595027315625 0.1331146046875 0.6 0.75 0.6
1 0.9859645499999999 0.4067985328125 0.989801125 0.391429828125 0.996875 0.3542006875 0.996875 0.26926560624999996 0.9893631171875 0.23332381406249997 0.9898756390625 0.20556877031249998 0.972459234375 0.20260801874999998 0.9690506171875001 0.23391484999999998 0.9529522421875001 0.28992050625 0.9529522421875001 0.3820612578125 0.95627705 0.407662353125 0.95944090625 0.4125 0.9807054015624999 0.4125 0.9859645499999999 0.4067985328125
1 0.9086715218749999 0.43125 0.9096399249999999 0.4301754421875 0.9219520578125 0.384997671875 0.9234375 0.36868115156250003 0.9234375 0.30400239375 0.9158999218750001 0.259014328125 0.9192820765625 0.2062365484375 0.8987124578125 0.202705509375 0.89566656875 0.207375415625 0.8941139265625001 0.2560957875 0.8823507093749999 0.29614706874999996 0.8823507093749999 0.40276327187499994 0.8877946046874999 0.409813846875 0.896823315625 0.43125 0.9086715218749999 0.43125
1 0.75 0.45079365156250006 0.753125 0.46666666718750005 0.758203125 0.47569444375 0.76875 0.4763888890625 0.778515625 0.47430555625000004 0.7828125 0.46666666718750005 0.79453125 0.3986111109375 0.7921875 0.3458333328125 0.77734375 0.27638888906250003 0.77890625 0.2486111109375 0.784375 0.2388888890625 0.78671875 0.21111111093749999 0.78671875 0.20555555625 0.782421875 0.20208333281250002 0.753125 0.20555555625 0.75625 0.2916666671875 0.75 0.3180555546875 0.75 0.45079365156250006
1 0.75703125 0.26805555625 0.76015625 0.215277778125 0.778515625 0.20486111093749998 0.753125 0.20555555625 0.75703125 0.26805555625
1 0.77734375 0.24305555625 0.77734375 0.2513888890625 0.78046875 0.2541666671875 0.77734375 0.25833333281250004 0.77734375 0.28055555625 0.79140625 0.34027777812500004 0.79609375 0.40277777812500004 0.803125 0.365277778125 0.80390625 0.334722221875 0.796875 0.2888888890625 0.78671875 0.2513888890625 0.78828125 0.20555555625 0.783984375 0.20208333281250002 0.78046875 0.20555555625 0.78125 0.2236111109375 0.77734375 0.24305555625
1 0.82578125 0.20277777812500003 0.828125 0.275 0.8125 0.3458333328125 0.81484375 0.3986111109375 0.825 0.44305555625000004 0.837890625 0.41319444375 0.853515625 0.3951388890625 0.862109375 0.3923611109375 0.86484375 0.38055555625 0.8625 0.3333333328125 0.85 0.275 0.84921875 0.24583333281250003 0.85546875 0.20555555625 0.851953125 0.19930555625 0.82578125 0.20277777812500003
1 0.8671875 0.375 0.8734375 0.3416666671875 0.8734375 0.30694444375 0.85859375 0.23333333281250002 0.858203125 0.20208333281250002 0.8515625 0.2236111109375 0.84921875 0.2638888890625 0.86171875 0.325 0.8671875 0.375
0 0.852734375 0.396527778125 0.841015625 0.409027778125 0.82578125 0.44444444375 0.82265625 0.46388888906250003 0.82421875 0.50555555625 0.8296875 0.5263888890625 0.844140625 0.5520833328125 0.866796875 0.5673611109375 0.88203125 0.56805555625 0.901953125 0.546527778125 0.91328125 0.5236111109375 0.9203125 0.4916666671875 0.91953125 0.4583333328125 0.9125 0.43055555625 0.898046875 0.4048611109375 0.882421875 0.3923611109375 0.852734375 0.396527778125
1 0.2892848359375 0.6874209734375001 0.28316421406250003 0.6848250499999999 0.2746053 0.6927026265625 0.2713559125 0.712215265625 0.272998065625 0.760712715625 0.2736404359375 0.7625 0.2877675984375 0.7625 0.2921875 0.7177419406250001 0.2921875 0.6980187796874999 0.2892848359375 0.6874209734375001
1 0.26448650156250003 0.83817813125 0.2640625 0.8417420296875001 0.2640625 0.8763029546875 0.26768068437500003 0.904669340625 0.2711880953125 0.9109375 0.28777468125 0.9109375 0.29845601875 0.8775239953125 0.3015625 0.8486742578124999 0.3015625 0.8414540984375 0.26448650156250003 0.83817813125
1 0.2265625 0.690625 0.23203125 0.743402778125 0.2296875 0.7642361109375 0.24453125 0.765625 0.24375 0.737847221875 0.2484375 0.7128472218749999 0.2484375 0.690625 0.242578125 0.67743055625 0.233203125 0.67743055625 0.2265625 0.690625
1 0.24609375 0.8989583328125 0.25078125 0.887847221875 0.25703125 0.840625 0.219921875 0.8385416671874999 0.21953125 0.8586805562500001 0.228125 0.8975694437499999 0.24609375 0.8989583328125
2 0.1609375 0.81006944375 0.168359375 0.83993055625 0.279296875 0.837152778125 0.302734375 0.8385416671874999 0.30703125 0.843402778125 0.483984375 0.8427083328125 0.534765625 0.8357638890625001 0.561328125 0.84131944375 0.56796875 0.825347221875 0.56796875 0.780902778125 0.565234375 0.769097221875 0.536328125 0.7677083328125 0.162109375 0.7663194437499999 0.16015625 0.77118055625 0.1609375 0.81006944375
1 0.8529740765625 1 0.85078125 0.9835069437499999 0.85234375 0.9432291671874999 0.86484375 0.8890625 0.8671875 0.8598958328125 0.861328125 0.83975694375 0.850390625 0.8314236109375 0.841015625 0.8328125 0.83046875 0.8515625 0.8234375 0.9682291671875 0.8133105468749999 1 0.8529740765625 1
1 0.8100133828124999 1 0.8125 0.9904513890625001 0.80546875 0.9182291671874999 0.81796875 0.8126736109374999 0.81484375 0.8001736109375 0.805078125 0.7897569437499999 0.794921875 0.792534721875 0.7875 0.804340278125 0.7828125 0.9015625 0.778125 0.9237847218749999 0.7609375 0.97100694375 0.75637109375 1 0.8100133828124999 1
1 0.961147103125 1 0.9578125 0.9696180562500001 0.9640625 0.9210069437499999 0.97421875 0.8751736109374999 0.97421875 0.8585069437499999 0.966796875 0.842534721875 0.957421875 0.8369791671875 0.948828125 0.83975694375 0.940625 0.854340278125 0.93359375 0.95711805625 0.9178411984375 1 0.961147103125 1