1 0.3036373015625 0.3619395703125 0.3038022421875 0.35911955 0.3038022421875 0.302297740625 0.30323867187500003 0.2934210515625 0.28779513125 0.2349998453125 0.28754194843750003 0.19148132499999998 0.2909184375 0.14520623906250002 0.287186415625 0.1303702140625 0.2802608625 0.1217287515625 0.279025615625 0.1217287515625 0.27021893124999996 0.1233272921875 0.26275034375 0.13763520468749998 0.26295504531249997 0.17282039062500001 0.2667409375 0.196915675 0.26689176875 0.222841603125 0.2659255171875 0.2357985078125 0.25575126406250004 0.2774045703125 0.2546875 0.28620810625000004 0.2546875 0.3674476453125 0.2568808125 0.3820372296875 0.26490878906250004 0.41911971562500006 0.2658265515625 0.4203125 0.2921405953125 0.4203125 0.2930337890625 0.4192833453125 0.3036373015625 0.3619395703125
1 0.21653864218750002 0.1194738796875 0.2101186203125 0.11519909531250001 0.200462971875 0.1193941203125 0.19345603125 0.13313394843749998 0.19146178593750002 0.1526056875 0.1926114671875 0.19220213749999998 0.18966464375 0.231091025 0.1859375 0.242189575 0.1859375 0.4109375 0.2004918140625 0.4109375 0.2131347640625 0.36635383906249996 0.22024825468749998 0.3272465859375 0.2208013984375 0.2857163984375 0.211299459375 0.2262681953125 0.22106019843750002 0.131687275 0.21653864218750002 0.1194738796875
1 0.1458358453125 0.2210510046875 0.1457467578125 0.20152467187499998 0.1534917109375 0.154520815625 0.155736909375 0.1248911859375 0.15180634843750002 0.11120595 0.146804340625 0.10662103281249999 0.1447854203125 0.10662103281249999 0.1358008421875 0.10850793125 0.1287237375 0.12254588125000002 0.12658916874999998 0.1438148828125 0.125633975 0.211625840625 0.1203125 0.23113644843749998 0.1203125 0.4029001109375 0.122703765625 0.403125 0.1306972609375 0.403125 0.1374029625 0.3944448125 0.1535324859375 0.32649950625 0.15564813125000002 0.28477824687500003 0.1458358453125 0.2210510046875
1 0.559375 0.238044634375 0.55315466875 0.212590065625 0.5578779140625 0.1198276640625 0.5561681265625 0.110190346875 0.5458484265625 0.1023421765625 0.5369403890625 0.10738419531250001 0.5313046390625 0.12199075781249999 0.5305575499999999 0.1414594609375 0.5346093765625 0.19587076718750002 0.5338407390625 0.21719132187499998 0.5223968546875 0.26121926093750003 0.521875 0.2654451828125 0.521875 0.3549699734375 0.5272031234375001 0.3850022375 0.53147398125 0.39822196875000004 0.5322336171875001 0.3984375 0.5502146125 0.3984375 0.55177570625 0.39820182656249997 0.5557412140625 0.39292729843749996 0.559375 0.3760545703125 0.559375 0.238044634375
1 0.5070767125 0.4012804984375 0.5071360031250001 0.4008975859375 0.5071360031250001 0.267942028125 0.49775685625 0.2363899109375 0.4924583328125 0.20849089531249998 0.49341806874999994 0.1299084296875 0.488964753125 0.11636884375 0.4803295921875 0.1087189609375 0.47110550625 0.11214987968750001 0.46607063593750003 0.122638903125 0.4658967234375 0.1439048890625 0.47336877499999996 0.19961199375 0.473564784375 0.21718943125 0.4695260375 0.24574158750000002 0.4645514421875 0.2640934046875 0.4625 0.28454881875 0.4625 0.32090195 0.46332760625 0.3361943890625 0.47298880781249997 0.3817920796875 0.4796611859375 0.4051069296875 0.482118778125 0.40625 0.5040550984375 0.40625 0.5070767125 0.4012804984375
1 0.418215096875 0.19601860625 0.42561022499999995 0.150997984375 0.4229883140625 0.1293069421875 0.4146216 0.12335255781250001 0.41387987031250006 0.12335255781250001 0.4076168625 0.1249910484375 0.40091242187500004 0.133618534375 0.3981157453125 0.1455832546875 0.39648174375 0.1875386078125 0.393808478125 0.218094165625 0.390625 0.2397508078125 0.390625 0.41875 0.403142525 0.41875 0.4139260671875 0.3830592421875 0.4220969125 0.3435174421875 0.42434178906250003 0.29990791875 0.41592515937499996 0.251163871875 0.4157992734375 0.2240282015625 0.418215096875 0.19601860625
1 0.3711878859375 0.4043453546875 0.3711878859375 0.2993904015625 0.366319059375 0.280478828125 0.35817236874999997 0.24842912031250003 0.35646049999999996 0.2156219109375 0.359064546875 0.1619182109375 0.355944846875 0.1434170828125 0.3520437078125 0.1358683921875 0.34508602499999996 0.130332690625 0.3373568171875 0.132345675 0.3317344203125 0.13863624375 0.3288292734375 0.16099228125 0.33415443125 0.20080709687499998 0.335483515625 0.2285848734375 0.332968359375 0.25825768125000004 0.3261607671875 0.289519578125 0.3234375 0.31346771875 0.3234375 0.3552979046875 0.3274827765625 0.383214503125 0.3382048625 0.42951079999999997 0.3404077296875 0.43125 0.36490668125000003 0.43125 0.3683323703125 0.4267330203125 0.3711878859375 0.4043453546875
1 0.9328125 0 0.9328125 0.15 0.9655238374999999 0.15 0.9973950796875 0.034768575 0.99786156875 0 0.9328125 0
1 0.8015625 0 0.8015625 0.18125 0.8341537453125 0.18125 0.837402746875 0.177020625 0.8671043218750001 0.074880659375 0.8712163796875 0 0.8015625 0
1 0.661479071875 0 0.6578125 0.0140216875 0.6578125 0.1460731125 0.6729202531249999 0.21524969375 0.675907653125 0.21875 0.716574659375 0.21875 0.7244281234375001 0.2175429671875 0.7424350640624999 0.14631991093750002 0.74766885625 0.0991532296875 0.745609128125 0.0077494828125 0.74375860625 0 0.661479071875 0
1 0.7583426609374999 0 0.7634464609375 0.017594290625 0.7643036015625 0.153125 0.775656484375 0.153125 0.7806650828125 0.152911796875 0.7868370796875 0.129163590625 0.7868370796875 0 0.7583426609374999 0
1 0.5771292156250001 0.6 0.5765625 0.60004003125 0.5765625 0.6565382468750001 0.578994171875 0.6703125 0.5951740062499999 0.6703125 0.5996751359375 0.66389121875 0.611636684375 0.61899639375 0.6120432265625 0.6 0.5771292156250001 0.6
1 0.6364128515624999 0.6 0.6203125 0.6016526859375 0.6203125 0.6063233515625 0.6254526796875 0.6486413265625 0.6292904625 0.6578125 0.643921896875 0.6578125 0.6479958 0.6573083171875 0.657042065625 0.61801916875 0.6569021015625001 0.6 0.6364128515624999 0.6