0 0.2547390625 0.279374940625 0.2433489828125 0.26681639687500003 0.23240932343749998 0.26681639687500003 0.22226607031249998 0.2675499953125 0.212820934375 0.280168696875 0.2125 0.2811654671875 0.2125 0.34315418593749997 0.21764800156250003 0.3549498671875 0.21923936249999998 0.35625 0.24481115781249999 0.35625 0.25897365 0.3262782015625 0.258623678125 0.2914558515625 0.2547390625 0.279374940625
1 0.743287696875 0.1786361359375 0.7320919937499999 0.1180628109375 0.7367369281249999 0.0411046390625 0.70966255 0.042849628125 0.710362496875 0.11249432968749999 0.6984375 0.15367753125 0.6984375 0.253031009375 0.6999466375 0.2538105453125 0.7291002046875 0.25625 0.7362057906249999 0.25625 0.7398873890625 0.253586071875 0.741789396875 0.24396397812499998 0.743287696875 0.1786361359375
1 0.6880468015625001 0.2515625 0.6880468015625001 0.16524528125 0.677195084375 0.1297534578125 0.6755639578125 0.057449415625 0.6744703515625 0.044949415625 0.6705294343749999 0.040149665625 0.6502169343749999 0.040504221875 0.6484375 0.0421295234375 0.6484375 0.07232123124999999 0.6557367984375 0.1259549828125 0.6484375 0.17502968125 0.6484375 0.24189832656250002 0.6494853812500001 0.25125499218749997 0.6500019078125 0.2515625 0.6880468015625001 0.2515625
1 0.44165097500000006 0.0386811515625 0.43805049843750005 0.043603628125 0.438648740625 0.143562715625 0.425 0.2045266953125 0.425 0.25 0.4757442 0.25 0.47584452031249996 0.249825321875 0.47420382187500004 0.20958845468749998 0.4605479859375 0.141791996875 0.46683553125 0.0500435109375 0.46118222500000006 0.03834023125 0.44165097500000006 0.0386811515625
2 0.4 0.3547177546875 0.86796875 0.35711805625 0.895703125 0.3578125 0.89921875 0.3529513890625 0.89921875 0.2723958328125 0.895703125 0.2592013890625 0.4 0.25529340624999997 0.4 0.3547177546875
1 0.4 0.6925631296875 0.3869642859375 0.6455555562499999 0.3905357140625 0.55 0.38375 0.5349999999999999 0.37875000000000003 0.5316666671875 0.36517857187499997 0.5349999999999999 0.357678571875 0.5511111109375 0.36267857187499997 0.6477777781249999 0.3541071421875 0.6766666671875 0.3455357140625 0.727777778125 0.34625 0.7666666671875 0.349821428125 0.7933333328125001 0.36124999999999996 0.837777778125 0.36910714218749996 0.8433333328125 0.38732142812500003 0.8416666671874999 0.3933928578125 0.8311111109375 0.3983928578125 0.8044444437500001 0.3991071421875 0.7477777781249999 0.4 0.74261904375 0.4 0.6925631296875
1 0.32160714218750003 0.5216666671875 0.312678571875 0.5377777781249999 0.31767857187500004 0.617777778125 0.3005357140625 0.697777778125 0.30125 0.7288888890624999 0.3069642859375 0.7711111109375001 0.31553571406250003 0.7988888890625001 0.3219642859375 0.8055555562500001 0.3408928578125 0.805 0.344821428125 0.797777778125 0.3469642859375 0.77444444375 0.344821428125 0.7288888890624999 0.35267857187499996 0.6822222218749999 0.35125 0.667777778125 0.339821428125 0.63 0.3383928578125 0.6133333328124999 0.342678571875 0.5388888890625 0.3358928578125 0.5238888890625 0.330178571875 0.5205555562499999 0.32160714218750003 0.5216666671875
1 0.5983641890625 0.7477687921875 0.595555715625 0.7392569437500001 0.5951740234375 0.7170074468750001 0.591343065625 0.7119739484375 0.5875 0.7169640109375 0.5875 0.7181581484375 0.5902663765625 0.738421928125 0.5877198703125 0.757013178125 0.590948753125 0.7819949953125 0.5946381421875 0.790625 0.5983641890625 0.790625 0.5983641890625 0.7477687921875
1 0.6166614765625 0.7734252734375 0.61538989375 0.75678588125 0.6114171718750001 0.7457475 0.613904559375 0.7225629859375 0.6111450281249999 0.71659446875 0.6074830328124999 0.717584034375 0.60625 0.721453525 0.60625 0.7322662187500001 0.60726666875 0.7448943031249999 0.60625 0.7484743187499999 0.60625 0.79375 0.6100599421874999 0.79375 0.6126762390625 0.79293335625 0.6166614765625 0.7734252734375
1 0.6822916671874999 0.7226273140625 0.6799479171874999 0.716608796875 0.6752604171875 0.716608796875 0.6734375 0.7217013890625 0.6739583328125001 0.7448495375 0.6703125 0.767071759375 0.6713541671875 0.7809606484375 0.6755208328125001 0.7948495375 0.68046875 0.7943865734375001 0.6848958328125001 0.780034721875 0.684375 0.7587384265624999 0.6796875 0.7439236109375 0.6822916671874999 0.7318865734375001 0.6822916671874999 0.7226273140625
1 0.6942708328125 0.7374421296875 0.6958333328125 0.717071759375 0.69140625 0.7119791671875 0.6880208328125 0.717071759375 0.6901041671874999 0.73836805625 0.6854166671874999 0.7624421296875 0.6880208328125 0.7874421296875 0.6911458328125001 0.7911458328125001 0.6963541671875 0.7883680562500001 0.6994791671874999 0.7689236109375 0.6989583328125001 0.7568865734375001 0.6942708328125 0.7374421296875
1 0.6359375 0.7707754625 0.6307291671874999 0.7467013890625 0.6317708328125 0.723553240625 0.6236979171874999 0.7156828703125 0.625 0.7744791671875 0.6208333328125001 0.7726273140625001 0.6208333328125001 0.7865162031249999 0.6270833328125001 0.798553240625 0.6328125 0.7976273140625001 0.6359375 0.7707754625
1 0.4 0.791752475 0.40234375 0.7916087968750001 0.4067708328125 0.7754050921875 0.40625 0.755034721875 0.4015625 0.7374421296875 0.40208333281249997 0.7161458328125001 0.4 0.7124421296875 0.4 0.791752475
1 0.4916666671875 0.7309606484375 0.4916666671875 0.71429398125 0.4888020828125 0.7092013890625 0.4838541671875 0.71429398125 0.48645833281249995 0.7374421296875 0.48072916718750003 0.7578125 0.48125 0.7726273140625001 0.48541666718750004 0.7874421296875 0.49036458281249995 0.7879050921874999 0.49322916718750004 0.7837384265624999 0.4953125 0.7698495375000001 0.4953125 0.7578125 0.4895833328125 0.7374421296875 0.4916666671875 0.7309606484375
1 0.47552083281249996 0.7179976859374999 0.4721354171875 0.7119791671875 0.46848958281249997 0.7129050921875 0.4661458328125 0.7179976859374999 0.46666666718750005 0.7411458328125 0.46302083281249995 0.7578125 0.4635416671875 0.7809606484375 0.46770833281249996 0.7939236109375 0.47578125 0.7916087968750001 0.4796875 0.773553240625 0.4791666671875 0.7587384265624999 0.47447916718750005 0.73929398125 0.47552083281249996 0.7179976859374999
1 0.41901041718750004 0.7092013890625 0.4153645828125 0.7073495375000001 0.4114583328125 0.71429398125 0.4125 0.73929398125 0.40833333281249995 0.76336805625 0.409375 0.780034721875 0.4135416671875 0.7957754625 0.4166666671875 0.7976273140625001 0.42109375 0.7962384265625 0.4234375 0.7892939812499999 0.425 0.7661458328125 0.41979166718750005 0.742071759375 0.4203125 0.71429398125 0.41901041718750004 0.7092013890625