2 0.4796875 0.413015046875 0.0976647421875 0.413015046875 0.053346875 0.415567634375 0.04952815625 0.42616854843749996 0.0493529171875 0.48580888125 0.0516101578125 0.4890625 0.2756474265625 0.4890625 0.32900670781249997 0.48571394375 0.4796875 0.48462085000000005 0.4796875 0.413015046875
1 0.18314473281250002 0.35496807812500003 0.18314473281250002 0.40625 0.224781553125 0.40625 0.225 0.4042115453125 0.225 0.38941966093749997 0.2235903875 0.36934798281250003 0.2137802953125 0.31572248593749996 0.222690559375 0.22531737500000001 0.21698447812500002 0.21100462343749998 0.2093366203125 0.208798521875 0.20815189531249997 0.208798521875 0.202921978125 0.211577628125 0.19534680937499999 0.226431546875 0.1942490453125 0.316518325 0.18314473281250002 0.35496807812500003
1 0.1334942640625 0.37406481875 0.1341685265625 0.409375 0.1734375 0.409375 0.1734375 0.33387914531249996 0.1629677828125 0.29078336718750003 0.165493703125 0.21833830937499998 0.15892691718750002 0.20121595 0.14793133281249998 0.1992384296875 0.14616534375 0.1992384296875 0.13798017499999998 0.2152858171875 0.1391120328125 0.24306359375 0.1465615328125 0.2914518703125 0.1334942640625 0.37406481875
1 0.8387769781250001 0.4890625 0.8389801796875 0.48818376093750004 0.8421875 0.47095828125 0.8421875 0.3789531234375 0.8355717874999999 0.3387143171875 0.8421875 0.25988666718750003 0.8421875 0.2289997125 0.8382485484375 0.21993444687500002 0.8280098890625001 0.2175811171875 0.8172899484375 0.2267912484375 0.813917721875 0.24219383125 0.813917721875 0.24392655312499997 0.8191622953125 0.250264415625 0.826078159375 0.267991025 0.8244035593750001 0.3022290609375 0.8175403890625 0.3606897296875 0.8281086359375 0.4470688734375 0.8266581890625 0.4859153171875 0.8260799999999999 0.4890625 0.8387769781250001 0.4890625
1 0.840625 0.4890625 0.840625 0.40197210156249996 0.8313658390625001 0.3656327390625 0.83221975625 0.29696566406249997 0.8300085046875001 0.26830440625 0.8200827562499999 0.2487683890625 0.8131987374999999 0.2462665015625 0.8056503375 0.2530663171875 0.800879565625 0.27041878124999996 0.8034681062499999 0.3083393 0.80947610625 0.34055570625 0.80997394375 0.365576928125 0.7964691125 0.43104963749999997 0.7943250562499999 0.45525104531249994 0.795201740625 0.4890625 0.840625 0.4890625
1 0.0734375 0.7975064734374999 0.0734375 0.7613014625 0.071760096875 0.7471153859375 0.0734375 0.73146259375 0.0734375 0.6882553421875001 0.0644486875 0.68692351875 0.058594253124999995 0.693164871875 0.055976896875 0.70158309375 0.05444073125 0.7579796875 0.0493667734375 0.7753007421875 0.0493667734375 0.865625 0.0617447609375 0.865625 0.064402428125 0.8619302031250001 0.0673164640625 0.8488823484375001 0.0734375 0.7975064734374999
1 0.08669347656250001 0.8292353765625 0.0939317859375 0.8660389671875001 0.0948894953125 0.8671875 0.1078125 0.8671875 0.1078125 0.7563961421875 0.1077089796875 0.7560369265625 0.10745313906250001 0.6985446312500001 0.10262990624999999 0.6890027984375 0.09474194999999999 0.6874692812500001 0.0882352171875 0.6942266531250001 0.0866952640625 0.7012453750000001 0.091600875 0.75762074375 0.0872225703125 0.7782033390625 0.08669347656250001 0.8292353765625
1 0.1359375 0.7264030937499999 0.135301721875 0.6996479453125 0.13130120625 0.691029071875 0.1241377046875 0.6890625 0.122307565625 0.6890625 0.1178242875 0.6926646859375 0.1146626296875 0.703517553125 0.121086871875 0.7580107046875 0.11736486093750001 0.787014659375 0.1191692078125 0.8352446953125 0.12638184375 0.8711101453125 0.1305030734375 0.875 0.1313462203125 0.875 0.1359375 0.8745683124999999 0.1359375 0.7264030937499999
1 0.19583333281249998 0.704340278125 0.1989583328125 0.7589699078125001 0.1901041671875 0.7987847218749999 0.1895833328125 0.830266203125 0.196875 0.8719328703125001 0.20286458281250003 0.8760995375 0.2104166671875 0.8756365734375 0.2153645828125 0.873321759375 0.21770833281250002 0.8645254625 0.221875 0.8154513890625001 0.2125 0.7534143515625 0.215625 0.7024884265625 0.21015625 0.6899884265624999 0.20390625 0.6890625 0.196875 0.6978587968750001 0.19583333281249998 0.704340278125
1 0.1390625 0.6932291671874999 0.1375 0.7015625 0.1427083328125 0.7524884265624999 0.1364583328125 0.7904513890625 0.1364583328125 0.84600694375 0.1424479171875 0.8760995375 0.15572916718750002 0.8784143515625 0.16067708281249998 0.8760995375 0.16458333281249998 0.8626736109375 0.1682291671875 0.8256365734375001 0.1682291671875 0.8024884265625 0.1588541671875 0.754340278125 0.1614583328125 0.7015625 0.1549479171875 0.6890625 0.1455729171875 0.685358796875 0.1390625 0.6932291671874999
1 0.18203125 0.6890625 0.17526041718750002 0.6872106484375 0.1697916671875 0.692303240625 0.1661458328125 0.70711805625 0.1692708328125 0.735821759375 0.1692708328125 0.7589699078125001 0.16458333281249998 0.7774884265625 0.16875 0.8034143515625001 0.1661458328125 0.8635995375000001 0.16953125 0.8714699078125001 0.1817708328125 0.87100694375 0.1859375 0.8663773140625001 0.1895833328125 0.848784721875 0.1890625 0.8126736109374999 0.1911458328125 0.7848958328125001 0.1838541671875 0.7561921296875 0.1859375 0.6969328703125 0.18203125 0.6890625
1 0.2364583328125 0.6941550921874999 0.22942708281250002 0.68350694375 0.22109375 0.6881365734375 0.21875 0.6960069437499999 0.221875 0.7506365734375 0.2171875 0.77100694375 0.2166666671875 0.7848958328125001 0.221875 0.8135995375 0.2192708328125 0.8497106484374999 0.2192708328125 0.85711805625 0.22135416718749998 0.860821759375 0.22630208281250003 0.848321759375 0.2328125 0.842303240625 0.2401041671875 0.8219328703125001 0.2427083328125 0.792303240625 0.2421875 0.780266203125 0.2348958328125 0.7506365734375 0.2364583328125 0.6941550921874999
1 0.24375 0.7867476859375 0.2421875 0.8135995375 0.2440104171875 0.816840278125 0.26796875 0.8159143515625 0.2723958328125 0.8210069437499999 0.275 0.817303240625 0.2744791671875 0.797858796875 0.2640625 0.7561921296875 0.265625 0.6997106484375 0.26223958281250004 0.6890625 0.2559895828125 0.686284721875 0.25052083281250004 0.6913773140625 0.2479166671875 0.7015625 0.2510416671875 0.7552662031249999 0.24375 0.7867476859375
1 0.2958333328125 0.7867476859375 0.2947916671875 0.8154513890625001 0.3036458328125 0.867303240625 0.3065104171875 0.8714699078125001 0.31197916718749996 0.87100694375 0.31979166718749996 0.860821759375 0.3244791671875 0.83211805625 0.325 0.8034143515625001 0.3161458328125 0.7506365734375 0.3177083328125 0.6941550921874999 0.31484375 0.685358796875 0.30807291718749996 0.68258101875 0.3015625 0.6941550921874999 0.30416666718749996 0.7515625 0.2958333328125 0.7867476859375
1 0.5126920046875 1 0.5086778921875 0.9880187453125 0.5074791640624999 0.9345935375 0.501763209375 0.9263488515624999 0.492921090625 0.9254048953125 0.486047846875 0.9367710437500001 0.4927876125 0.9821449999999998 0.48880658437499996 1 0.5126920046875 1
1 0.56937794375 1 0.5668481187500001 0.9517549796874999 0.5619528109375 0.944823825 0.5520961328125 0.9440335375 0.5455458453124999 0.9554850937499999 0.5523657125 0.9969470406250001 0.55180343125 1 0.56937794375 1
1 0.6679909453125 1 0.6697265625 0.9490885421874999 0.66337890625 0.9393229171874999 0.65458984375 0.9380208328125 0.647265625 0.9516927078125 0.6507161453125 1 0.6679909453125 1
1 0.710966796875 1 0.70390625 0.9686197921874999 0.705859375 0.9243489578125 0.69365234375 0.9145833328125 0.6853515625 0.9243489578125 0.68828125 0.977734375 0.6807666015625 1 0.710966796875 1
1 0.7477197265625 1 0.744921875 0.9751302078125 0.737109375 0.9516927078125 0.7390625 0.9087239578125 0.72587890625 0.9041666671874999 0.7205078125 0.907421875 0.7224609375 0.9490885421874999 0.71171875 0.993359375 0.712740384375 1 0.7477197265625 1
1 0.6040374749999999 1 0.60234375 0.985546875 0.608203125 0.9295572921874999 0.59990234375 0.9197916671874999 0.5876953125 0.9282552078125 0.5896484375 0.9829427078125 0.5855095359375 1 0.6040374749999999 1
2 0.4796875 0.91471225625 0.87236328125 0.89765625 0.93486328125 0.8872395828125 0.9392578125 0.876171875 0.9275390625 0.852734375 0.928515625 0.8345052078125 0.90947265625 0.8182291671874999 0.52568359375 0.8390625 0.4796875 0.83966671875 0.4796875 0.91471225625
1 0.547201378125 1 0.5447265625 0.958203125 0.5544921875 0.9334635421874999 0.5544921875 0.9165364578125 0.55107421875 0.91328125 0.5349609375 0.9165364578125 0.5369140625 0.9673177078125 0.5274864781249999 1 0.547201378125 1
1 0.6505859375 1 0.6453125 0.954296875 0.647265625 0.915234375 0.64482421875 0.9106770828125 0.62919921875 0.9106770828125 0.6306640625 0.954296875 0.6267578125 0.9686197921874999 0.625637090625 1 0.6505859375 1