1 0.4645347875 0 0.45837958125 0.024708257812500002 0.43637869375000005 0.100173528125 0.4329270453125 0.115495575 0.4329270453125 0.412705521875 0.441514434375 0.443117675 0.44851147031250005 0.459375 0.5797660671875 0.459375 0.5813222421875001 0.45656382031250003 0.5976118453125 0.4161746328125 0.6068073109375 0.38673896406249997 0.6245517640625 0.2963497765625 0.6265625 0.2595889375 0.6265625 0.25051356875 0.6243095249999999 0.1972029671875 0.6116211687499999 0.095913365625 0.596266975 0 0.4645347875 0
1 0.0609375 0.684121346875 0.0596166015625 0.6804157546875 0.052356440625 0.57659061875 0.03140115625 0.5611796421874999 0.02001128125 0.5791918328125 0.0224761703125 0.7694942421875 0.037206398437499996 0.8250934718749999 0.0483615375 0.828125 0.0609375 0.828125 0.0609375 0.684121346875
1 0.07559115625 0.681905784375 0.07559115625 0.8359375 0.0987494953125 0.8359375 0.1217604359375 0.7627927718749999 0.110749821875 0.679447821875 0.121875 0.59030946875 0.121875 0.580438321875 0.0973921796875 0.5601704265625 0.07559115625 0.681905784375
1 0.315625 0.7255038359375 0.315625 0.6940098499999999 0.30608890781250003 0.6568204609375 0.3123968046875 0.5805295234375001 0.2882773625 0.5691115421874999 0.2852843375 0.6548205656249999 0.2726986765625 0.71074055625 0.2726986765625 0.781497659375 0.27548211562499997 0.8028788859375 0.2877415640625 0.80625 0.3013768328125 0.80625 0.315625 0.7255038359375
1 0.2332386359375 0.6539617484375 0.21505681875 0.7577868859375 0.225965909375 0.81243169375 0.25505681875 0.8178961749999999 0.2696022734375 0.7140710374999999 0.25142045468749996 0.6539617484375 0.25869318125 0.5774590156249999 0.2423295453125 0.5583333328125 0.2296022734375 0.5719945359375 0.2332386359375 0.6539617484375
1 0.170099065625 0.6601718640625001 0.1532386359375 0.774180328125 0.1696022734375 0.8315573765625001 0.1932386359375 0.8288251359375 0.207784090625 0.7140710374999999 0.1932386359375 0.670355190625 0.196875 0.5774590156249999 0.1817334984375 0.5569712078125 0.171262490625 0.5744628421875 0.170099065625 0.6601718640625001
1 0.1605113640625 0.8015027328125001 0.1623295453125 0.5637978140625 0.1423295453125 0.7031420765625 0.1423295453125 0.7687158468749999 0.1605113640625 0.8015027328125001
1 0.42469534062500003 0.459375 0.423694025 0.46573609843749997 0.4226957953125 0.518143559375 0.425733859375 0.57663704375 0.426056840625 0.6560396109375001 0.424002365625 0.6904462468749999 0.404840528125 0.80338935 0.404840528125 1 0.47185838125 1 0.473228978125 0.9896979531250001 0.4765625 0.9084446937500001 0.4765625 0.8958337734375 0.47280080468749996 0.8234077875000001 0.457203821875 0.6897209984374999 0.458332725 0.6328225234375 0.46147977500000004 0.5789670578124999 0.4678718375 0.52219108125 0.46969959843750003 0.459375 0.42469534062500003 0.459375
1 0.5381446375 0.459375 0.5330935546875 0.4623600203125 0.523320003125 0.48112183125 0.51765930625 0.5143812234375 0.518443171875 0.5817464937500001 0.524699228125 0.6674438703125001 0.526866690625 0.7633258609375 0.5065381906249999 0.914474721875 0.5020240593749999 0.97847794375 0.5021201171875 1 0.584375 1 0.584375 0.90249846875 0.5626039078125 0.7613374875 0.5619245562499999 0.7029542546875 0.56704215625 0.5552291078125 0.565449528125 0.508748315625 0.56096029375 0.484501790625 0.556355965625 0.47296141406250003 0.5410416375 0.459375 0.5381446375 0.459375
1 0.6921875 1 0.6921875 0.8710224359375001 0.687596934375 0.84983831875 0.6827816140625 0.78097604375 0.6783181875000001 0.6198980031250001 0.6740204484375 0.573398725 0.6629809203125 0.5389563203125001 0.6559323625 0.5279247171875 0.6428820609375 0.520831575 0.629189115625 0.5419513109375 0.6240175375 0.576463275 0.6277831359375 0.6377944734375001 0.645622553125 0.7807007421875 0.6503302812499999 0.8555049953125 0.63908593125 1 0.6921875 1
1 0.7627154328125 1 0.7609036359375001 0.9384639 0.773224640625 0.8218569609374999 0.7883179234375 0.7280640500000001 0.79375 0.6659751296875001 0.79375 0.653042025 0.7915678828124999 0.6303598375 0.7849137234375 0.606498196875 0.77596149375 0.5937643921875 0.7675404390624999 0.5931262828125 0.755571009375 0.602767809375 0.7430182921874999 0.6342156234375 0.7377648578125 0.6579284296875001 0.7314806796875001 0.7358126203124999 0.7304596609375 0.8140956328125 0.7274546203125001 0.8666104890625 0.7198558687500001 0.94740893125 0.715938725 0.9660907578125 0.715938725 1 0.7627154328125 1
1 0.9207132999999998 1 0.9109985703125 0.9200878718750001 0.9064672843749999 0.8988232421875001 0.9024552109374999 0.8475878421875 0.9048076609375 0.7802225703125 0.9097394109374999 0.7145075796875 0.9163582078125 0.6608912531250001 0.9202860546875 0.5786172328125 0.9169642296875 0.5529228984375 0.9086162671875 0.527685846875 0.9030881765625001 0.51986361875 0.8936144921875 0.5193118390625 0.8805124234375 0.5320491859375001 0.8720182828125 0.5563052953125001 0.8673408171875 0.584533828125 0.8655111359374998 0.6369290390625 0.8683766687500001 0.7360992859375 0.865613109375 0.8454420328125 0.845938965625 0.9505161234374999 0.845938965625 1 0.9207132999999998 1
1 1 1 1 0.459375 0.993921053125 0.459375 0.9907236843749999 0.4627432640625 0.984671053125 0.4814558390625 0.9809868421874999 0.5098989515625 0.9804605265624999 0.5533121249999999 0.9878289468750001 0.69852170625 0.986776315625 0.756904940625 0.9630921046874998 0.9170845812499999 0.9588815796875 0.970976796875 0.9586815015625 1 1 1
1 0.8599342109375 0.459375 0.8599342109375 0.503910928125 0.8657236843749999 0.575767215625 0.8646710531250001 0.5877432640625 0.866776315625 0.5997193109375 0.867828946875 0.6431324843749999 0.8620394734375001 0.7134917671875 0.8483552624999999 0.7988211078124999 0.8404605265625001 0.8736714078125001 0.8394078953124999 0.9664857781249999 0.8413717109375 1 0.8523368 1 0.8536184203125 0.9874438624999999 0.87519736875 0.84522829375 0.87519736875 0.7524139218749999 0.8683552625000001 0.6431324843749999 0.8683552625000001 0.575767215625 0.8720394734374999 0.5548091312500001 0.8817763156249999 0.524120509375 0.892828946875 0.5151384734375 0.9038815796874999 0.5166354796875 0.9057236843750001 0.505407934375 0.906199690625 0.459375 0.8599342109375 0.459375
1 0.7426888546875 1 0.744671053125 0.98894086875 0.7494078953125 0.9440306890624999 0.7499342109375 0.8512163171875 0.7475657890624999 0.8354977546875 0.7388815796875 0.878162425 0.7304605265624999 0.95151571875 0.7294115375000001 1 0.7426888546875 1
1 0.8204251640625 1 0.8199342109375 0.9664857781249999 0.8136184203125 0.8976235031249999 0.7975657890625 0.790587575 0.7936184203125001 0.7973241015625 0.7930921046874999 0.8063061375 0.7909868421875 0.936545659375 0.79999633125 1 0.8204251640625 1
1 0.7676785718750001 0.459375 0.7623026312500001 0.46424026874999996 0.7536184203125 0.48894086875 0.7504605265625 0.5158869765625 0.7504605265625 0.55930015 0.7530921046875 0.5997193109375 0.7549342109375 0.6034618265625 0.7617763156249999 0.591485778125 0.7738815796875 0.5884917671875 0.7838815796875 0.5989708078125 0.79519736875 0.6251684125 0.79730263125 0.6176833828125 0.8004605265624999 0.5473241015625 0.7999342109375001 0.5084019468750001 0.79730263125 0.4874438625 0.7891447375 0.46424026874999996 0.7846973687500001 0.459375 0.7676785718750001 0.459375
1 0.643 0.459375 0.6425657890625001 0.46349176718749996 0.6425657890625001 0.4979229046875 0.6449342109374999 0.5151384734375 0.6628289468749999 0.5301085328124999 0.6694078953125 0.5503181140625 0.6730921046875 0.575767215625 0.6715131578125 0.6895396703125 0.6688815796875 0.7075037421875 0.665723684375 0.8332522453125 0.6720394734375 0.8886414671875 0.6899342109375001 0.9994199109374999 0.6899851984375001 1 0.7060271390625 1 0.7094078953125 0.9230726046874999 0.70519736875 0.8512163171875 0.69730263125 0.788342065625 0.7075657890625 0.7875935625 0.7136184203125 0.7673839828125001 0.714671053125 0.7494199109374999 0.7112499999999999 0.7292103296875 0.7099342109375 0.7449288921875 0.6980921046875 0.75465943125 0.6959868421875 0.7726235031249999 0.69519736875 0.756904940625 0.6915131578125 0.7524139218749999 0.68730263125 0.7239708078125 0.6830921046875 0.686545659375 0.6820394734375 0.6431324843749999 0.6836184203125001 0.575767215625 0.6883552625 0.5084019468750001 0.6883552625 0.459375 0.643 0.459375