1 0.1584072328125 0.06632882343749999 0.1572044984375 0.055638246875 0.1508643765625 0.06151735625 0.14630175 0.0771732390625 0.1362611453125 0.0973375265625 0.1323087515625 0.12042506093750001 0.128125 0.135006459375 0.128125 0.28125 0.1436633984375 0.28125 0.1438123609375 0.2810951484375 0.1521471359375 0.25440088906249997 0.1601413234375 0.2156453484375 0.161885509375 0.1767443359375 0.151759828125 0.10882443593749999 0.1584072328125 0.06632882343749999
1 0.9425395062499999 0 0.9421875 0.0011421921875 0.9421875 0.2109375 0.9619082953125 0.2109375 0.9663427359375 0.20744339687500002 0.9825915250000001 0.129938375 0.9833494171874999 0.0631989734375 0.9718593421874999 0 0.9425395062499999 0
1 0.8608610234375 0 0.850277228125 0.050184460937499994 0.846875 0.090565490625 0.846875 0.11444795781249999 0.848826575 0.148795571875 0.8539778671875 0.17935112343749998 0.8670093031250001 0.2307400140625 0.8759309843749999 0.2390625 0.8981118015625 0.2390625 0.90425845 0.23245919375000001 0.90425845 0.056609537499999994 0.8886839265625 0 0.8608610234375 0
1 0.5948371734375 0 0.5953125 0.009201389062499999 0.5765625 0.092534721875 0.5734375 0.1203125 0.57421875 0.1842013890625 0.58671875 0.26475694375000003 0.592578125 0.286284721875 0.60625 0.29253472187499996 0.627734375 0.2904513890625 0.634375 0.2828125 0.64453125 0.2314236109375 0.65 0.1744791671875 0.646875 0.0967013890625 0.62421875 0.0078125 0.6244140625 0 0.5948371734375 0
1 0.79792895 0 0.78359375 0.06753472187500001 0.7890625 0.1703125 0.79609375 0.20225694375 0.80390625 0.21059027812500003 0.827734375 0.20850694375 0.83671875 0.1703125 0.83515625 0.098090278125 0.83828125 0.05086805625 0.8265625 0.0078125 0.8256373359375001 0 0.79792895 0
1 0.7357561390624999 0 0.71875 0.0828125 0.715625 0.12725694375000002 0.71875 0.18836805625 0.73046875 0.248090278125 0.737890625 0.26128472187499996 0.74765625 0.2619791671875 0.765234375 0.2598958328125 0.771875 0.2536458328125 0.7859375 0.1661458328125 0.78359375 0.08420138906249999 0.76328125 0.0008680562500000001 0.763325140625 0 0.7357561390624999 0
1 0.648985878125 0 0.63828125 0.0494791671875 0.65 0.1203125 0.64921875 0.2036458328125 0.65234375 0.2064236109375 0.672265625 0.20711805625 0.678125 0.1994791671875 0.66875 0.1203125 0.67109375 0.07864583281250001 0.68046875 0.0314236109375 0.6745768234374999 0 0.648985878125 0
1 0.6876712328125001 0 0.66953125 0.098090278125 0.6703125 0.1314236109375 0.6796875 0.20225694375 0.6859375 0.22725694375 0.690625 0.2328125 0.713671875 0.23211805624999998 0.72265625 0.21892361093749999 0.715625 0.1689236109375 0.715625 0.110590278125 0.72421875 0.0411458328125 0.7133697515625 0 0.6876712328125001 0
1 0.559157071875 0 0.559375 0.009201389062499999 0.54375 0.0814236109375 0.540625 0.11475694375 0.540625 0.155034721875 0.54453125 0.1842013890625 0.55390625 0.23836805625 0.5609375 0.2564236109375 0.578515625 0.25711805625 0.58359375 0.25225694375 0.5734375 0.1828125 0.57265625 0.12170138906250001 0.5765625 0.08975694375 0.590625 0.02586805625 0.590625 0 0.559157071875 0
1 0.5038661171875 0 0.50390625 0.0008680562500000001 0.49140625 0.0564236109375 0.4875 0.09114583281250001 0.4921875 0.1536458328125 0.5015625 0.198090278125 0.50546875 0.2036458328125 0.521875 0.20086805624999998 0.51328125 0.148090278125 0.5125 0.09114583281250001 0.52890625 0.009201389062499999 0.5287356203125 0 0.5038661171875 0
1 0.530445771875 0 0.53046875 0.0008680562500000001 0.51328125 0.098090278125 0.5171875 0.1689236109375 0.525 0.21614583281250002 0.5328125 0.2286458328125 0.55 0.22586805625 0.54140625 0.1689236109375 0.53984375 0.1189236109375 0.54375 0.080034721875 0.55703125 0.023090278125 0.5567861875 0 0.530445771875 0
1 0.2940557703125 0.5914716625 0.29256565625 0.5812379890624999 0.2860467328125 0.5722780390625 0.276563875 0.5739116828124999 0.27078005625 0.588148371875 0.26989585 0.6660110078125 0.2609375 0.6911217109375001 0.2609375 0.8203125 0.2756631875 0.8203125 0.2799632734375 0.81552149375 0.2900947234375 0.7758885140625 0.29510723906249997 0.74355384375 0.29505475312499996 0.7175915515625 0.28656251718750003 0.666398928125 0.2940557703125 0.5914716625
1 0.3471344578125 0.67368700625 0.33847408125 0.6390878125 0.33922218125 0.58075448125 0.3356444375 0.5696433703125 0.3304890140625 0.5645507750000001 0.3243144703125 0.5664026296875 0.31935505625 0.5789026296875 0.32330182500000004 0.6501989234375 0.31875 0.6683394703125 0.31875 0.736841903125 0.32429660781249997 0.7640878125 0.329060653125 0.775 0.3441173125 0.775 0.34599033281249997 0.7724211453125001 0.3471344578125 0.76367824375 0.3471344578125 0.67368700625
1 0.3591145828125 0.559027778125 0.3552083328125 0.5678240734375001 0.3567708328125 0.628009259375 0.346875 0.67430555625 0.3473958328125 0.6983796296875 0.3526041671875 0.7317129625 0.3565104171875 0.740509259375 0.3635416671875 0.7428240734375 0.3690104171875 0.7423611109375 0.3739583328125 0.7354166671875 0.3796875 0.69375 0.3776041671875 0.6585648140625 0.3713541671875 0.6307870375 0.3734375 0.571527778125 0.3713541671875 0.5631944437499999 0.3658854171875 0.5571759265624999 0.3591145828125 0.559027778125
1 0.3971354171875 0.5553240734375 0.3924479171875 0.5516203703125 0.3877604171875 0.553472221875 0.3838541671875 0.5613425921874999 0.384375 0.615972221875 0.3770833328125 0.6456018515624999 0.3802083328125 0.703009259375 0.3848958328125 0.715046296875 0.3966145828125 0.715509259375 0.3994791671875 0.7113425921875 0.4057291671875 0.67523148125 0.4057291671875 0.653009259375 0.39791666718749996 0.6168981484375 0.4 0.5650462968750001 0.3971354171875 0.5553240734375
1 0.1705729171875 0.54976851875 0.16484375 0.552546296875 0.1614583328125 0.5613425921874999 0.1630208328125 0.609490740625 0.1546875 0.6511574078125 0.15572916718750002 0.6826388890625 0.159375 0.703009259375 0.16354166718750002 0.7113425921875 0.17265625 0.7118055562500001 0.1765625 0.7085648140625 0.1807291671875 0.6891203703125 0.1828125 0.6585648140625 0.1828125 0.6446759265625 0.1755208328125 0.6113425921875 0.1770833328125 0.5604166671875 0.1705729171875 0.54976851875
1 0.221875 0.5761574078125 0.2234375 0.6446759265625 0.21458333281250003 0.678009259375 0.21197916718749998 0.70023148125 0.2130208328125 0.7289351859375 0.21875 0.76226851875 0.2231770828125 0.7738425921875 0.228125 0.7761574078125 0.23723958281250002 0.77476851875 0.2421875 0.7641203703125 0.24895833281250002 0.7289351859375 0.25052083281250004 0.7039351859374999 0.24635416718749997 0.6733796296875 0.2401041671875 0.653009259375 0.23854166718749997 0.640046296875 0.24114583281250002 0.578009259375 0.2361979171875 0.565509259375 0.23203125 0.5627314812499999 0.22630208281250003 0.565509259375 0.221875 0.5761574078125
1 0.1885416671875 0.5678240734375001 0.1901041671875 0.6261574078125001 0.1833333328125 0.653009259375 0.18125 0.67523148125 0.18125 0.70023148125 0.1833333328125 0.715046296875 0.18802083281249998 0.7363425921875 0.1911458328125 0.7391203703125 0.20078125 0.7395833328125001 0.20625 0.7326388890625 0.2109375 0.7085648140625 0.2140625 0.6761574078125 0.21197916718749998 0.6576388890625 0.20416666718749998 0.6252314812499999 0.20625 0.5668981484375 0.20026041718749998 0.5553240734375 0.19296875 0.5571759265624999 0.1885416671875 0.5678240734375001
1 0.25 0.5604166671875 0.2466145828125 0.552546296875 0.23984375 0.55069444375 0.2338541671875 0.5613425921874999 0.23958333281250002 0.5706018515625 0.2416666671875 0.5854166671875001 0.23854166718749997 0.6418981484375 0.25052083281250004 0.697453703125 0.2557291671875 0.6798611109375 0.25625 0.6557870375 0.2546875 0.6391203703125 0.2484375 0.6113425921875 0.25 0.5604166671875
1 0.3174479171875 0.55069444375 0.3122395828125 0.552546296875 0.3083333328125 0.5604166671875 0.309375 0.615046296875 0.3010416671875 0.653009259375 0.3015625 0.6817129625 0.3057291671875 0.7039351859374999 0.309375 0.709490740625 0.3114583328125 0.6789351859374999 0.3177083328125 0.6585648140625 0.3203125 0.6363425921875 0.3182291671875 0.5817129624999999 0.3239583328125 0.5604166671875 0.3174479171875 0.55069444375