1 0.9427054453124999 0.45 0.9452816296875 0.4047840640625 0.9252576609375 0.2819231109375 0.9277108359374999 0.21250139687499997 0.937394315625 0.15535236562500002 0.9363144875 0.13665919531249998 0.8904496406250001 0.1414612421875 0.8917783234375001 0.23019100781250001 0.8884742218749999 0.28438040625 0.86875 0.3581902328125 0.86875 0.45 0.9427054453124999 0.45
1 0.380183434375 0.45 0.382585275 0.47044767656250003 0.38188128125 0.48620660468750004 0.3709797765625 0.5282370296875001 0.3703125 0.5337953343749999 0.3703125 0.5880093921875 0.3781926046875 0.6242423203125 0.3794963171875 0.6265625 0.39764296875 0.6265625 0.39955754374999997 0.622570690625 0.4090366109375 0.5685577937499999 0.4078835265625 0.5334271703125 0.3974955078125 0.4865868953125 0.3993283671875 0.45 0.380183434375 0.45
1 0.3345298609375 0.45 0.334262203125 0.460050334375 0.3368071125 0.47014457812500005 0.3376602390625 0.5025156125 0.32990529999999996 0.582399871875 0.3296875 0.5826819656250001 0.3296875 0.6121600015625 0.3323209265625 0.614716340625 0.3355273203125 0.6375 0.35586449062500003 0.6375 0.3658374140625 0.5820708328124999 0.364495775 0.544162434375 0.3538168453125 0.500099934375 0.352904465625 0.47791408750000003 0.3551745484375 0.45 0.3345298609375 0.45
1 0.3234375 0.5924195453125 0.3234375 0.6074636578125 0.3239295453125 0.609375 0.33077080625 0.609375 0.33182451562500004 0.596382478125 0.3284741125 0.5902062812500001 0.324302059375 0.590938140625 0.3234375 0.5924195453125
1 0.324081434375 0.45 0.3250395234375 0.4586382484375 0.324435765625 0.4716012125 0.315625 0.50266225 0.315625 0.578125 0.32237084375 0.578125 0.323686103125 0.5773265453125 0.33212553749999996 0.49696199218750003 0.33214753125 0.45 0.324081434375 0.45
1 0.2886693109375 0.45 0.28841284375 0.46968876562500006 0.29190060624999997 0.5077123421875 0.28125 0.553665746875 0.28125 0.5912875515625 0.2828560046875 0.61114935 0.2892317078125 0.639060475 0.2944705640625 0.6516756390625 0.30051402656250004 0.6541298640625 0.3080515453125 0.6546875 0.30976455468749997 0.6546875 0.3139694875 0.6507413468750001 0.3196148296875 0.61161304375 0.3196148296875 0.55562081875 0.30802488906250003 0.507162215625 0.309375378125 0.45 0.2886693109375 0.45
1 0.2828125 0.45 0.2828125 0.4521729671875 0.286062125 0.4666383640625 0.2875064390625 0.4907519015625 0.2828125 0.5230276546875 0.2828125 0.57515104375 0.2830772953125 0.577731275 0.28904969999999996 0.5931168203125 0.29292228124999997 0.5956183296875001 0.29386293750000003 0.603125 0.29411200625 0.603125 0.2913185546875 0.5631319921875 0.2986686265625 0.5177756609374999 0.2986686265625 0.49767691249999996 0.29311186562499997 0.45 0.2828125 0.45
1 0.12246140624999999 0.45 0.1242061109375 0.47693172500000003 0.1170545046875 0.5005385296875 0.1125 0.5270336343750001 0.1125 0.5440440890625 0.1132756921875 0.566938184375 0.12081515625000001 0.60999805 0.12330967968749999 0.6140625 0.14000470781250002 0.6140625 0.1416538734375 0.6122590328124999 0.1457289671875 0.5967853046875 0.151307615625 0.5557757984375 0.151307615625 0.546828959375 0.149448521875 0.520200465625 0.1382686109375 0.47783289218749997 0.14018357343750001 0.45 0.12246140624999999 0.45
1 0.17528118125 0.45 0.17575615625000002 0.4924859640625 0.171875 0.5074309984375 0.171875 0.628125 0.187532465625 0.628125 0.187956115625 0.6275681234375 0.1996629171875 0.58306610625 0.20257628125 0.562683615625 0.20125488906250003 0.531217284375 0.1921660875 0.485910546875 0.195384909375 0.45 0.17528118125 0.45
1 0.223638090625 0.45 0.2244791671875 0.4776620375 0.21354166718749998 0.5267361109375 0.21197916718749998 0.5545138890625 0.21510416718749997 0.5702546296875 0.21901041718749997 0.5697916671875001 0.22239583281250003 0.562847221875 0.2244791671875 0.5396990734375 0.234375 0.49710648125 0.2348958328125 0.48229166718750005 0.23125 0.4517361109375 0.23133491875 0.45 0.223638090625 0.45
1 0.232367621875 0.45 0.234375 0.49710648125 0.2244791671875 0.540625 0.2234375 0.5609953703125 0.2466145828125 0.55868055625 0.2609375 0.569328703125 0.2635416671875 0.565625 0.2614583328125 0.5443287031249999 0.25052083281250004 0.49895833281249996 0.2530911453125 0.45 0.232367621875 0.45
0 0.24296875 0.5577546296875 0.2299479171875 0.5605324078125 0.21744791718749998 0.57256944375 0.20625 0.6091435187500001 0.20625 0.631365740625 0.21197916718749998 0.6665509265624999 0.22265625 0.6827546296875 0.23802083281250003 0.6915509265625 0.2528645828125 0.6883101859374999 0.26223958281250004 0.6799768515625 0.2723958328125 0.65914351875 0.275 0.6285879624999999 0.27291666718749996 0.5952546296875 0.26510416718749996 0.5758101859375 0.2528645828125 0.5614583328125 0.24296875 0.5577546296875
1 1 0.45 0.97019564375 0.45 0.9698564109374999 0.451169615625 0.9739011390625001 0.5509877375000001 0.9625 0.6046696515625001 0.9625 0.7354270953125 0.9653023796875001 0.7530578453125 0.9686498140625 0.7640625 0.9977544484374998 0.7640625 1 0.7620942953125001 1 0.557315453125 0.99789179375 0.5473733171874999 1 0.5115510984375 1 0.45
1 0.9300659249999998 0.45 0.9292561062499999 0.46707921093750004 0.9329972125000001 0.5400818562499999 0.9174998015625 0.60820189375 0.9171875 0.6112254046875 0.9171875 0.6783564999999999 0.926169121875 0.7291708109374999 0.9277379625 0.7328125 0.9568238953125 0.7328125 0.9595024546875 0.7280067859375 0.9600987046875 0.71502563125 0.9551220062500001 0.675392696875 0.9552836124999999 0.647614915625 0.9575123906249999 0.622542165625 0.9649926000000001 0.589880128125 0.9553876562500001 0.5402257031250001 0.95942454375 0.45 0.9300659249999998 0.45
1 0.8580408500000001 0.45 0.8574381031249999 0.4757418984375 0.8623339984375 0.5296881859375 0.8616515578125 0.5574417046875 0.8578656656250001 0.5813459703125 0.8484375 0.618135646875 0.8484375 0.735751828125 0.8562081984375001 0.7766920828125 0.859550759375 0.784375 0.8867119390625 0.784375 0.8921349234375 0.78021775 0.90286403125 0.7269992109375 0.9072731078124999 0.6855266078125 0.9049598312499999 0.63540531875 0.8871723906250001 0.5586303562499999 0.8930109875 0.450539603125 0.89283478125 0.45 0.8580408500000001 0.45
1 0.8228316218749999 0.45 0.8221220640624999 0.4755195453125 0.8247395296875 0.520154990625 0.8230111781249999 0.54605969375 0.8125 0.5865268703125001 0.8125 0.7554490656249999 0.81283469375 0.75625 0.8312220859374999 0.75625 0.8357037296875 0.7553055890625 0.8303062687499999 0.7031354000000001 0.8312915109375 0.6595744390625 0.8377040390625 0.622728403125 0.8509271999999999 0.574099996875 0.8459709703125 0.5460675515625 0.8472647421874999 0.518289771875 0.8522474703124999 0.4897346265625 0.8550944062500001 0.45 0.8228316218749999 0.45
1 0.793959396875 0.45 0.8001078265625001 0.5407390750000001 0.7875539078125 0.6052265796875 0.7875 0.6065989125 0.7875 0.6438962687500001 0.7889547328125 0.6654117671875 0.7996012515625 0.7202596031249999 0.8033264046875 0.728125 0.8260718875 0.728125 0.8260718875 0.7206596 0.8183369124999998 0.6753498875 0.8171084953125 0.622572109375 0.8260718875 0.5826861875 0.8260718875 0.556616821875 0.8224605578125 0.5394084921875 0.82291986875 0.45 0.793959396875 0.45
1 0.734375 0.45 0.734375 0.4935471265625 0.74577445625 0.5709589140625 0.734375 0.660525265625 0.734375 0.6875958953125 0.7377063500000001 0.722498103125 0.7430232453125 0.74911315625 0.759394453125 0.8084300796875 0.763994928125 0.8140625 0.7834142828124999 0.8140625 0.7834142828124999 0.607517903125 0.772866034375 0.5754276093749999 0.7691116375 0.5486941562500001 0.7697011796875 0.48529706250000004 0.7674337 0.4575192859375 0.7643982515625 0.45 0.734375 0.45
1 0.7047905109375 0.45 0.7040350625 0.4632744125 0.7085141687500001 0.5172451265625 0.7092774109375 0.5589451703125 0.696075115625 0.6164107140625 0.69375 0.6369027828125 0.69375 0.6961820375000001 0.696146840625 0.7182291890625001 0.7073967812499999 0.7726337984375 0.7097701578125 0.7778765875 0.7104288671875001 0.778125 0.722651134375 0.778125 0.7235479984375 0.7745943984375 0.713822853125 0.7138084359375 0.71358044375 0.67214176875 0.7180794031250001 0.6400347500000001 0.731945934375 0.5781297140625 0.731945934375 0.5274765593749999 0.72698405 0.4702985328125 0.72741330625 0.45459116875000005 0.72838374375 0.45 0.7047905109375 0.45
1 0.6817732875 0.45 0.68044385 0.4715913171875 0.6827314531249999 0.5049034406249999 0.6814413171875 0.5493448546875 0.6744293750000001 0.58085966875 0.6710780062499999 0.5864334046875 0.6703125 0.589438746875 0.6703125 0.6331642796875 0.6742112640625 0.637329028125 0.6703125 0.6413362265625 0.6703125 0.7433226828125 0.6703933109375 0.7438074796875 0.6724956390625 0.746875 0.6857319265624999 0.746875 0.6845386359375001 0.7289138796875 0.6817531921875 0.7205987296874999 0.6811937374999999 0.657653946875 0.6856015078125 0.626154284375 0.70282584375 0.5612546265625 0.7045539921875 0.5316219671875 0.7017602890625 0.4723930078125 0.7030734234375 0.45294553281249994 0.7036898984375 0.45 0.6817732875 0.45
1 0.6649986531250001 0.45 0.6645833328125 0.47141203750000005 0.66875 0.5390046296875 0.6635416671875 0.56585648125 0.6583333328125001 0.5806712968750001 0.653125 0.6204861109375 0.6546875 0.6667824078125 0.6734375 0.7232638890625 0.6765625 0.7241898140625 0.6786458328125 0.718634259375 0.671875 0.6741898140625 0.6708333328125 0.6334490734375 0.675 0.5945601859374999 0.6833333328125001 0.5695601859374999 0.6869791671875 0.5482638890625 0.6864583328125 0.50381944375 0.6828125 0.45844907343749997 0.6840920468749999 0.45 0.6649986531250001 0.45
0 0.5270833328125 0.7649305562500001 0.528125 0.7954861109375 0.5322916671875 0.8195601859374999 0.5375 0.83993055625 0.546875 0.863078703125 0.5580729171875001 0.881134259375 0.5684895828125 0.8922453703125001 0.5989583328125 0.906597221875 0.61328125 0.9070601859374999 0.6299479171875 0.8987268515625001 0.6513020828125 0.875578703125 0.6640625 0.8510416671875 0.6713541671875 0.8288194437499999 0.6786458328125 0.784375 0.6776041671874999 0.75289351875 0.6723958328125 0.7232638890625 0.6541666671874999 0.6695601859375 0.6377604171875 0.649652778125 0.61328125 0.6366898140625 0.5861979171875 0.6394675921874999 0.5684895828125 0.6515046296875 0.5575520828125 0.6635416671875 0.5416666671875 0.6927083328125001 0.5348958328125 0.712152778125 0.5302083328125 0.734375 0.5270833328125 0.7649305562500001