0 0.05104768750000001 0.2307150703125 0.0432295 0.2356240296875 0.0375 0.2453986109375 0.0375 0.290625 0.08437871875 0.290625 0.08437871875 0.26271344218750003 0.083469915625 0.2568654765625 0.07468998906249999 0.2402219140625 0.0647536890625 0.2322684734375 0.0573694765625 0.2307150703125 0.05104768750000001 0.2307150703125
2 0 0.359375 0.2715616796875 0.359375 0.2715616796875 0.3464812796875 0.2687829609375 0.2974825765625 0 0.307514053125 0 0.359375
1 0.35625 0 0.35625 0.07958179843749999 0.366262415625 0.11233708125 0.3712534765625 0.12243283281249999 0.372976290625 0.1234375 0.3769138140625 0.1234375 0.395076740625 0.1210997203125 0.4011319203125 0.1172745578125 0.4056598703125 0.10109669375000001 0.40857335156249996 0.08380626875 0.4110811609375 0.061489143749999996 0.4119021640625 0.0330560734375 0.40897820625000003 0.0058606265625 0.40770498125000004 0 0.35625 0
1 0.45198259687500003 0 0.4538488390625 0.021881173437500002 0.46077971562500003 0.0520334546875 0.4727105859374999 0.0824769515625 0.48890561874999994 0.116639478125 0.48938795312500005 0.1171875 0.508022790625 0.1171875 0.508022790625 0 0.45198259687500003 0
1 0.5394279875000001 0 0.53960196875 0.009256771875 0.54231200625 0.0336126125 0.553717640625 0.0702246890625 0.570587021875 0.11119470625000001 0.576355096875 0.12027983906249999 0.5764248921874999 0.1203125 0.5909990078125 0.1203125 0.5940217640625 0.11986864374999999 0.5996304703125 0.11774471875 0.6002208890625 0.11680816093749999 0.6002208890625 0.10353749062499999 0.598224759375 0.09809280000000001 0.59384805625 0.0737757515625 0.59225404375 0.030456817187500002 0.5959488453125 0 0.5394279875000001 0
0 0.5896444875 0 0.5874583328125 0.0088458671875 0.584125 0.042710407812500004 0.585125 0.0715948703125 0.590125 0.10147534843749999 0.598125 0.128367778125 0.6087916671875 0.1512761453125 0.627625 0.17692355625 0.6489583328125 0.19534985 0.671625 0.2058080171875 0.6867916671875001 0.20854706250000002 0.707625 0.20730204218749998 0.7252916671875 0.2008279375 0.7462916671875 0.1858876984375 0.7639583328125 0.165469371875 0.7787916671875 0.1398219625 0.7877916671875 0.11691359531250001 0.7934583328125 0.0945032375 0.7974583328125 0.060638695312500004 0.7967916671874999 0.02926419375 0.7924757765625 0 0.5896444875 0
1 0.26642293906250003 1 0.28932535000000004 0.9264911187500001 0.295089765625 0.898143821875 0.297282153125 0.8763792078125 0.29719145625 0.8242868187500001 0.291242065625 0.78956921875 0.277056609375 0.7309261078125 0.27579631875 0.7123265468750001 0.2793003234375 0.6666745734375 0.2889482609375 0.6091521156249999 0.28980755468749997 0.5845451421875 0.2860947015625 0.567815740625 0.2827261625 0.5617351328125 0.27489348750000003 0.55360291875 0.2720628484375 0.5524067374999999 0.2545321921875 0.5524067374999999 0.24853592500000002 0.5564030093750001 0.24173737968750003 0.5665105500000001 0.23854606718750002 0.5758634265625 0.23630593906250003 0.598995096875 0.23956049375 0.6835380046875 0.23720102031249998 0.7100873078125 0.23322321562499998 0.728289946875 0.2125 0.7830231671875 0.2125 0.9784091953124999 0.2145336 0.9900426453125 0.2171043109375 0.9984614703125001 0.2183651828125 1 0.26642293906250003 1
1 0.1057291671875 0.6470576296875 0.1057291671875 0.6819175062499999 0.09811011875 0.71609385625 0.08001488125 0.77145954375 0.0747767859375 0.8049523671875001 0.0757291671875 0.8630521609375 0.08001488125 0.8883426609375 0.08382440468749999 0.8972285109375001 0.0847767859375 0.8726215390625001 0.08811011875 0.8630521609375 0.090491071875 0.8418628250000001 0.12001488125 0.7379667203125 0.1171577375 0.7283973421875001 0.11668154687500001 0.7174609109375 0.117633928125 0.705157425 0.1219196421875 0.6949045203124999 0.121443453125 0.66893049375 0.1171577375 0.621083603125 0.11811011874999999 0.5869072546874999 0.12049107187500001 0.5780214031249999 0.1273958328125 0.5660596796874999 0.13501488125 0.5585408828125 0.14668154687499999 0.55341443125 0.1393005953125 0.54076918125 0.1297767859375 0.5353009656250001 0.1188244046875 0.53666801875 0.1107291671875 0.5421362359375 0.1043005953125 0.55341443125 0.10096726250000002 0.5657179171875001 0.10096726250000002 0.5944260515625001 0.1057291671875 0.6470576296875
1 0.1751596671875 1 0.1862053578125 0.9628471031250001 0.1928720234375 0.921835484375 0.1943005953125 0.87808975625 0.19001488125 0.8391287171874999 0.16811011874999998 0.7571054765625 0.1633482140625 0.7263467625000001 0.16382440468749998 0.697638628125 0.17287202343750002 0.6258682921875 0.1738244046875 0.5923754703125 0.170491071875 0.5773378765625 0.16358630937500002 0.565376153125 0.1540625 0.55785735625 0.1469196421875 0.555806775 0.13501488125 0.5592244109375 0.12691964218750001 0.5667432078125 0.1190625 0.5855402 0.11811011874999999 0.621083603125 0.1233482140625 0.6832845609375 0.1233482140625 0.7290808703125 0.1152529765625 0.761890165625 0.09572916718749999 0.8213570140625001 0.08811011875 0.8671533234375 0.0871577375 0.9013296734375 0.0890625 0.93824013125 0.09287202343749999 0.9628471031250001 0.1013709796875 1 0.1751596671875 1
1 0 0.9933581984375 0.0047767859375 0.9942893453125 0.0212053578125 0.9946311093750001 0.0309672625 0.98950465625 0.0523958328125 0.9108990515625 0.0590625 0.8575839453124999 0.058586309375 0.80973705625 0.049538690625 0.7666748546875 0.0357291671875 0.716777384375 0.0362053578125 0.7099421140625 0.0338244046875 0.7044738984375 0.032872023437499995 0.693537465625 0.0357291671875 0.6579940625 0.03811011875 0.6477411562500001 0.037157737499999996 0.6422729406250001 0.0443005953125 0.5937425234375 0.0443005953125 0.5677684984375 0.038348214062500004 0.5510220859375 0.0297767859375 0.54076918125 0.0212053578125 0.537351546875 0.0040625 0.5421362359375 0 0.548597990625 0 0.9933581984375
1 0.0057291671875 0.5356427296875 0.0052529765625 0.5411109453125 0.015491071875000002 0.5380350734375 0.02501488125 0.5387185999999999 0.0312053578125 0.5428197625 0.040491071875 0.5554650125 0.0438244046875 0.5677684984375 0.0443005953125 0.6012613203124999 0.049538690625 0.5602497015625 0.049062499999999995 0.547946215625 0.0457291671875 0.5370097828125 0.0402529765625 0.52778216875 0.0321577375 0.521630425 0.02311011875 0.520263371875 0.015967262500000003 0.5243645328125 0.0057291671875 0.5356427296875
1 0.036681546875 0.638171778125 0.0357291671875 0.670981075 0.032872023437499995 0.6798669265624999 0.032872023437499995 0.6983221546875 0.037157737499999996 0.7154103296875001 0.036681546875 0.7215620734374999 0.0547767859375 0.7878641921875 0.06001488125 0.82272406875 0.06334821406249999 0.8015347312500001 0.0619196421875 0.761890165625 0.052872023437500006 0.71609385625 0.0462053578125 0.7024233171875001 0.045252976562500005 0.6928539390624999 0.040491071875 0.6819175062499999 0.039538690625 0.6422729406250001 0.0423958328125 0.616298915625 0.0407291671875 0.6098054078125 0.0390625 0.6333870906250001 0.036681546875 0.638171778125
1 0.755652253125 1 0.7603178703125 0.971381778125 0.763640246875 0.9279360999999999 0.7622524984375 0.8646453562499999 0.7401673125 0.767381134375 0.7422668671875 0.7173447125 0.7530297609375001 0.63167064375 0.7531656609375 0.5991539749999999 0.7443438687499999 0.57298081875 0.737812221875 0.56720863125 0.7229549140625 0.56720863125 0.7140384828125 0.5727203 0.7073938015625 0.584801465625 0.7028745046875 0.6012131921874999 0.7015513609375 0.6364347953125 0.7052618015625 0.7352020875 0.7029940421875001 0.768499 0.69375 0.806279284375 0.69375 1 0.755652253125 1
1 0.6781462546875 0.9069096281250001 0.6810702734375 0.8829934203124999 0.6927444796875 0.83281735625 0.697489671875 0.8016121406250001 0.6835102187500001 0.73835164375 0.6854502609375 0.6827960875000001 0.691556971875 0.6275562640625 0.69083515625 0.603363790625 0.6881304984375 0.59108995625 0.682480421875 0.58091386875 0.6759748546875001 0.57734605 0.6660247140625 0.57734605 0.6600199218749999 0.5810686671875 0.6529759921875 0.5958531125000001 0.6513592921875 0.6421494109375001 0.65527775 0.6944353921875 0.6537903828125 0.737027984375 0.64806819375 0.7663024171874999 0.6421875 0.787099384375 0.6421875 0.9748955921875 0.6472261046875 0.992298178125 0.6536602328125 0.996875 0.6749444656250001 0.996875 0.6793705234375 0.99148461875 0.6770180531250001 0.9541713156250001 0.6781462546875 0.9069096281250001
1 0.783949790625 0.818883096875 0.8018712265625 0.8706280703125 0.8094866249999999 0.9300693375 0.8135893546874999 0.9375 0.8265590359375 0.9375 0.8265590359375 0.740823190625 0.81799844375 0.7139328296875 0.8119726249999999 0.6001956171874999 0.8046850375 0.5827171328125 0.7953397343749999 0.57571995625 0.787667559375 0.5771167828125 0.7814580234374999 0.584129834375 0.778125 0.598196225 0.778125 0.5983464765625 0.7793516890625 0.62134165 0.786465178125 0.6604732171875 0.7913657796875 0.7114598171875001 0.7833157109375 0.7626139609375 0.780913878125 0.7993476453125 0.783949790625 0.818883096875
1 0.8939941250000001 1 0.9005986234375001 0.9651770984375 0.9005986234375001 0.8120098984374999 0.8790130203125 0.7305293265625 0.87701039375 0.679615521875 0.879856915625 0.6341481703125 0.8782045296875001 0.5952714046875001 0.8716895859375 0.5773552578125 0.8584262734374999 0.5693249874999999 0.8451270859375001 0.57797350625 0.8404620578124999 0.5878108921875 0.8377950656250001 0.6036243703124999 0.8386033171874999 0.6314021484375 0.8483466749999999 0.7154916921875 0.848445503125 0.736800109375 0.8362150343749999 0.8000903812499999 0.834375 0.8162444749999999 0.834375 0.9090193031249999 0.8373827078125 0.9297806234374999 0.8550158437500001 1 0.8939941250000001 1
1 0.946875 0.712615740625 0.9317708328125001 0.771875 0.9265625 0.81631944375 0.9265625 0.8394675921874999 0.9296875 0.8709490734374998 0.9416666671874999 0.9302083328125 0.94921875 0.943634259375 0.9614583328125 0.946875 0.97421875 0.943634259375 0.9786458328125001 0.9357638890625001 0.9916666671875 0.8737268515625001 0.9958333328125001 0.8320601859375 0.9947916671874999 0.80335648125 0.9911458328125 0.775578703125 0.9755208328125 0.7135416671874999 0.975 0.6765046296875 0.9796875 0.624652778125 0.9802083328125001 0.5959490734375 0.9752604171874999 0.5769675921874999 0.96328125 0.5667824078125 0.95078125 0.5732638890625 0.9432291671874999 0.5922453703125 0.9421875 0.6135416671874999 0.946875 0.6700231484375 0.946875 0.712615740625
1 0.6229166671874999 0.75335648125 0.6166666671875 0.774652778125 0.6130208328125001 0.8135416671875 0.6140625 0.8487268515625 0.6192708328125001 0.8866898140625 0.628125 0.924652778125 0.6325520828125001 0.9325231484375 0.6369791671874999 0.9339120375000001 0.6458333328125001 0.9302083328125 0.6416666671875 0.896875 0.640625 0.8450231484374999 0.6453125 0.8098379625 0.6546875 0.7700231484375 0.6583333328125001 0.743171296875 0.6526041671874999 0.712615740625 0.6541666671874999 0.6728009265624999 0.653125 0.600578703125 0.6497395828125001 0.5917824078125 0.6408854171874999 0.5853009265625 0.63046875 0.5890046296875 0.6229166671874999 0.6079861109375 0.6223958328125001 0.6265046296875 0.6276041671874999 0.675578703125 0.6286458328125001 0.7098379625 0.6229166671874999 0.75335648125
1 0.5973958328125001 0.67743055625 0.5973958328125001 0.7024305562500001 0.5864583328125 0.75335648125 0.5838541671874999 0.7765046296875 0.584375 0.8107638890625001 0.5880208328125001 0.8366898140625001 0.5979166671874999 0.8802083328125001 0.603125 0.887615740625 0.6158854171874999 0.8880787031249999 0.6182291671875 0.8820601859374999 0.6135416671874999 0.8487268515625 0.6125 0.806134259375 0.6161458328125 0.775578703125 0.6244791671875 0.7413194437499999 0.6244791671875 0.7265046296875 0.6192708328125001 0.7052083328125001 0.6177083328125 0.6885416671875 0.6203125 0.6135416671874999 0.6177083328125 0.6015046296875 0.61328125 0.593634259375 0.6075520828125001 0.58993055625 0.5986979171875 0.5927083328125 0.5921875 0.6098379625 0.5947916671875 0.66539351875 0.5973958328125001 0.67743055625
1 0.8763020828125001 0.575115740625 0.8739583328125 0.5783564812499999 0.878125 0.612615740625 0.8739583328125 0.6792824078125 0.875 0.7329861109375 0.8822916671875 0.7681712968750001 0.8895833328125 0.7894675921875 0.9005208328125001 0.8589120375 0.90625 0.824652778125 0.9072916671875 0.7829861109375 0.9020833328125001 0.7440972218749999 0.8901041671875 0.7005787031249999 0.8932291671874999 0.5987268515624999 0.8877604171875 0.5797453703125 0.8763020828125001 0.575115740625