0 0.04394385625 0.1140625 0.05 0.1064742375 0.05 0.07081405625000001 0.0469624171875 0.0608902125 0.042211890625 0.053662067187499995 0.036874178125000004 0.0505505203125 0.027064598437499997 0.051768221875 0.021073351562500002 0.05692325625 0.0161436734375 0.0681468796875 0.014577848437499999 0.0791244859375 0.0157024421875 0.09212082499999999 0.0251510484375 0.1140625 0.04394385625 0.1140625
1 0.8389201328125001 0.359375 0.8390625 0.35527516875 0.8390625 0.3500032515625 0.8375677765624999 0.3253476421875 0.8314350984375001 0.2866864515625 0.7907763328125 0.2822540546875 0.7813051546875001 0.2822540546875 0.7621063343750001 0.34395429843750003 0.7609991218750001 0.35013959843750003 0.7609991218750001 0.359375 0.8389201328125001 0.359375
1 0.7203125 0.359375 0.7203125 0.292826371875 0.7139518453125 0.26893735625000004 0.6705933875 0.25606478906249996 0.6623067 0.282103509375 0.65644456875 0.3151821734375 0.6551621953125 0.339192584375 0.656050821875 0.359375 0.7203125 0.359375
1 0.6375 0.359375 0.6375 0.25385762968750003 0.6365150953125001 0.25090905 0.6315614593750001 0.24483901718749998 0.619617078125 0.2391501296875 0.5958555453125001 0.23517370468749998 0.592394840625 0.24022084375000002 0.5891654828124999 0.25683296875 0.585634971875 0.2937912203125 0.5876253890625 0.3224888640625 0.5936666749999999 0.355858559375 0.5947298890624999 0.359375 0.6375 0.359375
1 0.9530613109375 0.0913749515625 0.949451053125 0.100525084375 0.9443397703125 0.0984913546875 0.9366113734375 0.10657005625 0.9336804765625001 0.1027572234375 0.92894445 0.103519459375 0.9273981015625001 0.12804740312500001 0.9265625 0.1302575234375 0.9265625 0.152380528125 0.9364075234375001 0.1552630140625 0.9265625 0.1573912140625 0.9265625 0.1770839453125 0.9295687390625 0.17125755468749998 0.9338809828125001 0.1686252828125 0.9401665593749999 0.1781209828125 0.946541940625 0.18125 0.9489214984375 0.18125 0.9528121359374999 0.17577971406249998 0.9562153421874999 0.18053665937500002 0.962090084375 0.17795895 0.9631843374999999 0.18125 0.9646415859375 0.18125 0.9688382921875001 0.1587145703125 0.9722705968749998 0.17785065 0.9739560484374999 0.1556466140625 0.978232715625 0.14373689375 0.9796875 0.1159779625 0.9796875 0.11186544062499999 0.9770487453125 0.10659073125 0.9766379125 0.0945173171875 0.974506053125 0.095370490625 0.9730017562499998 0.1240741953125 0.9706693187500001 0.1337327578125 0.9687865625000001 0.12485461718749999 0.9708343203125 0.115649921875 0.9709572718749999 0.09339132343749999 0.96925566875 0.09101285 0.9530613109375 0.0913749515625
1 0.890625 0.359375 0.890625 0.305612284375 0.88932361875 0.2992889484375 0.885411646875 0.293132484375 0.83637230625 0.29021165937500004 0.8334324328125 0.29516630625 0.8491494062499999 0.3502416046875 0.850638125 0.359375 0.890625 0.359375
1 0.8234375 0.09044384375 0.820458775 0.08348874375000001 0.815444684375 0.0803467625 0.79565301875 0.07896279687499999 0.786835509375 0.0890464296875 0.78211944375 0.103955084375 0.78211944375 0.16875 0.8190937500000001 0.16875 0.8211067296875001 0.16029646718749999 0.8234375 0.13918739062500002 0.8234375 0.09044384375
1 0.87056840625 0.1666002015625 0.8734375 0.14336716562500001 0.8734375 0.09314495 0.8719215703125001 0.0890625 0.858873846875 0.0890625 0.8505146109374999 0.09001658125 0.8419026234375 0.10215516875 0.8401545468750001 0.12491130156250001 0.8401545468750001 0.1645190671875 0.8403169484375 0.1696385 0.842698359375 0.175 0.8461501312499999 0.175 0.84943319375 0.1745384921875 0.866468090625 0.1710400203125 0.87056840625 0.1666002015625
1 0.047430209375 1 0.05116864375 0.9868263234375 0.0515625 0.971611584375 0.0515625 0.8416095078125 0.040231521874999995 0.785237409375 0.045156304687499996 0.6714939921875 0.0375000921875 0.6511823578125 0.026465625 0.6425944515625 0.01717143125 0.6493206921875 0.009234965625 0.6720464265625 0.014450271875 0.7846373484375 0.0039976078125 0.8260494421875 0.004126896875 0.8371605531250002 0.013383254687500002 0.8943050156249999 0.0141266703125 0.9581939078125 0.0093735375 1 0.047430209375 1
1 0.0783877 0.9873109281249999 0.08009707656250001 0.990625 0.0828125 0.990625 0.0828125 0.6766024109375 0.0768462515625 0.6627147375 0.064276915625 0.6525150140625 0.0577317171875 0.6577840671875 0.051290515625 0.67758870625 0.06358109687499999 0.77358120625 0.059952179687499996 0.8121835921875 0.0776250234375 0.8807166500000001 0.0804198 0.9126610968750001 0.0783877 0.9873109281249999
1 0.12409828281249999 1 0.1293479578125 0.97789945625 0.1341154375 0.9321753828125001 0.13351128750000002 0.8846800078125 0.1205885203125 0.800035546875 0.1359375 0.6653531984375001 0.1359375 0.654812040625 0.130634071875 0.6395369359374999 0.11725141718750001 0.6288313656250001 0.1049499421875 0.6363452453124999 0.09436307656250001 0.6586336625 0.091677984375 0.786848484375 0.0770413203125 0.836703978125 0.0770413203125 1 0.12409828281249999 1
1 0.2036173953125 0.9904247500000001 0.20898661875000002 0.9838196531250001 0.225 0.9095456343749999 0.225 0.8372845890625001 0.21602270625000003 0.7825946546875 0.225 0.6949453609375 0.225 0.676742603125 0.2243227890625 0.6712650218749999 0.2139353984375 0.6578125 0.21317209843749998 0.6578125 0.19880029375 0.6675122671875 0.197625925 0.6829596875 0.197625925 0.8309597796875 0.20126359531250002 0.8486918875 0.203746696875 0.878974290625 0.20063665937500003 0.9290289203125 0.197625925 0.9432752421874999 0.197625925 0.990625 0.202039821875 0.990625 0.2036173953125 0.9904247500000001
1 0.1581687609375 1 0.1654661640625 0.9700180062499999 0.171875 0.91284326875 0.171875 0.868236415625 0.17177934687500002 0.864444265625 0.164078484375 0.8327180281250002 0.15859521875 0.788455421875 0.1697609015625 0.6647352062499999 0.16630109531249998 0.6488629953125 0.1520396546875 0.6380973765625 0.1384575375 0.6515918546874999 0.134861253125 0.6898570015625 0.134861253125 0.8569162875 0.138947421875 0.8804675796874999 0.1398887640625 0.9220615109375 0.134861253125 0.9764130703125 0.134861253125 1 0.1581687609375 1
1 0.1863690125 1 0.1865142203125 0.99968295625 0.19756613750000002 0.9473555578124999 0.203125 0.8934539203125 0.203125 0.8896189 0.2009896421875 0.8570368359374999 0.19061937499999998 0.7938407953125 0.197809778125 0.67308935 0.19341088281250002 0.6582398828125 0.1836427640625 0.6493742828125 0.170008221875 0.6646709375000001 0.167268859375 0.723486146875 0.167268859375 0.8356426171875 0.173128384375 0.8667149234375 0.17528804375 0.904419640625 0.1736708296875 0.9391418625 0.167268859375 0.9726263281249998 0.167268859375 1 0.1863690125 1
1 0.9217640906250001 0.6126237484375 0.9259706062500002 0.6796875 0.9271588296874999 0.6796875 0.953125 0.615325325 0.953125 0.583405890625 0.9518490625 0.52284174375 0.953125 0.5101070046875 0.953125 0.46033258749999995 0.9444637828125 0.447112640625 0.9248131671875001 0.43974755937500004 0.9076224234375001 0.44916554687500004 0.8982458874999999 0.4647362046875 0.8982458874999999 0.48871620781249997 0.90020411875 0.5397390921875 0.8982458874999999 0.5523298750000001 0.8982458874999999 0.594008309375 0.9084977999999999 0.5981348609375 0.9217640906250001 0.6126237484375
1 1 0.492624184375 0.9923948593749999 0.48534592343750005 0.9732114203125001 0.49386432031250005 0.9609028671875001 0.5126271953125 0.9753350218750001 0.6168445124999999 0.9568841296875 0.694478925 0.964267025 0.733308578125 0.978366753125 0.757797540625 0.9856299968750001 0.7640625 0.9917256546874998 0.7640625 0.9939503125 0.7385038203125001 1 0.7154456015624999 1 0.5924054875 0.996352246875 0.5685434328125 1 0.5625307515625 1 0.492624184375
1 0.8491798984375001 0.8468342906250002 0.853599 0.8503969156250001 0.87759443125 0.880881678125 0.8923171625 0.9194270781250001 0.8938157109375 0.946875 0.93257894375 0.946875 0.941771765625 0.9403033671875001 0.9578125 0.8551385734375 0.9578125 0.8213445968750002 0.951253778125 0.7855434640625 0.9270764437499999 0.72891885 0.9293884421874999 0.6192125734375 0.9190340859374999 0.60442006875 0.8955002640625 0.5960751578125001 0.8817007499999999 0.6018094671875 0.8676821671875 0.6202570625 0.8666102656250001 0.7313899046875 0.8491798984375001 0.7728996546875 0.8491798984375001 0.8468342906250002
1 0.8336071140625 0.825 0.86707705 0.71560860625 0.8636725234375 0.617501353125 0.8724798359375001 0.59960860625 0.8921875 0.584805890625 0.8921875 0.5421683578125001 0.8816159375 0.5318557140625 0.8755515703124999 0.5305294500000001 0.8580047687500001 0.5305294500000001 0.8454917343750001 0.5370397421875 0.8332579375 0.5571655796874999 0.8350186265625 0.6620327359375 0.8151044390625 0.7243151140625 0.8151044390625 0.8236481937499999 0.8201567765625001 0.825 0.8336071140625 0.825
1 0.7873674218750001 0.8089983671875001 0.8032192031250001 0.8125 0.8063441484375 0.8125 0.8014665671875001 0.7813702124999999 0.8032833703125 0.746703546875 0.8333683421875 0.6554472406249999 0.83053924375 0.556966775 0.8407111031250001 0.5407495390625 0.8578125 0.5277217750000001 0.8578125 0.5198513218749999 0.8549471656250001 0.4978035703125 0.8442077906250001 0.486734021875 0.8259603859375 0.4791684937499999 0.8095411234375 0.4875408984374999 0.794458025 0.50853341875 0.7973570046875 0.60568055 0.777055225 0.66265714375 0.777055225 0.772172409375 0.783085078125 0.80177365 0.7873674218750001 0.8089983671875001
1 0.770054075 0.7546875 0.7672282671875 0.6856900781249999 0.7948922265625 0.6082811984375001 0.7928210328125 0.5092651484374999 0.8078125 0.48370361093750003 0.8078125 0.465157346875 0.8008868109374999 0.4508779890625 0.7780192343750001 0.4396551421875 0.7617087296875 0.44548328281250005 0.7481415984374999 0.46415278437499996 0.7490657625 0.559098959375 0.7270809640625 0.615011915625 0.7270809640625 0.6994904 0.7375186515625 0.749625871875 0.7448395984375 0.7546875 0.770054075 0.7546875
0 0.9005331 1 0.909375 0.9793174046875001 0.909375 0.9133960234374999 0.8922413921875 0.8720829125 0.8563660828125 0.8385095687499999 0.8098811578125 0.81875 0.7992002312500001 0.81875 0.7460407859375 0.8251306234375001 0.708210915625 0.8468983703124999 0.6774816234375 0.8785807859375 0.6623068937500001 0.9179668828124999 0.6623068937500001 0.9714652765625 0.6629368625 0.9880537515625001 0.668889075 1 0.9005331 1