1 0.89375 0.76875 0.89375 0.730889634375 0.8825464421875001 0.6377497953125 0.8843517421874999 0.5933326250000001 0.8702100015625 0.5900369546875 0.8612070390625 0.5900369546875 0.8546493921875001 0.590614628125 0.8493155828125001 0.5957935859375 0.8451570703125 0.63008011875 0.8268848203125 0.6858811359375 0.8148889593749999 0.715267546875 0.8148889593749999 0.76875 0.89375 0.76875
1 0.7481150624999999 0.76875 0.7484375 0.767066196875 0.7484375 0.6628518984375 0.7468312390625 0.6414023875 0.739380396875 0.5942347078125 0.7326698406250001 0.58640524375 0.7118365078125 0.5865264484375 0.7066433546875001 0.592573753125 0.6872979578124999 0.6584114578125 0.6820371625 0.68528755 0.6805959390625 0.6980393984375 0.6805959390625 0.76875 0.7481150624999999 0.76875
1 0.628908 0.76875 0.6437331875 0.710112990625 0.6453125 0.70002926875 0.6453125 0.6041313515625 0.6410508671875 0.5860676234375 0.634782675 0.5820760078125 0.6112447921874999 0.5820760078125 0.5999697015625 0.58709296875 0.59452060625 0.6017908125 0.58585089375 0.6345124640625001 0.58585089375 0.730439603125 0.5914237953124999 0.76875 0.628908 0.76875
1 0.5296436468750001 0.7265625 0.5543388625000001 0.7265625 0.5610582875000001 0.7049830140625 0.5716113421875 0.64855910625 0.571875 0.6259004265625 0.571875 0.6057899421874999 0.5679115125 0.58603335 0.5507886578125 0.5803778015625001 0.5273403828125 0.581167371875 0.519186659375 0.5880648484375001 0.515835403125 0.6074911125 0.515625 0.6128748421875 0.515625 0.6587852359374999 0.516209075 0.66490458125 0.5269778640625 0.724230503125 0.5296436468750001 0.7265625
1 0.7951473453125 0.76875 0.80625 0.7190393515625 0.8083333328125001 0.701446759375 0.8067708328125001 0.6310763890625 0.8 0.59774305625 0.79609375 0.5907986109375 0.7643229171875 0.5898726859375001 0.759375 0.5940393515625 0.7505208328124999 0.6255208328124999 0.7588541671875 0.7116319437499999 0.759375 0.7588541671875 0.75826171875 0.76875 0.7951473453125 0.76875
1 0.9410774734375 0.76875 0.9421875 0.7597800921875 0.9432291671874999 0.720891203125 0.9390625 0.6690393515624999 0.9239583328125001 0.6023726859375 0.91796875 0.5945023140625 0.9033854171875 0.5935763890625 0.8934895828125 0.5963541671875 0.8911458328125 0.6005208328125 0.8864583328125001 0.6292245375000001 0.8932291671874999 0.6810763890625 0.903125 0.72366898125 0.9083333328125001 0.763483796875 0.908456759375 0.76875 0.9410774734375 0.76875
1 0.9551308593750001 0.76875 0.9625 0.7375578703125 0.9677083328125 0.6995949078125 0.9677083328125 0.6495949078125001 0.9609375 0.6097800921875 0.9575520828125 0.6028356484375 0.9424479171875 0.59820601875 0.9263020828125 0.59820601875 0.9244791671874999 0.6042245375 0.9385416671875 0.663483796875 0.9427083328125001 0.694965278125 0.94375 0.7403356484375 0.9419058 0.76875 0.9551308593750001 0.76875
1 0.96875 0.66163194375 0.9677083328125 0.7051504625 0.9625 0.73663194375 0.9638020828125 0.7426504625 0.9734375 0.7421875 0.9791666671874999 0.7347800921875 0.9895833328125001 0.6875578703125 0.9932291671875 0.6597800921875 0.99375 0.632928240625 0.9921875 0.6153356484375 0.9877604171875 0.600983796875 0.96796875 0.59820601875 0.9604166671875 0.6023726859375 0.9671875 0.6403356484375 0.96875 0.66163194375
2 0.3 0 0.3 0.5688088812500001 0.3231770828125 0.570428240625 0.38359375 0.570428240625 0.49192708281249997 0.5796875 0.51796875 0.5796875 0.54296875 0.57413194375 0.5924479171874999 0.5815393515625 0.61953125 0.5750578703125 0.6346354171874999 0.576909721875 0.6466145828125001 0.5833912031249999 0.7013020828125 0.5787615734375 0.75390625 0.5843171296875 0.9127604171874999 0.5852430562500001 0.9815104171875 0.5917245375 0.9997395828125001 0.59913194375 1 0.5991631546875 1 0.053810064062499996 0.8690104171874999 0.0398726859375 0.85234375 0.03524305625 0.63359375 0.01116898125 0.61953125 0.006539351562499999 0.5252604171874999 0.0000578703125 0.5250558046875 0 0.3 0
1 0.039296921875 0.76875 0.0372491203125 0.7724865046875 0.03344500625 0.789171353125 0.03386828125 0.829899971875 0.0382318515625 0.876159909375 0.0351224796875 0.9141319593749999 0.02051333125 0.9708113734375001 0.02051333125 1 0.081615709375 1 0.0816137203125 0.99995218125 0.06428914687500001 0.9139622765625 0.06577529531250001 0.851931296875 0.07130019062500001 0.8185737234375001 0.0723262296875 0.7806137921875 0.067988365625 0.76875 0.039296921875 0.76875
1 0.15767988125000001 1 0.14451581093750002 0.9344015359375 0.14557585625 0.874289190625 0.1519447265625 0.8258132625 0.15190541562499998 0.7971823984374999 0.1474586765625 0.7831765390625 0.1387877359375 0.7758478796875 0.1307034921875 0.7758478796875 0.12206718125 0.7812574265625 0.11622658749999999 0.7922879843749999 0.11255191093750001 0.8082472468749999 0.11210272031249999 0.8359886046874999 0.11553617187500001 0.9013287234374999 0.11437214531249999 0.9346620578125 0.09725784062500001 1 0.15767988125000001 1
2 1 0.76875 0.3 0.76875 0.3 0.9538844078125 0.3643628546875 0.9493837203125001 0.38916885 0.9531911031250001 0.47662034843749995 0.9484613968750001 0.491124590625 0.9571456421875 0.5031828484374999 0.946603965625 0.5204673515625 0.9426243203125001 0.5623638453125 0.9480076171875 0.6030858484375 0.9423890625 0.616124590625 0.9484047890625 0.6256450953125 0.9435825609374999 0.633215090625 0.949980703125 0.700160084375 0.952226940625 0.70313958125 0.9561750828125 0.74610833125 0.953170415625 0.7573368375 0.9440722578124999 0.8262323406250001 0.9350981234375 0.8503540874999999 0.9361823609375 0.8701330765625 0.9500397515625 0.9111244515625 0.9478661031250001 0.9302893265625001 0.9458332171875 0.9494273343749999 0.9334109765624999 1 0.9298745937499999 1 0.76875