1 0.4796875 0 0.4517345609375 0 0.4512721046875 0.01388508125 0.45699691875 0.07620314375000001 0.446875 0.1320100375 0.446875 0.1484375 0.4796875 0.1484375 0.4796875 0.08282535156250001 0.47813108125000003 0.0766095765625 0.4796875 0.0128571390625 0.4796875 0
1 0.43419740312500005 0 0.43717855468750005 0.04374484375 0.4234375 0.1207240375 0.4234375 0.1484375 0.4428780671875 0.1484375 0.4539026640625 0.089783071875 0.4553735921875 0.05210547343750001 0.45052986562499997 0.012123693750000001 0.45148024062500003 0 0.43419740312500005 0
2 0.4796875 0.1455742125 0.0890625 0.1455742125 0.0890625 0.15697934062500002 0.092165159375 0.2126704625 0.10103581406249999 0.223517034375 0.14730757187500002 0.228710484375 0.168737553125 0.22291245937499998 0.17298003281250002 0.2162136765625 0.239297278125 0.218304990625 0.4796875 0.23782235312500002 0.4796875 0.1455742125
1 0.6995924828125 0.3080278328125 0.7112243781250001 0.301430221875 0.7215456140625001 0.281112371875 0.7215456140625001 0.248912328125 0.7211254703125001 0.239945359375 0.7111749671875 0.2214071953125 0.6946861578125001 0.21408234531249998 0.6944494875 0.22338910156249997 0.708887425 0.2594503453125 0.702249509375 0.2663840609375 0.6829214515625 0.214973821875 0.6695792109375 0.22598818281250002 0.65637828125 0.20412369687499998 0.635264975 0.19286212187500001 0.6189753828125 0.1940964734375 0.5984265265625 0.2070859703125 0.5839094375 0.22604912812500003 0.575 0.2497740328125 0.575 0.286541403125 0.577391584375 0.2965664453125 0.59390935 0.32461031875 0.6032792796875001 0.3296875 0.655258025 0.3296875 0.6723103515625001 0.30437895 0.6995924828125 0.3080278328125
1 0.2337550671875 0.8186856890625 0.242443053125 0.794637928125 0.259233134375 0.76673588125 0.2785027375 0.7484857234375 0.2785027375 0.6998697187499999 0.2668230984375 0.6377360453125 0.2654910375 0.6027132640625 0.271496834375 0.5026135593750001 0.26620314375 0.48199855156249993 0.24840945625000002 0.4619657390625 0.2310940125 0.47181222968750003 0.2212543578125 0.4966090140625 0.222210846875 0.5563676234375 0.2282319609375 0.6019826359375 0.22952516093750003 0.6464270765625 0.222426675 0.6982162265625 0.209375 0.7435314500000001 0.209375 0.840408240625 0.21522071875 0.8807428671875 0.226302621875 0.925 0.2286276828125 0.925 0.23033394375 0.9161990093749999 0.22925621718750003 0.8522737328125001 0.2337550671875 0.8186856890625
1 0.0935397671875 0.8734638624999999 0.10127439375 0.8256968640625001 0.10127439375 0.702240296875 0.079455878125 0.6046114125 0.0804527171875 0.479315415625 0.071716203125 0.457020346875 0.062211893750000004 0.45217518281249997 0.047497453125 0.4588555328125 0.03907879375 0.48384188281250007 0.039822309374999997 0.515786328125 0.0498330296875 0.609638775 0.03125 0.7259459015624999 0.03125 0.752732896875 0.0317402578125 0.7737963640625 0.0381788109375 0.815048634375 0.0520042078125 0.8710458843750001 0.0549826515625 0.8765625 0.09120960781250001 0.8765625 0.0935397671875 0.8734638624999999
1 0.11888351875 0.73125 0.11888351875 0.595129190625 0.10877680468749999 0.5654312265625 0.102328940625 0.44051311406250004 0.09299733593750001 0.42518123281250003 0.07971620625 0.42518123281250003 0.075 0.4343646578125 0.075 0.4528193140625 0.081452771875 0.467103528125 0.0857348234375 0.48532285937499997 0.0885236640625 0.6017438609375001 0.116470725 0.7097937828124999 0.11884562968750001 0.73125 0.11888351875 0.73125
1 0.115234375 0.40972222187499996 0.104296875 0.40416666718750005 0.0953125 0.41180555625000004 0.09375 0.42430555625000005 0.103125 0.45069444374999995 0.10078125 0.5631944437499999 0.1171875 0.6326388890625 0.11875 0.70625 0.12421875 0.6951388890625 0.13203125 0.6576388890625 0.13359375 0.596527778125 0.1171875 0.5173611109375 0.1203125 0.42430555625000005 0.115234375 0.40972222187499996
0 0.3768748171875 1 0.38671875 0.9576388890625 0.39609375 0.909027778125 0.3921875 0.840972221875 0.3734375 0.7826388890625 0.345703125 0.747222221875 0.311328125 0.7333333328125 0.283984375 0.7361111109375 0.247265625 0.7708333328125001 0.22421875 0.815972221875 0.21640625 0.8756944437499999 0.221875 0.946527778125 0.23814677187500002 1 0.3768748171875 1
1 0.5875179703125 0.672987721875 0.5887031671875 0.6061755062499999 0.5860361171874999 0.5951735578124999 0.579173221875 0.5878439609375 0.5707411234374999 0.593799778125 0.5667877546875 0.6058054625 0.5711117203125 0.67375185625 0.565625 0.7005761625 0.565625 0.7643781796875 0.5746715171875 0.796875 0.58579996875 0.796875 0.5910742734375 0.795209946875 0.594422753125 0.7779382796875 0.594422753125 0.700313934375 0.5875179703125 0.672987721875
1 0.5487828890625 0.7797522953125 0.535884121875 0.73707630625 0.5362236125 0.650787596875 0.5332791140625 0.6419670171874999 0.5261185578124999 0.6369442578125 0.5152780375 0.64193971875 0.5112236125 0.6526819828124999 0.5177214109375 0.7301045640625 0.509375 0.7795080890625 0.509375 0.84342028125 0.5189012765625 0.8816710515625001 0.5202558828125 0.884375 0.5411975328125 0.884375 0.54165450625 0.8841209296875 0.5487828890625 0.8488976609375001 0.5487828890625 0.7797522953125
1 0.75873225 1 0.7583965546875 0.9947615562500001 0.7598106921875 0.9560773843749999 0.76540545 0.9204959625000001 0.76540545 0.8647896671874999 0.75972161875 0.8453347656249999 0.745575628125 0.8305172031249999 0.7429721046875001 0.8305172031249999 0.7251587171875 0.8345259437500001 0.7172868921875001 0.8514162015625001 0.7161001953125 0.8693489249999999 0.7250104578125001 0.9597904796875 0.72400176875 0.9805009828125 0.7210745640624999 0.9955740421874999 0.718801584375 1 0.75873225 1