1 0.7863260671875001 0 0.7594508421875 0.14096666093750002 0.7600040921875 0.215866096875 0.7639581734374999 0.2377408546875 0.7720438453125 0.24328762343750002 0.7703638921875 0.24923230937500002 0.7736794203125 0.246893625 0.7745433140625 0.2549382453125 0.7653240328124999 0.26706637031249997 0.7634870312500001 0.29064615625 0.7701505453124999 0.31875 0.871875 0.31875 0.871875 0.0740834578125 0.8707037703125 0.071794884375 0.8696793750000001 0.0498007515625 0.8582292828125 0 0.7863260671875001 0
1 1 0 0.952410728125 0 0.952410728125 0.271875 0.9678785812499999 0.271875 0.971703878125 0.26656006875 0.9816191984374999 0.1331858609375 0.9924049390625 0.084400615625 1 0.0648240140625 1 0
1 0.6938713171875 0 0.6927231078125 0.029422215624999998 0.6982889515625 0.1042705625 0.7070202375 0.1479173953125 0.72731310625 0.21140920312499997 0.7392068796875 0.2203125 0.7403909265624999 0.2203125 0.7426029562500001 0.21771626249999998 0.7404221546875001 0.1927895765625 0.7339502546875 0.1637372171875 0.7263815875 0.0772269515625 0.7407767453125 0 0.6938713171875 0
1 0.4541061734375 0 0.4399392015625 0.0899836390625 0.4452542609375 0.26573199999999997 0.45290003125 0.31875 0.5640625 0.31875 0.5640625 0.07143693906250001 0.562348909375 0.0656916421875 0.5573988609375 0.008404529687499999 0.5547562734375 0 0.4541061734375 0
1 0.7336352515625 0 0.723474121875 0.0465679 0.727380371875 0.0731427984375 0.722497559375 0.0787804796875 0.724450684375 0.1125957890625 0.717614746875 0.2207817984375 0.724450684375 0.2504257015625 0.7298456859375 0.2609375 0.7369785609375 0.2609375 0.735192871875 0.225999340625 0.739099121875 0.148468665625 0.749841309375 0.0917842421875 0.7766605421875 0 0.7336352515625 0
1 0.05937171249999999 0.31875 0.055365078125 0.347398325 0.057224115625 0.400757125 0.06990319218749999 0.49820383437500004 0.06993499375 0.566108946875 0.10687758437499999 0.6870578296875001 0.1184261171875 0.73334249375 0.12429790156250001 0.7787452484374999 0.1265231859375 0.8265230265625 0.1250502265625 0.8755647156249999 0.11961626875 0.9336735624999999 0.11424204375 0.96617591875 0.10525181718750001 1 0.153125 1 0.153125 0.673297146875 0.1317980203125 0.6036641359375 0.11941748125 0.55296049375 0.1147917109375 0.5208656062499999 0.11376068125000001 0.48528458125 0.11827110625 0.3804581359375 0.1128173140625 0.3305854703125 0.1090288125 0.31875 0.05937171249999999 0.31875
1 0 0.31875 0 0.6434611515625 0.007502490624999999 0.684117346875 0.012760990625 0.7394328234375 0.010465556249999999 0.8183217109375001 0 0.8954262625 0 1 0.048837912500000004 1 0.050917753125 0.9945062281249999 0.06979721562499999 0.9250280515625 0.0806163375 0.853611384375 0.084375 0.7829058875 0.084375 0.7659109515625 0.083687690625 0.7480558296875001 0.0759615203125 0.6917165437499999 0.047545834375 0.5739407546875 0.0358002953125 0.5055320265625001 0.035143107812500005 0.4422859953125 0.04995893125 0.31875 0 0.31875
1 0.1218218890625 0.35628502812499996 0.11573477031249998 0.3679898734375 0.11593354843749999 0.4035527015625 0.11145808593749999 0.46248158906250003 0.11884878437499999 0.5057821953125 0.1242551796875 0.5924379546875 0.1671875 0.7320804921875 0.1671875 0.5889736265625001 0.16276112812500002 0.555538575 0.1618015265625 0.5166460484375 0.1662769890625 0.4577171625 0.1652721140625 0.4177135265625 0.1625369015625 0.3966133234375 0.15453004374999998 0.36887554375000003 0.1487874390625 0.3583508953125 0.13279955000000002 0.348469353125 0.1327165625 0.348469353125 0.1218218890625 0.35628502812499996
1 0.19299695 0.651015575 0.19353820156249998 0.6515625 0.19845635625 0.6515625 0.2 0.6473131171875 0.2 0.42478363437500005 0.1994161859375 0.4225133296875 0.1894719375 0.405881115625 0.18139469531250002 0.40100545 0.17437452656250002 0.40100545 0.1721108890625 0.401505575 0.1650274609375 0.41038521249999993 0.167665846875 0.45491706406250004 0.1668595859375 0.517576328125 0.17838635625000002 0.6062029921875001 0.19299695 0.651015575
1 0.23739325625 0.573685121875 0.2375 0.5734820265625 0.2375 0.48027408437499997 0.2306035546875 0.461969321875 0.2203628609375 0.450906065625 0.20973786093750002 0.45034922968749996 0.2048038625 0.4572930390625 0.20660901874999998 0.4917374859375 0.2035617171875 0.552521046875 0.20571625937500002 0.5936321546875 0.20929093281250002 0.60625 0.210272303125 0.60625 0.23739325625 0.573685121875
1 0.2637734171875 0.506276784375 0.2565859171875 0.490942021875 0.2484609171875 0.4850080359375 0.23939841718750002 0.487363721875 0.2406484171875 0.5296441625 0.23821168125 0.5609375 0.24438455937499998 0.5609375 0.265625 0.5493398609375 0.265625 0.5145922796875 0.2637734171875 0.506276784375
0 0.41875 0.6530303828124999 0.41802322031249994 0.6509226171875 0.397622090625 0.612922021875 0.37536326875000003 0.5844040546875 0.34447085 0.55937215 0.322246640625 0.5497539781249999 0.319698309375 0.54921193125 0.2797609421875 0.54921193125 0.2622466421875 0.5508012828125001 0.24021225156249998 0.5645273546875 0.213682271875 0.5927851484375 0.1939281984375 0.6270395015625001 0.1817732203125 0.6550463765625001 0.16965285624999998 0.701953053125 0.168161678125 0.730885578125 0.1644074921875 0.748739721875 0.16330850937500002 0.7709946703125 0.1675891625 0.8398508312499999 0.175197190625 0.8786306265625001 0.1807404046875 0.89409890625 0.19011121875 0.9117239546875 0.20674085468749998 0.95812879375 0.22433157656249997 0.9872841390625 0.2368254109375 1 0.3909696421875 1 0.411952165625 0.9695559593749999 0.41875 0.9545971125000001 0.41875 0.6530303828124999
1 0.9067510656250001 0.6180072875 0.90843629375 0.6429860640625 0.9169321531249999 0.6797472125 0.9218382453124999 0.684375 0.93119743125 0.684375 0.9359375 0.6824648671875 0.9359375 0.5508496015625 0.9301255890625001 0.5372740953124999 0.9348695156249999 0.4934796859375 0.933356790625 0.4722046125 0.927478346875 0.463631153125 0.9171910562499999 0.46683337500000005 0.9086122187499999 0.48991117187499994 0.9098628640624999 0.5167630265625001 0.9162753921875 0.5536090609375 0.9089737515625 0.587303175 0.9067510656250001 0.6180072875
1 0.8140625 0.65625 0.8140625 0.5426273421875 0.8055651718749999 0.5258631796875 0.8089897484374999 0.5091419687500001 0.8069442656250001 0.4683891078125 0.794829178125 0.465625 0.793219646875 0.465625 0.7885450781250001 0.4732369125 0.7897378406250001 0.48897765312499997 0.795699034375 0.5194907859375 0.799245009375 0.5250099796875001 0.7945682796875 0.5389655328125 0.791114009375 0.5621742859375 0.792017965625 0.6085008828125 0.8037892609374999 0.6537742859375 0.8061899046875001 0.65625 0.8140625 0.65625
1 0.8409615875 0.6671875 0.8487567125 0.6671875 0.853964715625 0.6600474640625 0.8541008968749999 0.63781918125 0.8546875 0.6362457921875 0.8546875 0.5703919953125001 0.8493618265624999 0.5470845000000001 0.84206279375 0.5341609296875001 0.8470677500000001 0.5035690125000001 0.845860434375 0.47393938281250003 0.841112659375 0.46609476718750004 0.8366309390625 0.465625 0.8321518421875 0.465625 0.8286881171874999 0.46801934375 0.8266273312500001 0.4749774234375 0.8306348203125001 0.522187525 0.835442875 0.5379040234375 0.8296456187499999 0.549051496875 0.8248596671874999 0.5722329765625 0.8237269140624999 0.6083592375 0.8347693375 0.6620114312500001 0.8383622640624999 0.6670843265624999 0.8409615875 0.6671875
1 0.8789422640625 0.5444493406250001 0.87574769375 0.5558518109375 0.8711407296874999 0.599027125 0.8728071125 0.6240635453125 0.8843111953125 0.6717018109375 0.8854855671875 0.6734375 0.896875 0.6734375 0.896875 0.5418118125 0.8930743343749998 0.532282040625 0.88975300625 0.49431907812500003 0.8805171453125 0.47260673906249995 0.8745314515625001 0.46861624687500003 0.8730256859375001 0.46861624687500003 0.8690588124999999 0.4734079828125 0.867704553125 0.48188699687500003 0.873109215625 0.5197042812499999 0.8789422640625 0.5444493406250001
1 0.9657781734374999 0.6703125 0.978125 0.6703125 0.978125 0.551820146875 0.97677315 0.5466767265625 0.978125 0.534096096875 0.978125 0.4675332515625 0.974253015625 0.46390189218749994 0.9604331437500001 0.4677945375 0.9549530812499999 0.4772028578125 0.954930453125 0.49659271250000003 0.9616689843749999 0.5458851515625 0.95231020625 0.59525735 0.9539600796875 0.62673883125 0.9618955312499999 0.649315896875 0.9632413015625 0.665083934375 0.9657781734374999 0.6703125