0 0.21018953593749998 0.303125 0.22820586875 0.303125 0.23057930624999998 0.30233167656250004 0.2447016359375 0.2629533703125 0.2453125 0.25491530625 0.2453125 0.246610071875 0.232585840625 0.2082865359375 0.2249997125 0.2024581625 0.21037865 0.202874828125 0.2023397796875 0.20815756406250002 0.1931235078125 0.2231352421875 0.1908969203125 0.23191682187499998 0.1908969203125 0.278026646875 0.19775162500000001 0.295158225 0.20530002500000002 0.301912525 0.21018953593749998 0.303125
1 0.6659262296875 0 0.6674827640625 0.023301665625000002 0.675010046875 0.06281313125 0.681047215625 0.1126311203125 0.683114975 0.1571059 0.6819668937500001 0.1822575765625 0.6644786015624999 0.26782124375 0.6608342109375 0.2949764453125 0.659507328125 0.3350036078125 0.66038076875 0.35 0.746875 0.35 0.746875 0.22374524375 0.7329546296875 0.17835880937499998 0.7294152125 0.1534801515625 0.7256401796875 0.0886653359375 0.7297670468749999 0.0159577546875 0.7289805031250001 0 0.6659262296875 0
1 0.8529069765624999 0 0.8551317390625 0.021290495312499998 0.852164671875 0.0797723859375 0.8311623765625 0.15566372343749998 0.825745659375 0.1827490203125 0.8224769203125 0.21530498593749997 0.8242296828125 0.27637364999999997 0.8372527859375 0.35 0.892784096875 0.35 0.9037518906249999 0.3037034109375 0.9046875 0.2964084421875 0.9046875 0.15067625625 0.8929943828125 0.09570963437499999 0.8892300328125 0.08567300624999999 0.8900275703125 0.019868596875 0.8922847203125001 0 0.8529069765624999 0
1 0.9675812203125 0 0.9641961359375 0.02561356875 0.9411390624999999 0.0830492046875 0.9411390624999999 0.2875 0.9538046281250001 0.2875 0.9582294625 0.2852115515625 0.9661210859375 0.271703809375 0.9820493859375 0.2261819296875 0.9943318515625 0.180702471875 0.9984326093749999 0.1491967453125 0.9997050468750001 0.11309775625 0.99311226875 0.037305159375 0.9937188203125 0.019718628125000002 0.99624818125 0 0.9675812203125 0
1 0.6377476984375 0 0.6385570828125 0.0073444124999999996 0.63826970625 0.0397457609375 0.630449996875 0.0841386921875 0.6296875 0.099353421875 0.6296875 0.276833746875 0.6377702625 0.3091508125 0.641681184375 0.3171875 0.6468981656249999 0.3171875 0.647317671875 0.31661276250000003 0.651078471875 0.27682521875 0.6715347 0.19362218125 0.6734375 0.173278678125 0.6734375 0.0936819640625 0.665008221875 0.025088510937500003 0.6636405125 0 0.6377476984375 0
1 0.7422221046875 0 0.7440650515625 0.017472446875 0.744778275 0.0516589546875 0.7515625 0.054685071875000005 0.7515625 0 0.7422221046875 0
1 0.7699478 0 0.7696215453125 0.0031534953125 0.7593086578125 0.030525459375 0.7593086578125 0.2484375 0.7684711953125001 0.2484375 0.7733395468750001 0.2453059234375 0.7794620812499999 0.2322549296875 0.791649015625 0.182846925 0.8035814875 0.14833266875 0.8078172515625 0.11789551250000001 0.8085344140625 0.07973521875 0.79958685625 0.0082203203125 0.8001898000000001 0 0.7699478 0
1 0.1511855421875 1 0.156438084375 0.9822854859374999 0.159375 0.9695760546875001 0.159375 0.8906972875000001 0.1475335 0.8390245015625 0.14863391718750002 0.8120183296875 0.153673421875 0.770854709375 0.1511581484375 0.76593748125 0.14707307812499998 0.764635771875 0.13051271250000002 0.7648301734375 0.1227760078125 0.7674576375 0.12104901875 0.7971463921875 0.1182620109375 0.8020716374999999 0.119834059375 0.8079218031250001 0.11883020312499999 0.81986364375 0.12040225156249999 0.8257138125000001 0.11982958125000001 0.8334208437499999 0.1207211546875 0.8369291406249999 0.11918504999999999 0.84923874375 0.10429870000000001 0.896886534375 0.10429870000000001 1 0.1511855421875 1
1 0.2390625 1 0.2390625 0.8804975390625 0.231404271875 0.8589444703125 0.22870898281250002 0.8482623374999999 0.2282146359375 0.8397746843749999 0.226956871875 0.835976828125 0.2279111390625 0.8301145796875 0.2276511265625 0.776708375 0.22575894062500002 0.7731410249999999 0.2244299796875 0.7724484375 0.209875775 0.7724484375 0.20218946249999997 0.77335245625 0.19870858281249998 0.7758778625 0.197434184375 0.778468309375 0.19795100625 0.787341765625 0.200814965625 0.8053691890625 0.20200531875 0.8080096375 0.2059592421875 0.849200246875 0.2038038265625 0.8655844578125 0.1966182359375 0.8934878671875002 0.19460873125 0.9079280234375 0.19308219843750002 0.9262111609375001 0.19452030625 0.9509025187500001 0.1987768515625 0.9750426109374999 0.2062623109375 1 0.2390625 1
1 0.2931039671875 1 0.29375 0.996917765625 0.29375 0.89715045625 0.284417671875 0.86633764375 0.2818867859375 0.848685440625 0.28288393125 0.8455569265625 0.282780678125 0.8366834687499999 0.283755378125 0.8316259453124999 0.28316253125 0.8250883484374999 0.28603724218750004 0.8056719421875 0.2841105640625 0.7733276765625 0.2800558359375 0.7690540609375 0.264007525 0.7666200984375 0.2596349890625 0.7683422078125 0.257994428125 0.7716899296874999 0.2584098125 0.78518249375 0.25696348125 0.7941190921875 0.2576506015625 0.8087585374999999 0.260689034375 0.8256180875 0.2618184796875 0.8560649125000002 0.26091560625 0.8672952781250001 0.2554358 0.88488790625 0.252248953125 0.8996852046875 0.249729159375 0.9051916734375001 0.24731710156250003 0.919957403125 0.24619188281249998 0.9342847109375001 0.246710521875 0.9566507296874999 0.2514332203125 0.9850212124999999 0.255498875 1 0.2931039671875 1
1 0.32930264375 1 0.3375 0.9695276671874999 0.3375 0.90443716875 0.3315076703125 0.8788561125000001 0.331496640625 0.8750010937500001 0.330120115625 0.8723185078124999 0.3311117125 0.8487905671875 0.337312334375 0.8043842140624999 0.336200921875 0.7995782140625 0.33085838437500004 0.7963635046875 0.333681415625 0.7945958390625 0.3350043078125 0.792074596875 0.3359905796875 0.7847383406249999 0.334239021875 0.7818673609375 0.3296397078125 0.78114985 0.326688875 0.778871096875 0.314918634375 0.78132114375 0.31380455937499996 0.7846109859375 0.31423322656249997 0.790003203125 0.317010996875 0.794982571875 0.316912103125 0.796525784375 0.31378136093750003 0.7990680578125 0.3109940828125 0.8043049406249999 0.3104475078125 0.8208884359375 0.3116950921875 0.8416917187500002 0.310505709375 0.8683060796875001 0.3035245859375 0.8926747421875 0.29940089531249997 0.90321555 0.29940089531249997 1 0.32930264375 1
1 0.08831116875 1 0.0890625 0.9974791390625001 0.0890625 0.90037751875 0.08241095781249999 0.8797903781249999 0.0752180171875 0.8481170125 0.0745535234375 0.819567625 0.0761595296875 0.7887169546874999 0.072220559375 0.7748070296875 0.06973561874999999 0.7734424468750001 0.05864820625 0.7741494421875 0.0485309921875 0.77216183125 0.0457180953125 0.7788960968749999 0.047245034375 0.8001212421874999 0.048965234375 0.8074605015625 0.050451567187500004 0.8491301703125 0.047230968750000005 0.8660844484375 0.0371920296875 0.9007435640625001 0.033901740624999996 0.9257981874999999 0.0342451140625 0.951645446875 0.03824010625 0.9790569546875 0.0437361328125 1 0.08831116875 1
1 0 1 0.0140625 1 0.0140625 0.8727736437499999 0.010192615625 0.8625498109375 0.008473037499999999 0.8509486828124999 0.0079817984375 0.8386210390625 0.0084104078125 0.8028586531249999 0.0062624593749999995 0.79547429375 0.0003224359375 0.787380459375 0 0.787275428125 0 1
1 0.18661969218750002 1 0.1818761703125 0.9753572390624999 0.1794167875 0.9445321078125 0.18025878906249998 0.9244673750000001 0.1836722078125 0.9047583921874999 0.18719795781249998 0.8900618375 0.19021847812499998 0.8838559390625 0.195933828125 0.8648915171875 0.1984375 0.8526189468750001 0.1984375 0.8064659390625 0.19694384843749999 0.7946874859374999 0.1940692265625 0.7914427265625 0.1888702578125 0.7926602375 0.1867592765625 0.7986627125 0.18627657343749998 0.8152522187500001 0.188219425 0.8460833593749999 0.1873774234375 0.86614809375 0.1832902421875 0.882393871875 0.1723031453125 0.9164893546874999 0.1723031453125 0.9833726359374999 0.17570009375 1 0.18661969218750002 1
1 0.08125 0.8144810796874999 0.08125 0.800926296875 0.0807168046875 0.7959936062499999 0.07686965 0.7972567515625 0.075539403125 0.8045689656250001 0.07369747343750001 0.8083909234375 0.07235768125 0.81708213125 0.07235768125 0.865625 0.073514109375 0.865625 0.0745116859375 0.8625174781249999 0.0758564671875 0.8447705640625 0.08125 0.8144810796874999
1 0.9748699468750001 0.6331813515625 0.9790823640624999 0.5850332046875 0.978757859375 0.5467939765625001 0.9750767687499999 0.4989797578125 0.9772639875 0.473979759375 0.984375 0.4446326390625 0.984375 0.4386228671875 0.981488078125 0.4346871078125 0.9602149171875001 0.43214305781249995 0.9576224249999999 0.44080122343749994 0.9592664046875001 0.48193662656249997 0.9559565140625 0.50778361875 0.9529473078125001 0.5122159171874999 0.9458920015625001 0.5351777796875 0.9458920015625001 0.66875 0.9661539031249999 0.66875 0.9748699468750001 0.6331813515625
1 1 0.47475560781250004 0.9979196781249999 0.46620247031249995 0.9972193140625001 0.436591021875 0.9939820765625 0.431537821875 0.95859235 0.43102400625000004 0.9570882046874999 0.4379836015625 0.9580849296875 0.45740986562499997 0.9611649890624999 0.4768118859375 0.9592611874999999 0.5064536359374999 0.9735706328125 0.5067499375 0.9760895046875 0.500704146875 0.977122228125 0.48310549375 0.9766103375 0.5006980890625 0.9799598125 0.5108408484375 0.98769136875 0.5672132421875 0.9888228015625 0.582009875 0.986688490625 0.621875 0.9953159375 0.621875 0.9954768093749999 0.6217337828125 0.9988802859374999 0.5763391703125 1 0.5717914640625 1 0.47475560781250004
1 0.9141449375 0.6464783203125 0.9271980828124999 0.6050419828125 0.9296875 0.5884510828125 0.9296875 0.5118577171875 0.9246503828125 0.4871826921875 0.929310803125 0.43256518593750004 0.9067597968750001 0.4306489671875 0.9046913109375 0.433847278125 0.9044592843749999 0.464451325 0.901733715625 0.4866493015625 0.8932663671875 0.5107272625 0.8932663671875 0.6484375 0.9123073343750001 0.6484375 0.9141449375 0.6464783203125
1 0.84795098125 0.564138271875 0.850653975 0.5853253859375 0.859598028125 0.6238048375 0.8655351375 0.628125 0.8810619531249999 0.628125 0.8829232906250001 0.6276827703125 0.8891238765624999 0.616693425 0.890625 0.607123690625 0.890625 0.49935938750000003 0.8815534968750001 0.46407942343749997 0.88071830625 0.43537571875000003 0.8789941562500001 0.4299020515625 0.8649875140625 0.42883570625 0.8605496328125 0.42883570625 0.8576399875 0.431021175 0.8591576640625 0.46525313906250004 0.8516325796875 0.4934676484375 0.8477533312500001 0.5214910890625 0.84795098125 0.564138271875