0 0 0.2839470515625 0.003003615625 0.297717665625 0.0123282953125 0.3161446125 0.020737046875 0.3229656515625 0.0247379546875 0.3234375 0.027726153125000003 0.3234375 0.0384130578125 0.3209094328125 0.0483699859375 0.3041936375 0.0543075375 0.2775964546875 0.0540920546875 0.2590779359375 0.05079466875000001 0.24413578593750002 0.04253320625 0.2276031375 0.031509512499999996 0.219750059375 0.0237871421875 0.21875 0.020629834375 0.21875 0.009731479687499999 0.22719205625 0.001315503125 0.2421196640625 0 0.248414640625 0 0.2839470515625
1 0.90839311875 0.3964370734375 0.9098802140625001 0.381761090625 0.9098802140625001 0.3224996296875 0.9084435671875 0.3112943328125 0.8888208609374999 0.235530328125 0.887470421875 0.164212809375 0.8846830953125 0.14836595625 0.8816494562500001 0.1429610171875 0.86647194375 0.1429610171875 0.8622872609375001 0.14745339531249999 0.8641298890625 0.1715911375 0.8623590046875 0.1983581 0.8648625296875 0.2345541 0.860519803125 0.2639927296875 0.853125 0.29510161562500004 0.853125 0.3823388234375 0.8651602765625 0.439098840625 0.869211978125 0.45175800781250003 0.8736339203124999 0.453125 0.8949972578125 0.453125 0.8980912921875 0.45062103281250004 0.90839311875 0.3964370734375
1 0.81883736875 0.2262740484375 0.8092376640625 0.1336996359375 0.8039336390624999 0.1286358296875 0.78733171875 0.12965871874999998 0.783195996875 0.133851140625 0.7845471140625 0.17552689999999999 0.789411715625 0.2227400296875 0.78125 0.282399484375 0.78125 0.37074700312500003 0.786868475 0.40245753281249996 0.8042273609375 0.46441881875 0.80835526875 0.471875 0.8349515484375001 0.471875 0.8349515484375001 0.278456209375 0.81883736875 0.2262740484375
1 0.730038684375 0.20184670312500003 0.730970409375 0.17140040781250002 0.7286726984375 0.164656275 0.7125 0.169001003125 0.7125 0.456162621875 0.71625103125 0.4532250875 0.7306062390625 0.39790347812500004 0.7354778890625 0.3699436 0.737551603125 0.3191633515625 0.725814296875 0.24725349375 0.730038684375 0.20184670312500003
1 0.7119390328125 0.3800064984375 0.7134481765625 0.342969459375 0.7104207359375 0.30184608125 0.692129953125 0.21209747812500002 0.6953746093750001 0.13246784843749998 0.69247598125 0.1266572015625 0.693871940625 0.0923979421875 0.69175628125 0.0899448453125 0.6629430765625 0.0899448453125 0.6615048140625 0.0916138484375 0.6617090875 0.125074728125 0.6583199859375 0.13130111718749998 0.6578672437499999 0.142412228125 0.659226365625 0.173180359375 0.657905865625 0.2055877671875 0.6424326734375001 0.264710071875 0.6421875 0.26609832031249997 0.6421875 0.48929881562500005 0.6451609671874999 0.5055452515625001 0.6508129406250001 0.5125 0.6847292515625 0.5125 0.6873484671875 0.5089889875 0.7044292546875 0.43606282656250006 0.7119390328125 0.3800064984375
1 0.6420826 0.1869627609375 0.63866618125 0.1695158484375 0.6143017203125 0.162376671875 0.612724371875 0.1657448828125 0.61308595625 0.1843362421875 0.6193088734375 0.23882019062499998 0.6109375 0.2995274125 0.6109375 0.3636486953125 0.6206713484374999 0.4295455125 0.6377652406250001 0.4828125 0.6509853890625 0.4828125 0.6509853890625 0.25524150625 0.6452803796875 0.23607325625 0.6420826 0.1869627609375
1 0.5684462921875 0.4671875 0.5799312578125 0.4671875 0.5839770484375 0.46210575781249996 0.591170009375 0.4296983484375 0.590110578125 0.3408094625 0.5926429796875 0.30747612812499997 0.5821456046875 0.256550203125 0.583106565625 0.20562427656249999 0.5793215546875 0.201457609375 0.5632834859375 0.19775390625 0.5625 0.1993051828125 0.5625 0.25872342656249997 0.5696634875 0.2917353875 0.5760750203125 0.3398835375 0.5746021671875 0.40840205625000003 0.567912040625 0.459327978125 0.5676965078125 0.4667353875 0.5684462921875 0.4671875
1 0.5833686609375001 0.51875 0.5833686609375001 0.2661289828125 0.5551985765625 0.181629784375 0.5488947234375 0.11213074687499999 0.5484225125 0.08536078124999999 0.5442153796875 0.07776230468749999 0.542291296875 0.05921649062499999 0.540114075 0.055704834375 0.5101844484375 0.055704834375 0.50211696875 0.05618879375 0.5030992453125 0.06915175625 0.5 0.0753316 0.5 0.085588834375 0.5080403125 0.1275123859375 0.5131514015625 0.18127068125 0.5 0.267686096875 0.5 0.3794792703125 0.50158474375 0.39831523125 0.5138174796875 0.45705799999999996 0.5319411203125 0.51875 0.5833686609375001 0.51875
1 0.4934790515625 0.51875 0.4934790515625 0.4537532625 0.49025496718749995 0.4376247078125 0.48374912812500004 0.3802415421875 0.483342375 0.3191183109375 0.4865961875 0.28390585156250003 0.4934790515625 0.243128884375 0.4934790515625 0.1866268609375 0.49184403750000005 0.1569934 0.4885984859375 0.141267809375 0.48500556093749997 0.1361949125 0.46041320781249995 0.13355955 0.45663900625 0.13682301562500002 0.45687274687499996 0.1553445640625 0.4619973625 0.204400459375 0.46197436718749996 0.2294065171875 0.45574646874999997 0.26834085937499996 0.4514739828125 0.2785533171875 0.450809603125 0.2878186359375 0.4473146828125 0.2915435484375 0.4453125 0.3136832515625 0.4453125 0.34456649375000004 0.44583411406250006 0.3702745265625 0.45002288124999995 0.4091482625 0.45849150000000005 0.4507755390625 0.4641148484375 0.460930421875 0.4749686296875 0.5099529828125 0.4797541359375 0.5187235265625 0.47979600624999996 0.51875 0.4934790515625 0.51875
1 0.421875 0.48735038125 0.42391387968750005 0.490457334375 0.424962703125 0.490625 0.43013947343750003 0.490625 0.43221751406250003 0.4846135828125 0.42333626874999997 0.42892107187499995 0.42189516875 0.40644375625 0.424903996875 0.33215710625 0.43452179687500003 0.288222846875 0.4474643125 0.2557398171875 0.454326846875 0.2274187515625 0.4577135734375 0.20347222187499997 0.4572736734375 0.18852986249999998 0.4500481265625 0.18125 0.44851392343749996 0.18125 0.4417039890625 0.1830664796875 0.43573871718749996 0.1960885109375 0.43703949218750004 0.22041767656250003 0.43500478124999997 0.247269528125 0.421875 0.2921288859375 0.421875 0.48735038125
1 0.4334035390625 0.2710135046875 0.43776890625 0.249589875 0.4383990390625 0.22092861406250003 0.4358849953125 0.21502681875000001 0.43026368593750003 0.21340841250000003 0.42239725781250004 0.2146526734375 0.41981082656249996 0.21891484062500002 0.4182099703125 0.26424276562500004 0.40625 0.30865994531249996 0.40625 0.4579329859375 0.408034596875 0.4625 0.4221181859375 0.4625 0.41493298593750005 0.41863894999999995 0.41263682187499995 0.368851175 0.4185661328125 0.320575690625 0.4334035390625 0.2710135046875
1 0.2652115640625 1 0.2652115640625 0.8934686609375 0.2651959390625 0.8933346484375001 0.25255955 0.836365053125 0.23904310624999997 0.7932418999999999 0.23729744687499998 0.77743749375 0.2383212421875 0.731204865625 0.24570645 0.650062940625 0.244255365625 0.6148353109375 0.24096875468749998 0.6008190875 0.23378128125000003 0.5871066578125 0.22328661562500002 0.58127255625 0.2114873140625 0.58127255625 0.20461461406249998 0.585918209375 0.196252509375 0.605475446875 0.19765681875000002 0.6814225953124999 0.202883025 0.7279098921875 0.20436643124999998 0.765915303125 0.20155388125 0.7926398203125 0.1953125 0.8129496484375001 0.1953125 0.8204115140624999 0.19734044374999998 0.8331895578124999 0.21145313593749998 0.8828154140625 0.21885964531250002 0.9377209328125 0.2195060921875 0.993276490625 0.21911044687499998 1 0.2652115640625 1
1 0.106143925 1 0.106143925 0.8937410124999999 0.09888271093749999 0.8723735375 0.08978383906250001 0.8316691578125 0.0886888546875 0.8011075406250001 0.09236897187500001 0.71216108125 0.0899142984375 0.6621550218750001 0.0798413640625 0.6149721890625 0.07063537187499999 0.5988154531250001 0.0608071453125 0.5923885140625 0.048436639062499995 0.5943130890624999 0.0382423015625 0.6087300875 0.0322988921875 0.6578587046875001 0.0346269328125 0.6986024750000001 0.048849390625 0.7902236890625 0.0527399265625 0.8309583703125 0.0518810734375 0.8633839578125 0.0404055953125 0.9079132453125001 0.036162753125 0.936653309375 0.03125 0.9916271625 0.03125 1 0.106143925 1
1 0.196937871875 1 0.199343725 0.9787504625000001 0.2006338625 0.9342635046875 0.19642120624999998 0.8837533203125 0.1835430265625 0.8278907499999999 0.1774660390625 0.784660428125 0.1918442125 0.688288509375 0.19526277812499998 0.6300402078125 0.19326226875000002 0.6150128171875 0.187336646875 0.6001295234375 0.17849975625 0.5929151234375001 0.1597451015625 0.5929151234375001 0.15564126875 0.595684240625 0.1475043921875 0.609419621875 0.146875 0.6121349234375 0.146875 0.9347315296875 0.15067985 0.9803521 0.1495750765625 1 0.196937871875 1
1 0.14101239375000002 0.6082310421875 0.1387418078125 0.6004284828124999 0.1306932015625 0.58749423125 0.12231940156250001 0.5806331250000001 0.110340234375 0.5814707890624999 0.103018871875 0.588498575 0.0984375 0.5991009734375 0.0984375 0.63166393125 0.10196905 0.6230127765625 0.111684090625 0.6130251140625 0.1251555953125 0.6111522609375 0.13450089999999998 0.6170145984375 0.14101239375000002 0.626815025 0.14101239375000002 0.6082310421875
1 0.07988619687500001 0.62198350625 0.075602825 0.6080946171875 0.0699230703125 0.5974464687500001 0.060242771875000004 0.5900390625 0.05031999375 0.5909649875 0.039113078125 0.600224246875 0.0321850671875 0.6145760984375 0.03125 0.6195023953125001 0.03125 0.6385156421875 0.0421123125 0.62244646875 0.061984803125 0.6196686921875 0.06914176093749999 0.624298321875 0.07827761093749999 0.640625 0.08021760781250001 0.640625 0.07988619687500001 0.62198350625
1 0 0.602279009375 0.011309496875 0.604670228125 0.0214205421875 0.6203125 0.02204835625 0.6203125 0.02204835625 0.6061920515625 0.0206291796875 0.6010085296875001 0.012510412500000002 0.5862881859375 0.003109896875 0.57842925 0 0.57842925 0 0.602279009375
1 0.16632715625 1 0.16632715625 0.9048049296875 0.163000059375 0.89051130625 0.147345590625 0.8387382375 0.1417452375 0.8035772937499999 0.14209305625 0.76097258125 0.14730228437499998 0.6970382421875 0.146344334375 0.64795810625 0.14313651249999998 0.63315844375 0.136562134375 0.6188414359375 0.1284100765625 0.6105535578125 0.121005225 0.6078182 0.10292697343749999 0.61162795625 0.0962918734375 0.621391084375 0.0953125 0.6262030484375 0.0953125 0.7027501171875 0.10403449375 0.760267853125 0.1068871328125 0.804706240625 0.10419188125 0.8408415921875001 0.095359815625 0.8797910812499999 0.11355036249999999 0.9426631437499999 0.12250208437500001 0.9833614624999999 0.12302272656249999 1 0.16632715625 1
1 0.890018796875 1 0.8781056062499999 0.9619918999999999 0.876359946875 0.9461874937499999 0.8773837421875001 0.8999548656249999 0.8847689500000001 0.8188129406249999 0.883317865625 0.7835853109375 0.8800312546875 0.7695690875000001 0.8728437812500001 0.7558566578125 0.862349115625 0.75002255625 0.8505498140625001 0.75002255625 0.8436771140625 0.754668209375 0.8353150093749999 0.774225446875 0.8367193187499999 0.8501725953125 0.8419455250000001 0.8966598921875001 0.8434289312499998 0.934665303125 0.84061638125 0.9613898203125 0.834375 0.9816996484375 0.834375 0.9891615140625 0.8360951249999999 1 0.890018796875 1
1 0.728831321875 1 0.7277513546875001 0.9698575406250001 0.731431471875 0.8809110812500001 0.7289767984375 0.830905021875 0.7189038640625001 0.7837221890625 0.709697871875 0.767565453125 0.6998696453125 0.7611385140625 0.6874991390625 0.7630630890625 0.6773048015625001 0.7774800875000001 0.6713613921875 0.8266087046875 0.6736894328125 0.867352475 0.6879118906249999 0.9589736890625 0.6918024265625 0.9997083703125 0.6917947015625 1 0.728831321875 1
1 0.5315206187499999 1 0.5366495109375 0.9855881515625 0.53778325 0.971699265625 0.5348588875 0.9313955671875 0.5362949593749999 0.9138029734374999 0.54819716875 0.856811609375 0.5525809640625 0.80310790625 0.5568561937500001 0.7761103734375 0.55197080625 0.75665821875 0.5406718828124999 0.7491625484375 0.52310646875 0.7549940453125 0.5138620203125 0.7699104125 0.5103508625 0.7812036234375 0.5067393859375 0.8127579453125 0.5042053046875 0.9326184312500001 0.498594321875 0.9569474484375 0.48777500625000003 0.9816406656249999 0.4859375 0.9871454890625 0.4859375 1 0.5315206187499999 1
1 0.8233799453125 1 0.8226055265625 0.9966407499999999 0.8165285390625 0.953410428125 0.8309067125 0.8570385093749999 0.8343252781250001 0.7987902078125 0.83232476875 0.7837628171875 0.8263991468749999 0.7688795234375 0.8175622562499999 0.7616651234375 0.7988076015625001 0.7616651234375 0.79470376875 0.764434240625 0.7865668921875 0.7781696218749999 0.7859375 0.7808849234374999 0.7859375 1 0.8233799453125 1
1 0.7800748937499999 0.7769810421875001 0.7778043078125 0.7691784828125 0.7697557015625 0.75624423125 0.7613819015625001 0.7493831249999999 0.749402734375 0.7502207890625 0.742081371875 0.757248575 0.7375 0.7678509734375 0.7375 0.8004139312499999 0.74103155 0.7917627765624999 0.750746590625 0.7817751140625 0.7642180953125 0.7799022609375 0.7735634 0.7857645984375 0.7800748937499999 0.7955650249999999 0.7800748937499999 0.7769810421875001
1 0.718948696875 0.7907335062499999 0.714665325 0.7768446171875001 0.7089855703125 0.7661964687499999 0.699305271875 0.7587890625 0.6893824937499999 0.7597149875 0.6781755781250001 0.7689742468749999 0.6712475671875 0.7833260984375 0.6703125 0.7882523953125 0.6703125 0.8072656421875 0.6811748124999999 0.7911964687499999 0.701047303125 0.7884186921875 0.7082042609375 0.793048321875 0.7173401109374999 0.809375 0.7192801078125 0.809375 0.718948696875 0.7907335062499999
1 0.66111085625 0.7749420515625 0.6596916796875 0.7697585296874999 0.6515729125 0.7550381859374999 0.6421723968749999 0.74717925 0.6304600734375001 0.74717925 0.6233777515625001 0.7526382921874999 0.61875 0.7609269640624999 0.61875 0.7848084515625 0.6221471375000001 0.7774745187500001 0.63297400625 0.7697416921875 0.6503719968749999 0.773420228125 0.6604830421875001 0.7890625 0.66111085625 0.7890625 0.66111085625 0.7749420515625
1 0.78521538125 1 0.7808077375 0.9723272937499999 0.78115555625 0.9297225812499998 0.786364784375 0.8657882421875 0.785406834375 0.8167081062499999 0.7821990125 0.80190844375 0.775624634375 0.7875914359375 0.7674725765625 0.7793035578125 0.7600677250000001 0.7765682 0.7419894734375 0.78037795625 0.7353543734375 0.790141084375 0.734375 0.7949530484375 0.734375 0.8715001171875001 0.7430969937499999 0.929017853125 0.7459496328124999 0.9734562406249999 0.7439697953125 1 0.78521538125 1
1 0.5897405 1 0.585875159375 0.9758036546875001 0.58485503125 0.9477707859375 0.6008657703125 0.8540491015624999 0.6073693390624999 0.7958858281250001 0.6042955765625 0.7742068953125 0.597620525 0.7620163484375 0.5914027296875 0.75788035 0.5747855234375 0.75788035 0.5710580249999999 0.7598480734375 0.5619677515625 0.7726150109375001 0.5585216359375 0.78351354375 0.5532297546875 0.8464339953125 0.5539881546875 0.89866848125 0.5519723671875 0.9460182515625 0.5468828203125 0.9716890843750001 0.5376670703124999 0.9895698750000002 0.534375 0.99970378125 0.534375 1 0.5897405 1
1 0.6427608203125 1 0.63903554375 0.9718932984374999 0.643545684375 0.9301417421875 0.6559591671874999 0.8686698515625 0.66020110625 0.804759740625 0.6567000453125 0.784580371875 0.6498760031249999 0.7723880953125001 0.6349336234375 0.7702257640625 0.633119934375 0.7656810249999999 0.6301921953124999 0.7713426921875 0.6188232625 0.7791957671875 0.6094290843750001 0.8022099 0.60556465 0.8596385296874999 0.6076251984375001 0.9491562312500001 0.60606125625 0.9760080828125 0.6028993421875001 0.9946114906249999 0.6009015124999999 1 0.6427608203125 1