1 0.1056451875 0.1320916140625 0.10230580625 0.1389906046875 0.1061275421875 0.16031114375 0.103019034375 0.17322562187499999 0.10364018593749999 0.1935838703125 0.10733680000000001 0.20625 0.1078125 0.20625 0.1078125 0.13382292812500002 0.1056451875 0.1320916140625
1 0.0609375 0.14578979375 0.0609375 0.1380512671875 0.0555566453125 0.1335463140625 0.052557121875 0.1387571265625 0.055833218750000004 0.154425115625 0.052648824999999996 0.1675335828125 0.0532208953125 0.1888662546875 0.0560090765625 0.1984375 0.0609375 0.1984375 0.0609375 0.1548426 0.060450556249999995 0.1533355 0.0609375 0.14578979375
1 0.0368383140625 0.1404649609375 0.0343109171875 0.1711873296875 0.0343109171875 0.19788029375 0.0346417890625 0.2 0.042864124999999996 0.2 0.04375 0.19845751250000002 0.04375 0.136136034375 0.0397917890625 0.13532236875 0.0368383140625 0.1404649609375
1 0.1462896984375 0.2 0.15 0.2 0.15 0.1535360140625 0.1499715609375 0.153460596875 0.148948821875 0.1330841671875 0.145458159375 0.1317346703125 0.14238847500000001 0.13594072968749998 0.1447632265625 0.1535212015625 0.1411983265625 0.168390559375 0.14201058125 0.1859892125 0.1455970234375 0.198921875 0.1462896984375 0.2
1 0.47294336093750006 0.439014996875 0.47621884531249997 0.4421875 0.510483615625 0.4421875 0.525 0.3760310203125 0.525 0.28364495624999997 0.5117740453125 0.21479689999999999 0.521391434375 0.1038494421875 0.5121915265625 0.0793165890625 0.5020999296875 0.0763024234375 0.4896834515625 0.0892150203125 0.4853892796875 0.105790765625 0.4875552953125 0.214233203125 0.46693155781249995 0.286490215625 0.46693155781249995 0.392944075 0.47294336093750006 0.439014996875
1 0.35 1 0.35 0.61875 0.262264675 0.61875 0.26397955156249997 0.6816708953124999 0.26281578906249997 0.731670896875 0.25854497187500003 0.758437890625 0.2437533375 0.81182640625 0.2419573796875 0.8442095703125 0.24320558750000001 0.8465546921874999 0.24575407343750003 0.837812946875 0.24971419843749998 0.83558905 0.24964057187500002 0.8499469640624999 0.2425500765625 0.8859126046875 0.21157897343749998 1 0.35 1
1 0 0.61875 0 0.74681510625 0.0005422203125 0.7502427015625 0.0032041046875 0.7956009500000001 0.0006645265625 0.90472688125 0.007450475 0.9751093703125001 0.013344221875000001 1 0.090625 1 0.090625 0.8384417171875 0.0733736859375 0.80104268125 0.0689637796875 0.785265578125 0.0617312046875 0.773155815625 0.058514131250000004 0.759242684375 0.05389396875 0.75363864375 0.043999509375 0.6961706328125 0.0393972125 0.6461645734375 0.038891671875 0.61875 0 0.61875
1 0.11079599843750002 0.61875 0.117220434375 0.651846971875 0.1211090671875 0.696273228125 0.1203992875 0.7213641671875 0.113431353125 0.7810235578125 0.1143245390625 0.8134855312500001 0.1187232328125 0.8439683359375 0.128961725 0.8826025937499999 0.153734925 0.9476521953124999 0.160772221875 0.953125 0.1609375 0.953125 0.1609375 0.708925790625 0.15416175000000001 0.6914054968750001 0.147979296875 0.6442742156250001 0.147702434375 0.61875 0.11079599843750002 0.61875
1 0.6549564375 0.8359375 0.67244825625 0.8359375 0.675834125 0.8220189953125001 0.6765625 0.8180045937500001 0.6765625 0.7540566546875 0.6727378093749999 0.7311570281249999 0.6755933781250001 0.675637840625 0.6709148484374999 0.6639486031249999 0.666769734375 0.6629256953125 0.6630807984375 0.6646926890625 0.6589267125 0.67524991875 0.6602809078125 0.7290142359375 0.6514145796874999 0.7633922453124999 0.6514145796874999 0.8118977515625 0.6549564375 0.8359375
1 0.7088679328125 0.8472472359375001 0.7109068296875 0.85 0.715625 0.85 0.715625 0.732260775 0.7129631390625001 0.674311203125 0.7064740234375 0.6617475671874999 0.7002240234375 0.66167484375 0.696069725 0.6713394890625001 0.7026962640625 0.733394709375 0.6967142390625 0.76847686875 0.6963693078125 0.78974891875 0.69735188125 0.8017859578125 0.7088679328125 0.8472472359375001
1 0.7454304828125 0.7378605421875 0.7386919609375 0.779872778125 0.7383305468750001 0.7953125 0.7482673484375 0.7953125 0.753962071875 0.7918726109375 0.7625 0.7920203031249999 0.7625 0.7337534671875 0.76094485625 0.728963384375 0.7588886015625 0.674261003125 0.752993490625 0.6619337875 0.7486163375 0.6593015140625 0.7419858296875 0.6613898093749999 0.73812543125 0.675914446875 0.7402600015624999 0.6971925515625 0.74328514375 0.7026571703125 0.7451093671875 0.7267312421875001 0.7454304828125 0.7378605421875
1 0.8014040734375001 0.85625 0.8070188843749999 0.8296025468749999 0.8078125 0.8161693921875 0.8078125 0.797054028125 0.8063129765625 0.780555746875 0.7967529015625 0.7316634953125 0.8013684609375 0.6760443031250001 0.7966872171875 0.660852890625 0.7890057781250001 0.659375 0.7876653499999999 0.659375 0.7822915734375 0.665269565625 0.7795096203125 0.67550020625 0.7821695671875 0.7319180484375 0.77104176875 0.7728406125 0.7706748453125 0.7770263875 0.7706748453125 0.797343615625 0.7909377015625 0.8261806703125 0.79878616875 0.8538129890625001 0.801065634375 0.85625 0.8014040734375001 0.85625
1 0.8302681953125 0.8088370875 0.8342459140624999 0.8338128453125 0.8431524890625 0.859375 0.8515625 0.859375 0.8515625 0.7430281734374999 0.849935846875 0.738175815625 0.84717796875 0.6742626859375 0.8423946875 0.6627340640625 0.8348925328125001 0.6600411312500001 0.8314571875000001 0.6628613328124999 0.8287383140625 0.6716970234375 0.8358733468749999 0.7383394484375 0.8295854953124999 0.7791892765625 0.8302681953125 0.8088370875
1 0.8208333328125 0.8318865734375 0.8208333328125 0.7846643515625 0.8307291671874999 0.7374421296875 0.8286458328125 0.679108796875 0.8302083328125001 0.6652199078125001 0.8283854171874999 0.6619791671875 0.82421875 0.6647569437499999 0.8208333328125 0.6754050921875 0.8223958328125001 0.7328125 0.8161458328125001 0.7559606484375 0.8135416671875 0.7781828703125 0.8145833328125001 0.80133101875 0.8208333328125 0.8318865734375
1 0.8736979171874999 0.661053240625 0.8682291671875 0.6679976859375001 0.8666666671875 0.6744791671875 0.8697916671874999 0.7318865734375001 0.8609375 0.7661458328124999 0.8588541671875 0.80133101875 0.8671875 0.8476273140625 0.87109375 0.8517939812499999 0.8802083328125001 0.8522569437499999 0.884375 0.848553240625 0.8875 0.83836805625 0.8932291671874999 0.8031828703125001 0.8932291671874999 0.7837384265624999 0.8833333328125 0.7346643515625 0.884375 0.6707754625 0.8799479171875 0.6619791671875 0.8736979171874999 0.661053240625
1 0.9028645828125 0.667534721875 0.9010416671874999 0.6754050921875 0.9036458328125001 0.704108796875 0.903125 0.730034721875 0.8953125 0.76429398125 0.8942708328125001 0.7929976859375 0.9015625 0.836516203125 0.9059895828125001 0.841608796875 0.9151041671875 0.8411458328125001 0.91875 0.836516203125 0.9244791671874999 0.8031828703125001 0.925 0.7744791671875 0.915625 0.7263310187500001 0.9177083328125001 0.6744791671875 0.9143229171874999 0.6647569437499999 0.91015625 0.6619791671875 0.9028645828125 0.667534721875
0 0.7763020828125 0.80179398125 0.76015625 0.792534721875 0.7393229171875 0.7953125 0.7200520828125001 0.811053240625 0.7041666671875 0.848553240625 0.7 0.880034721875 0.7005208328125001 0.898553240625 0.7046875 0.9217013890625001 0.7151041671874999 0.9522569437499999 0.72734375 0.9703125 0.75 0.9818865734375001 0.76796875 0.9767939812499999 0.7830729171875 0.9629050921874999 0.796875 0.936516203125 0.8046875 0.8948495375000001 0.8036458328125 0.860590278125 0.79375 0.8272569437499999 0.7763020828125 0.80179398125