1 0 0.155759503125 0.00291274375 0.17466408125 0.017621368749999998 0.2178844765625 0.0427858984375 0.2640625 0.0497313921875 0.2640625 0.056385382812499996 0.258388453125 0.056385382812499996 0.1423375453125 0.0544092890625 0.1358361734375 0.047150576562500005 0.11976788281249999 0.012801912500000002 0.0616759515625 0.0017984578125 0.0195725546875 0 0.0088249734375 0 0.155759503125
1 0.855808409375 0.53125 0.87428451875 0.53125 0.87428451875 0.41361360312500006 0.86487125 0.38362888906250003 0.8610262750000001 0.3054596234375 0.8587048156249999 0.3054596234375 0.840625 0.3073504625 0.840625 0.3248985984375 0.84612125 0.38264624375 0.840625 0.4213564234375 0.840625 0.470997134375 0.8412360249999999 0.476517478125 0.8499781359374999 0.515733915625 0.855808409375 0.53125
1 0.791112584375 0.55 0.793105634375 0.5473774875 0.8010562453125001 0.526033971875 0.80880484375 0.4881513359375 0.8113114390625 0.44793733125 0.8026785234375 0.39207702499999997 0.8116989718750001 0.3195997109375 0.80535415 0.307011109375 0.7935220265625 0.309356590625 0.7873668484375 0.322965559375 0.7840295296875001 0.40187713281250004 0.78125 0.41149108281249996 0.78125 0.55 0.791112584375 0.55
1 0.7540617359375 0.55 0.757685596875 0.5399468953125 0.765191690625 0.49010602031249995 0.7647044546874999 0.463671665625 0.7544681703125 0.40775239843750005 0.760536 0.335621103125 0.75864499375 0.324441796875 0.750809721875 0.31517533124999997 0.74282744375 0.319114678125 0.7362040640624999 0.3376941875 0.7362730484375 0.41278511562500003 0.728125 0.4387999734375 0.728125 0.55 0.7540617359375 0.55
1 0.7032839765625 0.55 0.71124164375 0.5119343921875 0.7115716437499999 0.47593253906250005 0.7018376125 0.4240288484375 0.709038771875 0.3460325453125 0.700037428125 0.3321320921875 0.68531011875 0.3532270140625 0.6839416515625001 0.4238964515625 0.678125 0.44711420156250004 0.678125 0.535906196875 0.6787542359375001 0.5377307109375 0.6802528999999999 0.55 0.7032839765625 0.55
1 0.6374438421875 0.3131793875 0.62562811875 0.318462184375 0.62354165625 0.32605561562499996 0.6222270578125 0.3565929875 0.6265509109375 0.3775354234375 0.6260418046875 0.4067020890625 0.615625 0.4523644796875 0.615625 0.5086136437500001 0.6319727265624999 0.492291503125 0.6551044515625 0.48796681406250003 0.654026815625 0.460152665625 0.6432293046875001 0.407102134375 0.648468928125 0.3308041625 0.6374438421875 0.3131793875
1 0.5951977015625 0.44992086875000004 0.58224774375 0.39351759375 0.5873554203125 0.3211043703125 0.5792533000000001 0.3040775109375 0.5667371375 0.307364625 0.5623635 0.3207341546875 0.5650440828125 0.39699570781250004 0.5546875 0.4417615515625 0.5546875 0.515726490625 0.558751140625 0.538885209375 0.5627816671874999 0.546875 0.5847419687500001 0.546875 0.5852651578125 0.546136203125 0.5957688624999999 0.48600014687500004 0.5951977015625 0.44992086875000004
1 0.538022984375 0.534375 0.538022984375 0.409540278125 0.5297259609375 0.3799822203125 0.5281337468749999 0.3064074734375 0.5078125 0.30280159218749997 0.5078125 0.339665575 0.5121132265625 0.3853286890625 0.5078125 0.4098987296875 0.5078125 0.48070656093749997 0.5181556437499999 0.5283478828125 0.5219075734375 0.534375 0.538022984375 0.534375
1 0.694921875 0.30503472187499997 0.681640625 0.30503472187499997 0.67578125 0.3223958328125 0.678125 0.4015625 0.66796875 0.4390625 0.6640625 0.4751736109375 0.66640625 0.49461805625000005 0.6703125 0.498784721875 0.6734375 0.4973958328125 0.68828125 0.42100694375 0.684375 0.348784721875 0.70078125 0.329340278125 0.7 0.31545138906250003 0.694921875 0.30503472187499997
1 0.7496344406250001 0.30625809375 0.7267918296875 0.30706994062500004 0.7261065453125 0.331425390625 0.73046875 0.37100694375 0.71875 0.4223958328125 0.71640625 0.44739583281249995 0.72110609375 0.509994125 0.7318762234375 0.5348749234375 0.72734375 0.5071180562500001 0.725 0.486284721875 0.72890625 0.4529513890625 0.73984375 0.40850694374999996 0.73671875 0.3348958328125 0.742578125 0.3189236109375 0.75 0.31545138906250003 0.7496344406250001 0.30625809375
1 0.6390625 0.3140625 0.637109375 0.3036458328125 0.615625 0.3057291671875 0.61875 0.37795138906250003 0.60703125 0.4348958328125 0.6046875 0.46128472187499997 0.60625 0.4876736109375 0.6125 0.504340278125 0.6140625 0.473784721875 0.628125 0.40711805625 0.625 0.32517361093749997 0.629296875 0.3161458328125 0.6390625 0.3140625
0 0.6907747390625001 0.55 0.690625 0.5460069437499999 0.68359375 0.51961805625 0.675390625 0.505034721875 0.657421875 0.48975694374999995 0.637890625 0.49114583281249996 0.622265625 0.505034721875 0.6109375 0.53350694375 0.60849609375 0.55 0.6907747390625001 0.55
1 0.209375 1 0.209375 0.55 0 0.55 0 0.9969017546875001 0.0035792546874999997 1 0.209375 1
1 0.6831277546875001 1 0.6831277546875001 0.9690583515625001 0.677474609375 0.9515421265625001 0.6650141359374999 0.90290265625 0.6600892453125 0.8260508046874999 0.6622054859375 0.73757135 0.6585266515625 0.6801639453125 0.6536941 0.6614543562499999 0.6449849640624999 0.6430030125 0.634377096875 0.6313732828124999 0.63013661875 0.6293247375 0.6118701703125 0.6293247375 0.6021579562499999 0.6389129109375 0.596875 0.6532121640625 0.596875 0.7312988062500001 0.60639065 0.7900151953125001 0.6151261875 0.8615298578124999 0.616398628125 0.897586378125 0.6130429015625001 0.934323159375 0.6029427249999999 0.9873171765625 0.6013619140625 1 0.6831277546875001 1
1 0.741351621875 1 0.7368342609375 0.9718661265625 0.741066890625 0.920014275 0.7525320953125 0.8556152031250001 0.7558577328125 0.8148744625 0.753790890625 0.802166590625 0.7491157578125 0.7928907781250001 0.7393037546875 0.7863336750000001 0.72813950625 0.7900042734375 0.7196467625 0.7989753374999999 0.70889890625 0.8260657265625 0.7053465203125 0.8695842453125 0.7066163078125001 0.9237462078125 0.70253484375 0.9737462078124999 0.696875 0.9934247875000001 0.696875 1 0.741351621875 1
1 0.533965346875 1 0.5297358265625001 0.974365209375 0.5312146078125 0.9252759796875001 0.5397356890625 0.8569241640625 0.5404599 0.8263534546875 0.534670009375 0.80208236875 0.5285557437499999 0.7921707109375 0.5209318875 0.7873137625 0.512598553125 0.7870712859375001 0.5045219515625 0.7933254468750001 0.4951170375 0.8129828031249999 0.49330606562499996 0.8574272468749999 0.49766226874999997 0.9168835156250001 0.49666659218750003 0.9669138265624999 0.4880677734375 1 0.533965346875 1
1 0.43912720625000007 1 0.4448817734375 0.9407370171875 0.438796775 0.9231731343749999 0.4337825437499999 0.9198336359375 0.42701171093750007 0.9203070999999999 0.42051908281249994 0.9253737703125001 0.41524279843750006 0.9418870437500001 0.4164210828125 1 0.43912720625000007 1
1 0.4792431515625 1 0.47910273750000004 0.9988290625000001 0.484966425 0.9017038218749999 0.4788196546875 0.88071895625 0.4690692828125 0.87215529375 0.45543064375000003 0.8773956640625 0.44966289218750005 0.8943980078125 0.44924267812499996 0.91847208125 0.4527951874999999 0.9537542468750001 0.4538450703125 1 0.4792431515625 1
1 0.580131140625 1 0.580131140625 0.94230835 0.5791871390625 0.9345826562500001 0.574717196875 0.9257409046875 0.56869135 0.9210446093750001 0.5589735250000001 0.923707240625 0.5578125 0.9272312046875001 0.5578125 0.970246565625 0.5614681562499999 1 0.580131140625 1
1 0.7090399046875 1 0.7130208328125 0.95625 0.7114583328124999 0.928472221875 0.7065104171875001 0.9206018515625001 0.7002604171875 0.9168981484375 0.6919270828124999 0.9206018515625001 0.6859375 0.9331018515625 0.68737103125 1 0.7090399046875 1
1 0.8099061125 1 0.8104166671874999 0.965509259375 0.8151041671874999 0.9238425921874999 0.8161458328125001 0.8914351859374999 0.8106770828125001 0.871527778125 0.79921875 0.8641203703125001 0.7872395828125 0.8724537031249999 0.7796875 0.8923611109374999 0.7832792625 1 0.8099061125 1
1 0.8442708328125 1 0.8442708328125 0.9960648140625 0.8484375 0.9581018515625 0.8489583328125001 0.9321759265624999 0.84296875 0.9159722218749999 0.8372395828125001 0.9131944437499999 0.8299479171874999 0.9141203703125 0.8236979171875 0.921527778125 0.81875 0.940509259375 0.8223958328125001 0.9960648140625 0.8223958328125001 1 0.8442708328125 1