1 0.08276699843749999 0.22411211406249998 0.0833442828125 0.219966478125 0.0833442828125 0.1991999640625 0.0781591515625 0.1756511953125 0.0786219453125 0.15193995625 0.0755317828125 0.1444762921875 0.071875 0.14471063125 0.071875 0.1679829359375 0.0726257109375 0.1746127609375 0.071875 0.178434721875 0.071875 0.22244009375 0.07433062968750001 0.228125 0.077761828125 0.228125 0.08276699843749999 0.22411211406249998
1 0.08777665 0.225 0.0919401359375 0.2235142203125 0.09548538437500001 0.20556779218750001 0.091129203125 0.14077984375000002 0.0875 0.1427762125 0.0875 0.225 0.08777665 0.225
1 0.869945865625 0 0.8640625 0.033449471875 0.8640625 0.03971869375 0.8698387390625001 0.08580760625 0.8753215640625001 0.0953125 0.88881960625 0.0953125 0.88881960625 0.0202695296875 0.8829624562499999 0 0.869945865625 0
1 0.90127611875 0 0.8953125 0.031220559375 0.8953125 0.0418902734375 0.8963314671875 0.058756982812500004 0.9027821218750001 0.0828125 0.9059830703125 0.0828125 0.92005324375 0.071513053125 0.92005324375 0.0191679390625 0.9144383937499999 0 0.90127611875 0
1 0.680240634375 0 0.678125 0.007855534375 0.678125 0.084375 0.6935932359375 0.084375 0.700641903125 0.0486938828125 0.69982291875 0.016694875 0.695758396875 0 0.680240634375 0
0 0.9365251125 0.090560096875 0.9236025359375001 0.0726518953125 0.9077507875 0.0763397265625 0.89375 0.09148705 0.89375 0.15856600468749998 0.8959111265624999 0.1625 0.9239102156250001 0.1625 0.9326580281249999 0.1474590375 0.9382648875000001 0.12639819218749998 0.9398521234375 0.10695375 0.9365251125 0.090560096875
1 0.8974046890625 0.6148778984375001 0.8984648640625 0.566097125 0.8916846078124999 0.5546656796875 0.8850400890625 0.555091478125 0.8792458671875 0.564830640625 0.8841156515625 0.615729496875 0.875 0.6622252984375001 0.875 0.6665062531249999 0.8789235874999999 0.7009974124999999 0.8850545984375 0.721875 0.9061327671875 0.721875 0.9076493484375 0.7158494265625001 0.9076493484375 0.648122715625 0.8974046890625 0.6148778984375001
1 0.8647770296875 0.6577868421874999 0.864566946875 0.655676425 0.8564033906249999 0.6322761906250001 0.8573369640624999 0.5786399875 0.8525333296875001 0.570704865625 0.8442276796874999 0.5709949062499999 0.839895103125 0.579249071875 0.8436188 0.6215032812500001 0.8375 0.6515609578125 0.8375 0.7010687046875 0.8376684546875 0.7027397703125 0.8446355624999999 0.725 0.858729896875 0.725 0.86067346875 0.72188194375 0.8647770296875 0.6938795859375 0.8647770296875 0.6577868421874999
1 0.8193555937500001 0.636285359375 0.8228327906249999 0.59403115 0.81770948125 0.582011990625 0.8093748484375001 0.5829672796875001 0.8071680015625 0.5884987546875 0.8068681375000001 0.6370956296875 0.80625 0.6392851140625 0.80625 0.7231547171875 0.8092257765624999 0.7234375 0.8157542640625 0.7234375 0.819074703125 0.7197804781249999 0.826385884375 0.69136991875 0.8269655921875 0.66646331875 0.8193555937500001 0.636285359375
1 0.7798350953125001 0.6001719671875 0.778125 0.63938084375 0.778125 0.7171875 0.7844096078125 0.7171875 0.79182220625 0.6862324453124999 0.7930247500000001 0.6613742203124999 0.78873563125 0.6430328953125001 0.7939546953125001 0.5993495937500001 0.789216784375 0.5915693875000001 0.7798350953125001 0.6001719671875
1 1 0.655638453125 0.9963870437499999 0.6440302 0.9972176078124999 0.6004436484375 0.9934800671874999 0.592349003125 0.9876661125 0.592349003125 0.98309800625 0.6004436484375 0.9847591359375001 0.64278486875 0.9789451828125 0.6614648187500001 0.9789451828125 0.702560709375 0.9864202656250001 0.7237313203125 0.9963870437499999 0.722485990625 1 0.7062344359375 1 0.655638453125
1 0.9635797343749999 0.5823863640625 0.9581810624999999 0.5867450187500001 0.9565199328125 0.595462328125 0.9581810624999999 0.6365582187500001 0.9507059796874999 0.665200809375 0.949875415625 0.6863714203125 0.9573504984374999 0.722485990625 0.9664867109374999 0.7274673093749999 0.9698089703124999 0.7274673093749999 0.9772840531250001 0.7038060406250001 0.9781146171875001 0.66271015 0.970639534375 0.6365582187500001 0.9723006640625 0.589235678125 0.9635797343749999 0.5823863640625
1 0.9349252484375 0.6228595890624999 0.9365863781249999 0.576782378125 0.9295265781250001 0.5686877328125 0.9199750828125 0.5780277078125 0.9199750828125 0.6340675593749999 0.9108388703125 0.671427459375 0.9125 0.7000700500000001 0.9216362124999999 0.72497665 0.9336794015625 0.725599315625 0.9374169437500001 0.721240659375 0.9448920265625 0.6863714203125 0.9448920265625 0.665200809375 0.9349252484375 0.6228595890624999
1 0.8610049828124999 0.6365582187500001 0.8626661125 0.6004436484375 0.858928571875 0.592349003125 0.8535299000000001 0.602934309375 0.8535299000000001 0.63033156875 0.8610049828124999 0.6552381687500001 0.8626661125 0.6788994390624999 0.8551910296875 0.72497665 0.8610049828124999 0.7237313203125 0.8684800671874999 0.6888620796875 0.8668189375 0.6602194890625 0.8610049828124999 0.6365582187500001