1 0.24169201562499998 0 0.24311450156249997 0.0761317203125 0.22629350625 0.1450139140625 0.2255307828125 0.1571685359375 0.2255307828125 0.22305468125 0.2300832203125 0.255991678125 0.2378649828125 0.284375 0.2642243078125 0.284375 0.26711451875000003 0.281970709375 0.2778022953125 0.236370009375 0.2828125 0.2014786875 0.2828125 0.1527972546875 0.280133284375 0.13265418125 0.2675936671875 0.07556196093749999 0.2689872546875 0.025549839062500003 0.2716633890625 0 0.24169201562499998 0
1 0.740625 0.3296875 0.740625 0.2916239671875 0.7382147828125 0.2817311265625 0.722293396875 0.2543352109375 0.7186295765625 0.240537240625 0.7198417359375 0.171092796875 0.71113615625 0.1553296875 0.70566740625 0.155456975 0.700053196875 0.16391759374999998 0.6946571765625 0.1598782140625 0.6852727890625 0.18300399375 0.686350428125 0.2107454046875 0.6944108265625 0.2411009375 0.6963424453125 0.264657496875 0.68538616875 0.3107272203125 0.6854107328125 0.3296875 0.740625 0.3296875
1 0.769115715625 0.2279486765625 0.77012044375 0.2296875 0.7830884953125 0.2296875 0.791838090625 0.21953787343750003 0.800613940625 0.1863863984375 0.803125 0.161351734375 0.803125 0.1437688265625 0.8023746953125 0.1321515359375 0.79307655 0.099866109375 0.7975574859375001 0.030398934375 0.7940499375 0.0198572421875 0.78165518125 0.0181046390625 0.772031265625 0.036615953125 0.7748082234375 0.08263114218749999 0.7728085921875 0.10902003125 0.769115715625 0.1192788421875 0.769115715625 0.2279486765625
1 0.878125 0.3296875 0.878125 0.23846444218750001 0.8745926687499999 0.2297901625 0.8716753234375 0.19646592031250001 0.8737817046874999 0.15613359843750002 0.8694106500000001 0.13672551718749998 0.8642409609375001 0.1296875 0.8634246984375 0.1296875 0.85951151875 0.134755815625 0.8483070062500001 0.13071641875 0.842600921875 0.1453770234375 0.8518474140624999 0.228664903125 0.8452809734375 0.2482002546875 0.8411670687499999 0.2816063125 0.8463589500000002 0.3260234859375 0.8479549921875 0.3296875 0.878125 0.3296875
1 1 0.108258928125 0.993359375 0.1057291671875 0.98203125 0.11614583281249999 0.98125 0.18836805625 0.9671875 0.2203125 0.96015625 0.2564236109375 0.96171875 0.29392361093749997 0.9694561296875002 0.3296875 0.9939453125 0.3296875 1 0.3189236109375 1 0.108258928125
1 0.907421875 0.0029513890625 0.898046875 0.0029513890625 0.89140625 0.0161458328125 0.89296875 0.0869791671875 0.88515625 0.105034721875 0.88046875 0.1286458328125 0.88359375 0.1828125 0.893359375 0.20850694375 0.9015625 0.21059027812500003 0.906640625 0.20850694375 0.91328125 0.1911458328125 0.91875 0.17170138906250001 0.92109375 0.142534721875 0.9171875 0.1064236109375 0.91015625 0.0869791671875 0.9140625 0.01336805625 0.907421875 0.0029513890625
1 0.8318489578125 0 0.83203125 0.0036458328125000003 0.8234375 0.0328125 0.821875 0.06336805625 0.8328125 0.110590278125 0.84140625 0.11475694375 0.84765625 0.10920138906250001 0.8546875 0.085590278125 0.85546875 0.0314236109375 0.846630859375 0 0.8318489578125 0
1 0.918603515625 0 0.91484375 0.01336805625 0.9125 0.0578125 0.915625 0.08836805625000001 0.92734375 0.0994791671875 0.93515625 0.0939236109375 0.9453125 0.0467013890625 0.94375 0.018923610937499998 0.938740809375 0 0.918603515625 0
1 0.8606530234375 0 0.86484375 0.0244791671875 0.869921875 0.0307291671875 0.87734375 0.030034721874999996 0.88046875 0.027256943750000002 0.8867409453124999 0 0.8606530234375 0
0 0 0.9962114453125 0.0059383546874999995 0.991738775 0.02343546875 0.962320940625 0.0296875 0.9373240140625001 0.0296875 0.8735525359375 0.027782771875 0.8636189015625 0.020008699999999997 0.847385259375 0 0.8270284453125001 0 0.9962114453125
1 0.3890625 0.9265625 0.4353602296875 0.9265625 0.4375 0.9188725375000001 0.4375 0.8143652937500001 0.4235582765625 0.744887409375 0.42796816406250004 0.6712035640625 0.39477716093750004 0.67128193125 0.39316225625 0.7414299125 0.3890625 0.7579206453125 0.3890625 0.9265625
1 0.46445653125 0.6717426062499999 0.46234773437500004 0.7719017296875 0.44815552499999994 0.81978171875 0.44815552499999994 0.925 0.5015625 0.925 0.5015625 0.833473425 0.49214047812499995 0.7713766578125 0.5015625 0.67991140625 0.5015625 0.670786075 0.46445653125 0.6717426062499999
1 0.8584562984375002 0.8890248625 0.8650637031249999 0.9203125 0.9109375 0.9203125 0.9109375 0.7615114562499999 0.8972417890625 0.7134430625 0.8946606734374999 0.673165284375 0.889683259375 0.6687305453125 0.88580079375 0.6687305453125 0.8671389140624999 0.6707056796875 0.8683355390624999 0.713779415625 0.85311605625 0.8056915312499999 0.8523743781250002 0.8307188015625 0.8584562984375002 0.8890248625
2 0.3890625 1 0.9791958890625001 1 0.9796875 0.923090278125 0.973046875 0.90850694375 0.926953125 0.929340278125 0.541015625 0.929340278125 0.511328125 0.9348958328125001 0.440234375 0.936284721875 0.3890625 0.935268271875 0.3890625 1