1 0.171443603125 0 0.1811514625 0.079323403125 0.17193017187499998 0.14255732031249999 0.17310400937499998 0.17859565625 0.1764288234375 0.1875 0.2078125 0.1875 0.2078125 0.10643684687499999 0.20089319843750003 0.0830108640625 0.19842505625 0 0.171443603125 0
2 0 0.288841203125 0.0047804078125 0.2890081390625 0.2666123421875 0.3009253375 0.275907978125 0.3088779671875 0.2793015421875 0.321875 0.3390625 0.321875 0.3390625 0.221891559375 0.3372091484375 0.21462822343750002 0.3269397140625 0.21149578125000001 0.20813311875 0.20596005156250002 0.1840841484375 0.20928098125 0.158076528125 0.202825125 0 0.195788671875 0 0.288841203125
1 0.8538738671875 0.509375 0.8487641187499999 0.490404025 0.80550436875 0.40900719375000005 0.784183171875 0.365632984375 0.7857076484375 0.3159484953125 0.79702465 0.24528977031250002 0.8049324609375 0.1780647140625 0.7792941265625 0.11499722187500001 0.7428110875 0.0906306625 0.705275753125 0.0839909375 0.6811221765625 0.1009109546875 0.666111840625 0.1467285171875 0.7016522734375 0.365437515625 0.6545786078125 0.509375 0.8538738671875 0.509375
1 0.61875 0.509375 0.639253471875 0.509375 0.6820486109375 0.38954861093750004 0.6642708328125 0.1851041671875 0.6776041671875 0.1051041671875 0.63538194375 0.0673263890625 0.61875 0.0673263890625 0.61875 0.509375
1 1 0.509375 1 0.0631186859375 0.9998263890625001 0.06288194375 0.9761603046874999 0.056003237500000004 0.9509375 0.053993056250000004 0.92640320625 0.070234259375 0.9176041671874999 0.0873263890625 0.922849184375 0.2836997578125 0.8961936250000001 0.36019154375 0.954835775 0.46514557968750003 0.9588373656249999 0.509375 1 0.509375
1 0.9584123203124999 0.509375 0.9388425484375 0.43668340156249996 0.899747646875 0.37264371406249996 0.8784232515625 0.29970969531249997 0.885531428125 0.0880230515625 0.8535447046875 0.068455371875 0.8126727890625001 0.08090760625 0.7976041671875 0.10954861093749999 0.8109375 0.3051041671875 0.787794375 0.3744226328125 0.7976041671875 0.4073263890625 0.8352010234374999 0.509375 0.9584123203124999 0.509375
1 0.6287152781249999 0.060659721874999996 0.6820486109375 0.10065972187500001 0.713159721875 0.0695486109375 0.7020486109374999 0.0495486109375 0.6576041671875 0.040659721875 0.6287152781249999 0.060659721874999996
1 0.708715278125 0.07843750000000001 0.7976041671875 0.10954861093749999 0.8020486109375 0.08288194374999999 0.7776041671875 0.058437499999999996 0.733159721875 0.053993056250000004 0.708715278125 0.07843750000000001
1 0.913159721875 0.1851041671875 0.9121869890625 0.15384159375 0.9220486109374999 0.07399305625 0.8842708328125 0.040659721875 0.848715278125 0.0451041671875 0.828715278125 0.0695486109375 0.89538194375 0.1051041671875 0.8820486109375001 0.14510416718750002 0.885531428125 0.2321123 0.90152465625 0.33706613124999996 0.9175180203125001 0.3246139625 0.90152465625 0.25167994375 0.913159721875 0.1851041671875
1 0.8123267593750001 0.509375 0.815282659375 0.557668721875 0.8143070781249999 0.5756151109375 0.7977995078125 0.645429603125 0.7962693187500001 0.68687794375 0.7986899234375 0.7188223921875 0.8140031171875 0.78735098125 0.8232060578125001 0.8009274906249999 0.825999559375 0.8015625 0.8421875 0.8015625 0.8421875 0.7956886640625 0.8406485874999999 0.79481995625 0.838897871875 0.7871264828125 0.8334513937500001 0.78202885625 0.82876389375 0.7818105328125 0.8261651125 0.7886094296875 0.823167628125 0.785009846875 0.816751684375 0.7722551390625 0.8133393421875 0.7374965265625001 0.8227366140625 0.7330902609375001 0.8421875 0.73702283125 0.8421875 0.509375 0.8123267593750001 0.509375
1 0.9175384359375001 0.509375 0.9180435078125001 0.5505110890625 0.903448228125 0.594382615625 0.8952161375 0.641250171875 0.8986006609375 0.705166346875 0.9090053828125001 0.749910890625 0.916989159375 0.759375 0.9381142359375 0.759375 0.9382511906250001 0.75925365 0.94375 0.740678621875 0.94375 0.5650445921875 0.9426018140625001 0.5596901609375 0.9418661078125 0.5416346046875 0.94375 0.519829321875 0.94375 0.509375 0.9175384359375001 0.509375
1 0.7626490546875 0.509375 0.7625 0.51944444375 0.7453125 0.5722222218749999 0.73984375 0.6111111109375 0.740625 0.65 0.74765625 0.7 0.754296875 0.71319444375 0.76796875 0.715277778125 0.775 0.7111111109375 0.7796875 0.647222221875 0.79453125 0.5888888890625 0.7859375 0.51944444375 0.7868318249999999 0.509375 0.7626490546875 0.509375
1 0.61875 0.509375 0.61875 0.5978511531249999 0.628515625 0.590972221875 0.646875 0.5513888890625 0.6453125 0.525 0.641467284375 0.509375 0.61875 0.509375