1 0.1656279203125 0 0.166829678125 0.0405833265625 0.1502412578125 0.1125782828125 0.1467077171875 0.1791722234375 0.1497982234375 0.21669040625 0.1651844609375 0.2876691890625 0.1712588984375 0.2953125 0.20030530624999998 0.2953125 0.20212958281249999 0.29365200625 0.2046875 0.2855527640625 0.2046875 0.06842927343750001 0.2009327640625 0.053474226562500005 0.19875385625 0 0.1656279203125 0
1 0.293384078125 0 0.2933685171875 0.0002319640625 0.2714859609375 0.07161856875 0.2714859609375 0.2403280875 0.27309599218749997 0.2430639265625 0.28117838281249996 0.24375 0.29021111093749996 0.24375 0.29653349218749997 0.24183561718750002 0.3100336703125 0.21133988124999997 0.3258327859375 0.13985145000000002 0.32691752812499997 0.0663631703125 0.3195478734375 0.0237989375 0.3216313625 0 0.293384078125 0
1 0.25682604375 0 0.2543760296875 0.01149779375 0.2522143765625 0.044749306249999996 0.2581971140625 0.1031099140625 0.26849091875000003 0.1462882 0.27592588125 0.1546875 0.2890625 0.1546875 0.2890625 0 0.25682604375 0
1 0.4296875 0 0.413613940625 0 0.39963217968750003 0.0548145265625 0.3973726921875 0.0895094796875 0.40067907812500003 0.12562513749999998 0.41208075468749994 0.18816604374999998 0.4197709703125 0.1953125 0.4296875 0.1953125 0.4296875 0
1 0.138565840625 0 0.13292579843750002 0.0209734265625 0.1288152765625 0.05402015624999999 0.12979945937499998 0.11643826406249999 0.142445796875 0.178081646875 0.1438060203125 0.1796875 0.14758313125 0.1796875 0.150893209375 0.1175437453125 0.1663152765625 0.055985446875 0.16859138437500001 0.0353158875 0.1673589234375 0 0.138565840625 0
1 0.112827278125 0 0.11209833124999999 0.009429971875 0.11771341718749999 0.0704137484375 0.126159490625 0.10484946875000001 0.1287586734375 0.10625 0.1309812953125 0.10625 0.1321499671875 0.0406104140625 0.14003735781249999 0 0.112827278125 0
1 0 0 0 0.3603619953125 0.004835371875 0.368019553125 0.0194037078125 0.36875 0.027288540625000003 0.36875 0.036012584375000004 0.365175171875 0.0375 0.362182803125 0.0375 0.097552684375 0.035697821875 0.090654471875 0.028949209375 0.05162891093750001 0.028160493749999998 0.0006813078125 0.028154292187500003 0 0 0
1 0.4296875 0.55 0.4756166515625 0.55 0.46029449062500005 0.47727917499999994 0.462235146875 0.43561250781250005 0.468558096875 0.38909784687500004 0.47011062187499997 0.3557645125 0.4671548 0.34114076875 0.46213887031249995 0.33170515 0.45147824375 0.32763442187499997 0.44834447656250004 0.32763442187499997 0.4353607421875 0.33772686093750004 0.42970125000000003 0.35326394843750003 0.4296875 0.35347258125000003 0.4296875 0.416009159375 0.43059368906250006 0.43449976875 0.4296875 0.4707917078125 0.4296875 0.55
1 0.6015625 0.55 0.6015625 0.5384333828125001 0.5929245 0.510080965625 0.5895270046875 0.472108909375 0.5902044734375 0.40554224687499996 0.58669635 0.35924595 0.5813369203125001 0.3434324796875 0.57283764375 0.3308006578125 0.559466 0.32594374843749996 0.5488793109375 0.3303824640625 0.5433160875 0.34276882343750004 0.5416240328125 0.35476040625 0.54520231875 0.401982628125 0.5528366421875 0.4409533375 0.5591108 0.5168883531249999 0.55428415 0.55 0.6015625 0.55
1 0.540625 0.55 0.540625 0.3334336171875 0.5345983921874999 0.32729931562500003 0.5223573781249999 0.3309302984375 0.5175037265625 0.33969477812500004 0.5152204375 0.351713634375 0.5285897562499999 0.4610062265625 0.5199098328125 0.515563134375 0.5180093125 0.547946296875 0.51818330625 0.55 0.540625 0.55
1 0.6609375 0.55 0.6609375 0.5194719546875 0.648615540625 0.4772114703125 0.6460196375 0.42625824999999995 0.6478922265625 0.3829308 0.6460508921875 0.35049609843749996 0.6424354203125 0.338295284375 0.6355288531250001 0.3282318671875 0.6244404390625 0.3239549546875 0.6152540828124999 0.3280932609375 0.6087698968749999 0.34115069375 0.6071770359374999 0.3530785484375 0.6083466203125 0.38178225 0.6157809421875 0.4366848375 0.61751645625 0.47927743281249996 0.60420026875 0.547875709375 0.6042239734375 0.55 0.6609375 0.55
1 0.75519086875 0.55 0.7542215125 0.5452198765625 0.75091613125 0.4897067671875 0.7541404765624999 0.402393840625 0.75109919375 0.3533622109375 0.7451362875 0.3350559171875 0.738154265625 0.3237471203125 0.7308028484375 0.3192674125 0.7146371296874999 0.3192674125 0.7038924515625 0.327925571875 0.6997860625 0.3359763328125 0.69637396875 0.3546646296875 0.6988640531250001 0.415775740625 0.7090681890624999 0.49975910937499995 0.70965290625 0.55 0.75519086875 0.55
1 0.6984375 0.55 0.6984375 0.41059671093750005 0.696373315625 0.39466631875 0.69496606875 0.3678144671875 0.69837895 0.3333126265625 0.6945325406249999 0.324674009375 0.6910547359375 0.321875 0.6804486421875 0.321875 0.675782540625 0.32554730468750004 0.6696004906249999 0.3420784921875 0.6703898515625 0.3671027515625 0.679069409375 0.45301979687499994 0.6712116578125 0.49236959062499996 0.66812550625 0.5231434703125 0.6734191015625 0.55 0.6984375 0.55
1 0.7996981562500001 0.55 0.798950521875 0.5404267953125 0.7903657015625 0.4935113578125 0.789598765625 0.44621629531250007 0.7940455484375001 0.39835950625 0.7932840000000001 0.3501385171875 0.7858746703125 0.3250733890625 0.7791307703125 0.319970296875 0.7707974375 0.319387571875 0.759285234375 0.32784558750000004 0.7542753703124999 0.3381477421875 0.7510641796874999 0.352744034375 0.75653846875 0.48651441406249996 0.7543204625 0.5095168812499999 0.746059875 0.5490910062500001 0.746059875 0.55 0.7996981562500001 0.55
1 0.83197236875 0.55 0.8171875 0.48836805625 0.8145833328125001 0.4689236109375 0.8177083328125001 0.3587384265625 0.8161458328125001 0.3318865734375 0.8091145828125 0.3184606484375 0.7966145828125001 0.316608796875 0.79140625 0.3203125 0.7890625 0.32633101875000003 0.7953125 0.3568865734375 0.7947916671874999 0.4124421296875 0.7911458328125001 0.448553240625 0.7916666671874999 0.48188657343749997 0.802072884375 0.55 0.83197236875 0.55
1 0.8595749625 0.55 0.8598958328125 0.530034721875 0.85625 0.4994791671875 0.840625 0.43836805625 0.8432291671875 0.33466435156249996 0.840625 0.32540509218749997 0.8356770828125001 0.3184606484375 0.8231770828125 0.3156828703125 0.8190104171874999 0.3193865734375 0.8161458328125001 0.32725694375000003 0.8182291671874999 0.3976273140625 0.8161458328125001 0.4031828703125 0.8171875 0.43929398124999997 0.815625 0.467071759375 0.8197916671875 0.4967013890625 0.8317708328125001 0.5383680562500001 0.832861328125 0.55 0.8595749625 0.55
1 0.4349386046875 0.98125 0.45193203593750003 0.98125 0.463168465625 0.9519440781250001 0.4640625 0.9400723875000001 0.4640625 0.9115941078125 0.455822428125 0.8795903859375 0.45922480937500004 0.827455871875 0.4542479109375 0.8192738187499999 0.4455194953125 0.8184323499999999 0.437679790625 0.8298839046875 0.4390995734375 0.883064603125 0.430565959375 0.90721931875 0.430565959375 0.9651914484375 0.43363524375000007 0.97946995 0.4349386046875 0.98125
1 0.5296875 1 0.5296875 0.9258526890625 0.5224788359375 0.9058693968749999 0.5191140953125 0.8485947765624999 0.5141769015625 0.8413566109375001 0.5043126109375 0.83988406875 0.497827053125 0.8508239312500001 0.5049007109375 0.9055625703124999 0.49594460781249994 0.941816353125 0.49664536718749996 0.9639347218750001 0.507531696875 1 0.5296875 1
1 0.5875 1 0.5875 0.9429430218749999 0.5813366765625 0.9279113609374999 0.5791925296875 0.8693289734375 0.57216199375 0.85952641875 0.5662115671875 0.858190246875 0.558320515625 0.8640013296875001 0.5561192312500001 0.8744009515625001 0.5638496046875 0.9291111781250001 0.5561781421875 0.9590022796875001 0.5554336671875 0.9902352343749999 0.558425071875 1 0.5875 1
1 0.6265625 1 0.6265625 0.9150606703124999 0.6223394375 0.9019724953124999 0.6219581078124999 0.8447831875 0.61521253125 0.8346848984375 0.6063704140625 0.8329221984374999 0.5996563375 0.8475123109375 0.605737875 0.9011024453124999 0.596322084375 0.9330915546874999 0.5964066375 0.959082040625 0.6081495515625 1 0.6265625 1
1 0.6620636046875 0.9703125 0.6625 0.9689199046875 0.6625 0.8815506453124999 0.6572644999999999 0.8620301859375001 0.6574137265625 0.8176797671875 0.6448087765625 0.808411540625 0.6369059140625 0.8185153968750001 0.642010890625 0.8717814374999999 0.6342829453125 0.89818123125 0.6334439921875 0.925604565625 0.644960459375 0.968175396875 0.6471961625 0.9703125 0.6620636046875 0.9703125
1 0.693471753125 0.9420667343750001 0.6953125 0.9404402093750001 0.6953125 0.8559350265625 0.69128349375 0.8442740328125 0.689871678125 0.798655634375 0.6765857265624999 0.79731654375 0.6717264281249999 0.8073323328124999 0.6765668171874999 0.8436542109375 0.668076525 0.8871232875 0.67855035625 0.9375406640625 0.684108403125 0.9421875 0.6925096546875 0.9421875 0.693471753125 0.9420667343750001
1 0.584469396875 0.9453125 0.5889408078125 0.9453125 0.6 0.9058613375 0.6 0.8754582937500001 0.5965562296875 0.8369066625 0.5986760125 0.8083974046875 0.59527698125 0.8049031875000001 0.58258166875 0.80401544375 0.5781378984375001 0.812171690625 0.5818547656249999 0.844996925 0.5778500359375001 0.86165085625 0.5755560234375 0.9201080312500001 0.58128661875 0.9426531765625 0.584469396875 0.9453125
1 0.4884765625 0.859765625 0.4787109375 0.8936197921875 0.4796875 0.922265625 0.4865234375 0.9430989578125001 0.49921875 0.9014322921875 0.4962890625 0.851953125 0.505078125 0.8350260421875 0.50361328125 0.80703125 0.4865234375 0.8102864578125001 0.4884765625 0.859765625
1 0.55146484375 0.8135416671875 0.5392578125 0.8220052078125001 0.5412109375 0.8766927078125001 0.53046875 0.9209635421875 0.5333984375 0.9509114578125001 0.540234375 0.9743489578125001 0.5451171875 0.9782552078125001 0.5587890625 0.9209635421875 0.55390625 0.879296875 0.559765625 0.8233072921875 0.55146484375 0.8135416671875