1 0 0.46394211093750004 0.0057291671875 0.49436431875000003 0.011485159375 0.509375 0.0389433375 0.509375 0.04375 0.5036645578125001 0.0546875 0.44785442968750006 0.0578125 0.42370762031250003 0.058854167187499994 0.3912759671875 0.055208332812500004 0.3543237890625 0.040625 0.29170025625 0.0395833328125 0.26394672343750003 0.0442708328125 0.2036524359375 0.0432291671875 0.176824828125 0.0388020828125 0.16350194375 0.0283854171875 0.154485134375 0.01796875 0.158431290625 0.0125 0.166428946875 0.0083333328125 0.181340740625 0.0083333328125 0.20819259531249998 0.0125 0.259947465625 0.0119791671875 0.293292921875 0 0.344355215625 0 0.46394211093750004
1 0.921875 0.55 0.921875 0.5238223953125 0.90859375 0.464409296875 0.91171875 0.3726698984375 0.907421875 0.3581865734375 0.901171875 0.354165378125 0.888671875 0.3572340953125 0.88359375 0.3705467375 0.8875 0.45378915 0.871875 0.5295496515625 0.871875 0.55 0.921875 0.55
1 0.8688447109374999 0.55 0.8688447109374999 0.534188553125 0.8543385171875 0.4728134078125 0.8558877125000001 0.3826083640625 0.852166021875 0.37072098124999997 0.8454659796874999 0.3640625 0.8435718874999999 0.3640625 0.832586284375 0.367488609375 0.8277627125 0.3819537484375 0.83241503125 0.4695264828125 0.821875 0.5237344187499999 0.821875 0.55 0.8688447109374999 0.55
1 0.56875 0.55 0.6048253671875 0.55 0.603125 0.5243055562500001 0.59140625 0.47430555625000004 0.59453125 0.38125 0.588671875 0.36666666718749996 0.583203125 0.3625 0.575390625 0.3638888890625 0.56875 0.37569444375 0.56875 0.440509259375 0.56953125 0.471527778125 0.56875 0.4747957515625 0.56875 0.55
1 0.6640625 0.39097222187499997 0.657421875 0.377777778125 0.645703125 0.377777778125 0.6375 0.39930555624999997 0.640625 0.44375 0.642578125 0.447222221875 0.649609375 0.4375 0.65703125 0.4479166671875 0.66171875 0.44375 0.6640625 0.39097222187499997
1 0.673994140625 0.55 0.6734375 0.53680555625 0.66171875 0.48402777812500003 0.658203125 0.4791666671875 0.64140625 0.4798611109375 0.625 0.546527778125 0.625039859375 0.55 0.673994140625 0.55
1 0.790234375 0.377777778125 0.780859375 0.375 0.775 0.37986111093749997 0.7703125 0.40069444374999996 0.77265625 0.4826388890625 0.76484375 0.515972221875 0.787109375 0.522222221875 0.80078125 0.534027778125 0.80390625 0.534027778125 0.803125 0.52569444375 0.79375 0.48680555625000005 0.796875 0.3951388890625 0.790234375 0.377777778125
1 0.62421875 0.55 0.62421875 0.54930555625 0.63984375 0.48680555625000005 0.6375 0.39375 0.644140625 0.377777778125 0.6546875 0.3729166671875 0.6515625 0.3604166671875 0.645703125 0.3541666671875 0.633203125 0.35555555625 0.62734375 0.37013888906250003 0.63125 0.44930555625 0.6140625 0.5326388890625 0.6140625 0.55 0.62421875 0.55
1 0.77421875 0.38125 0.78203125 0.3729166671875 0.774609375 0.35555555625 0.761328125 0.35555555625 0.7546875 0.365972221875 0.7578125 0.45625 0.74375 0.5173611109375 0.74375 0.5326388890625 0.748046875 0.5333333328125 0.761328125 0.51944444375 0.77265625 0.4826388890625 0.76953125 0.41180555625000004 0.77421875 0.38125
1 0.6935546875 0.55 0.69453125 0.546527778125 0.7 0.5395833328124999 0.69765625 0.52569444375 0.7 0.51180555625 0.71171875 0.4923611109375 0.71015625 0.4076388890625 0.7125 0.39375 0.72265625 0.384027778125 0.72109375 0.3729166671875 0.712109375 0.3625 0.701953125 0.36805555624999997 0.69609375 0.384027778125 0.69921875 0.4701388890625 0.6796875 0.5479166671875 0.679719171875 0.55 0.6935546875 0.55
1 0.4962890609375 0.8200689921875 0.4947265609375 0.7747349890624999 0.4791015609375 0.701950515625 0.4837890609375 0.6111006734375 0.481705728125 0.5981862 0.4751953109375 0.587689584375 0.469986978125 0.58503303125 0.46165364531249997 0.5870788421875 0.45305989531249996 0.60440849375 0.4525390609375 0.634050246875 0.45514322500000004 0.65621185625 0.45618489531249995 0.7061876109374999 0.4416015609375 0.7685640796875 0.440625 0.776978 0.440625 0.8458842750000001 0.44993489531249997 0.8961478968750001 0.45264443125 0.903125 0.4815919734375 0.903125 0.48274739218749996 0.9018656578125 0.49108072812500003 0.8637087359375 0.4962890609375 0.8200689921875
1 0.3985124203125 0.8757797984375 0.3985124203125 0.7816124828125 0.3979486953125 0.7772632796875 0.3811600234375 0.710232934375 0.3841181796875 0.6112679640625001 0.3807507484375 0.5973063390625 0.3693346421875 0.58454570625 0.3594872953125 0.587093153125 0.3541720859375 0.595762165625 0.3507686828125 0.609566196875 0.3576902 0.7078355703125 0.3453125 0.7723671703124999 0.3453125 0.8619291312499999 0.3544911890625 0.9123076062500001 0.35807863281249996 0.9239604765625 0.3657211359375 0.9265625 0.3849041984375 0.9265625 0.3905579859375 0.9205514671875001 0.3985124203125 0.8757797984375
1 0.3098958328125 0.62835648125 0.3140625 0.7015046296875 0.3005208328125 0.7607638890625 0.296875 0.79039351875 0.2984375 0.8366898140625001 0.3083333328125 0.8903935187500001 0.3127604171875 0.8991898140625001 0.3223958328125 0.900578703125 0.33671875 0.8991898140625001 0.3416666671875 0.8903935187500001 0.33645833281250004 0.8200231484374999 0.3390625 0.7839120375 0.3463541671875 0.75243055625 0.33645833281250004 0.7024305562500001 0.3401041671875 0.6079861109375 0.3369791671875 0.5959490734374999 0.32890625 0.5862268515625 0.3190104171875 0.588078703125 0.3109375 0.60335648125 0.3098958328125 0.62835648125
1 0.23854166718749997 0.7450231484375001 0.2265625 0.793171296875 0.2234375 0.8209490734375 0.2244791671875 0.868171296875 0.23125 0.9144675921874998 0.23854166718749997 0.9450231484374999 0.24192708281250003 0.9510416671874999 0.24635416718749997 0.9515046296874999 0.2669270828125 0.9510416671874999 0.2734375 0.944097221875 0.2838541671875 0.8913194437499999 0.2880208328125 0.8487268515625 0.2854166671875 0.7978009265624999 0.2677083328125 0.7237268515624999 0.2671875 0.6950231484375 0.2723958328125 0.6357638890625 0.271875 0.6107638890625 0.2653645828125 0.593634259375 0.2575520828125 0.587152778125 0.24505208281250002 0.5927083328125 0.2375 0.6107638890625 0.23697916718749998 0.6403935187500001 0.240625 0.6672453703125 0.2416666671875 0.7228009265625 0.23854166718749997 0.7450231484375001
1 0.20989583281250002 0.6839120375000001 0.209375 0.7098379625 0.1953125 0.775578703125 0.1921875 0.806134259375 0.1932291671875 0.8450231484374999 0.2046875 0.9116898140625 0.20963541718749998 0.9214120375 0.21770833281250002 0.921875 0.23177083281250002 0.918171296875 0.22395833281250002 0.86539351875 0.22291666718749997 0.8237268515625 0.22760416718749998 0.7857638890625 0.23802083281250003 0.7450231484375001 0.2375 0.7302083328125 0.2322916671875 0.7089120375 0.2322916671875 0.681134259375 0.2359375 0.65243055625 0.23697916718749998 0.6107638890625 0.2309895828125 0.593634259375 0.2231770828125 0.587152778125 0.2143229171875 0.58993055625 0.2088541671875 0.5978009265625001 0.2052083328125 0.6098379625 0.2052083328125 0.6394675921874999 0.20989583281250002 0.6839120375000001
1 0.1770833328125 0.6607638890625 0.1770833328125 0.7042824078125001 0.1630208328125 0.7663194437499999 0.1614583328125 0.7885416671875 0.1625 0.821875 0.1697916671875 0.8709490734375 0.17578125 0.8917824078125001 0.184375 0.8950231484375 0.1950520828125 0.8954861109374999 0.2 0.8903935187500001 0.1921875 0.84039351875 0.1916666671875 0.8070601859375 0.1963541671875 0.7635416671874999 0.2052083328125 0.7357638890625 0.2052083328125 0.7246527781250001 0.20052083281250002 0.7089120375 0.1989583328125 0.6885416671875 0.20208333281250002 0.6098379625 0.1994791671875 0.5987268515624999 0.19088541718750002 0.5890046296875 0.17890625 0.5927083328125 0.1734375 0.606134259375 0.1729166671875 0.6329861109375 0.1770833328125 0.6607638890625
1 0.1135416671875 0.7292824078125 0.0979166671875 0.8042824078125002 0.0994791671875 0.812615740625 0.1119791671875 0.837615740625 0.1208333328125 0.8765046296874999 0.1223958328125 0.925578703125 0.1130208328125 0.9737268515625 0.11614583281249999 0.97835648125 0.1408854171875 0.9769675921874998 0.1458333328125 0.9709490734374999 0.1572916671875 0.912615740625 0.1619791671875 0.8728009265625 0.1619791671875 0.843171296875 0.1588541671875 0.812615740625 0.14010416718750002 0.7348379625 0.14010416718750002 0.712615740625 0.1385416671875 0.7089120375 0.1442708328125 0.646875 0.1442708328125 0.6172453703125 0.1377604171875 0.5973379624999999 0.1278645828125 0.58993055625 0.11484375 0.5964120375 0.1078125 0.6163194437499999 0.10729166718750001 0.6329861109375 0.1135416671875 0.7292824078125
1 0.09296875 0.5927083328125 0.08854166718749999 0.5987268515624999 0.08541666718749999 0.6116898140625 0.08854166718749999 0.7237268515624999 0.08541666718749999 0.7440972218749999 0.075 0.7839120375 0.07734375 0.7899305562500001 0.0958333328125 0.806134259375 0.0984375 0.80243055625 0.1125 0.7366898140625 0.1130208328125 0.7033564812499999 0.10729166718750001 0.631134259375 0.10833333281249999 0.6135416671875 0.1119791671875 0.5978009265625001 0.10442708281249999 0.58993055625 0.09296875 0.5927083328125
1 0.0674479171875 0.5954861109375 0.0625 0.6098379625 0.0625 0.6394675921874999 0.0666666671875 0.6802083328124999 0.0671875 0.7089120375 0.05208333281250001 0.77743055625 0.05390625 0.780671296875 0.0723958328125 0.7857638890625 0.07552083281250001 0.7820601859374999 0.0796875 0.7663194437499999 0.08854166718749999 0.718171296875 0.0859375 0.7089120375 0.08854166718749999 0.7052083328125 0.0890625 0.696875 0.084375 0.6385416671875 0.0869791671875 0.596875 0.0809895828125 0.58993055625 0.07473958281250001 0.58993055625 0.0674479171875 0.5954861109375
1 0.0625 0.6320601859374999 0.06510416718749999 0.596875 0.06171875 0.5917824078125 0.0497395828125 0.5954861109375 0.0442708328125 0.6098379625 0.0484375 0.7015046296875 0.0338541671875 0.7653935187500001 0.0338541671875 0.7839120375 0.052604167187499995 0.77835648125 0.05729166718749999 0.7478009265625 0.0661458328125 0.71539351875 0.0666666671875 0.6848379625 0.0625 0.6320601859374999
0 0.097447915625 1 0.09817708281250001 0.9991898140625001 0.1109375 0.9765046296875 0.1166666671875 0.956134259375 0.121875 0.921875 0.121875 0.9042824078125001 0.11614583281249999 0.856134259375 0.1015625 0.818171296875 0.08515625 0.7973379625 0.0731770828125 0.7871527781250001 0.05390625 0.7825231484375 0.0309895828125 0.7871527781250001 0.014322917187500001 0.8010416671874999 0.0036458328125000003 0.8172453703125001 0 0.824344134375 0 0.984011753125 0.0075520828124999995 0.9982638890625001 0.009042625 1 0.097447915625 1
1 0.68525390625 1 0.68525390625 0.9817362062499999 0.6748372390624999 0.9356823609375 0.6717122390625 0.9061254671875 0.6737955734375001 0.8412621609375 0.6709309890624999 0.8371621703125001 0.6646809890625 0.8363817156250001 0.65322265625 0.837574334375 0.6503580734375001 0.8418076750000001 0.6503580734375001 0.8594002671875 0.6545247390625 0.8898588437499999 0.65400390625 0.9232043000000001 0.64931640625 0.9492393296875001 0.6453125 0.9548687874999999 0.6453125 1 0.68525390625 1
1 0.72649301875 1 0.728088134375 0.9885491859375 0.728088134375 0.9445083671875001 0.7277967734375 0.9397936968749999 0.71720596875 0.899748553125 0.7177502578125 0.8414515890625001 0.7127296125 0.83716975625 0.70591860625 0.8370112296875 0.701730521875 0.8370112296875 0.6979909156249999 0.8428427828124999 0.7020856421875 0.898471075 0.6921875 0.9533857359375 0.6921875 0.9550402468750001 0.693644396875 0.9815740796875 0.6972488296874999 1 0.72649301875 1
1 0.734375 0.8410879625 0.7359375 0.8790509265625 0.7286458328125 0.9105324078125001 0.7265625 0.93368055625 0.728125 0.9577546296874999 0.7333333328125 0.987384259375 0.7372395828125 0.9952546296874999 0.740625 0.99664351875 0.74765625 0.99710648125 0.7526041671875 0.9920138890625001 0.759375 0.9540509265625001 0.7578125 0.9151620375 0.75 0.88460648125 0.75 0.8410879625 0.7466145828124999 0.8378472218749999 0.7361979171875 0.8378472218749999 0.734375 0.8410879625
1 0.7731770828125001 0.8378472218749999 0.76484375 0.8387731484375 0.7630208328125 0.8429398140625001 0.7635416671875 0.8697916671874999 0.75625 0.8984953703125 0.7604166671875 0.9521990734374999 0.7635416671875 0.9651620375000001 0.7677083328125 0.968865740625 0.7763020828125 0.968402778125 0.7796875 0.9633101859375 0.7854166671874999 0.9244212968750001 0.784375 0.9003472218749999 0.7765625 0.8670138890625001 0.7760416671874999 0.8420138890625001 0.7731770828125001 0.8378472218749999
1 0.6276076859375 1 0.628125 0.99756944375 0.6302083328125 0.9762731484374999 0.6296875 0.950347221875 0.6192708328125 0.9077546296874999 0.6208333328125 0.8420138890625001 0.6158854171875 0.836921296875 0.6015625 0.8392361109375 0.6036458328125 0.905902778125 0.5958333328125 0.930902778125 0.5927083328125 0.9521990734374999 0.5942708328124999 0.99664351875 0.59493719375 1 0.6276076859375 1
1 0.56875 1 0.5808285359375 1 0.584375 0.9920138890625001 0.590625 0.9512731484374999 0.590625 0.930902778125 0.5854166671875001 0.9003472218749999 0.5817708328125 0.8920138890625001 0.5817708328125 0.8383101859375 0.56953125 0.8359953703125 0.56875 0.8368940625000001 0.56875 1
2 1 0.6601490484375 0.88984375 0.661921296875 0.56875 0.6552907078125 0.56875 0.8299092281250001 0.5736979171875001 0.8295138890625001 0.5846354171875 0.83414351875 0.6216145828124999 0.831365740625 0.6315104171875 0.8359953703125 0.6580729171875 0.831365740625 0.68359375 0.83414351875 0.7075520828124999 0.831365740625 0.72890625 0.8350694437499999 0.73515625 0.8322916671874999 0.7716145828125001 0.8322916671874999 0.78046875 0.8359953703125 0.98515625 0.8332175921874999 0.9888020828125 0.8359953703125 1 0.8344027781250001 1 0.6601490484375