1 0.32389183125 0.1363581875 0.3151742125 0.12892841093750002 0.26825071093749997 0.131408328125 0.2671875 0.133211296875 0.2671875 0.1975910703125 0.2714720109375 0.2291704328125 0.2764385421875 0.2484375 0.3029706125 0.2484375 0.31048600937500004 0.22965013281250002 0.32184955312499997 0.17248748125 0.32389183125 0.1363581875
1 0.259741084375 0.1489198484375 0.2597379859375 0.1488438078125 0.2575529640625 0.133484140625 0.253895859375 0.129827675 0.245069128125 0.12961391875 0.203812490625 0.12961391875 0.203125 0.130342896875 0.203125 0.1996106921875 0.212250175 0.24614152968749997 0.22048407656250002 0.2703125 0.2489624109375 0.2703125 0.25449426875 0.24974137187499998 0.259741084375 0.2020944890625 0.259741084375 0.1489198484375
2 0.5890625 0.0303310890625 0.5762108718750001 0.031304928125 0.57853185 0.022129151562499998 0.5761087359375 0.0146974625 0.5597590796875 0.0145517640625 0.3355403296875 0.0315420453125 0.303169521875 0.0423025609375 0.24390770781249999 0.044023951562500004 0.2335250859375 0.0503491015625 0.16187645781249999 0.0502399078125 0 0.0647817828125 0 0.1359375 0.4685651125 0.1359375 0.48257539843749997 0.1311684359375 0.49580005624999995 0.13155093281250002 0.5310239484375 0.108112815625 0.5890625 0.1025470046875 0.5890625 0.0303310890625
1 0.22877714375 1 0.2249799171875 0.9550827515625 0.20014533124999997 0.8586395218749999 0.167864440625 0.8612577828125 0.1655584 0.864621353125 0.153683296875 0.9189801546874999 0.14698420625 0.9702882203125001 0.146875 0.979056040625 0.146875 1 0.22877714375 1
1 0.22483084375 1 0.22383150624999998 0.9724063390625 0.2219097875 0.958493209375 0.2193594890625 0.95383328125 0.21755628124999998 0.929734959375 0.198615775 0.85635651875 0.1976458484375 0.8054124125 0.2025020578125 0.7462016375 0.2019991015625 0.699893215625 0.197017021875 0.6803881703125001 0.1885148515625 0.672417803125 0.1718158640625 0.675001646875 0.1649911578125 0.6795524875 0.15819523124999998 0.7040137718749999 0.15823122812499998 0.7456864953125001 0.163845553125 0.8003888546875 0.163730715625 0.8550245437499999 0.1453125 0.9404506828125001 0.1453125 1 0.22483084375 1
1 0.3196183171875 1 0.324066721875 0.945556365625 0.3198895890625 0.90124526875 0.30718163125000003 0.847880996875 0.304735646875 0.8285092859375001 0.3074551953125 0.7655342015625 0.31285055625 0.7302520375 0.313138071875 0.7071160109375001 0.31013891875 0.68868235 0.31202475937499996 0.6793867234375 0.3082316796875 0.6762369015624999 0.2827431796875 0.6759049781249999 0.276087259375 0.680223178125 0.2778149203125 0.6903598734375 0.2739139015625 0.7126548296874999 0.27461385 0.7820265390625 0.2767330046875 0.795854815625 0.27550431249999996 0.8310400015624999 0.2640625 0.8759421328125001 0.2640625 1 0.3196183171875 1
1 0.4099771484375 1 0.4099771484375 0.860337846875 0.3957716703125 0.8140404374999999 0.39374169531250003 0.7769761046875 0.3953501828125 0.7271671765625 0.39377295156250003 0.701213953125 0.38995365312499997 0.690388384375 0.3804277390625 0.68619335625 0.378525684375 0.6777781375 0.37350599375 0.682134809375 0.36990664687499997 0.6774040640625 0.3650589375 0.6774040640625 0.36165519218750003 0.678279915625 0.3629609609375 0.6848159875000001 0.36040925625 0.7114767703125 0.36258277968749997 0.7393091390625 0.3665378078125 0.759843284375 0.3696168203125 0.8098978750000001 0.3578125 0.8623973703125 0.3578125 0.94460049375 0.3615982609375 0.9702447046875001 0.3690507015625 1 0.4099771484375 1
1 0.22758573906250001 1 0.23496401875 0.9658695609375 0.23854913125000002 0.9415981546874999 0.239907359375 0.9082648234375 0.237023465625 0.8770990703124999 0.224039465625 0.8134682484375 0.23075605000000002 0.712344990625 0.22434732031250001 0.697600009375 0.2128889890625 0.698468271875 0.208163759375 0.69974939375 0.20457083593749997 0.7050985171875 0.203125 0.731063703125 0.203125 0.8983199171875 0.21095233124999999 0.9307663765624999 0.2142135109375 0.9526728671875 0.2163502 0.9894336406249999 0.21591965468750002 1 0.22758573906250001 1
1 0.14375 1 0.14375 0.9781828703125001 0.1520833328125 0.9179976859375 0.1520833328125 0.904108796875 0.1395833328125 0.860590278125 0.1338541671875 0.8281828703125 0.13333333281249998 0.8004050921874999 0.1369791671875 0.7207754625 0.13125 0.6957754625 0.13359375 0.679571759375 0.13046875 0.6832754624999999 0.1278645828125 0.679571759375 0.10859375 0.6804976859374999 0.103125 0.6874421296875 0.0994791671875 0.7318865734375001 0.1057291671875 0.7967013890625 0.10625 0.8328125 0.103125 0.8568865734375001 0.096875 0.8754050921874998 0.0947916671875 0.8957754625 0.0916666671875 0.904108796875 0.0890625 0.929108796875 0.0901041671875 0.9874421296874999 0.091987846875 1 0.14375 1
1 0 1 0.0678964125 1 0.0411458328125 0.8929976859375 0.0385416671875 0.8337384265625 0.040625 0.7754050921875 0.0442708328125 0.7439236109375 0.04375 0.7078125 0.03515625 0.6823495375 0.0221354171875 0.679571759375 0 0.682254840625 0 1
1 0.089573425 1 0.0880208328125 0.936516203125 0.09375 0.8809606484374999 0.078125 0.823553240625 0.0802083328125 0.7281828703125 0.078125 0.71429398125 0.07109375 0.7036458328124999 0.0575520828125 0.7027199078125 0.05 0.7161458328125 0.0484375 0.7272569437499999 0.054166667187499996 0.792071759375 0.0546875 0.8272569437499999 0.04375 0.87725694375 0.0427083328125 0.8902199078125002 0.04375 0.904108796875 0.0645833328125 0.9791087968750001 0.0691399609375 1 0.089573425 1