1 0.28984933281249997 0.415625 0.3015625 0.415625 0.3015625 0.20224367499999998 0.295846621875 0.18102579531250002 0.29471974375 0.0642363984375 0.28364298906249996 0.0456568578125 0.273844353125 0.0421875 0.2718353765625 0.0421875 0.26430597968749997 0.0487755546875 0.25897648281249996 0.0676414671875 0.270065371875 0.18147580937500002 0.25763678125 0.2498313734375 0.2551830515625 0.2818576390625 0.25731970312499997 0.3124131953125 0.26199434843749997 0.34570561718750004 0.277205153125 0.4066258125 0.2852583109375 0.4155240421875 0.28984933281249997 0.415625
1 0.509375 0 0.509375 0.39529177031249996 0.5276041671875 0.3957754625 0.5367708328124999 0.3898495375 0.5459375 0.35725694375 0.5576041671875 0.2846643515625 0.5601041671875 0.22984953749999998 0.5559375 0.1779976859375 0.5342708328125 0.0831828703125 0.5334375 0.0387384265625 0.53715780625 0 0.509375 0
1 0.540026434375 0 0.5409375 0.0268865734375 0.5359375 0.090590278125 0.5459375 0.1439236109375 0.5559375 0.175034721875 0.5601041671875 0.2179976859375 0.5576041671875 0.292071759375 0.5467708328125 0.35429398125 0.5496875 0.3609606484375 0.5659375 0.3617013890625 0.5742708328124999 0.3557754625 0.5659375 0.292071759375 0.5667708328125001 0.2076273140625 0.5751041671875 0.15873842656249998 0.5859375 0.1202199078125 0.5742708328124999 0.0594791671875 0.5734375 0.0357754625 0.576120659375 0 0.540026434375 0
1 0.5871313296875 0 0.5917708328125 0.0861458328125 0.5692708328125 0.1957754625 0.5667708328125001 0.289108796875 0.5701041671875 0.3246643515625 0.5859375 0.4046643515625 0.5955208328125 0.41281249999999997 0.6176041671875 0.412071759375 0.6280208328125 0.41133101875 0.6384375 0.3779976859375 0.6501041671875 0.3039236109375 0.6517708328125 0.23873842656250002 0.6467708328125 0.1854050921875 0.6259375 0.093553240625 0.6267708328125 0.03133101875 0.629708115625 0 0.5871313296875 0
1 0.62909898125 0 0.6267708328125 0.03429398125 0.6267708328125 0.09207175937499999 0.6442708328125 0.170590278125 0.6526041671875 0.22836805624999998 0.6517708328125 0.290590278125 0.6392708328125 0.376516203125 0.6592708328125 0.3794791671875 0.6667708328125 0.3646643515625 0.6767708328125 0.31429398124999997 0.6851041671875 0.1957754625 0.6809375 0.1646643515625 0.6601041671875001 0.07429398125 0.6592708328125 0.0254050921875 0.6616525609374999 0 0.62909898125 0
1 0.7172005203125 0 0.7209375 0.043182870312499996 0.7209375 0.08170138906249999 0.7017708328125 0.1646643515625 0.7001041671875 0.173553240625 0.7026041671875001 0.1779976859375 0.7138541671875 0.156516203125 0.7255208328125 0.1446643515625 0.7613541671874999 0.1357754625 0.7634375 0.130590278125 0.7551041671875 0.08762731406249999 0.7542708328125001 0.0609606484375 0.7570298281250001 0 0.7172005203125 0
1 0.757314784375 0 0.7551041671875 0.0387384265625 0.7576041671875 0.0979976859375 0.7655208328125 0.1328125 0.8051041671875 0.15577546250000002 0.8042708328125 0.1394791671875 0.7859375 0.0609606484375 0.787396665625 0 0.757314784375 0
1 0.8440172453125001 0 0.8467708328124999 0.07133101875 0.8226041671875001 0.18688657343749998 0.8334374999999999 0.22244212968750002 0.8384375000000001 0.255034721875 0.8392708328125 0.292071759375 0.8342708328124999 0.3379976859375 0.8409375000000001 0.370590278125 0.8521875 0.3817013890625 0.8784375000000001 0.3809606484375 0.8867708328124999 0.373553240625 0.9009375000000001 0.30836805625 0.9076041671875 0.25207175937500004 0.9076041671875 0.2076273140625 0.9017708328125 0.1602199078125 0.8809374999999999 0.0698495375 0.88366059375 0 0.8440172453125001 0
1 1 0 0.971288628125 0 0.9726041671874999 0.015034721875 0.9717708328124999 0.0609606484375 0.9501041671875001 0.15873842656249998 0.9459375 0.216516203125 0.9534375 0.292071759375 0.9676041671875 0.3602199078125 0.9805208328125001 0.36688657343750003 0.9967708328124999 0.3661458328125 1 0.36515605 1 0
0 0.7905208328125 0.1461458328125 0.7605208328125 0.1328125 0.7263541671875 0.14318287031250002 0.7080208328125 0.1609606484375 0.6942708328125 0.18688657343749998 0.6842708328125 0.22096064843750002 0.6792708328125 0.3217013890625 0.6934375 0.370590278125 0.7163541671875 0.40244212968750004 0.7513541671875 0.4187384265625 0.7642708328125 0.41799768593750003 0.7955208328125 0.40392361093750007 0.8217708328125 0.36762731406250004 0.8359375 0.31725694375 0.8384375000000001 0.26836805625000004 0.8301041671875 0.215034721875 0.8121875 0.1668865734375 0.7905208328125 0.1461458328125
1 0.427932809375 0.55 0.4548086640625 0.6448870828125 0.4665751125 0.7236668796875 0.46974352656249996 0.8137214265624999 0.46605065156250003 0.8682967828124999 0.457276653125 0.9307481031249999 0.46879002031250006 0.9566901187500001 0.4981335234375 0.9640625 0.509375 0.9640625 0.509375 0.55 0.427932809375 0.55
1 0.2889000625 0.55 0.3125 0.6559375000000001 0.31875 0.7326041671875 0.319375 0.7948263890625 0.31437499999999996 0.8748263890625001 0.29562499999999997 0.9926041671875 0.29778211718750003 1 0.38507265625 1 0.41125 0.8859375 0.42374999999999996 0.8003819437499999 0.425625 0.7159375 0.4175 0.6326041671875 0.3989140625 0.55 0.2889000625 0.55
1 0.0010245140625 0.55 0 0.5542245375 0 1 0.165947265625 1 0.17375000000000002 0.9559374999999999 0.18125 0.8570486109375001 0.181875 0.7992708328125 0.17625 0.7170486109375 0.16875 0.66149305625 0.1431689453125 0.55 0.0010245140625 0.55
1 0.162294921875 0.55 0.15437499999999998 0.578159721875 0.174375 0.6870486109375 0.18062499999999998 0.7414930562500001 0.183125 0.7926041671874999 0.18125 0.8992708328125 0.168855590625 1 0.28945855 1 0.3025 0.9403819437500001 0.315 0.8548263890625 0.318125 0.7770486109375 0.316875 0.718159721875 0.31 0.648159721875 0.2875 0.55149305625 0.28694693125000004 0.55 0.162294921875 0.55
1 0.509375 1 0.5390625 1 0.5390625 0.8982257515625001 0.532505471875 0.8746925843750001 0.528937725 0.7565552078125 0.509375 0.7545943828125 0.509375 1
1 0.59821449375 1 0.61875 0.96649305625 0.603125 0.9026041671874999 0.60390625 0.83038194375 0.609375 0.7817708328125 0.607421875 0.7588541671875 0.566796875 0.7560763890625 0.56171875 0.7609375 0.5671875 0.8345486109374999 0.5671875 0.883159721875 0.565625 0.9026041671874999 0.54765625 0.9706597218749999 0.543942871875 1 0.59821449375 1
1 0.679213353125 1 0.68203125 0.9776041671875 0.69375 0.963715278125 0.703125 0.9373263890625001 0.717578125 0.91163194375 0.74140625 0.8776041671874999 0.75234375 0.8484375 0.753125 0.8192708328125 0.743359375 0.79913194375 0.721484375 0.7949652781250001 0.708984375 0.8060763890625001 0.7 0.8234375 0.661328125 0.9338541671874999 0.649609375 0.9338541671874999 0.643359375 0.94913194375 0.616015625 0.976909721875 0.60005859375 1 0.679213353125 1
1 0.8337261281250001 1 0.846875 0.9873263890625001 0.8328125 0.9192708328125001 0.8328125 0.8401041671874999 0.8390625 0.7873263890625 0.8390625 0.7748263890625 0.834765625 0.7671875 0.794921875 0.7657986109375 0.790625 0.770659721875 0.79609375 0.8664930562500001 0.79375 0.9151041671875 0.771875 0.9942708328125001 0.7710971171875001 1 0.8337261281250001 1
1 0.942424665625 1 0.928125 0.9359375 0.93125 0.7776041671874999 0.927734375 0.7713541671874999 0.886328125 0.7685763890625 0.8828125 0.776215278125 0.8828125 0.79149305625 0.88984375 0.8817708328125 0.88984375 0.9192708328125001 0.88046875 0.98038194375 0.9115678265625 1 0.942424665625 1
1 0.983915903125 1 0.96328125 0.8970486109374999 0.96875 0.7776041671874999 0.966015625 0.7727430562500001 0.934765625 0.7727430562500001 0.928125 0.91788194375 0.93359375 0.9595486109374999 0.9421801296875 1 0.983915903125 1