1 0.205473409375 0.559375 0.20569928437499999 0.5521723078125 0.1952439953125 0.48867878749999993 0.2010854578125 0.42213945468749997 0.2016513828125 0.40825056562500006 0.1990697671875 0.4011894 0.1887277421875 0.40076799531249996 0.1763706921875 0.40076799531249996 0.174160403125 0.40434800624999995 0.17565570625 0.4572743390625 0.1744106640625 0.48782989375 0.1671875 0.5143761437500001 0.1671875 0.559375 0.205473409375 0.559375
1 0.1657544671875 0.559375 0.1657544671875 0.5350694171875 0.15483449062500002 0.4964345109375 0.1531514375 0.480754440625 0.1543375453125 0.4073636109375 0.1485481015625 0.399811759375 0.1296875 0.40177365 0.1296875 0.44829736093749994 0.132989853125 0.4856412109375 0.131366628125 0.5098669609375001 0.1296875 0.5178561296875 0.1296875 0.559375 0.1657544671875 0.559375
1 0.11560224375000001 0.559375 0.1129481796875 0.5362516796875 0.1052580375 0.502763796875 0.1057072265625 0.474976928125 0.11184627031250001 0.41856817656249995 0.11073644687499999 0.405577940625 0.1065195359375 0.399482146875 0.0929303640625 0.3984375 0.090719978125 0.3984375 0.0842386140625 0.4032624375 0.08235626406249999 0.42731832968749994 0.084647553125 0.4810947625 0.0833830375 0.50238196875 0.0734375 0.5416330125 0.0734375 0.559375 0.11560224375000001 0.559375
2 0 0.40983272812499993 0.045956806249999996 0.406343834375 0.059779123437500005 0.40894214218749997 0.0768262984375 0.4056872859375 0.0991924359375 0.4103831265625 0.118703453125 0.4050638421875 0.1554424359375 0.4057914796875 0.16662011875 0.40115243906250003 0.186241765625 0.4042090046875 0.21297428593749998 0.397368584375 0.2536694484375 0.39497831875 0.35162658125 0.3944353765625 0.354991765625 0.39043406406250003 0.36704109375 0.390382140625 0.37919028125 0.3847321453125 0.3811184421875 0.385972228125 0.382931896875 0.396072384375 0.391516184375 0.4056198421875 0.3844053078125 0.415516828125 0.39258346718750003 0.41624673124999995 0.3941608171875 0.41285718749999994 0.39210717968750003 0.4065032515625 0.39566146406249997 0.4026299984375 0.39566146406249997 0.3903811671875 0.39440507812500003 0.3918750484375 0.39026810625 0.3856911765625 0.38635239375 0.39625900000000003 0.385285109375 0.3856321078125 0.39566146406249997 0.38363925625 0.39566146406249997 0.34531123125 0.3949934578125 0.34431270468749997 0.3828335 0.33598878125 0.37880715781249996 0.33818075625 0.3751208578125 0.3310284421875 0.3632118546875 0.33293221562499997 0.3621850359375 0.32975524843750004 0.3661560625 0.32337535 0.35393671250000003 0.328099421875 0.3505310625 0.3246508078125 0.2421275671875 0.33256805625 0.1761517546875 0.333295346875 0.094070575 0.342790534375 0.0637920796875 0.34433049531250004 0.028405109374999998 0.3406975359375 0 0.3430162234375 0 0.40983272812499993
1 0.8654718156250001 0.3880431703125 0.8601125656249999 0.3915346515625 0.853243728125 0.40006566875000005 0.8515625 0.4044493328125 0.8515625 0.4409198109375 0.856878603125 0.453125 0.8741794109375001 0.453125 0.88503755625 0.426402675 0.8828935015624999 0.40220126718750004 0.87376741875 0.38930865468750003 0.8654718156250001 0.3880431703125
1 0.6971919953125 0.1060227421875 0.697849009375 0.0837095140625 0.6942560859375 0.0788141 0.690036509375 0.08416454062499999 0.691945934375 0.1054001671875 0.6890625 0.12125455624999999 0.6890625 0.13056053125 0.690594178125 0.1491006953125 0.693352603125 0.15625 0.700631053125 0.15625 0.7012826203125 0.15496028281250002 0.7012826203125 0.120334053125 0.6971919953125 0.1060227421875
1 0.7134250421875 0.1121952078125 0.716316728125 0.0890834265625 0.7136623140625 0.083014903125 0.7099841437500001 0.08387719375 0.7079510578125 0.08986388906250001 0.7092907078125 0.1111965515625 0.70625 0.12119230156250001 0.70625 0.1570116078125 0.7074645296875 0.1609375 0.7084833140625 0.1609375 0.7138593375 0.159453796875 0.7181841859375 0.14007298906250001 0.7172036984375 0.1233790484375 0.7134250421875 0.1121952078125
1 0.7867670546875 0.0896640453125 0.7839672484375 0.08383684687500001 0.78125 0.0840586546875 0.78125 0.151486746875 0.7842886234374999 0.159375 0.789740265625 0.159375 0.789740265625 0.12101853124999999 0.7857766234375 0.11117291874999999 0.7874686765625001 0.0989233046875 0.7867670546875 0.0896640453125
1 0.7973958328125 0.1046296296875 0.7989583328125001 0.08425925937499999 0.79453125 0.0791666671875 0.7911458328125001 0.08425925937499999 0.7932291671874999 0.10555555624999999 0.7885416671875 0.1296296296875 0.7911458328125001 0.1546296296875 0.7942708328125001 0.1583333328125 0.7994791671874999 0.15555555625 0.8026041671874999 0.1361111109375 0.8020833328125001 0.12407407343750002 0.7973958328125 0.1046296296875
1 0.7390625 0.1379629625 0.7338541671875 0.11388888906250001 0.7348958328125 0.09074074062500001 0.7268229171875 0.0828703703125 0.728125 0.1416666671875 0.7239583328125 0.13981481406250001 0.7239583328125 0.15370370312499998 0.7302083328125001 0.165740740625 0.7359375 0.1648148140625 0.7390625 0.1379629625
1 0.5947916671875 0.0981481484375 0.5947916671875 0.08148148125 0.5919270828125 0.07638888906249999 0.5869791671875 0.08148148125 0.5895833328125 0.1046296296875 0.5838541671875 0.125 0.584375 0.13981481406250001 0.5885416671875 0.1546296296875 0.5934895828125 0.1550925921875 0.5963541671875 0.15092592656249998 0.5984375 0.13703703750000001 0.5984375 0.125 0.5927083328125 0.1046296296875 0.5947916671875 0.0981481484375
1 0.5786458328124999 0.08518518593749999 0.5752604171875 0.0791666671875 0.5716145828125 0.0800925921875 0.5692708328125 0.08518518593749999 0.5697916671875001 0.10833333281249999 0.5661458328125 0.125 0.5666666671875 0.1481481484375 0.5708333328124999 0.1611111109375 0.57890625 0.15879629687500002 0.5828125 0.140740740625 0.5822916671875 0.12592592656249998 0.5776041671875001 0.10648148125000001 0.5786458328124999 0.08518518593749999
1 0.24319641718749999 0.559375 0.24377973593750002 0.5724974359375 0.2125 0.687976878125 0.2125 0.9174919546875 0.25535602343749997 1 0.3024340421875 1 0.3350156328125 0.9555419921875 0.37611662031250004 0.8208960984375 0.37084431875 0.7317765078125 0.3240208421875 0.569840025 0.3250246578125 0.559375 0.24319641718749999 0.559375
1 0.3916715859375 0.559375 0.375 0.61025855 0.375 0.612309459375 0.42279646406250004 0.7446693828125 0.4282578015625 0.8463109453125 0.4400214453125 0.8546875 0.46649168906250005 0.8546875 0.485790828125 0.8243149796875 0.5060634828125 0.7590157109375 0.5060634828125 0.573359825 0.5017929203125 0.559375 0.3916715859375 0.559375
1 0.1850868203125 0.559375 0.171403146875 0.683420821875 0.2380505953125 0.8265625 0.2536102703125 0.8265625 0.2536102703125 0.559375 0.1850868203125 0.559375
1 0.9333439718750001 1 0.9333439718750001 0.99822671875 0.9163666828125001 0.9454798156249999 0.9127212968749999 0.9136718796875 0.9105486671874999 0.82191420625 0.9023061953125 0.802207590625 0.8934860734375001 0.7971525671874999 0.8811558515625 0.8020472765625 0.878125 0.8100790609375 0.878125 0.859355496875 0.8869621484374999 0.9541533609374999 0.87862403125 1 0.9333439718750001 1
1 0.8142239578125 1 0.8112943515625 0.9755717140625 0.791014653125 0.9071206921874999 0.791624234375 0.8001217015625001 0.7846631203125 0.78679770625 0.7734717124999999 0.784375 0.77017545 0.784375 0.7640625 0.7914053093750001 0.7640625 0.8585892671875 0.7662034249999999 0.8788929 0.7671891453125 0.9178227 0.7640625 0.9337598921874999 0.7640625 1 0.8142239578125 1