2 0.66875 0 0 0 0 0.11480448437499999 0.02745841875 0.11256307343750001 0.0396595078125 0.115625 0.0502325984375 0.115625 0.052345232812499996 0.11330011874999998 0.0541016984375 0.115625 0.0747382375 0.115625 0.2396754546875 0.10216129375 0.417234525 0.101509965625 0.66875 0.0899186703125 0.66875 0
1 0.7213259265625 0 0.7216174828125 0.0061563734374999995 0.7222450281249999 0.07993283906250001 0.720328240625 0.114234615625 0.7112559625 0.17126879374999998 0.689374484375 0.24965119374999997 0.6830793921875 0.2640077515625 0.67972065625 0.2827388484375 0.6783554125 0.2866823328125 0.6783554125 0.2890625 0.8230585796875 0.2890625 0.8008245609375001 0.1897970625 0.7923016890625 0.13143062656249999 0.792323790625 0.09266928437500001 0.7964591999999999 0.016658328125 0.798694378125 0 0.7213259265625 0
0 0.2343605359375 0.9832465265625 0.2456938203125 0.99375 0.2643902109375 0.99375 0.2671191671875 0.9925057859375 0.281047840625 0.9707465265625 0.2859375 0.9520480031249999 0.2859375 0.9242155984375 0.282466590625 0.9059317140625 0.27448255625 0.8906539359375 0.2646405921875 0.8813946749999999 0.2479793125 0.88046875 0.239092825 0.8860243046875 0.2267374234375 0.9059317140625 0.22245224531250002 0.9263020843749998 0.222328346875 0.9475983812500001 0.22587182968750003 0.965190975 0.2343605359375 0.9832465265625
1 0.31974775625 0.8015625 0.3328839171875 0.8015625 0.3361235640625 0.797399609375 0.3403353265625 0.7832131140625 0.3453125 0.744126603125 0.3453125 0.737780884375 0.342681865625 0.7128852593749999 0.3377827265625 0.6929825578125001 0.33862012343750003 0.6596917390625 0.3259540296875 0.658418546875 0.32431652031249997 0.6922361015625 0.3158190015625 0.7229819281250001 0.3158190015625 0.7771089484375 0.318498053125 0.7840728312499999 0.3193437109375 0.801537875 0.31974775625 0.8015625
1 0.1203125 0.7189814812499999 0.1203125 0.74398148125 0.1265625 0.7837962968750001 0.1309895828125 0.7879629625 0.1395833328125 0.7875 0.1442708328125 0.784722221875 0.15 0.7634259265625001 0.1526041671875 0.7236111109375 0.1505208328125 0.70601851875 0.1427083328125 0.6763888890625 0.1416666671875 0.659722221875 0.1346354171875 0.6564814812499999 0.1291666671875 0.6587962968750001 0.1291666671875 0.6800925921875 0.1203125 0.7189814812499999
1 0.1552083328125 0.721759259375 0.1536458328125 0.758796296875 0.1598958328125 0.7986111109375 0.1638020828125 0.8027777781250001 0.1729166671875 0.803240740625 0.178125 0.7986111109375 0.1817708328125 0.784722221875 0.1854166671875 0.7615740734374999 0.1859375 0.7384259265625001 0.1765625 0.6921296296875 0.1765625 0.6587962968750001 0.1669270828125 0.6564814812499999 0.1619791671875 0.6587962968750001 0.1630208328125 0.6875 0.1552083328125 0.721759259375
1 0.2091145828125 0.6574074078125001 0.1981770828125 0.6574074078125001 0.1953125 0.6606481484375 0.1973958328125 0.7078703703125 0.1885416671875 0.741203703125 0.18697916718750002 0.7643518515625 0.19479166718750002 0.8134259265625001 0.19973958281249998 0.81851851875 0.20729166718749997 0.81805555625 0.21197916718749998 0.815277778125 0.21614583281250002 0.796759259375 0.2203125 0.7495370375 0.2182291671875 0.7328703703125 0.2109375 0.7050925921875 0.2104166671875 0.684722221875 0.2130208328125 0.6606481484375 0.2091145828125 0.6574074078125001
1 0.22005208281250002 0.6583333328125001 0.2153645828125 0.6583333328125001 0.2130208328125 0.6634259265625 0.20989583281250002 0.6875 0.2104166671875 0.7023148140625 0.2203125 0.7504629625 0.225 0.753240740625 0.23125 0.7199074078125001 0.221875 0.6763888890625 0.22135416718749998 0.6615740734375001 0.22005208281250002 0.6583333328125001
1 0.22552083281250002 0.7504629625 0.22395833281250002 0.7856481484375 0.23177083281250002 0.828240740625 0.2361979171875 0.8324074078125001 0.24583333281250003 0.83194444375 0.2510416671875 0.8236111109375 0.2567708328125 0.7893518515625 0.25625 0.7643518515625 0.24583333281250003 0.708796296875 0.25052083281250004 0.666203703125 0.24921875 0.6583333328125001 0.2325520828125 0.6583333328125001 0.23072916718749997 0.6754629624999999 0.2348958328125 0.708796296875 0.22552083281250002 0.7504629625
1 0.2604166671875 0.7995370375 0.2671875 0.7643518515625 0.2682291671875 0.7421296296875 0.2666666671875 0.7273148140625 0.25729166718749996 0.6921296296875 0.25729166718749996 0.659722221875 0.24973958281250003 0.6583333328125001 0.24583333281250003 0.7023148140625 0.24635416718749997 0.7208333328125 0.2546875 0.7476851859375 0.2567708328125 0.7736111109375 0.2557291671875 0.7986111109375 0.2604166671875 0.7995370375
1 0.2802083328125 0.69305555625 0.2791666671875 0.7078703703125 0.2703125 0.7421296296875 0.2697916671875 0.7708333328125 0.2765625 0.8125 0.2825520828125 0.8194444437499999 0.2911458328125 0.81898148125 0.29635416718749996 0.8125 0.3015625 0.784722221875 0.3020833328125 0.7708333328125 0.3 0.734722221875 0.2921875 0.6949074078125 0.2947916671875 0.6606481484375 0.2783854171875 0.6583333328125001 0.2770833328125 0.6671296296875 0.2802083328125 0.69305555625
1 0.3 0.7375 0.3010416671875 0.784722221875 0.30416666718749996 0.7875 0.31197916718749996 0.7550925921875 0.3135416671875 0.7254629625 0.3036458328125 0.678240740625 0.303125 0.6643518515625 0.30026041718749996 0.6583333328125001 0.29765625 0.6583333328125001 0.29375 0.665277778125 0.2932291671875 0.6800925921875 0.2911458328125 0.6856481484375 0.2916666671875 0.7013888890625 0.3 0.7375
1 0.3625 0.7143518515625 0.3614583328125 0.74398148125 0.36875 0.7837962968750001 0.3721354171875 0.7879629625 0.3828125 0.7884259265625 0.3864583328125 0.784722221875 0.3916666671875 0.7578703703125 0.3932291671875 0.7245370375 0.3916666671875 0.709722221875 0.38333333281250004 0.678240740625 0.3828125 0.6587962968750001 0.3763020828125 0.6574074078125001 0.371875 0.659722221875 0.371875 0.6763888890625 0.3625 0.7143518515625