1 0.608294221875 0.3296875 0.6039566875 0.312454090625 0.610081778125 0.19655548437499998 0.6046257078124999 0.1817315671875 0.5959978796875001 0.175921015625 0.5892270468749999 0.1764340796875 0.5827830390625001 0.18246323125 0.5745681109375 0.202016975 0.573400596875 0.220574959375 0.576633065625 0.261886428125 0.5763201890625 0.31547173281249996 0.5725964953125 0.3296875 0.608294221875 0.3296875
1 0.5280882671875 0.3296875 0.52587890625 0.3153542921875 0.5284830734375 0.2016932390625 0.5248372390625 0.1865594546875 0.51884765625 0.1772391375 0.5125331281250001 0.174527875 0.500491515625 0.174527875 0.49645182343750005 0.17713160781249998 0.4920247390625 0.184614659375 0.48785807343750004 0.202768640625 0.48889973906249995 0.2352671828125 0.49619140625 0.2988680828125 0.49567057343750004 0.3293780734375 0.49560958906249997 0.3296875 0.5280882671875 0.3296875
1 0.4568142984375 0.3296875 0.4514611171875 0.3144880109375 0.44642318750000004 0.21470653281250002 0.44350844531250005 0.20437566562499998 0.4366496609375 0.19330868437499998 0.42848098749999997 0.188420978125 0.426927078125 0.188420978125 0.420873496875 0.19036422656250002 0.4171875 0.197727975 0.4171875 0.2159105296875 0.42382396875 0.28677749375 0.42884678125000003 0.31658922500000003 0.42816462812499995 0.3296875 0.4568142984375 0.3296875
1 0.4170777484375 0.3296875 0.41479328125 0.28459466875 0.41785534062499996 0.24689871874999997 0.4155743546875 0.204239375 0.4104557890625 0.18912416875 0.401759475 0.1781860046875 0.3849969890625 0.1781860046875 0.37731551875 0.184689946875 0.37042350625 0.206891171875 0.3713125796875 0.23744672812499998 0.37912519843750003 0.29155094843749996 0.3823683515625 0.3296875 0.4170777484375 0.3296875
1 0.3456496890625 0.3296875 0.345089359375 0.3029892234375 0.348102928125 0.2325279125 0.34662123125 0.2186935875 0.3396896375 0.20180949531249998 0.3329457421875 0.1974163078125 0.3251332421875 0.19768912656249998 0.315446646875 0.2068219 0.3101359640625 0.22459637031250002 0.3095127828125 0.2422071515625 0.31592808125 0.30308182031249997 0.3167721125 0.3296875 0.3456496890625 0.3296875
1 0.301073546875 0.3296875 0.3007794578125 0.328821021875 0.29464077187500004 0.240894434375 0.29179336562499997 0.2250991296875 0.28470783437499997 0.21146404375 0.2802849125 0.20765452187500003 0.2710057734375 0.20765452187500003 0.2665542484375 0.21175339218749997 0.265625 0.21439997812499997 0.265625 0.2583811734375 0.2735875625 0.30109615 0.2763324453125 0.3296875 0.301073546875 0.3296875
1 0.2641219078125 0.3296875 0.2644416578125 0.2744040109375 0.2595308828125 0.21050603125 0.2480887015625 0.18590990624999998 0.2393671640625 0.1784540171875 0.228968540625 0.1765625 0.22882105625000002 0.1765625 0.2132413953125 0.1866328140625 0.20743459999999997 0.2000208640625 0.2046875 0.21651460312499998 0.2046875 0.21701316093749998 0.20837281093749999 0.26759830625 0.2180292578125 0.3296875 0.2641219078125 0.3296875
1 0.2056640609375 0.3296875 0.2056640609375 0.291862759375 0.20253906093750002 0.24814397968750002 0.20253906093750002 0.2157365734375 0.199674478125 0.20768263281250002 0.189459925 0.1992455390625 0.1809933359375 0.1992455390625 0.1736328109375 0.204161953125 0.16764322812500002 0.214426271875 0.16608072812500002 0.2235854015625 0.1650390609375 0.2512964265625 0.1681640609375 0.28760779687500004 0.17128906093750002 0.29984509375 0.17325558593749998 0.3296875 0.2056640609375 0.3296875
1 0.17558131562499998 0.3296875 0.17558131562499998 0.3023690109375 0.1684437859375 0.2610183625 0.1664988875 0.23881433125 0.167276828125 0.218371209375 0.163103565625 0.21434095156250002 0.15130240781249998 0.21753705 0.1484375 0.22283886718749998 0.1484375 0.2717950578125 0.1577766296875 0.3226387375 0.158356603125 0.3296875 0.17558131562499998 0.3296875
1 0.15177654062499998 0.3296875 0.15177654062499998 0.30653967031249996 0.1442371265625 0.2624679359375 0.14307490625 0.2467393171875 0.14484904375000002 0.226308334375 0.1366818078125 0.22418141875000003 0.1296875 0.23215119843749998 0.1296875 0.27891635937500003 0.13425757656249998 0.3118208265625 0.1355777796875 0.3296875 0.15177654062499998 0.3296875
1 0.930235259375 0.3296875 0.924078275 0.30553572500000004 0.9210987203125001 0.2806448515625 0.9159873515625 0.264160065625 0.917862290625 0.210401796875 0.9222659796875 0.169515553125 0.9219336859375 0.1371263328125 0.915528315625 0.119298128125 0.9077481359374999 0.11401539062499999 0.9009826890625 0.11332590625000001 0.8931432546875 0.1182283546875 0.885507675 0.13284393125 0.8828280906250001 0.14589783437499998 0.88889863125 0.2660317609375 0.8851881546874999 0.2772701875 0.8802851796875 0.31447091562499996 0.8747877921875 0.3296875 0.930235259375 0.3296875
1 0.308675371875 0.649092759375 0.2838225515625 0.65097599375 0.265625 0.734154040625 0.265625 0.8388326859374999 0.2706322296875 0.8701583640624999 0.2738064328125 0.8765625 0.305093415625 0.8765625 0.3230572828125 0.7969251468749999 0.3230900859375 0.7290471890625 0.308675371875 0.649092759375
2 0.759375 0.5159005171875 0.075870690625 0.5159005171875 0.0734375 0.5413221234375 0.0734375 0.6055253109375001 0.0960226359375 0.61878918125 0.10223584062499999 0.587786634375 0.1208754578125 0.5783762296875 0.759375 0.6299452375 0.759375 0.5159005171875
1 0.8029058109375 0.877862221875 0.8273502546874999 0.9924268671875 0.8621467078125 0.996875 0.8641721921875 0.996875 0.8740169218749999 0.9817167734375001 0.8473502546875 0.8462476468750001 0.8473502546875 0.74565593125 0.878461365625 0.635951765625 0.8673502546874999 0.5728494921875 0.8673502546874999 0.5077607343749999 0.8806835875000001 0.387625475 0.8740169218749999 0.363373578125 0.8540368453125 0.340625 0.846299271875 0.340625 0.8162391437500001 0.3464843578125 0.8206835874999999 0.5628495265625 0.7984613656249999 0.6407869921875 0.7921875 0.6886842234375 0.7921875 0.7729577828124999 0.8029058109375 0.877862221875
1 1 1 1 0.3296875 0.9559733187500001 0.3296875 0.9557747375 0.334698065625 0.9691080734374999 0.415434159375 0.96244140625 0.5688530953125 0.9224414062499999 0.6846329734375 0.9140625 0.764972303125 0.9140625 0.7789477984375 0.9202191828125 0.8886325812500001 0.9424414078125001 0.9965655203124999 0.9456335484375 1 1 1
1 0.9030500796875 0.3296875 0.9226244328125001 0.5356185531250001 0.8841632359375 0.7000476828125001 0.88125 0.7295818093750001 0.88125 0.8118966499999999 0.8855124453125001 0.8601214046875001 0.9204306203125 1 0.96920015625 1 0.96920015625 0.9371625531250001 0.9505256765624999 0.86674669375 0.9429418984375 0.7484034984375 0.94988193125 0.68292673125 0.96920015625 0.610475040625 0.96920015625 0.392368296875 0.9584172359375 0.3296875 0.9030500796875 0.3296875