1 0.3818429359375 0 0.38039820468749996 0.0117860625 0.3796875 0.0154029890625 0.3796875 0.3 0.443845940625 0.3 0.443845940625 0 0.3818429359375 0
1 0.464579884375 0 0.463568515625 0.006520765624999999 0.4543444359375 0.0323125453125 0.4358424890625 0.12489785625000001 0.43125 0.1914638796875 0.43125 0.22915562500000003 0.43447432499999994 0.29212882812499996 0.43583595625000005 0.3 0.5390789515625001 0.3 0.5386876734375 0.295704903125 0.5375021921875 0.2335373609375 0.5415214203125001 0.1574174984375 0.5509760390625 0.10955206718749999 0.5509760390625 0 0.464579884375 0
1 0.8663411453125001 0 0.8609375 0.0201736109375 0.8490624999999999 0.08350694374999999 0.8709374999999999 0.18572916718750002 0.8809374999999999 0.28017361093750004 0.881174784375 0.3 1 0.3 1 0.27437114218750003 0.9978125 0.2423958328125 0.9996875 0.2290625 0.99875 0.221840278125 0.9940625000000001 0.22128472187499998 0.9959374999999999 0.1990625 0.9921875 0.18350694375 0.9890625 0.1801736109375 0.9878125000000001 0.16350694375 0.9893750000000001 0.1529513890625 1 0.1432765921875 1 0.11943287031250001 0.9946875000000001 0.0879513890625 0.9704665125 0 0.8663411453125001 0
1 0.708082596875 0 0.6703125 0.16461805625 0.6628125 0.22017361093750001 0.6573514046875 0.3 0.8791152343749999 0.3 0.8753125 0.23239583281249998 0.8596875 0.14239583281249998 0.8251543781249999 0 0.708082596875 0
1 0.5696923078125 0 0.5684375 0.0090625 0.5515625 0.054618056250000005 0.5290625 0.151284721875 0.5221875 0.22128472187499998 0.5209374999999999 0.28017361093750004 0.5217340953124999 0.3 0.6560125734375 0.3 0.6559375000000001 0.29572916718750003 0.6584375 0.24461805625 0.6646875 0.19017361093750001 0.6846875 0.081284721875 0.6659375 0.01461805625 0.6632738218750001 0 0.5696923078125 0
1 0.1438033359375 0.5778535296875 0.13897132031249998 0.548672540625 0.1414277734375 0.46983973125 0.13907606875 0.44290790625 0.129882875 0.42624333124999997 0.115410690625 0.41978233593750003 0.10260740625 0.4285298359375 0.09760153906249999 0.44342274843750007 0.09893698749999999 0.4797969046875 0.1070686796875 0.5252950546875 0.1086089734375 0.5651862078125001 0.09381924375 0.6339455234375 0.0921875 0.662029890625 0.0921875 0.6919651546875001 0.0947609234375 0.7173403296875 0.10482667812499999 0.7557089796875001 0.1198133375 0.8 0.157227090625 0.8 0.157227090625 0.615130175 0.1438033359375 0.5778535296875
1 0.2629238953125 0.770222525 0.2729884703125 0.7298793296875 0.2729884703125 0.6087845796875 0.2521953625 0.5354141828125 0.2546623078125 0.43272734062499996 0.24783241562499997 0.4122508734375 0.2391532109375 0.40488632812500003 0.23351075 0.40488632812500003 0.22082812343749997 0.408134284375 0.21454566874999997 0.4198628015625 0.21380184062500002 0.44786208906249997 0.22172330156250003 0.50585320625 0.22250786250000001 0.5328168640625 0.2051938546875 0.6073097421875 0.203125 0.631179709375 0.203125 0.6497527953125 0.20785454374999998 0.6987517140625 0.22532156093750003 0.763424703125 0.232557478125 0.7710738562499999 0.25380746875 0.7734375 0.2577842984375 0.7734375 0.2629238953125 0.770222525
1 0.059632670312500004 0.4328159171875 0.0531042375 0.41163047500000005 0.044535895312500004 0.406725303125 0.035783181250000004 0.406725303125 0.0281042375 0.4095897421875 0.018322115625 0.42826361874999996 0.0159296984375 0.45757194375 0.017219146875 0.528485875 0.0144125890625 0.543598659375 0.009375 0.5571575421875 0.009375 0.771875 0.0253968921875 0.771875 0.033331753125 0.7646499109375 0.049069765625 0.71636851875 0.0588135140625 0.6451750765625001 0.059850501562500005 0.622836975 0.0456469140625 0.5367071359375 0.059632670312500004 0.4328159171875
1 0.14296875 0.5350619140624999 0.134375 0.5643702375 0.13515625 0.5772659 0.14921875 0.6206422187499999 0.15546875 0.651122875 0.15703125 0.702705525 0.1515625 0.7449095109375 0.15546875 0.7472541765625 0.173828125 0.746668009375 0.178125 0.7413925124999999 0.1890625 0.700360859375 0.19609375 0.6452612109375 0.19375 0.5983678921875001 0.175 0.5327172484375 0.17265625 0.5127875875 0.178125 0.4529986078125 0.178125 0.4178286203125 0.170703125 0.40082979218750003 0.162890625 0.39614045937500003 0.146484375 0.40082979218750003 0.1390625 0.41665628593750004 0.13828125 0.4424476109375 0.1453125 0.5127875875 0.14296875 0.5350619140624999
1 0.10703125 0.39907129218750004 0.095703125 0.3855894640625 0.085546875 0.3855894640625 0.077734375 0.39145112812500005 0.07109375 0.41313928749999995 0.07734375 0.5045812578125 0.06328125 0.5678872359375 0.0796875 0.6288485500000001 0.08671875 0.6124358875 0.1 0.5561639062499999 0.10078125 0.5303725828125 0.09375 0.46354960468749995 0.0953125 0.4424476109375 0.1 0.42837961562500004 0.109375 0.419000953125 0.10703125 0.39907129218750004
1 0.256640625 0.3891064625 0.24921875 0.40493295781250005 0.25546875 0.4389306125 0.25390625 0.503408925 0.25 0.5362342468750001 0.27265625 0.631193215625 0.2734375 0.679258865625 0.26875 0.722635184375 0.281640625 0.72204901875 0.28984375 0.705050190625 0.30078125 0.65581220625 0.303125 0.5960232265625001 0.28125 0.5045812578125 0.2859375 0.40493295781250005 0.278515625 0.3891064625 0.264453125 0.38441713125 0.256640625 0.3891064625
1 0.3796875 0.5965876828125 0.359375 0.5198215859374999 0.36484375 0.42017328593750003 0.36171875 0.40727762343750007 0.350390625 0.3949681265625 0.337109375 0.39614045937500003 0.32578125 0.41313928749999995 0.325 0.44713694375 0.33046875 0.49051326250000005 0.33046875 0.5245109171875 0.31171875 0.5936785609375 0.309375 0.6124358875 0.3109375 0.6757418671875 0.32734375 0.7425648453125 0.3328125 0.748426509375 0.355078125 0.7490126765625 0.3640625 0.7437371781250001 0.37578125 0.6991885265625 0.3796875 0.673787978125 0.3796875 0.5965876828125
1 0.7527723 1 0.7527723 0.9649922671875 0.7200136968749999 0.8702132828125 0.7045106890625 0.8012357296874999 0.701257928125 0.7633152109375 0.6999437359374999 0.7048969890625 0.7021121390625 0.6166369140625 0.6965773515625 0.55746254375 0.6852069765625 0.5235852859375 0.67243660625 0.5060072328125 0.6583017234375 0.496373828125 0.6421019578125 0.49610579374999997 0.6230653015625001 0.5098752046875 0.6143736437499999 0.5264715234375 0.608268415625 0.5471390062499999 0.6068336734375 0.585250525 0.609314409375 0.6278431171875 0.623957440625 0.7358368937499999 0.6278758 0.7941490046874999 0.6273379515624999 0.8118052640624999 0.62530999375 0.8397315984375 0.618774771875 0.8799071937499999 0.6103534843749999 0.9145908984375 0.6082531359375001 0.9323108265624999 0.5903097984375 1 0.7527723 1
1 0.805982784375 1 0.8045460734375001 0.98820895 0.7933839796875 0.9438246593749999 0.790187096875 0.923226453125 0.7866127921875 0.782531278125 0.7842061593749999 0.7712379 0.7756617625000001 0.7543279078125 0.7690434765624999 0.7496012015625 0.74913884375 0.7496012015625 0.7475098203125 0.7509413625 0.740375334375 0.76463249375 0.7375 0.7796974984375 0.7375 0.8156216624999999 0.7459430859375 0.8667121812499999 0.751672371875 0.9207804203125001 0.7520406140625 0.9512904093749999 0.7454135484375 0.9913476453125 0.74509085625 1 0.805982784375 1
1 0.5233566187500001 1 0.5172964453125 0.9490335703125 0.5212940796875 0.9064834968749999 0.5272156375 0.8724793265624999 0.5390340203124999 0.8240429828125 0.5430151656250001 0.794540896875 0.5424434859375 0.7758523171875 0.5370372625 0.755370953125 0.5279728374999999 0.744377978125 0.5224224875 0.742916978125 0.5155083312500001 0.742916978125 0.5061651781250001 0.748190409375 0.49624872812500004 0.7636926125 0.4927375703125 0.774591146875 0.48989016562500004 0.790204340625 0.48629655156249996 0.8663428453125 0.4805770046875 0.9171412265625001 0.4686912875 0.9599795 0.4578125 0.9913086765625 0.4578125 1 0.5233566187500001 1
1 0.8213152984375001 1 0.8177083328125001 0.9865740734374999 0.8166666671874999 0.9291666671875 0.8197916671875 0.89398148125 0.8192708328125 0.8745370375 0.8122395828125001 0.85555555625 0.8002604171875 0.8518518515625001 0.7934895828124999 0.85648148125 0.7869791671875 0.8699074078125001 0.7864583328125 0.9106481484375 0.79844705625 1 0.8213152984375001 1
1 0.477922453125 1 0.48125 0.9884259265625002 0.490625 0.9384259265625001 0.4953125 0.9004629625 0.49583333281249997 0.8726851859375 0.4927083328125 0.8578703703125001 0.48411458281249997 0.8462962968750001 0.47578125 0.8453703703125001 0.46953125 0.85 0.46302083281249995 0.86898148125 0.46302083281249995 0.9726851859375 0.45594276718749993 1 0.477922453125 1
1 0.8334610843749999 1 0.8333333328125001 0.9995370375 0.8328125 0.916203703125 0.82890625 0.9064814812499999 0.8221354171874999 0.902777778125 0.8182291671874999 0.9143518515625001 0.8166666671874999 0.9791666671874999 0.821828496875 1 0.8334610843749999 1
1 0.5697916671875001 0.9689814812499999 0.5854166671875 0.916203703125 0.5859375 0.909722221875 0.5809895828125 0.902777778125 0.57109375 0.902777778125 0.5635416671875 0.9171296296874999 0.5630208328124999 0.9495370375000001 0.565625 0.9745370375 0.5697916671875001 0.9689814812499999
1 0.45595598125 1 0.4635416671875 0.9708333328125001 0.4640625 0.9134259265625001 0.4625 0.8986111109374999 0.46015625 0.89444444375 0.4518229171875 0.897222221875 0.446875 0.909722221875 0.4447916671875 0.991203703125 0.4424632359375 1 0.45595598125 1