1 0.0602265859375 0 0.05955119062499999 0.0005568453125 0.057334945312499996 0.0170718375 0.06348616093750001 0.024365134375 0.0719793265625 0.042890884375 0.0732975515625 0.07718048125 0.071530275 0.13533180312499998 0.08970191875 0.223309225 0.091648734375 0.26225878593749996 0.0866056 0.31374661718749997 0.0886298625 0.315625 0.0943212234375 0.315625 0.0974784453125 0.31160587500000003 0.1 0.29444295625 0.1 0.16480191875 0.087701265625 0.1150062296875 0.0873493171875 0.010497940625 0.0821112953125 0 0.0602265859375 0
1 0.040073946875 0.1383104828125 0.025742653124999997 0.1861170359375 0.025742653124999997 0.35 0.048987317187500004 0.35 0.05112123750000001 0.3493693515625 0.062430792187499994 0.3172006390625 0.06943457812500001 0.282820153125 0.071875 0.25516295625 0.071875 0.20424033281249998 0.061379590625 0.1387393859375 0.0686163234375 0.070136009375 0.06907895625 0.0414565515625 0.0610076765625 0.0217612890625 0.054382418749999994 0.019141103125 0.046230240625 0.025804421875 0.039863765625000006 0.043061339062499995 0.038915875 0.08100005625 0.041904978125 0.11329836093750001 0.040073946875 0.1383104828125
1 0.5875 0.459375 0.5875 0.4298634671875 0.5795553531250001 0.3998562671875 0.578287415625 0.386850859375 0.5778348765625 0.360924934375 0.58106049375 0.33699941718750004 0.5804463359375001 0.3018142296875 0.5726437390625 0.2871546546875 0.5627155828125 0.2848995796875 0.5558378734375 0.29340937500000003 0.5524506312499999 0.3080756328125 0.556904571875 0.3545204859375 0.5576641890625 0.39803900312499996 0.5435782343750001 0.455756890625 0.5434323093750001 0.459375 0.5875 0.459375
1 0.659375 0.459375 0.659375 0.43830208125 0.646694690625 0.393591490625 0.6457895421875001 0.35470260468750003 0.6490295078125 0.3151304703125 0.6480561 0.29565569062499997 0.641754025 0.2818809125 0.6322928203125 0.277631178125 0.6256297421875 0.28186645 0.620451934375 0.29404793125 0.62525431875 0.3886440515625 0.6125926453125 0.4480101890625 0.6121452359375 0.459375 0.659375 0.459375
1 0.709375 0.459375 0.709375 0.42376602343750003 0.7024038328125 0.3748223484375 0.709375 0.31361173125 0.709375 0.2822309703125 0.7054706984375 0.27163615937499996 0.6951996125 0.26910083125 0.689227815625 0.273863809375 0.6835762765625 0.28740489999999996 0.6820234515625 0.3170345296875 0.68371530625 0.364159771875 0.68113376875 0.38364058437500004 0.671541121875 0.417596559375 0.671541121875 0.459375 0.709375 0.459375
1 0.321791959375 0.459375 0.321875 0.457928240625 0.3177083328125 0.42089120312499995 0.3067708328125 0.3773726859375 0.30625 0.3560763890625 0.3109375 0.301446759375 0.3104166671875 0.2820023140625 0.3049479171875 0.2676504625 0.29609375 0.2630208328125 0.28567708281250004 0.2713541671875 0.2838541671875 0.2810763890625 0.2875 0.37366898125 0.2734375 0.4292245375 0.27224735 0.459375 0.321791959375 0.459375
1 0.388224284375 0.459375 0.38385416718750004 0.4282986109375 0.378125 0.4097800921875 0.37291666718750005 0.3810763890625 0.3723958328125 0.363483796875 0.3776041671875 0.307928240625 0.3765625 0.28663194375 0.37109375 0.27598379687499996 0.36171875 0.2722800921875 0.35338541718750005 0.2796875 0.34947916718750005 0.2931134265625 0.35364583281249995 0.3718171296875 0.34947916718750005 0.3995949078125 0.3375 0.44589120312499997 0.3368545 0.459375 0.388224284375 0.459375
1 0.45312483906250006 0.459375 0.45133860468750003 0.4473254625 0.44193919062500003 0.4074007078125 0.44045806562499995 0.3822985859375 0.44045806562499995 0.35174302968750004 0.44248435624999993 0.3099056953125 0.44074332812500006 0.29783957031249997 0.43482385937500007 0.288867315625 0.42820797031249996 0.28670160624999996 0.419154659375 0.29227058281249996 0.41465794218749996 0.3136997203125 0.41809675312500005 0.3589206296875 0.41806223124999997 0.3869282140625 0.41557495625000007 0.41391901718749996 0.4036290546875 0.459375 0.45312483906250006 0.459375
1 0.5209751421875 0.459375 0.5199499328125 0.4521962765625 0.5122327140625 0.420934378125 0.5088541671875 0.3912615734375 0.509375 0.363483796875 0.5135416671874999 0.32366898125 0.5099860234375 0.30131294375 0.504180590625 0.29502237343750004 0.49639280937499997 0.29300938906249996 0.4895962015625 0.2985450921875 0.48591470625 0.30609378125000003 0.48333333281250007 0.3245949078125 0.4875 0.3782986109375 0.4867427234375 0.41110581718750006 0.47952858281249994 0.443155528125 0.47582478281250007 0.459375 0.5209751421875 0.459375
1 0 1 0.1328125 1 0.1328125 0.9832303359375001 0.080360840625 0.8268432609375 0.097168159375 0.5549966515625 0.06671093593750001 0.488877078125 0.0044549703125 0.46466047499999996 0 0.46698088281250005 0 1
1 0.2296875 1 0.2296875 0.459375 0.19447627812499999 0.459375 0.19008456875 0.46601254531249997 0.177117696875 0.7134352265625 0.16723454375 0.7548520703125 0.11920025625 0.8475228609375 0.11920025625 1 0.2296875 1
1 0.503125 0.7639899874999999 0.4956278453125 0.730645571875 0.48958664687500003 0.719990153125 0.47081240312499995 0.717837259375 0.45946668749999997 0.761093840625 0.4560453015625 0.7887124515625 0.4558458859375 0.8220139515625 0.4592640921875001 0.8484375 0.503125 0.8484375 0.503125 0.7639899874999999
1 0.5635280703125 0.7598115765625 0.5555404765625 0.7350737484375001 0.536725821875 0.7312039078125 0.5205862390625 0.791985653125 0.5203168093749999 0.8474502046874999 0.520760428125 0.8484375 0.571875 0.8484375 0.571875 0.7980307421875 0.5635280703125 0.7598115765625
1 0.7590418437500001 0.740625 0.7540410203125 0.740625 0.7425642296875 0.740892125 0.7230511765625 0.8025938640625 0.7230511765625 0.8526044015625001 0.7235903625 0.853125 0.737833265625 0.853125 0.7636578734375 0.852070340625 0.771875 0.8496661249999999 0.771875 0.8021625921875 0.76364826875 0.7480309593750001 0.7590418437500001 0.740625
1 0.85234375 0.8513888890625001 0.85546875 0.8458333328125001 0.85546875 0.80694444375 0.8390625 0.734722221875 0.833203125 0.7284722218749999 0.817578125 0.7298611109375 0.80078125 0.797222221875 0.80078125 0.85 0.85234375 0.8513888890625001
1 0.87578125 0.7819444437499999 0.87734375 0.847222221875 0.884765625 0.8520833328125 0.9234375 0.8513888890625001 0.92734375 0.8458333328125001 0.92890625 0.83055555625 0.92578125 0.7666666671875 0.911328125 0.715972221875 0.891015625 0.715972221875 0.87578125 0.7819444437499999
2 1 0.8508137781249999 0.307421875 0.8576388890625001 0.3046875 0.8638888890625 0.30546875 0.952777778125 0.33515625 0.95555555625 1 0.9521375546874999 1 0.8508137781249999