2 0 0.088718640625 0.0174145328125 0.0894282296875 0.020196706249999998 0.0867565625 0.0878457046875 0.0904413921875 0.095480196875 0.09353750625 0.119155040625 0.09078880781250001 0.12210203281250001 0.09369391875000001 0.141919996875 0.0953125 0.19502371406250002 0.0953125 0.197926140625 0.0879642484375 0.200180909375 0.052779064062500006 0.20039849062499998 0.02493761875 0.194273759375 0.0186538203125 0.154973915625 0.0207658484375 0.09059536875 0.01835390625 0 0.01835390625 0 0.088718640625
1 0.15290005 1 0.15290005 0.9984163125000001 0.1285569796875 0.96741003125 0.12946837656250001 0.9171557734375 0.11569504687500001 0.9065719015625 0.1034241359375 0.90523598125 0.0958708515625 0.90523598125 0.081551709375 0.914924021875 0.0890009015625 0.9667373671874999 0.0687126578125 0.9891862421875001 0.06735166249999999 1 0.15290005 1
1 0.1770833328125 0.8685084890624999 0.1677083328125 0.8608972484375 0.146875 0.8620682078125 0.1375 0.8708504093750001 0.14375 0.9048082546875001 0.13125 0.9247145781250001 0.1270833328125 0.9621853046875 0.1458333328125 0.9856045078125 0.1708333328125 0.9832625875 0.1916666671875 0.9528176234375 0.1916666671875 0.9317403390625 0.1729166671875 0.9094920953125001 0.1770833328125 0.8685084890624999
1 0.05625 0.8462602453125001 0.040625 0.83747804375 0.0229166671875 0.8450892859374999 0.025 0.8837309718749999 0.010416667187500001 0.907150175 0.0125 0.9270564984374999 0.025 0.9457918624999999 0.0333333328125 0.9481337828124999 0.0447916671875 0.9487192624999998 0.058333332812500006 0.94227898125 0.07291666718749999 0.9153468968750001 0.07083333281250001 0.9012953750000001 0.05208333281250001 0.8767052109375001 0.05625 0.8462602453125001
1 0.21875 0.8930986531249999 0.20625 0.874363290625 0.2104166671875 0.8392344843749999 0.2052083328125 0.8339651640625 0.1885416671875 0.83162324375 0.175 0.843918325 0.175 0.9094920953125001 0.19375 0.9364241796874999 0.21458333281250003 0.918859778125 0.21875 0.8930986531249999
1 1 0.3890625 0.968177884375 0.3890625 0.9696400046874999 0.402591440625 0.9712886703125001 0.4734247765625 0.9578125 0.544933428125 0.9578125 0.603928228125 0.9600008609374999 0.6255111937500001 0.962204490625 0.6866586921875 0.9704641546874999 0.7397639546875 0.9800789015625 0.76726574375 0.9899248078125 0.7703125 1 0.7703125 1 0.3890625
1 0.8859375 0.3890625 0.8859375 0.8140625 0.8966104890625001 0.8140625 0.9036901328125001 0.8081133031250001 0.9289374328125 0.70748841875 0.9331206203125 0.6422106421875 0.9313900421875001 0.583654475 0.9152112984375 0.49387424687500003 0.9263373156250001 0.3890625 0.8859375 0.3890625
1 0.7729597765625 0.3890625 0.775 0.5232638890625 0.74296875 0.6677083328125001 0.7484375 0.7802083328125 0.76484375 0.856597221875 0.77890625 0.86493055625 0.802734375 0.862847221875 0.81015625 0.8524305562500001 0.82734375 0.7760416671874999 0.834375 0.7260416671875 0.83359375 0.6552083328125 0.8109375 0.5357638890625 0.8109375 0.46493055625 0.821875 0.38993055625 0.8218139640625001 0.3890625 0.7729597765625 0.3890625
1 0.7450581390625 0.3890625 0.74921875 0.42881944375 0.7484375 0.4829861109375 0.7296875 0.5704861109375 0.72578125 0.606597221875 0.72890625 0.6427083328125001 0.73828125 0.669097221875 0.7421875 0.66631944375 0.7734375 0.52743055625 0.775 0.471875 0.771875 0.4454861109375 0.7724417546875 0.3890625 0.7450581390625 0.3890625
1 0.6573566171875 0.3890625 0.66171875 0.5149305562500001 0.646875 0.5774305562500001 0.649609375 0.5822916671875 0.672265625 0.5850694437499999 0.691015625 0.5947916671875 0.72265625 0.631597221875 0.725 0.621875 0.7203125 0.58993055625 0.69921875 0.5052083328125 0.69921875 0.43854166718750004 0.70255859375 0.3890625 0.6573566171875 0.3890625
1 0.5605164578125 0.3890625 0.56484375 0.5454861109375 0.5453125 0.6329861109375 0.540625 0.6732638890625 0.5421875 0.7482638890625 0.54921875 0.794097221875 0.565625 0.8635416671874999 0.57421875 0.8663194437499999 0.591796875 0.8642361109374999 0.59921875 0.8579861109374999 0.59765625 0.844097221875 0.58203125 0.8079861109375 0.575 0.77881944375 0.57265625 0.7204861109375 0.575 0.6954861109375 0.58828125 0.646875 0.61640625 0.5996527781250001 0.61640625 0.58993055625 0.60390625 0.5427083328125 0.60234375 0.5204861109375 0.6072721359375001 0.3890625 0.5605164578125 0.3890625
1 0.5191080734375 0.3890625 0.5234375 0.43854166718750004 0.52265625 0.5010416671875 0.50390625 0.581597221875 0.49921875 0.621875 0.49921875 0.6621527781250001 0.50703125 0.7232638890625 0.521875 0.794097221875 0.534375 0.80243055625 0.546484375 0.8017361109374999 0.5484375 0.794097221875 0.540625 0.7413194437499999 0.5390625 0.6815972218749999 0.54453125 0.6302083328125001 0.5640625 0.5427083328125 0.5578125 0.4732638890625 0.5578125 0.3890625 0.5191080734375 0.3890625
1 0.42244438593750006 0.3890625 0.428125 0.4635416671875 0.42734375 0.5302083328125 0.409375 0.6024305562500001 0.403125 0.65381944375 0.403125 0.68993055625 0.4078125 0.73993055625 0.4234375 0.8204861109374999 0.431640625 0.8378472218749999 0.4421875 0.83993055625 0.464453125 0.8392361109375 0.4734375 0.8302083328125001 0.48515625 0.774652778125 0.49296875 0.71631944375 0.4921875 0.631597221875 0.465625 0.521875 0.46484375 0.45243055625000006 0.46964205156250005 0.3890625 0.42244438593750006 0.3890625
1 0.31875 0.3890625 0.31875 0.811993396875 0.337109375 0.8114583328125 0.3453125 0.80243055625 0.35859375 0.734375 0.3640625 0.6815972218749999 0.3640625 0.6357638890625 0.359375 0.594097221875 0.33984375 0.5204861109375 0.334375 0.487152778125 0.33359375 0.44965277812500004 0.33828125 0.39409722187499996 0.3369397609375 0.3890625 0.31875 0.3890625
0 0.606640625 0.6142361109375 0.58515625 0.656597221875 0.57734375 0.684375 0.5734375 0.719097221875 0.57578125 0.7802083328125 0.59375 0.8357638890625001 0.618359375 0.87256944375 0.65234375 0.884375 0.677734375 0.8809027781250001 0.719140625 0.84756944375 0.72734375 0.8288194437499999 0.728125 0.8135416671875 0.73515625 0.799652778125 0.73984375 0.774652778125 0.73828125 0.694097221875 0.72265625 0.6385416671874999 0.698828125 0.603125 0.678515625 0.5878472218749999 0.662109375 0.58368055625 0.630078125 0.590625 0.606640625 0.6142361109375