1 0.196144765625 0.26100545625 0.196939603125 0.315217628125 0.21302272968749997 0.383843025 0.21732533906249998 0.3875 0.23815501718749998 0.3875 0.24345106875 0.38067953125 0.2453125 0.3717748359375 0.2453125 0.22057107656250002 0.23779331093749997 0.1862350859375 0.2361229875 0.1557250359375 0.23998864531250003 0.0734165671875 0.230418290625 0.053800959375 0.22068243281250002 0.0509360109375 0.217865234375 0.0509360109375 0.21170870156250002 0.05628191406250001 0.20635448437499998 0.0739842921875 0.212348775 0.1724133953125 0.196144765625 0.26100545625
1 1 0.3358330890625 0.9984757015625 0.32578056875 0.9743942125 0.244604615625 0.9738117515625 0.0288871421875 0.93690406875 0.016396523437499998 0.9163094203124998 0.0373562890625 0.9101936484375 0.060636640625 0.9263503109375 0.18271499375 0.92786526875 0.24780375000000002 0.9182002546875001 0.309286778125 0.9477504875000001 0.409375 1 0.409375 1 0.3358330890625
1 0.59898481875 0 0.610902778125 0.170571375 0.5553472218750001 0.38063054687500003 0.5541801796875 0.409375 0.746200103125 0.409375 0.7420138890625 0.37175480781250003 0.6997916671875 0.23861871250000002 0.6864583328125 0.1557784765625 0.6976018515625 0 0.59898481875 0
1 0.45993106875 0 0.470902778125 0.1971985953125 0.4390625 0.324371303125 0.4390625 0.409375 0.5505573421875 0.409375 0.56868055625 0.315541790625 0.53756944375 0.20311575468749998 0.53756944375 0.1202755171875 0.5520238890625 0 0.45993106875 0
1 0.5597916671875 0.28003883125 0.5553472218750001 0.17352995625 0.56868055625 0.069979659375 0.5542361109375 0.0270802515625 0.53756944375 0.1202755171875 0.53756944375 0.20015717500000002 0.5597916671875 0.28003883125
1 0.7264583328125 0.2977903109375 0.750902778125 0.1971985953125 0.750902778125 0.1291512578125 0.7342361109375 0.0182045125 0.7197916671875 0.0344767015625 0.710902778125 0.0670210796875 0.7242361109375001 0.17352995625 0.71756944375 0.2889145703125 0.7264583328125 0.2977903109375
1 0.73779085 0 0.753125 0.17352995625 0.7264583328125 0.3096246296875 0.74868055625 0.40134060624999995 0.749046296875 0.409375 0.87096886875 0.409375 0.8664583328125002 0.3658376484375 0.8264583328124999 0.24749445312499999 0.8197916671875 0.0936482984375 0.8331250000000001 0.0137666421875 0.8325807749999999 0 0.73779085 0
1 0.833332340625 0 0.8220138890625 0.10548261875 0.830902778125 0.17352995625 0.8286805562499999 0.24749445312499999 0.8642361109374999 0.354003328125 0.8736884468749999 0.409375 0.937528684375 0.409375 0.930902778125 0.368796228125 0.8820138890625 0.206074334375 0.8883749062499999 0 0.833332340625 0
1 0 0.7745828265625001 0.00349823125 0.8010531046875 0.023932146874999997 0.8847287671874999 0.0303283953125 0.8875 0.051035903125000004 0.8875 0.056865884374999995 0.8869843218749999 0.065877171875 0.8739382875 0.06875 0.8595615640624998 0.06875 0.6378265921875 0.055046787500000006 0.5824081328124999 0.0529857484375 0.511574796875 0.056541698437499996 0.47241289531249997 0.055948921875 0.42514516875 0.051574270312500003 0.41799278749999996 0.01437345 0.41799278749999996 0.0112156078125 0.420794375 0.010461359375 0.44866315781250005 0.0187723984375 0.5191324703125 0.0206313765625 0.5830213578125 0.016886775 0.5888044265625 0 0.673096234375 0 0.7745828265625001
1 0.097127565625 0.6134504 0.077353803125 0.7024541046875 0.0759690390625 0.8105599265624999 0.08865218281250001 0.8861969609374999 0.098054103125 0.9214197125 0.09861907656249999 0.921875 0.14134057656250001 0.921875 0.14252069843749998 0.921235584375 0.15 0.882198765625 0.15 0.68575865625 0.135570446875 0.6226244718749999 0.1335985171875 0.5379022499999999 0.138000484375 0.49238743593749995 0.13621710468749998 0.4492863765625 0.12757756874999998 0.4300585984375 0.1017316640625 0.42577923437500004 0.092989740625 0.43567262187499994 0.0895037375 0.4535006640625 0.0963894578125 0.5482181234375 0.097127565625 0.6134504
1 0.1765139734375 0.5037923109375 0.1872768640625 0.5896851671875 0.18889763906249998 0.6355457828125 0.1711910109375 0.7307814 0.169381115625 0.8157218765625001 0.17997900625000002 0.883531896875 0.1978265109375 0.9552630453125002 0.2054262375 0.9640625 0.23186687187500002 0.9640625 0.2375 0.961711365625 0.2375 0.6792916234374999 0.2285424484375 0.6452928 0.22417513125 0.56195946875 0.22667897343750001 0.5201291109375 0.2249854140625 0.47287960625 0.21294637187499998 0.4447756890625 0.197034178125 0.4397670171875 0.1916269453125 0.4397670171875 0.184821371875 0.445757834375 0.175693875 0.473209475 0.1765139734375 0.5037923109375
1 0.326171875 0.786284721875 0.3296875 0.7814236109375 0.3078125 0.673090278125 0.30859375 0.5869791671875 0.3140625 0.5369791671875 0.3140625 0.5008680562500001 0.309375 0.48003472187499996 0.294921875 0.4626736109375 0.276171875 0.466840278125 0.26875 0.47864583281249995 0.2640625 0.4967013890625 0.2640625 0.5536458328125 0.2703125 0.605034721875 0.26953125 0.6536458328125001 0.240625 0.7869791671874999 0.2375 0.8578125 0.24140625 0.867534721875 0.258984375 0.83211805625 0.274609375 0.811284721875 0.298046875 0.7932291671874999 0.326171875 0.786284721875
1 0.3109375 0.6883680562500001 0.33046875 0.7814236109375 0.3796875 0.8133680562500001 0.38203125 0.7911458328125001 0.3796875 0.7286458328125001 0.35625 0.6189236109375 0.3625 0.4592013890625 0.353515625 0.4376736109375 0.326171875 0.4348958328125 0.31796875 0.448090278125 0.3140625 0.47170138906250003 0.32109375 0.6189236109375 0.31015625 0.6592013890625 0.3109375 0.6883680562500001
1 0.4390625 0.450347221875 0.435546875 0.44878472187499996 0.422265625 0.4557291671875 0.41484375 0.4689236109375 0.4109375 0.485590278125 0.41640625 0.648090278125 0.390625 0.75225694375 0.38671875 0.7869791671874999 0.38671875 0.8244791671874999 0.40234375 0.8578125 0.4125 0.8897569437499999 0.41875 0.92725694375 0.4203125 0.973090278125 0.424609375 0.9779513890625001 0.4390625 0.9775301687500001 0.4390625 0.450347221875
1 0.27734375 0.442534721875 0.274609375 0.4348958328125 0.268359375 0.43211805625000005 0.234765625 0.43072916718750004 0.23125 0.4369791671875 0.23046875 0.46475694375 0.2359375 0.5397569437499999 0.234375 0.5967013890625 0.221875 0.6397569437499999 0.22109375 0.6564236109375 0.23515625 0.71336805625 0.240625 0.7508680562500001 0.24453125 0.7578125 0.2578125 0.710590278125 0.26875 0.6411458328125 0.26171875 0.5147569437499999 0.26640625 0.4828125 0.2765625 0.46197916718750004 0.27734375 0.442534721875
0 0.41566495000000003 1 0.41875 0.9758680562500001 0.41875 0.9369791671875 0.40625 0.8730902781250001 0.383203125 0.823784721875 0.346484375 0.791840278125 0.319921875 0.7876736109375 0.295703125 0.79461805625 0.278515625 0.80850694375 0.265234375 0.823784721875 0.24609375 0.8578125 0.2359375 0.8925347218749999 0.2296875 0.960590278125 0.2342218578125 1 0.41566495000000003 1
1 0.7170278999999999 0.409375 0.7213743953125 0.44456316406249996 0.7218729343750001 0.5154875015625 0.6978430125 0.6309689828125 0.6947854265625001 0.6603631625 0.696240278125 0.7103631625 0.7032827203125 0.7140625 0.771875 0.7140625 0.771875 0.5782727390625 0.7596154125 0.5216367109375 0.7591168703125 0.4507123703125 0.7624421187499999 0.409375 0.7170278999999999 0.409375
2 1 0.712804015625 0.862583728125 0.707178259375 0.766489978125 0.7105339265625 0.6659804578124999 0.7043037828125 0.4759183421875 0.7067666046875 0.44196065000000007 0.7009952796875 0.4390625 0.7010067062500001 0.4390625 0.8728347390625 0.5199548 0.8749833656250001 0.565121721875 0.8706232421875001 0.6844540312499999 0.8775875124999999 0.7335999921875 0.8744798656250001 0.7863804734375 0.880985315625 1 0.8845044203124999 1 0.712804015625
0 0.81953125 0.6998263890625 0.823828125 0.719965278125 0.95546875 0.7276041671875 0.9625 0.7151041671874999 0.96875 0.683159721875 0.965625 0.6109375 0.95703125 0.5762152781250001 0.935546875 0.5407986109375 0.902734375 0.5185763890625 0.881640625 0.5185763890625 0.856640625 0.5310763890625 0.8296875 0.5734375 0.81953125 0.6192708328125001 0.81953125 0.6998263890625