1 0.2945022640625 0 0.29492605156249996 0.009585015625 0.2947429265625 0.0751772 0.2907890875 0.12521964531250002 0.28760871718750003 0.1530610890625 0.2853096703125 0.1568496828125 0.278125 0.187310296875 0.278125 0.65 0.3807717921875 0.65 0.390923471875 0.627342690625 0.4097842140625 0.5711504640625 0.4201313796875 0.5273136109375 0.430336659375 0.4502283109375 0.43157847031249996 0.4021438296875 0.4235730359375 0.31656328125 0.4008054671875 0.21680458125 0.3892251453125 0.14799680937499998 0.3848257515625 0.1343201421875 0.3850443515625 0.07704006875 0.38308733125 0.0660350703125 0.3864700984375 0 0.2945022640625 0
1 0.4390625 0 0.4109375 0 0.4109375 0.011058960937499999 0.4117003890625 0.01645715625 0.4109375 0.0182925375 0.4109375 0.047856457812499996 0.41292870937500004 0.08682752656250001 0.418343503125 0.12879458125 0.43295186875 0.1907734828125 0.4390625 0.2099536203125 0.4390625 0
1 0.98845125 0.65 0.984068178125 0.6253524484375 0.991866546875 0.553907596875 0.988113578125 0.5425139125 0.9841086984375 0.5399059125 0.9772300062500001 0.54203365625 0.9710332140624999 0.554756490625 0.96808413125 0.6232325624999999 0.9609375 0.6440103765625 0.9609375 0.65 0.98845125 0.65
1 0.8081694921875 0.65 0.7992033203125001 0.6130120953125 0.8011969734375001 0.5479421890625 0.797324871875 0.5352768343750001 0.7922880625 0.5305881375 0.7845240484375 0.534003640625 0.78025050625 0.5431613171875 0.7801337265624999 0.5663519796875 0.7839698578125001 0.60683763125 0.7765625 0.649675434375 0.7765625 0.65 0.8081694921875 0.65
1 0.9626135609375 0.65 0.9650226234375001 0.6381457921875 0.9580290671875 0.603278940625 0.9636612140625 0.5401462 0.961001365625 0.531466625 0.9559223390625 0.52612329375 0.9480667374999999 0.5282934796875 0.9428925328125001 0.5382173140625001 0.9429249000000001 0.6038943875 0.9375 0.623202709375 0.9375 0.65 0.9626135609375 0.65
1 0.83744034375 0.65 0.83913359375 0.6394931171875 0.83913359375 0.6210817140625 0.834645878125 0.5905606 0.83481114375 0.570223603125 0.8380206015624999 0.545457240625 0.8367365031249999 0.5315015984375 0.8279407265625001 0.5193768125 0.8206975468750001 0.52168731875 0.8164401640625 0.531125840625 0.8169250281250001 0.5589036187499999 0.8199009234375 0.5803667984375 0.8192148234375001 0.6006704140625 0.8140625 0.6219438546875 0.8140625 0.65 0.83744034375 0.65
1 0.929032534375 0.65 0.9280997171875001 0.638717309375 0.9233193156249999 0.6187140796875 0.9292441609375001 0.5472509015625 0.927223853125 0.5404566515625 0.9212326078124999 0.5353016140625 0.9149394812499999 0.5366280578125 0.9090610375000001 0.5457748078125 0.9078668171875 0.6160116734375001 0.90400868125 0.6319526718749999 0.9 0.6393729140625 0.9 0.65 0.929032534375 0.65
1 0.9024826390625 0.65 0.9005208328125001 0.6238425921874999 0.8947916671874999 0.6034722218749999 0.8942708328125001 0.5923611109375 0.8973958328125 0.53773148125 0.8934895828125 0.5270833328125 0.88515625 0.5233796296875 0.8783854171875 0.5298611109375 0.8765625 0.5358796296875 0.8796875 0.5988425921875 0.871875 0.6275462968750001 0.8688437499999999 0.65 0.9024826390625 0.65
1 0.8683152374999998 0.65 0.8682291671875 0.646990740625 0.8614583328125001 0.6275462968750001 0.8588541671875 0.6071759265625001 0.8614583328125001 0.5414351859375001 0.8580729171874999 0.5335648140625 0.8497395828125001 0.528009259375 0.8432291671875 0.53773148125 0.8411458328125001 0.546990740625 0.84375 0.6034722218749999 0.8345898437500001 0.65 0.8683152374999998 0.65
1 0.9091145828125 0.5983796296875 0.9015625 0.6293981484375 0.9041666671874999 0.6432870375 0.9125 0.6164351859375 0.9130208328125 0.602546296875 0.9091145828125 0.5983796296875
1 0.9231770828125001 0.534490740625 0.9283854171874999 0.540046296875 0.9302083328125 0.5321759265625 0.928125 0.521990740625 0.9200520828125001 0.5141203703125 0.9127604171874999 0.51875 0.909375 0.527546296875 0.9083333328125001 0.5488425921875 0.91015625 0.5428240734374999 0.9174479171875 0.534490740625 0.9231770828125001 0.534490740625
1 0.86875 0.615509259375 0.8692708328125001 0.6293981484375 0.8734375 0.6247685187500001 0.8786458328125001 0.6034722218749999 0.8791666671874999 0.5868055562500001 0.87734375 0.5789351859375 0.86875 0.615509259375
1 0.8830729171874999 0.5243055562500001 0.8955729171875 0.5261574078125 0.8963541671874999 0.5192129624999999 0.8932291671874999 0.509953703125 0.8846354171874999 0.5039351859375001 0.8778645828125 0.5104166671875 0.875 0.5192129624999999 0.8770833328125001 0.53773148125 0.8786458328125001 0.528472221875 0.8830729171874999 0.5243055562500001
1 0.8442708328125 0.5331018515625 0.84609375 0.5354166671875 0.84921875 0.5307870375 0.85390625 0.5307870375 0.8609375 0.5414351859375001 0.8588541671875 0.6108796296875 0.8640625 0.63773148125 0.86875 0.6442129624999999 0.8708333328125001 0.63773148125 0.8703125 0.6293981484375 0.8619791671874999 0.590509259375 0.8635416671874999 0.5599537031249999 0.865625 0.553472221875 0.865625 0.53125 0.86171875 0.5178240734374999 0.85234375 0.51319444375 0.8458333328125001 0.5201388890625 0.8442708328125 0.5331018515625
1 0.7250166109375 0.65 0.72355935 0.71219236875 0.7140625 0.7431023890625 0.7140625 0.9234375 0.7349094546874999 0.9234375 0.737987815625 0.9194433640625 0.7545140375 0.85872761875 0.7593647671875 0.8289706562499999 0.7603369296875 0.7855158046875 0.7480385171874999 0.7111949187500001 0.7512558015625 0.6648774015625001 0.754197590625 0.65 0.7250166109375 0.65
1 0.6471610015625 0.65 0.6500192921875 0.6727394703125 0.6510213453125 0.7301468765625 0.6359375 0.7983342875 0.6359375 0.9037612328125 0.6477540359375 0.9612976468750001 0.653031428125 0.9765625 0.68228560625 0.9765625 0.68551263125 0.9730513640625 0.6986776421875 0.9074692671874999 0.6986776421875 0.8072140250000001 0.6981799687500001 0.8023314609375 0.6802203328124999 0.729617875 0.6818335734375001 0.65 0.6471610015625 0.65
1 0.5688953265625 0.65 0.5699663640625 0.6982005874999999 0.5691222640625 0.7121107 0.565625 0.7256853953125 0.565625 0.7922518859375 0.5755663046875 0.8376546234375001 0.5785225015625001 0.867135696875 0.5788050203124999 0.915625 0.59053926875 0.915625 0.5947833 0.9062501734375001 0.6059506531250001 0.8512173203125 0.6097832359375 0.79833343125 0.605501603125 0.7587308390625 0.5941007125000001 0.7120179546875 0.597360390625 0.65 0.5688953265625 0.65
1 0.5237221125 0.65 0.5284389203125001 0.6984714453125 0.52882316875 0.7502899203125 0.5113984609375 0.825014290625 0.509375 0.8520579125 0.509375 0.9314979593749999 0.5143597703125 0.964862484375 0.522277884375 1 0.579236109375 1 0.585222121875 0.9668290890625 0.585222121875 0.8425045390625 0.5838427765625 0.8324314062500001 0.5637351625 0.7534520718750001 0.5617076078125 0.6969038390625 0.56567233125 0.65 0.5237221125 0.65
1 0.46157899375 0.65 0.46331490937500003 0.6803913578125 0.46176570781250004 0.724802425 0.4550911015625 0.7566176718750001 0.453125 0.7625081421875001 0.453125 0.9700027421874999 0.4535075203125 0.9703125 0.47844495 0.9703125 0.48505740468749997 0.9605625374999999 0.48776434843749994 0.8689960015625001 0.4904912421875 0.8438958718749999 0.5025002359374999 0.7978913484375 0.5004102546875 0.775869384375 0.49015278906250004 0.7285222734375 0.4915726109375 0.6868889828125 0.49594781875000005 0.65 0.46157899375 0.65
1 0.4390625 0.65 0.4390625 0.9029128078124999 0.44322916718750005 0.9127893515625001 0.44921875 0.9123263890625001 0.4536458328125 0.9063078703125 0.4505208328125 0.8720486109374999 0.4505208328125 0.8239004624999999 0.45416666718750004 0.7942708328125 0.46197916718750004 0.758159721875 0.45 0.7118634265625 0.45183148281249996 0.65 0.4390625 0.65