1 0.6316565921875 0.2390625 0.6233247109375 0.2056781171875 0.62470055625 0.1352168078125 0.61741879375 0.1211104921875 0.61118495625 0.1222546734375 0.603362553125 0.1368884375 0.6066742062499999 0.20718605625 0.6009259265625 0.2390625 0.6316565921875 0.2390625
1 0.582701440625 0.2390625 0.5765625 0.2125578703125 0.5791666671875 0.14496527812499999 0.5752604171875 0.1343171296875 0.56953125 0.1296875 0.5611979171875 0.133391203125 0.5578125 0.1421875 0.5572916671875 0.163483796875 0.5614583328125 0.195891203125 0.5609375 0.21163194375 0.5540798609375 0.2390625 0.582701440625 0.2390625
1 0.5348754875 0.2390625 0.5317708328124999 0.226446759375 0.5307291671875001 0.20422453749999997 0.534375 0.15607638906250001 0.5294270828125 0.1435763890625 0.5252604171875 0.14079861093749999 0.51953125 0.1426504625 0.5125 0.16070601874999998 0.5119791671875 0.18570601874999998 0.5145833328125 0.195891203125 0.515625 0.22829861093749998 0.514639353125 0.2390625 0.5348754875 0.2390625
1 0.5147831359375 0.2390625 0.515625 0.22459490781250002 0.5130208328125 0.1681134265625 0.5151041671875001 0.15144675937500002 0.5229166671875001 0.139409721875 0.5213541671875 0.12922453750000001 0.51484375 0.12042824062499999 0.5065104171875 0.12320601875 0.5026041671875 0.13200231406250001 0.5020833328125 0.1570023140625 0.5067708328125 0.18663194375 0.5067708328125 0.1995949078125 0.49752061562499994 0.2390625 0.5147831359375 0.2390625
1 0.4865474234375 0.2390625 0.48541666718750004 0.2338541671875 0.48854166718750003 0.1671875 0.48645833281249995 0.1588541671875 0.47942708281249996 0.1500578703125 0.47265625 0.15376157343750002 0.46770833281249996 0.1681134265625 0.46666666718750005 0.1968171296875 0.4692708328125 0.23478009218749998 0.4681844875 0.2390625 0.4865474234375 0.2390625
1 0.468442753125 0.2390625 0.4692708328125 0.23570601875000002 0.4671875 0.1755208328125 0.46979166718750004 0.16070601874999998 0.4770833328125 0.14866898125 0.4770833328125 0.1421875 0.4721354171875 0.132465278125 0.4653645828125 0.1296875 0.46015625 0.132465278125 0.45520833281249995 0.14496527812499999 0.45520833281249995 0.1662615734375 0.45885416718750005 0.1921875 0.4583333328125 0.21626157343750002 0.45309842656250005 0.2390625 0.468442753125 0.2390625
1 0.1698621375 0.5836635125 0.16104029687500002 0.5858245578125001 0.1537548875 0.6013660609375 0.1536381078125 0.6245323968750001 0.157215646875 0.6503491968749999 0.1582859890625 0.6818124890624999 0.1560858765625 0.705051578125 0.15 0.7318982015625 0.15 0.765625 0.1925113171875 0.765625 0.1925113171875 0.75384684375 0.1894317265625 0.7344612953125 0.178792434375 0.692214271875 0.1808543828125 0.6013462171875 0.1746142859375 0.5872035265625 0.1698621375 0.5836635125
1 0.11119791718750001 0.590625 0.1067708328125 0.5984953703125 0.1046875 0.6096064812499999 0.1088541671875 0.6855324078125 0.1057291671875 0.7105324078125 0.0984375 0.7410879625 0.1010416671875 0.7660879625 0.1041666671875 0.7697916671875 0.1427083328125 0.7679398140625 0.140625 0.7429398140625 0.13229166718750002 0.712384259375 0.1286458328125 0.68460648125 0.13333333281249998 0.6086805562500001 0.1296875 0.5957175921875 0.1216145828125 0.586921296875 0.11119791718750001 0.590625
1 0.0674479171875 0.59618055625 0.06302083281250001 0.6086805562500001 0.0625 0.6271990734375 0.0666666671875 0.6771990734375 0.0661458328125 0.703125 0.053125 0.7586805562500001 0.052604167187499995 0.768865740625 0.08072916718749999 0.7707175921875 0.09921875 0.7702546296875 0.10052083281249999 0.7614583328125 0.0880208328125 0.705902778125 0.0869791671875 0.681828703125 0.0880208328125 0.656828703125 0.090625 0.643865740625 0.09114583281250001 0.6096064812499999 0.0895833328125 0.6021990734375 0.0841145828125 0.593402778125 0.07369791718749999 0.590625 0.0674479171875 0.59618055625
2 0 0.8808945687499999 0.22161458281250002 0.8822916671875 0.24973958281250003 0.890625 0.2674479171875 0.890625 0.27421875 0.8952546296874999 0.2794270828125 0.88414351875 0.3065104171875 0.8832175921874998 0.3140625 0.8883101859375 0.3182291671875 0.8984953703125 0.31875 0.90960648125 0.32578125 0.9174768515625 0.3828125 0.931828703125 0.3903645828125 0.9267361109374999 0.3994791671875 0.9114583328125001 0.4036458328125 0.8957175921874999 0.40260416718750003 0.8633101859375 0.3966145828125 0.856365740625 0.36484375 0.8572916671874999 0.3630208328125 0.853125 0.3604166671875 0.7790509265625001 0.3575520828125 0.7758101859375001 0.3377604171875 0.7730324078125 0.1924479171875 0.77210648125 0.1716145828125 0.7758101859375001 0.14453125 0.7730324078125 0.07265625 0.7758101859375001 0.0471354171875 0.7702546296875 0 0.77092144375 0 0.8808945687499999
1 0.5444963375 0.2390625 0.5545526515625 0.30544354687499997 0.5538896515625 0.3630017484375 0.5171875 0.5409310546875 0.5171875 0.5443123015625 0.5254437359375 0.6441657734375 0.5618972703125 0.746875 0.6166763375000001 0.746875 0.6221892421875 0.7408483015625 0.6457492 0.65747528125 0.6467693421874999 0.6465405843750001 0.6467693421874999 0.5215598796875 0.6426509265625 0.47997528124999994 0.6086714625 0.34858110625 0.6134890609375 0.2390625 0.5444963375 0.2390625
1 0.46383367499999995 0.2390625 0.4698958328125 0.35 0.45 0.44991168281250005 0.45 0.6511197906249999 0.4732291671875 0.7150000000000001 0.5207291671875 0.71375 0.5282291671875 0.6925 0.5082291671875 0.585 0.5115624999999999 0.5075000000000001 0.5315624999999999 0.43 0.5198958328125001 0.3625 0.5250390625 0.2390625 0.46383367499999995 0.2390625
1 0.61187631875 0.2390625 0.6065625 0.2875 0.6065625 0.3525 0.6398958328125 0.4925 0.6482291671875 0.5599999999999999 0.6298958328125 0.6849999999999999 0.6482291671875 0.6775 0.6598958328125001 0.6325000000000001 0.6498958328125 0.5525 0.6648958328125 0.45999999999999996 0.6415625 0.3625 0.6475473484375 0.2390625 0.61187631875 0.2390625
1 0.68480745 0.2390625 0.6898958328125 0.365 0.6532291671875 0.53 0.6532291671875 0.5700000000000001 0.6665625000000001 0.6475 0.6932291671874999 0.7175 0.7373958328125 0.71875 0.7448958328125 0.71 0.7765625 0.5875 0.7748958328125 0.5025000000000001 0.7398958328124999 0.355 0.747891521875 0.2390625 0.68480745 0.2390625
1 0.8058200750000001 0.2390625 0.8115625 0.35750000000000004 0.7782291671875 0.5 0.7832291671875 0.6025 0.8048958328125 0.6799999999999999 0.8232291671875 0.6900000000000001 0.8573958328125 0.68625 0.8782291671875001 0.615 0.8748958328124999 0.5275000000000001 0.8815625 0.47000000000000003 0.8548958328125 0.355 0.8645572906249999 0.2390625 0.8058200750000001 0.2390625
1 0.9036755953124999 0.2390625 0.9032291671875001 0.24 0.9082291671875 0.3725 0.8848958328125001 0.47750000000000004 0.9157291671875001 0.41875 0.9515625 0.3875 0.9482291671875 0.34750000000000003 0.9582291671875 0.255 0.955331440625 0.2390625 0.9036755953124999 0.2390625
1 0.7492007015625 0.2390625 0.7398958328124999 0.34750000000000003 0.7748958328125 0.5 0.7798958328125 0.48 0.7532291671875 0.37 0.7598958328125001 0.24500000000000002 0.7576041671875 0.2390625 0.7492007015625 0.2390625
1 0.5268009015625 0.2390625 0.5182291671875 0.335 0.5332291671875 0.4175 0.5465625000000001 0.375 0.5498958328125 0.2975 0.5425911453125 0.2390625 0.5268009015625 0.2390625
0 1 0.3802587890625 0.9573958328125001 0.38625 0.9240625 0.41125 0.8882291671874999 0.475 0.8782291671875001 0.525 0.8815625 0.605 0.8948958328125001 0.65 0.9257291671874999 0.69875 0.9782291671875001 0.7275 1 0.72498798125 1 0.3802587890625