1 0.30516347499999996 0 0.3052656125 0.023280634375 0.2890625 0.08884539531249999 0.2890625 0.296232525 0.2986440375 0.34134528125 0.305771103125 0.34375 0.3116112796875 0.34375 0.32479975 0.3423442625 0.332367096875 0.3361806234375 0.3311278625 0.322273553125 0.3163433578125 0.285980628125 0.3099909703125 0.2567321453125 0.30900494218749996 0.198371540625 0.311930575 0.1733988125 0.3263432625 0.12494224375 0.3555673703125 0.0780472859375 0.355793659375 0.0683250640625 0.34439276875 0.0209573890625 0.3434077953125 0 0.30516347499999996 0
1 0.268814178125 0 0.25872282968750004 0.057590090625 0.2578125 0.0732169328125 0.2578125 0.1223597671875 0.25872715625 0.138063825 0.2700989734375 0.199311303125 0.289068296875 0.270403734375 0.29604765781250003 0.275 0.30705477812500004 0.275 0.30705477812500004 0.2291832265625 0.3047443421875 0.2179532375 0.29970341718750004 0.1582037453125 0.30217910625 0.1069103109375 0.30705477812500004 0.077470728125 0.30705477812500004 0 0.268814178125 0
1 0.1657294765625 0 0.1651555109375 0.01231483125 0.146875 0.07768028593750001 0.146875 0.276477434375 0.1511125375 0.302820121875 0.1568742484375 0.315625 0.19493601562500001 0.315625 0.20077303125 0.309630175 0.2144318234375 0.2533920828125 0.22428136875 0.194603721875 0.226458684375 0.10992700156249999 0.20372776875 0.0017518703125 0.2037692640625 0 0.1657294765625 0
1 0.0399973109375 0 0.034932090625 0.0227420703125 0.027014546875 0.0407067203125 0.0234375 0.06391778125 0.0234375 0.1802838359375 0.026052990625 0.20598449687499998 0.041257814062499995 0.278388534375 0.046283415625000005 0.2874754 0.0527919484375 0.2890625 0.079257525 0.2890625 0.087343484375 0.2803137703125 0.1010206671875 0.2124127578125 0.10679647031249999 0.15969861406250002 0.10706312031250001 0.11386528124999999 0.10261803124999999 0.0721440703125 0.0839533796875 0 0.0399973109375 0
0 0.4296875 0.06719253750000001 0.421729753125 0.060977634375 0.42064759687500003 0.060633243749999996 0.37322382187500003 0.060633243749999996 0.3517000453125 0.082340534375 0.333177846875 0.12319930937500001 0.327307759375 0.150430784375 0.3265625 0.16779840937499998 0.3265625 0.19166735 0.3324465765625 0.2461548578125 0.35430015 0.3029669109375 0.381483221875 0.3414933203125 0.406198196875 0.3515625 0.4296875 0.3515625 0.4296875 0.06719253750000001
1 0.9082034421875 0.2609375 0.9104864609375 0.25741030625 0.9119346984375 0.21429108281249998 0.9020440984375 0.1428529140625 0.9134286328125001 0.036067635937499995 0.9104935874999999 0.02201958125 0.90514995 0.015625 0.9032767484375 0.015625 0.890130384375 0.01631488125 0.881494503125 0.033373575 0.8775297015625 0.134889796875 0.86875 0.1643859578125 0.86875 0.2609375 0.9082034421875 0.2609375
2 1 0.26233785 0.4296875 0.29011993125 0.4296875 0.3828125 0.7016001390625 0.3828125 0.8747997156250001 0.3748141671875 0.91526308125 0.36716061093749996 1 0.36700883281249996 1 0.26233785
1 0.245015825 0.6133342109375001 0.241589084375 0.6057566875 0.23454167187500002 0.6072683078125001 0.2324996609375 0.6149412875 0.23360964687500002 0.6538029046875 0.23125 0.663179665625 0.23125 0.71858234375 0.23153487031250003 0.7203125 0.24402420781249998 0.7203125 0.2487336546875 0.696585725 0.24897607187499998 0.675752390625 0.243065453125 0.64669481875 0.245015825 0.6133342109375001
1 0.27573895312499996 0.6451153859375001 0.2759770265625 0.62240309375 0.2778084453125 0.6091492734375 0.2746816875 0.6038113078125 0.27046917187499997 0.6041798546875 0.26693694375 0.6082298984375 0.2661622953125 0.6207677609375001 0.2671775234375 0.6403116859375 0.2625 0.6615393234375 0.2625 0.6962140437500001 0.265645475 0.7125 0.2770912234375 0.7125 0.277694846875 0.7115770015624999 0.28176270312499996 0.6834574703125 0.27925878593750003 0.6613967515625 0.27573895312499996 0.6451153859375001
1 0.8932584171875 0.409375 0.892531378125 0.4314118265625 0.8875 0.448315175 0.8875 0.5303341109375 0.9035339484375001 0.53125 0.916113915625 0.53125 0.9196180500000001 0.525836221875 0.9210705734375001 0.49385994375 0.9112813781250001 0.4321758296875 0.9140062875 0.409375 0.8932584171875 0.409375
1 0.8463571250000002 0.409375 0.8486572171875 0.456816065625 0.840625 0.49458140312500004 0.840625 0.528125 0.8804541593749999 0.528125 0.8804541593749999 0.49238266406250003 0.8798694828125001 0.4882286765625 0.8688404109375 0.4509059546875 0.8697271359375 0.409375 0.8463571250000002 0.409375
2 1 0.5358610765625 0.6677886578125 0.5432886578125 0.642772496875 0.545113925 0.6390625 0.5531215046875 0.6390625 0.6499307109375 0.6400595328125 0.6515625 0.6863259171875 0.6515625 0.6876541578124999 0.6484760234375 0.7058006812500001 0.6328845984375 1 0.6240412578125 1 0.5358610765625