1 0.1390625 0.46875 0.1390625 0.42772563437500005 0.138913184375 0.4261600546875 0.12240445312499999 0.3688277796875 0.121470528125 0.3596291921875 0.123101096875 0.264228484375 0.11731083281250002 0.2474477109375 0.10957375312499999 0.2414212546875 0.09907089375 0.24943536718749998 0.0917972265625 0.2706782203125 0.09156019531250001 0.291048590625 0.0979037390625 0.37210538125000003 0.0835334328125 0.43831155156249996 0.0835334328125 0.46875 0.1390625 0.46875
1 0.2171875 0.46875 0.2171875 0.40907381249999997 0.20474336875 0.3745140078125 0.20039960156249997 0.32725540937500003 0.198403871875 0.2689948265625 0.19450476249999998 0.25038537031249997 0.185428265625 0.23575160468749998 0.176379859375 0.2326646328125 0.16791417656250002 0.23791099375 0.1630605234375 0.2465163171875 0.16025354375 0.26581525781250004 0.176683115625 0.37445778750000003 0.1764155578125 0.39292174062499996 0.1679917640625 0.458207784375 0.168492140625 0.46875 0.2171875 0.46875
1 0.321875 0.46875 0.321875 0.453375609375 0.307808021875 0.41587863281250004 0.300034834375 0.387450821875 0.29789032031249996 0.370847821875 0.2967402484375 0.2781703390625 0.294599225 0.24673130312499997 0.2868081265625 0.2252585453125 0.277662953125 0.21728599062499998 0.2703389515625 0.2166571765625 0.2581946234375 0.2273516984375 0.25404238281249997 0.235402459375 0.2520202265625 0.2521752359375 0.2531195859375 0.2836567171875 0.25666144062499996 0.310402459375 0.262581121875 0.33056060781249996 0.266733834375 0.3897349765625 0.260732040625 0.44190516406249997 0.2573772125 0.45038705312499994 0.2548393453125 0.46875 0.321875 0.46875
1 0.38125 0.46875 0.38125 0.4005485703125 0.367535053125 0.3596108515625 0.3645692265625 0.3123583203125 0.3637851875 0.24204856874999997 0.35594277343749997 0.22193657187500002 0.348983296875 0.21710993125 0.341170796875 0.2168826109375 0.33048221718750004 0.229056784375 0.32703239375000004 0.246528140625 0.33006630625 0.28268471562499997 0.33839138125 0.333792496875 0.3399308859375 0.3588076515625 0.3287357578125 0.4287688453125 0.327006715625 0.4629371765625 0.3277863953125 0.46875 0.38125 0.46875
1 0.4679397359375 0.46875 0.4649439375 0.4565372390625 0.450371071875 0.41315567656249996 0.44721722656249996 0.3976275125 0.44245016562500006 0.320945721875 0.4444469640625 0.2734258921875 0.4418532625 0.22906647812499997 0.4358689125 0.2072694109375 0.432273325 0.201527240625 0.419847678125 0.1924945421875 0.4080725015625 0.1924945421875 0.40483431718749996 0.19355284687500002 0.3972804890625 0.20159798437499998 0.3897410828125 0.21753475 0.386774265625 0.2372767984375 0.3891739625 0.2760806578125 0.4054247125 0.3824676984375 0.40600323749999995 0.41399169531249996 0.402871259375 0.44396144687500005 0.3967147734375 0.4621067375 0.3957770640625 0.46875 0.4679397359375 0.46875
1 0.4984375 0.46875 0.4984375 0.4474348640625 0.4883013890625 0.403571140625 0.48444684374999997 0.369843453125 0.4853608078125 0.3354628515625 0.495139903125 0.2476212296875 0.4953710171875 0.21506214687499997 0.48943337500000006 0.202152625 0.47413240781250005 0.197538865625 0.4611811453125 0.20795227187499998 0.45292905625 0.227480490625 0.44993175937499996 0.26173975 0.4523862921875 0.33540359375 0.449585796875 0.3733968921875 0.44919316406250004 0.37469237031249997 0.44919316406250004 0.46875 0.4984375 0.46875
1 0.5546875 0.46875 0.5546875 0.36611544218750003 0.5509745578125 0.35921862187500003 0.5429779078125 0.3319085109375 0.539147928125 0.3042582796875 0.5378382875 0.26894554843749996 0.532488409375 0.21625280156249999 0.5223452140625 0.1979728234375 0.513848784375 0.19671990781249998 0.509552284375 0.19671990781249998 0.5057541296875 0.2002592359375 0.5007093312500001 0.21232223437500003 0.5161295703125 0.343421078125 0.5148185546875 0.3658983921875 0.5223699515625 0.39417694375 0.5385652546874999 0.43200295000000005 0.5470827359375 0.4592705453125 0.5484914640625 0.46875 0.5546875 0.46875
1 0.58125 0.46875 0.58125 0.3392758890625 0.573504609375 0.31946879687499996 0.5639108765625 0.2157438703125 0.5558670265625001 0.2038832953125 0.5443276859374999 0.202490478125 0.53736005 0.20589706875 0.533424734375 0.21726952968750002 0.5486204 0.3138417171875 0.5483306828125001 0.346121790625 0.552311984375 0.36196864375 0.5695800203125 0.405113015625 0.5792090078125 0.46178549843749994 0.5794627125 0.46875 0.58125 0.46875
1 0.7305498453125 0 0.7253518671875 0.014540617187499999 0.726174628125 0.12275260937500002 0.70877531875 0.1866862953125 0.7063699156250001 0.20188175625000002 0.7063699156250001 0.2709268890625 0.7135061703125001 0.3168778296875 0.7175112234375 0.3305240375 0.720534471875 0.3328125 0.74595488125 0.3328125 0.7487827703125001 0.32685208125 0.759695046875 0.2836527875 0.7652804734374999 0.250942028125 0.7671875 0.206996521875 0.7671875 0.199854446875 0.7636244296875 0.169612221875 0.754669621875 0.13404714375 0.7518139765624999 0.1110810046875 0.7538074421875 0.0739529625 0.7583942953125 0.0375991703125 0.7586959703125 0.01167324375 0.7545353218749999 0 0.7305498453125 0
1 0.8072458859375 0 0.8017299250000001 0.018118500000000003 0.8032809984375 0.0477299421875 0.8106821578125001 0.1015609609375 0.813269184375 0.1459872203125 0.8000902859375 0.2175728640625 0.799099084375 0.25540851249999996 0.8012357359375001 0.2859640671875 0.8053262265625 0.3147405234375 0.823138340625 0.38371373750000004 0.82918685625 0.3921875 0.8484375 0.3921875 0.8484375 0.1657535859375 0.8429566843749999 0.147023928125 0.8404315499999999 0.11091281718749998 0.8418198078125 0.05646506875 0.83988025 0.02129806875 0.834677634375 0.0063377515625000005 0.8303451718750001 0 0.8072458859375 0
1 0.8726632500000001 0.184597621875 0.869366115625 0.22460343906250002 0.874366490625 0.2781798078125 0.8865938640625 0.32960721406250004 0.8902432015624999 0.3328125 0.8961424859375 0.3328125 0.8975313640625 0.32916154375 0.8977358343749999 0.2902089875 0.9023044640624999 0.24180617187500003 0.9078125 0.22204870156249998 0.9078125 0.012473621875 0.903157696875 0.00486070625 0.8977004687499999 0.001137003125 0.8940316921875 0.001137003125 0.88743569375 0.0027195984375 0.8822094500000001 0.009886878125 0.8794401234375 0.0201993984375 0.8790774734375001 0.0396862875 0.8831043375000001 0.080320915625 0.8847857078124999 0.1284690640625 0.8726632500000001 0.184597621875
1 0.9208332703125001 0 0.9207894218749999 0.0000366578125 0.9157168203125 0.0095997546875 0.9130822921874999 0.0215458625 0.9145233453125 0.06967885625 0.9208782703124999 0.12350379843749999 0.9217984890625001 0.1716216359375 0.9038021687500001 0.2534077015625 0.9013636484375 0.2829312484375 0.9010912890625 0.327315075 0.9048724078125 0.36904235937499996 0.9235985203125001 0.45837073437500003 0.9293943718750001 0.46875 0.965625 0.46875 0.965625 0.21181939062500002 0.9567320546874999 0.17356292812500002 0.95504163125 0.1448440703125 0.959269915625 0.0571084265625 0.9579871437499999 0.0256269453125 0.9489521484375001 0.0017809359375 0.9466307562499999 0 0.9208332703125001 0
1 1 0.0074611625 0.9984658249999999 0.005011078125 0.9938415859375 0.0013905015624999999 0.9841782015625 0.0013905015624999999 0.9776324921875 0.006711687500000001 0.9707109234375 0.025383715624999997 0.9703806046875 0.0458391171875 0.9767136531249999 0.10753603125 0.9776478515625 0.1492452125 0.9650692296875001 0.20784304687500002 0.9815856281249999 0.2919228375 0.983169996875 0.3372932078125 0.981076196875 0.38203525781250003 0.9842951140625 0.3859375 1 0.3859375 1 0.0074611625
1 0.269374928125 0.72574581875 0.26849855 0.7563317093749999 0.2716309 0.8449779171875 0.2566247953125 0.9143662734374999 0.2566247953125 0.9527298796875 0.2610120984375 0.953125 0.2663981453125 0.953125 0.29953699375 0.9516124859375001 0.31597017968749996 0.9483421156249999 0.3171875 0.9427132140625 0.3171875 0.9338599671875001 0.31265112031250003 0.8981066656250001 0.3002767328125 0.8433094875 0.2991451984375 0.8063634562499999 0.3044252765625 0.7551645140625001 0.3042815375 0.7227874421875 0.296928775 0.7060976703125 0.2890608515625 0.7032113718749999 0.2847561390625 0.7032113718749999 0.274479071875 0.7120317093749999 0.269374928125 0.72574581875
1 0.367941925 0.8374270484374999 0.357955634375 0.902658528125 0.3599570765625 0.9461406718750001 0.3616152703125 0.951278734375 0.3621565625 0.9515625 0.4 0.9515625 0.4 0.850364803125 0.3947015234375 0.833743190625 0.38869147656249997 0.7180752015625 0.3819601578125 0.6998286734375 0.36939826875000004 0.6910770171875 0.3596290734375 0.69997251875 0.3567264015625 0.7141879624999999 0.35763000312500004 0.7345401453125 0.3706784421875 0.8319806218749999 0.367941925 0.8374270484374999
1 0.5247263140625 0.672997315625 0.524566703125 0.6730097468749999 0.520838290625 0.6782615078124999 0.5202816343750001 0.692192840625 0.5225519953125 0.72733558125 0.5279473546875 0.7623509890625 0.5285905468750001 0.79570554375 0.51460760625 0.8732365078125 0.516385978125 0.9241624359374999 0.5218674078125 0.9392386 0.5282896234375001 0.94375 0.5640625 0.94375 0.5640625 0.8394174234375 0.561069240625 0.8296173875000001 0.5600310625 0.814823796875 0.555153046875 0.7946232046875 0.555774371875 0.7825437203125001 0.5519415109375 0.7474646500000001 0.554031821875 0.7177076859375 0.553097621875 0.676019796875 0.55092393125 0.672997315625 0.5247263140625 0.672997315625
1 0.36933460937499996 0.6840940078125 0.36956098125 0.6896495625 0.3795170921875 0.69780029375 0.3868764015625 0.7188230625 0.3891695859375 0.8261698484375 0.40382011562500003 0.8793113375000001 0.409375 0.9207252265625 0.409375 0.8326881046875 0.409187621875 0.8323012828125 0.40288515937499997 0.8052978875000001 0.40176066875 0.7904679171875 0.3965449703125 0.7773685578125 0.3963866859375 0.7607170468750001 0.40116527343749997 0.7247877953125 0.400063778125 0.684988134375 0.3943497921875 0.6788104921875 0.3735541875 0.6791302296875 0.36933460937499996 0.6840940078125
1 0.1271292640625 0.6874993359375 0.12497777343750001 0.700674875 0.1257861234375 0.723823021875 0.131504825 0.7679273453125 0.1329598578125 0.8095940125000001 0.11923558906250001 0.8952137578125001 0.1209816265625 0.9452137578125 0.12437624218750001 0.9484375 0.1703125 0.9484375 0.1703125 0.8550298234374999 0.168236721875 0.847571259375 0.162385196875 0.8146205656250001 0.15911248281249998 0.7508167046875001 0.1605202859375 0.7163448703124999 0.1592234390625 0.6941651640625001 0.1568167640625 0.6850759640625 0.1528966203125 0.6804568140624999 0.1323560140625 0.6804568140624999 0.1271292640625 0.6874993359375
1 0.084375 0.898514815625 0.084375 0.8793308906250001 0.08369905625 0.8593873609375 0.075341903125 0.7993393890625 0.0773785421875 0.7640935328125 0.084375 0.7168220453125 0.084375 0.6867922500000001 0.0578406265625 0.685246796875 0.0545304984375 0.690172546875 0.053396387499999996 0.7031355093749999 0.0534430828125 0.73850270625 0.0498210703125 0.7978529703125 0.0414242515625 0.8252388828124999 0.0414242515625 0.95 0.0778864390625 0.95 0.079047284375 0.9484582609375 0.084375 0.898514815625
2 0.5578125 1 0.5578125 0.9547358609375 0.093190540625 0.9547358609375 0.056861740625000004 0.96463169375 0.1078174359375 1 0.5578125 1
1 0.6796875 1 0.7236951656249999 1 0.7077895609375 0.93081600625 0.7100793140625 0.8682250015624999 0.71689495625 0.8192498703125001 0.7165338968749999 0.7831842625000001 0.70548859375 0.7595384953125001 0.69261321875 0.7533833359375001 0.688982615625 0.7533833359375001 0.6796875 0.765436521875 0.6796875 1
1 0.8734375 1 0.8734375 0.9517858109375 0.8727303515625 0.9494133078125 0.869626778125 0.8938850359374999 0.8724861296875 0.8233245203124999 0.8705437171874999 0.7955467437499999 0.8643022890625 0.7731608281250001 0.8577145093749999 0.76253955 0.84497385 0.753088903125 0.8395350984375 0.675311125 0.8348983015625 0.6702999625 0.83872385 0.752870646875 0.82436141875 0.770380565625 0.8205437171875 0.7938007046875001 0.8228746109375 0.8271340374999999 0.8321310640625 0.881491678125 0.836598609375 0.9453805687500001 0.8266764921875 1 0.8734375 1
1 0.9453125 1 0.9453125 0.9855255515625 0.9328925078125 0.940685434375 0.9310442328124999 0.9101617109374999 0.935165421875 0.8265418765625 0.93400139375 0.7932085421874999 0.9250465015625 0.7720150171875 0.9100488890625 0.7609375 0.9082166656249999 0.7609375 0.8976542515624999 0.7717403015625 0.89020289375 0.7936023296875 0.8992554875 0.9184113281249999 0.898663009375 0.9462527734374999 0.8869200578124999 1 0.9453125 1