1 0.1507891875 0.6204992953125 0.15450379375 0.638199934375 0.1555348671875 0.6390625 0.17211381718750002 0.6390625 0.1743924625 0.6364593937499999 0.1823273203125 0.6034809046875 0.184375 0.5794312765625 0.184375 0.55330295 0.1763150625 0.506693284375 0.181214946875 0.44108902343749995 0.176735871875 0.42740378906250004 0.1716245421875 0.42435305312500005 0.16524520625 0.4277292078125 0.1609347796875 0.439098565625 0.161081559375 0.5096054140625 0.15236370625 0.5351219031250001 0.1507891875 0.543798728125 0.1507891875 0.6204992953125
1 0 0.5448341234375 0.004956384375 0.576264509375 0.0049135828125 0.619901425 0.0082015109375 0.628125 0.0203125 0.628125 0.0203125 0.49967676250000004 0.018809985937500003 0.49444602812499994 0.0175882734375 0.42955228125 0.0128216796875 0.420165521875 0.007330515625000001 0.4183547734375 0.0054547203124999995 0.4183547734375 0.0003863484375 0.42296456875 0 0.4241007828125 0 0.4597638078125 0.00383515625 0.49929425624999996 0 0.5177941374999999 0 0.5448341234375
1 0.0307846796875 0.6453125 0.0341445453125 0.6453125 0.0421886171875 0.6447462796875 0.045598278125 0.643258884375 0.0496742296875 0.6334230015625 0.0546875 0.6088292109375 0.0546875 0.54559566875 0.054383115625 0.5425913328124999 0.0546875 0.5379984921875 0.0546875 0.518196840625 0.049837426562499995 0.504779915625 0.047540340625 0.48726309843750004 0.049487474999999996 0.4203125 0.049405778125 0.4203125 0.046239046875 0.42760907187499997 0.0358547046875 0.4260603140625 0.02966309375 0.4378086671875 0.028330509375 0.45450564375 0.0305181078125 0.50811841875 0.0261090078125 0.5221285453125 0.022675476562499998 0.546956971875 0.022675476562499998 0.6194658265624999 0.028174601562500002 0.642377678125 0.0307846796875 0.6453125
1 0.0762153 0.6054610484375 0.0828125 0.5549849234375 0.0828125 0.54902865 0.081977784375 0.5230536421875 0.07630479531249999 0.49943822187500003 0.0828125 0.44048608125 0.0828125 0.4276318296875 0.081839240625 0.4165511640625 0.078976084375 0.420087984375 0.0695363390625 0.42041313281250003 0.06332299687500001 0.43071082812499994 0.061262518749999995 0.49010359374999996 0.05814536875 0.5026114265625 0.05814536875 0.63125 0.067615890625 0.63125 0.07186010468750001 0.6228533828125 0.0762153 0.6054610484375
1 0.10401741874999999 0.5277738609375 0.10055182968750001 0.5396653921875 0.0992064890625 0.570111821875 0.10165031093750002 0.5942222703125 0.11131485625 0.6352176421875 0.11414180781250001 0.6390625 0.125 0.6390625 0.125 0.512165925 0.121886096875 0.5043727390625 0.12019439843749999 0.43963067499999997 0.11299141093750001 0.4185881796875 0.11029784218750001 0.425886459375 0.10077951562500001 0.43202237187500003 0.099307134375 0.43797723125 0.0998109546875 0.4555516359375 0.10667407343749999 0.5019934359375 0.10401741874999999 0.5277738609375
1 0.12323030312500001 0.534292021875 0.127094284375 0.5569332015625 0.12323030312500001 0.6192688875 0.12323030312500001 0.62219176875 0.1244738953125 0.625 0.1449310109375 0.625 0.1484375 0.6094597671875001 0.1484375 0.51847725625 0.142559371875 0.4945446109375 0.14501440000000002 0.43060723125000006 0.14169093125 0.42003787968750006 0.13703036562499998 0.4155173515625 0.1318220328125 0.415638578125 0.1257920484375 0.4227224328125 0.1236602328125 0.4311042546875 0.1269235984375 0.4967601390625 0.12323030312500001 0.510409325 0.12323030312500001 0.534292021875
1 0.104763221875 0.4773567109375 0.1014225953125 0.47254507031250004 0.1007392328125 0.43556870312499996 0.1057982890625 0.4270909265625 0.1140625 0.43027752656249996 0.1140625 0.4162533078125 0.11380984375 0.41509145468749997 0.10701910781249999 0.40869374687500004 0.100377653125 0.41107716875 0.095706728125 0.4278882828125 0.10111406406250001 0.488225140625 0.095676803125 0.5276152656249999 0.0994305515625 0.540625 0.10034498750000001 0.540625 0.1064915765625 0.503312971875 0.104763221875 0.4773567109375
1 0.044657453125 0.4093527359375 0.03660299375 0.4093527359375 0.030244684375000004 0.418293709375 0.029643915625 0.4257076609375 0.029643915625 0.43125 0.033519471875 0.43125 0.0413404046875 0.42719647812500006 0.0453125 0.43103070312499997 0.0453125 0.4093755875 0.044657453125 0.4093527359375
1 0.0806592609375 0.4265625 0.08125 0.4265625 0.08125 0.40444960625000004 0.0773776625 0.3994515125 0.0726901625 0.39912373125 0.0665604953125 0.4047234140625 0.0635594140625 0.4158848578125 0.0635594140625 0.41933203125 0.06431733125 0.4226515015625 0.070154253125 0.4184224921875 0.076404253125 0.418859534375 0.0806592609375 0.4265625
0 0.11424577031250001 0.4102625125 0.1177928203125 0.4169900109375 0.1235477328125 0.446875 0.1263165375 0.446875 0.12632011406250002 0.4247893203125 0.13054246249999998 0.415709321875 0.14200079375000002 0.4149750390625 0.146068678125 0.4216691609375 0.1479544453125 0.43545792031249997 0.1503736234375 0.438548465625 0.15625 0.42126965156249996 0.15625 0.37754901875 0.15023358125 0.3653001890625 0.1407292765625 0.360345409375 0.13509284375 0.352764803125 0.1287891796875 0.352764803125 0.1264728140625 0.3529132421875 0.11724867187500002 0.3599955015625 0.10948825 0.3739387640625 0.105253325 0.3936835953125 0.10601122031250002 0.40383540625 0.11424577031250001 0.4102625125
1 0.5292898046875 0.4907956828125 0.543624778125 0.5665042828125 0.5544759406249999 0.571875 0.5882050609375 0.571875 0.598312278125 0.5671406296875 0.60657855 0.5412350015625 0.61875 0.48754546249999997 0.61875 0.3989815171875 0.618264503125 0.39402736875 0.596188315625 0.315765046875 0.6049675890625 0.185858134375 0.59558010625 0.164080721875 0.574867778125 0.156905896875 0.5643603578125 0.16198399375 0.5515519203125001 0.186970040625 0.5558237328125 0.3152953625 0.5292898046875 0.40316727031250005 0.5292898046875 0.4907956828125
1 0.36921904687499996 0.415870640625 0.40246467812500003 0.4265625 0.4248684171875 0.4265625 0.425 0.42545600625 0.425 0.4140398171875 0.404418496875 0.32308842968749996 0.417193740625 0.18138348124999998 0.4004931734375 0.15533226718749998 0.37835775625 0.1541722 0.36417145 0.16818705625000002 0.35978102968750003 0.18184715625 0.3615102671875 0.3191034296875 0.339533640625 0.3852621875 0.339533640625 0.41723699999999997 0.36921904687499996 0.415870640625
1 0.8468894109375 0.438309346875 0.8678420359375 0.5149176234375 0.8736681078124999 0.5203125 0.8789829000000001 0.5203125 0.9019382874999999 0.5192847171875 0.9172606812499999 0.509435215625 0.9203125 0.49500578749999996 0.9203125 0.3496153265625 0.902004065625 0.2968556359375 0.9046411203125 0.185443759375 0.8954815843749999 0.16615441250000001 0.8877196749999999 0.16418266718750002 0.876377375 0.16418266718750002 0.8668962718749998 0.170058165625 0.8590076828125 0.18716396562499998 0.8689678109375001 0.2854574640625 0.8463153343750001 0.3844845109375 0.8468894109375 0.438309346875
1 0.69476124375 0.40086379843750003 0.69476124375 0.48514517343749997 0.7083297265625 0.5394981453125001 0.7341221609375 0.5453125 0.739472078125 0.5453125 0.7518436375 0.544294796875 0.7604735625 0.5345164718750001 0.7796875 0.46067720625 0.7796875 0.394810684375 0.7751266984375 0.3660645734375 0.7566239968749999 0.3077073984375 0.765312515625 0.18273460156250002 0.7558645312500001 0.164821178125 0.7390966765625 0.16110819999999998 0.7344598109375 0.16110819999999998 0.715803096875 0.1859074 0.72025641875 0.30356891875 0.69830378125 0.368299890625 0.69476124375 0.40086379843750003
1 0.6774319609375 0.4140804203125 0.6828125 0.38393451875 0.6828125 0.3505861484375 0.672288496875 0.3005943640625 0.6828125 0.2208851796875 0.6828125 0.18665595468750001 0.6767598859375 0.1711862 0.6639814312500001 0.16688558281250002 0.6532011953125 0.17141736093749999 0.64204188125 0.1907222234375 0.64164445 0.28992625781250003 0.6227447765624999 0.341419796875 0.6227447765624999 0.5109375 0.6636611078125 0.5109375 0.6741288109375001 0.480021746875 0.6774319609375 0.4140804203125
1 0.49348160468749996 0.46790417968750003 0.52831670625 0.534375 0.54375 0.534375 0.54375 0.3097975125 0.5424858921875 0.30530560625000003 0.5422332140625 0.189415103125 0.5287025921875 0.169052465625 0.5115736265625 0.16499515468749998 0.4953582140625 0.1877781921875 0.5073296421875 0.3040779234375 0.49033209375000003 0.3692082921875 0.48796028593749996 0.44003813437500006 0.49348160468749996 0.46790417968750003
1 0.4676767203125 0.45625 0.470532009375 0.397620684375 0.4828125 0.34811783749999997 0.4828125 0.31931707187499997 0.4763352328125 0.29524642968750003 0.4828125 0.2018934390625 0.4828125 0.1912248328125 0.475103034375 0.1713750765625 0.45820620312500004 0.1665697546875 0.4477492015625 0.1737446109375 0.44049195625 0.19037576875 0.44507515 0.2977068828125 0.42448651093750006 0.3719655890625 0.42448651093750006 0.37788935625 0.435184184375 0.43136790156249993 0.4650651953125 0.45625 0.4676767203125 0.45625
1 0.31875 0.42792948124999997 0.3321724359375 0.420057228125 0.35625 0.34219283749999996 0.35625 0.3166564125 0.3555470890625 0.3123285953125 0.35625 0.30468949218749997 0.35625 0.17056929062499998 0.345364484375 0.16145922031249998 0.3270143015625 0.16538381875 0.31875 0.1809338828125 0.31875 0.42792948124999997
0 0.31875 0.65 0.5171875 0.65 0.5171875 0.5485604390625001 0.5115156234375 0.525050228125 0.493620415625 0.4845405109375 0.4473472046875 0.4293603078125 0.4142804640625 0.41789700781250005 0.335690696875 0.41789700781250005 0.31875 0.43078428750000003 0.31875 0.65
1 0.0231064953125 0.65 0.023272095312499998 0.707588521875 0.0053687578125000005 0.7774838078124999 0.0053687578125000005 0.8770232312499999 0.01096914375 0.919988525 0.01496346875 0.925 0.044773553125 0.925 0.0526905546875 0.9024147750000001 0.063889259375 0.8428107328125 0.0640625 0.8381975234375 0.0640625 0.7912805734375 0.06068059218750001 0.758033965625 0.04832058125 0.705101646875 0.0499503421875 0.656499625 0.051285385937500004 0.65 0.0231064953125 0.65
1 0.12309475 0.65 0.12377311875000001 0.6564649109375 0.1217845765625 0.7134093546875 0.10308543750000002 0.77734115 0.10308543750000002 0.9242783343750001 0.10592089687499999 0.9435554749999999 0.1084227984375 0.9484375 0.14058249218750002 0.9484375 0.1450803984375 0.9428248765625 0.1578125 0.880002221875 0.1578125 0.7608519250000001 0.147614325 0.7133716046874999 0.1527410734375 0.65 0.12309475 0.65
1 0.18646753124999998 0.65 0.190200403125 0.7003062703125 0.176903453125 0.7681569296874999 0.1814834875 0.8095867968749999 0.18234604062499998 0.8791496406249999 0.1927611953125 0.9194410671875 0.2052836015625 0.9203125 0.217584878125 0.9203125 0.225 0.9135682875000001 0.225 0.74667528125 0.21383190624999998 0.7040858375 0.21522576718750003 0.65 0.18646753124999998 0.65
1 0.24013145468750002 0.65 0.24181509375000002 0.71513938125 0.22178020781250002 0.7892960609374999 0.22151678593750002 0.793445975 0.22151678593750002 0.9122807906249999 0.22883333437500003 0.9667783234374999 0.2412163546875 0.9765625 0.2455694125 0.9765625 0.26147613281250004 0.9755457984374999 0.2703123140625 0.96140685625 0.2828125 0.902416140625 0.2828125 0.7774544890625 0.26915884375 0.7143437593749999 0.27173955625 0.6559649609375 0.272512203125 0.65 0.24013145468750002 0.65
1 0.31875 0.65 0.299537528125 0.65 0.3013467078125 0.6630898203125 0.3040970890625 0.7103120421875 0.294966934375 0.754347259375 0.30760536250000003 0.8240918031250001 0.311245571875 0.8865918031250001 0.307826846875 0.934984659375 0.3156615015625 0.94375 0.31875 0.94375 0.31875 0.65
1 0.4289233109375 0.65 0.4289233109375 0.795643715625 0.44615202812500004 0.8738956312500001 0.4509464046875 0.8827494999999999 0.4587117421875 0.8890625 0.4865960328125 0.8890625 0.488886428125 0.887821540625 0.4950295515625 0.8790949421875001 0.5159364015625 0.81543635 0.532805884375 0.7443218671875 0.5328125 0.7442465515625 0.5328125 0.65 0.4289233109375 0.65
1 0.5643590578125 0.65 0.5649468671875 0.660805871875 0.5684598765625 0.6716801875 0.5767469234375 0.7295399234375 0.5826891875 0.7390625 0.6084166484375 0.7390625 0.6104359265625 0.73719925625 0.621875 0.695806765625 0.621875 0.65 0.5643590578125 0.65
1 0.7405622125 0.65 0.7322409750000001 0.679537440625 0.71423338125 0.7170796328125 0.6881292359375 0.7611813609375 0.6523804562500001 0.8408852734375 0.6494692093750001 0.8585536390625 0.640861121875 0.8745368546875 0.6331815640625 0.8969712453125 0.6285946828125001 0.92116655625 0.6192556546875 0.9492019640624999 0.6182763703124999 0.9543399499999999 0.6182763703124999 1 0.8168790999999999 1 0.8183990609375 0.9924566312499999 0.8244118531249999 0.9163943140624999 0.8257063984374999 0.7229364140625 0.8300795265625001 0.6811636640625001 0.83590175625 0.65 0.7405622125 0.65