1 0.3294409828125 0.31886956718750004 0.330238596875 0.32258280781250004 0.3307197421875 0.3234375 0.3359375 0.3234375 0.3359375 0.264232190625 0.333673465625 0.26337973125 0.333053109375 0.2645613109375 0.3316518671875 0.2660562796875 0.3306099765625 0.2730791578125 0.331152740625 0.27911396875 0.3320050203125 0.28443093125 0.33090988125 0.289548265625 0.3294409828125 0.29578143749999997 0.3294409828125 0.31886956718750004
1 0.18491096093749998 0.3207018890625 0.185726640625 0.3234375 0.1890625 0.3234375 0.1890625 0.2674585890625 0.18724743593749998 0.2664629953125 0.18602629375 0.268101709375 0.1864465421875 0.28615726406249997 0.18569761875 0.2874869515625 0.18579459843749999 0.29165362031250003 0.1837094625 0.3025871328125 0.1839680765625 0.31369824375 0.18478165468750002 0.31514633281250004 0.18491096093749998 0.3207018890625
1 0.20769760625 0.30991027656250003 0.2078125 0.307119415625 0.2078125 0.2987285234375 0.2074827125 0.2949954265625 0.20665488281250002 0.2896453484375 0.2075449578125 0.28336769375 0.2078125 0.2805327609375 0.2078125 0.270465171875 0.20754953125000003 0.26875 0.20513396875 0.26875 0.2021626625 0.2729711890625 0.202524425 0.28507178125 0.202079184375 0.2910197484375 0.20174268281250002 0.2934140796875 0.20174268281250002 0.3296875 0.2049059921875 0.3296875 0.2059262953125 0.329297971875 0.20657707812499998 0.32435122031249997 0.2067938703125 0.31792357187500003 0.20769760625 0.30991027656250003
1 0.2515625 0.265759828125 0.25102448437499997 0.266641209375 0.2490468640625 0.28789165156249996 0.24665406562499997 0.29566252187500003 0.24654547343750002 0.2970272296875 0.24654547343750002 0.3193287640625 0.2465526515625 0.319469053125 0.24697087812500002 0.321875 0.2515625 0.321875 0.2515625 0.265759828125
1 0.194740278125 0.321875 0.196875 0.321875 0.196875 0.26687924375 0.19597366562500002 0.26699636875 0.1930727765625 0.268507128125 0.19365007343750001 0.276490815625 0.1948302171875 0.285146221875 0.1959867015625 0.288580496875 0.194025878125 0.29684169374999997 0.1935721625 0.3067821515625 0.19366058125000002 0.314785759375 0.194740278125 0.321875
1 0.1734375 0.2963746953125 0.17149727343750001 0.2893444671875 0.1718243875 0.2848126921875 0.17234884687500002 0.2734986234375 0.17225792499999998 0.2665578 0.1679001328125 0.268696215625 0.16767289375 0.3234375 0.17155925 0.3234375 0.1727881171875 0.318795575 0.1734375 0.3126599953125 0.1734375 0.2963746953125
1 0.2142848953125 0.3116848609375 0.2156343171875 0.3214736625 0.2179712125 0.3264745875 0.218311 0.3265625 0.21875 0.3265625 0.21875 0.2680446640625 0.21680313281250002 0.2662799421875 0.2142407 0.2657692203125 0.21362717656250002 0.266942696875 0.2137764109375 0.277867378125 0.2151491921875 0.2847123453125 0.2161678703125 0.290495053125 0.2142938015625 0.2967854390625 0.2134076078125 0.3033123578125 0.2142848953125 0.3116848609375
1 0.2342551765625 0.3248765390625 0.23547477187500002 0.31542181875 0.23591215937499999 0.30603094999999997 0.23591851875 0.299620409375 0.23436856874999998 0.29316366718750003 0.23498589062500003 0.286183525 0.235660484375 0.2800649296875 0.2359375 0.2753079359375 0.2359375 0.2706143953125 0.23536368749999997 0.2676156046875 0.2332444375 0.26501669843750003 0.2298234515625 0.269453803125 0.229491359375 0.2765839046875 0.2300149453125 0.2841638921875 0.2301717359375 0.2912541 0.2282359359375 0.297029284375 0.2282359359375 0.325 0.23421388906249999 0.325 0.2342551765625 0.3248765390625
1 0.24375 0.321875 0.24375 0.266580221875 0.2410677265625 0.2686377796875 0.23969343906249999 0.277521721875 0.2410178 0.28678461875 0.24090040468749999 0.2914181921875 0.23915727812499998 0.29839373125 0.23845010625000002 0.3052382390625 0.23845010625000002 0.3189258421875 0.23891413749999998 0.321875 0.24375 0.321875
1 0.224053596875 0.3296875 0.225 0.3296875 0.225 0.2703926421875 0.2233667234375 0.2695352171875 0.22120698437500003 0.271605428125 0.221301865625 0.282067075 0.222749734375 0.2902712796875 0.2238000625 0.29358195781249996 0.222462446875 0.2985606953125 0.22128623906249997 0.30911121874999997 0.2223091265625 0.3226484578125 0.224053596875 0.3296875
1 0.021875 0.315625 0.021875 0.271173784375 0.0212473625 0.271357303125 0.0204759515625 0.2767255875 0.020954918750000003 0.28441838750000004 0.021268153125 0.289662859375 0.020426309375 0.29450487812500004 0.0187409375 0.29861028125 0.018586678125 0.29931015781250003 0.018586678125 0.315625 0.021875 0.315625
1 0.0476957140625 0.3221875125 0.049479028125000005 0.3265625 0.0546875 0.3265625 0.0546875 0.295484434375 0.054619487499999994 0.2952377421875 0.0535034859375 0.29178467812500003 0.0536464203125 0.28725860000000003 0.0546875 0.2821130203125 0.0546875 0.278206809375 0.054470387499999995 0.2740190640625 0.053539821875000004 0.2696919203125 0.0503152453125 0.2699409328125 0.048404249999999996 0.2738123515625 0.0488843921875 0.281455065625 0.050071217187499996 0.290994803125 0.05077588125 0.2927179234375 0.049394234375 0.3000560671875 0.0478635828125 0.311398578125 0.0476957140625 0.3221875125
1 0.06875 0.3206677015625 0.06875 0.269583171875 0.06588438437500001 0.2716659328125 0.06514955 0.2759022859375 0.06570318281250001 0.28268458125 0.06723587187499999 0.29170672343750004 0.0665770953125 0.2994079265625 0.0660079765625 0.312895434375 0.066882009375 0.321875 0.06768780156250001 0.321875 0.067709715625 0.321707621875 0.06875 0.3206677015625
1 0.07743920625 0.274495834375 0.073986140625 0.275744278125 0.07416088125 0.2830653703125 0.0752550296875 0.2930637015625 0.075594503125 0.296247975 0.0746728875 0.31096419375 0.07648752187499999 0.317840665625 0.078125 0.3241081453125 0.078125 0.27698785312499996 0.07743920625 0.274495834375
1 0.084375 0.309824953125 0.084375 0.2950968875 0.083226734375 0.2872611625 0.08379272343750001 0.2818393765625 0.0825309484375 0.2719507046875 0.0802750859375 0.26854430625000003 0.077630790625 0.27171765625 0.0806062328125 0.277594184375 0.0817768421875 0.285917725 0.08152795625 0.2934195375 0.0832279578125 0.30242162499999997 0.084375 0.309824953125
1 0.093028884375 0.320937659375 0.094385015625 0.3296875 0.0984375 0.3296875 0.0984375 0.2711365484375 0.09645981406250001 0.2711020296875 0.0948188796875 0.2722903578125 0.0943785703125 0.27506430000000004 0.094790284375 0.2818517140625 0.09521414218749999 0.28933474531250003 0.094244846875 0.29540264375 0.0919643734375 0.304750840625 0.09156895000000001 0.31569661875 0.093028884375 0.320937659375
1 0.10625 0.267978778125 0.105328721875 0.2680814046875 0.10368392500000001 0.2707007875 0.103967840625 0.2741788859375 0.104901565625 0.283220796875 0.105917703125 0.2900696125 0.1044980234375 0.2950543 0.1036433921875 0.30375865156250004 0.10463390312500001 0.3134962015625 0.10625 0.3194426265625 0.10625 0.267978778125
1 0.57938510625 0.3390625 0.5796875 0.33365465625 0.5796875 0.323632390625 0.577159915625 0.2915879375 0.5653335171875 0.2412788125 0.5626396437500001 0.1995212296875 0.5712201578125 0.09270406875000001 0.5684588703125 0.0801313328125 0.5605588406249999 0.0695237390625 0.5435329906249999 0.0635681375 0.5350267703125 0.0737938765625 0.530635571875 0.090369621875 0.5325480171875 0.2127191328125 0.5142361156249999 0.2869509453125 0.5142361156249999 0.3390625 0.57938510625 0.3390625
1 0.903125 0.3390625 0.903125 0.2952645765625 0.8945017249999999 0.24512569375 0.894138078125 0.224292359375 0.903125 0.14473811406249998 0.903125 0.0991333484375 0.8991720015624999 0.08752998281249999 0.8897000312500001 0.081919884375 0.878054009375 0.08601837500000001 0.8702024109375 0.1061095375 0.8686047296874999 0.193591359375 0.865231828125 0.2241241890625 0.8436665203124999 0.286492378125 0.8366298000000001 0.33089136875 0.8366241609374999 0.3390625 0.903125 0.3390625
1 0.9921875 0.3390625 0.9921875 0.0788858125 0.98236488125 0.069811540625 0.9732003656250001 0.0719885390625 0.9654262953125 0.08738501875 0.9701945734375 0.191351425 0.9547232828125001 0.25393863125 0.9504890703125 0.30066020312499997 0.955091290625 0.3390625 0.9921875 0.3390625
1 0.2799347890625 0.7484375 0.289234384375 0.7484375 0.2896727640625 0.7479938671874999 0.2961832390625 0.7212753640624999 0.296875 0.71354535625 0.296875 0.6844979359375 0.292393875 0.6544753484375001 0.296318184375 0.6091655921875001 0.2932156546875 0.5993645734374999 0.2875673125 0.596453446875 0.28129484374999997 0.6060362593749999 0.280935540625 0.654208653125 0.27429785 0.6773781734375 0.27429785 0.7445246265625001 0.2745955375 0.7467163890624999 0.2799347890625 0.7484375
1 0.3390625 0.7125 0.374075084375 0.7125 0.375 0.7093157703124999 0.375 0.6283495046875001 0.368642246875 0.5928970296875 0.36308596875 0.582343984375 0.344376378125 0.5805186843750001 0.3390625 0.5977790390625 0.3390625 0.7125
1 0.4363541234375 0.62009189375 0.42850799375 0.5957431578125 0.40970950781250004 0.5928562953125001 0.3932102015625 0.6545595859375 0.39261742968749996 0.7101060515625 0.394412865625 0.7140625 0.4421875 0.7140625 0.4421875 0.647243675 0.4363541234375 0.62009189375
1 0.6378706171875 0.61474424375 0.6322136515625 0.6067799328125 0.6158074015625 0.6057285734375 0.603799115625 0.6678466265624999 0.6047179203124999 0.7107519874999999 0.6099111546875 0.715625 0.6484375 0.715625 0.6484375 0.6530523734375 0.6378706171875 0.61474424375
1 0.7234375 0.6607273515625 0.7125472234375 0.594832371875 0.7084740093749999 0.5904234781250001 0.6968365203125 0.5904234781250001 0.6913743609375 0.5912225859375 0.67390749375 0.64775853125 0.67390749375 0.7078125 0.7201194656250001 0.7078125 0.7218331499999999 0.7049879296875 0.7234375 0.6799524031249999 0.7234375 0.6607273515625
1 0.7597376875 0.70997865 0.76708453125 0.7140625 0.7697607578125 0.7140625 0.7984375 0.7113714515625 0.7984375 0.6129325921875 0.7860148125 0.578125 0.764927790625 0.578125 0.753991996875 0.6448192718750001 0.7597376875 0.70997865
2 0.3390625 0.8034364953124999 0.8755954515625 0.7569008765625 0.8796875 0.7486243484374999 0.8796875 0.7124363390624999 0.3390625 0.7124363390624999 0.3390625 0.8034364953124999