1 0.3890625 0.2282594734375 0.3808099875 0.1906210515625 0.3831286515625 0.141759553125 0.3804598421875 0.130435865625 0.3755138453125 0.126282159375 0.3710079546875 0.126282159375 0.3702847375 0.1263660796875 0.3664242765625 0.1339175859375 0.3672898703125 0.1932193578125 0.3625 0.21974680000000002 0.3625 0.2625 0.3890625 0.2625 0.3890625 0.2282594734375
1 0.40144569375000005 0.2484375 0.403189059375 0.2484375 0.40483151875 0.24562253125 0.408879675 0.22559228281250002 0.40717711718749994 0.2013906640625 0.40291887343750005 0.18530980156250002 0.4048621484375 0.1614057875 0.4028871515625 0.15625 0.398234278125 0.15625 0.395465596875 0.156936809375 0.39720586406249997 0.1876199125 0.3953125 0.1943362578125 0.3953125 0.2385870578125 0.3980768453125 0.2478476109375 0.40144569375000005 0.2484375
1 0.455040546875 0.156643253125 0.4515742921875 0.1591947984375 0.45 0.16764370625 0.45 0.2234375 0.4591378421875 0.2234375 0.4597599109375 0.22235528593749998 0.462392921875 0.20646886250000002 0.4629749375 0.189802196875 0.45896644999999997 0.1706855328125 0.458833628125 0.159610840625 0.455040546875 0.156643253125
1 0.44590400468749997 0.19168468593750002 0.4410473265625 0.17720999375 0.44131273281250005 0.1604582953125 0.43769012500000004 0.15564205312499999 0.4328500234375 0.1583607625 0.43406086562499996 0.1731330625 0.43125 0.1942821390625 0.43125 0.21193556406249997 0.4320073578125 0.2188435546875 0.43636343125000004 0.23125 0.44524441875000004 0.23125 0.44631352187499995 0.22396395624999998 0.44631352187499995 0.1959562046875 0.44590400468749997 0.19168468593750002
1 0.42291666718750004 0.1838541671875 0.42395833281249995 0.1588541671875 0.4205729171875 0.1556134265625 0.4145833328125 0.1570023140625 0.415625 0.1792245375 0.40989583281249997 0.20329861093749999 0.4125 0.232928240625 0.41770833281249997 0.24403935156249998 0.4244791671875 0.24126157343750002 0.428125 0.2218171296875 0.42760416718750005 0.2023726859375 0.42291666718750004 0.1838541671875
1 0.3890625 0.22459490781250002 0.390625 0.226446759375 0.3921875 0.201446759375 0.396875 0.18663194375 0.3955729171875 0.1556134265625 0.39010416718749996 0.15607638906250001 0.39010416718749996 0.176446759375 0.3890625 0.18033565000000001 0.3890625 0.22459490781250002
1 0 0.41875 0 0.56686024375 0.00269123125 0.5671875 0.0132659046875 0.5671875 0.023277790625 0.56063475625 0.0417949453125 0.48186568125000007 0.0417949453125 0.44898257968750005 0.041309653125 0.43872780625 0.0356182203125 0.41875 0 0.41875
1 0.08781094218749999 0.41875 0.08125 0.43773328750000007 0.08125 0.615625 0.10935640312499999 0.615625 0.111816309375 0.615380859375 0.1422393609375 0.523193359375 0.143968728125 0.459130859375 0.13422491875 0.41875 0.08781094218749999 0.41875
1 0.0546875 0.41875 0.0546875 0.5028859140625 0.060890306250000005 0.5203125 0.0618049953125 0.5203125 0.0690464953125 0.5162358125 0.0741451734375 0.46787104687500003 0.09155487343749999 0.41875 0.0546875 0.41875
1 0.1640625 0.41875 0.1640625 0.5580663859375 0.16627161562499998 0.559375 0.16941465 0.559375 0.18169516875 0.5583074796874999 0.19105851406250002 0.5487521656250001 0.210093778125 0.48411050781250003 0.21123114843750002 0.4276419859375 0.20964691875 0.41875 0.1640625 0.41875
1 0.24781254531250002 0.41875 0.21875 0.4981094640625 0.21875 0.651563553125 0.22877359218749999 0.6859375 0.2712148640625 0.6859375 0.2778039734375 0.6810843640625001 0.29522957656250004 0.6284292546875 0.3015539875 0.581226475 0.3009389171875 0.509569996875 0.2841788265625 0.41875 0.24781254531250002 0.41875
1 0.3890625 0.41875 0.3525582109375 0.41875 0.3625 0.46484375 0.3640625 0.55078125 0.37421875 0.55 0.3828125 0.53828125 0.3890625 0.50859375 0.3890625 0.41875
1 0.30150862031250003 0.41875 0.2953125 0.43671875 0.309375 0.49609375 0.3125 0.60234375 0.31875 0.60703125 0.33671875 0.60625 0.35 0.59296875 0.3640625 0.51484375 0.3625 0.46953125 0.35078125 0.41875 0.30150862031250003 0.41875
1 0.22002704374999998 0.41875 0.228125 0.47890625 0.2421875 0.45390625 0.25165264375 0.41875 0.22002704374999998 0.41875
1 0.63278179375 0.41875 0.641445509375 0.4987747234375 0.6278591828125 0.608698471875 0.627354153125 0.65016041875 0.6341194890625 0.7044499156249999 0.6487096953125 0.7688301265625 0.66641253125 0.8236928359375 0.6737993359375001 0.834375 0.69412655 0.834375 0.69412655 0.54347341875 0.678265265625 0.49240667968749996 0.6729490578125 0.43681018125 0.6739339624999999 0.41875 0.63278179375 0.41875
1 0.7138625218750001 0.41875 0.715509703125 0.46671770468750007 0.6972202796875 0.5443538218749999 0.6921875 0.5812584546874999 0.6921875 0.5872756812500001 0.6973278625 0.697067828125 0.701387640625 0.72377558125 0.7181575046875001 0.7876148140625 0.7268720859375 0.7921875 0.758329640625 0.7921875 0.762656434375 0.785694309375 0.7785617046875 0.7009224296875 0.7811389703125 0.67493990625 0.7811389703125 0.64042061875 0.7778021546874999 0.5703668765625001 0.7522042109375 0.46554836406250005 0.7538007875 0.41875 0.7138625218750001 0.41875
1 0.787705396875 0.41875 0.7860854453125 0.447005209375 0.7796875 0.4681248 0.7796875 0.7578125 0.8012376781250001 0.7578125 0.8083495734374999 0.751171875 0.8301839531249999 0.6692274312500001 0.8349483078125001 0.637282984375 0.8386925375000001 0.5775607625 0.8373282921874999 0.5233940968749999 0.8234356578125 0.438671875 0.8255564875000001 0.41875 0.787705396875 0.41875
1 0.8736284218750001 0.41875 0.8640625 0.455026075 0.8640625 0.7171875 0.9019000265624999 0.7171875 0.9046586187500001 0.7133379812499999 0.9245736296875 0.6276087296874999 0.9301210718749999 0.5874218703125 0.9299954937500001 0.513738025 0.9111739734375 0.41875 0.8736284218750001 0.41875
1 0.659375 0.41875 0.659375 0.5718927546875 0.6628156671875 0.5953125 0.663536153125 0.5953125 0.69459403125 0.491620840625 0.6946101875 0.47067824687500004 0.6855832296875001 0.42397082812500003 0.6859086140625 0.41875 0.659375 0.41875
1 0.5667937265624999 0.41875 0.5667911515624999 0.45270403750000004 0.5618178781250001 0.48353274687500003 0.5515625 0.51828906875 0.5515625 0.7573839078125 0.5545513015625 0.76875 0.5873917093750001 0.76875 0.588545409375 0.7670762343749999 0.58208570625 0.7065660578124999 0.5836810078125 0.638565128125 0.5896295359374999 0.6021262375 0.6113381015625 0.5160928890625 0.61211411875 0.4938706671875 0.6054171421875 0.4624725234375 0.6033591656249999 0.432135490625 0.6045831234375 0.41875 0.5667937265624999 0.41875
1 0.48152919218749995 0.41875 0.4884551703125 0.4916809171875 0.4734375 0.5773951421875 0.4734375 0.6865491078125 0.4776469 0.7142361203125001 0.494227265625 0.7839853140624999 0.5015189531249999 0.8078125 0.543732446875 0.8078125 0.545694315625 0.8055763562500001 0.545694315625 0.5483007546875001 0.525567040625 0.4802864875 0.522392315625 0.42896137031250003 0.5224386921875 0.41875 0.48152919218749995 0.41875
1 0.43548177031249996 0.41875 0.43515625 0.4447916671875 0.415625 0.5295138890625 0.41171875 0.565625 0.415625 0.64618055625 0.434375 0.737847221875 0.4453125 0.74618055625 0.458984375 0.7454861109375 0.4609375 0.740625 0.453125 0.68368055625 0.4515625 0.6239583328125 0.45625 0.578125 0.4765625 0.48645833281249995 0.47046875000000005 0.41875 0.43548177031249996 0.41875