2 0.6796875 0.282745009375 0.3321829453125 0.29644630312500003 0.293544275 0.29501443125 0.2890625 0.3003980109375 0.2890625 0.33192780312500003 0.2914614109375 0.3622986578125 0.291570259375 0.3625 0.6796875 0.3625 0.6796875 0.282745009375
2 0.6796875 0.66875 1 0.66875 1 0.581845984375 0.943299896875 0.5828766859375001 0.8516978984374999 0.5879296078125 0.7869852296875 0.5864812046875 0.694862396875 0.5915523140625 0.6796875 0.5900658359375 0.6796875 0.66875
1 0.8184895828125001 0.3460648140625 0.8096354171875 0.353472221875 0.8036458328125 0.37523148125 0.8088541671874999 0.4641203703125 0.8078125 0.4807870375 0.7895833328124999 0.5613425921874999 0.7919270828125 0.5673611109375 0.8005208328125001 0.5678240734375 0.8486979171875 0.5682870375 0.8505208328125 0.5641203703125 0.8484375 0.5456018515625 0.8333333328125001 0.4798611109375 0.8333333328125001 0.44467592656250005 0.8385416671874999 0.3946759265625 0.8380208328125001 0.3678240734375 0.83203125 0.352546296875 0.82421875 0.3460648140625 0.8184895828125001 0.3460648140625
1 0.7130208328125 0.3678240734375 0.7130208328125 0.39282407343750003 0.7182291671875001 0.45856481406249994 0.7145833328125 0.48726851875 0.7026041671875001 0.5307870375 0.6973958328125 0.5604166671875 0.6986979171875001 0.565509259375 0.709375 0.565972221875 0.7544270828124999 0.5664351859375001 0.7598958328125 0.5631944437499999 0.7578125 0.5418981484375001 0.7427083328124999 0.47615740781250004 0.7416666671875001 0.4576388890625 0.7473958328125 0.39189814843750004 0.7473958328125 0.365046296875 0.7424479171875 0.34976851875000003 0.7341145828125 0.3414351859375 0.7263020828125 0.3414351859375 0.7205729171875 0.346990740625 0.7130208328125 0.3678240734375
1 0.3380912171875 1 0.3333333328125 0.9804398140625 0.3333333328125 0.949884259375 0.3359375 0.9434027781250001 0.3380208328125 0.9239583328125001 0.3375 0.9008101859375 0.33359375 0.8892361109374999 0.3278645828125 0.88460648125 0.3174479171875 0.8901620375 0.3140625 0.89618055625 0.31197916718749996 0.90914351875 0.3161458328125 0.9554398140625 0.3151041671875 0.9785879625 0.3109375 0.9989583328125 0.3109375 1 0.3380912171875 1
1 0.11859298437500002 1 0.1140625 0.968402778125 0.1140625 0.9508101859375 0.11822916718750001 0.936921296875 0.11822916718750001 0.9211805562500001 0.11510416718750001 0.9045138890625001 0.10338541718750001 0.8929398140625 0.09427083281250001 0.9008101859375 0.0921875 0.912847221875 0.0921875 0.936921296875 0.096875 0.9646990734375 0.0979166671875 0.9850694437499999 0.0955651046875 1 0.11859298437500002 1
1 0.0544921875 1 0.0557291671875 0.993402778125 0.0625 0.981365740625 0.06302083281250001 0.9674768515625001 0.059375 0.9452546296875 0.052864582812500005 0.937384259375 0.04765625 0.9364583328125 0.0424479171875 0.9392361109374999 0.0380208328125 0.94710648125 0.0359375 0.9572916671874999 0.0369791671875 0.9785879625 0.039893103125 1 0.0544921875 1
1 0 0.9724626078125 0.0052083328125 0.9952546296874999 0.0114583328125 0.94710648125 0.0114583328125 0.931365740625 0.010416667187500001 0.90914351875 0.0052083328125 0.8832175921874998 0.0052083328125 0.8730324078125001 0.013020832812499999 0.8517361109374999 0.009114582812499999 0.843865740625 0.0028645828125 0.8410879625 0 0.8447255281249999 0 0.89575968125 0.0020833328125000002 0.911921296875 0 0.9299107124999999 0 0.9724626078125
1 0.1410264765625 1 0.14010416718750002 0.9508101859375 0.13619791718750002 0.9383101859374999 0.1268229171875 0.9327546296874999 0.11875 0.9387731484374999 0.1140625 0.9582175921874999 0.1188265421875 1 0.1410264765625 1
1 0.19375 1 0.1890625 0.9795138890625001 0.1890625 0.9082175921874999 0.18411458281249998 0.893865740625 0.1778645828125 0.8892361109374999 0.16875 0.89710648125 0.1666666671875 0.924884259375 0.1692708328125 0.97210648125 0.178125 0.987847221875 0.1807291671875 0.999884259375 0.18072689687500001 1 0.19375 1
1 0.2244637484375 1 0.2244791671875 0.9989583328125 0.22239583281250003 0.9915509265625 0.22526041718749998 0.980902778125 0.2296875 0.9841435187500001 0.23020833281250003 0.9776620375 0.2270833328125 0.97118055625 0.221875 0.9387731484374999 0.21380208281250002 0.9290509265625 0.20546875 0.93368055625 0.1994791671875 0.9489583328125001 0.2013117796875 1 0.2244637484375 1
1 0.31055039375 1 0.3114583328125 0.9850694437499999 0.3145833328125 0.9730324078125001 0.3145833328125 0.9489583328125001 0.30859375 0.9299768515625001 0.3018229171875 0.9271990734375001 0.29244791718749996 0.9299768515625001 0.2880208328125 0.9452546296875 0.289150871875 0.99519640625 0.2892148578125 1 0.31055039375 1
1 0.39302441875 1 0.39791666718749996 0.9646990734375 0.3984375 0.9480324078125001 0.396875 0.9396990734375 0.3877604171875 0.928125 0.38203125 0.928125 0.3768229171875 0.9327546296874999 0.371875 0.944328703125 0.3703125 0.9572916671874999 0.3713541671875 0.9758101859374999 0.3776041671875 0.9859953703125001 0.3797526046875 1 0.39302441875 1
1 0.34966670624999996 1 0.35 0.994328703125 0.3526041671875 0.9841435187500001 0.359375 0.9730324078125001 0.3536458328125 0.9424768515625 0.3583333328125 0.8739583328125 0.3557291671875 0.8637731484375 0.3513020828125 0.8577546296874999 0.3424479171875 0.8596064812499999 0.3380208328125 0.87210648125 0.3380208328125 0.93414351875 0.3333333328125 0.9582175921874999 0.3338541671875 0.9859953703125001 0.337355325 1 0.34966670624999996 1
1 0.2891806515625 1 0.2880208328125 0.944328703125 0.2947916671875 0.9026620375000001 0.2947916671875 0.8785879624999999 0.2932291671875 0.869328703125 0.28515625 0.8577546296874999 0.27682291718749996 0.8605324078125 0.271875 0.874884259375 0.27291666718749996 0.9452546296875 0.265625 0.97210648125 0.2734375 0.9850694437499999 0.2765625 0.9989583328125 0.2765459953125 1 0.2891806515625 1
1 0.246710825 1 0.24739583281250002 0.9859953703125001 0.25390625 0.9762731484374999 0.2635416671875 0.97118055625 0.265625 0.906365740625 0.26015625 0.8910879625 0.25442708281250004 0.8864583328125001 0.24765625 0.8892361109374999 0.2421875 0.9017361109375 0.24114583281250002 0.9332175921874999 0.24322916718749998 0.9396990734375 0.24375 0.9822916671874999 0.2390808109375 1 0.246710825 1
1 0.09621507968750001 1 0.0973958328125 0.993402778125 0.0979166671875 0.9767361109374999 0.0916666671875 0.931365740625 0.0927083328125 0.88506944375 0.0877604171875 0.8707175921874999 0.0799479171875 0.868865740625 0.0723958328125 0.8822916671875 0.0770833328125 0.9545138890625001 0.0734375 0.9795138890625001 0.08072916718749999 0.990625 0.08356870937500001 1 0.09621507968750001 1
1 0.0402053109375 1 0.0369791671875 0.9785879625 0.0359375 0.956365740625 0.0385416671875 0.9461805562500001 0.0458333328125 0.9359953703125001 0.0463541671875 0.9295138890625001 0.04375 0.91006944375 0.03828125 0.9012731484375 0.0330729171875 0.899421296875 0.0263020828125 0.9040509265625 0.0223958328125 0.915625 0.0234375 0.9424768515625 0.029166667187500002 0.97210648125 0.0302083328125 0.9924768515625001 0.0292850375 1 0.0402053109375 1
1 0.030138346875 1 0.0307291671875 0.99618055625 0.0296875 0.97118055625 0.0234375 0.9415509265625 0.021875 0.9165509265624999 0.02734375 0.9021990734375 0.0317708328125 0.8989583328125 0.0322916671875 0.887847221875 0.0247395828125 0.8771990734375 0.0169270828125 0.8790509265625 0.0119791671875 0.893402778125 0.0192708328125 0.9637731484375 0.014583332812499999 0.999884259375 0.0145806203125 1 0.030138346875 1
1 0.0156594671875 1 0.0197916671875 0.97118055625 0.0192708328125 0.949884259375 0.021354167187500002 0.9424768515625 0.0171875 0.931365740625 0.0125 0.894328703125 0.01640625 0.8809027781250001 0.0234375 0.8776620375 0.021875 0.8637731484375 0.01328125 0.855902778125 0.00625 0.865625 0.0052083328125 0.87118055625 0.0067708328125 0.8952546296874999 0.0114583328125 0.9082175921874999 0.0119791671875 0.9359953703125001 0.007291667187500001 0.9767361109374999 0.007291667187500001 0.99710648125 0.0080700859375 1 0.0156594671875 1
1 0.57490234375 1 0.5755208328125 0.993402778125 0.5744791671875 0.97210648125 0.5833333328125 0.9165509265624999 0.5817708328125 0.9035879625 0.5752604171875 0.8947916671874999 0.56796875 0.8957175921874999 0.5619791671875001 0.90914351875 0.5572916671875 0.974884259375 0.5470170453125001 1 0.57490234375 1
1 0.49561631874999995 1 0.5036458328125 0.9785879625 0.509375 0.9517361109374999 0.5078125 0.9174768515625 0.5098958328125 0.9017361109375 0.5158854171875 0.8920138890625001 0.5255208328125 0.8887731484374999 0.525 0.8767361109374999 0.51953125 0.8670138890625001 0.51171875 0.8670138890625001 0.50625 0.8767361109374999 0.5046875 0.8887731484374999 0.5057291671875 0.9304398140625001 0.490625 0.9776620375 0.4875 0.999884259375 0.487502959375 1 0.49561631874999995 1
1 0.5100833328125 1 0.5109375 0.9952546296874999 0.5135416671875 0.9387731484374999 0.5205729171875 0.9299768515625001 0.5283854171875 0.9290509265625 0.5302083328125 0.924884259375 0.5302083328125 0.9017361109375 0.5236979171875 0.8910879625 0.5143229171875 0.8920138890625001 0.5078125 0.90914351875 0.5067708328125 0.9646990734375 0.49537157499999995 1 0.5100833328125 1
1 0.47255563437500003 1 0.4796875 0.97210648125 0.4760416671875 0.906365740625 0.48229166718750005 0.8591435187500001 0.47630208281249997 0.843865740625 0.46848958281249997 0.8447916671875 0.4640625 0.8526620375 0.46510416718750003 0.8637731484375 0.4703125 0.8739583328125 0.4692708328125 0.9174768515625 0.4671875 0.931365740625 0.4713541671875 0.9461805562500001 0.4692708328125 0.9804398140625 0.4715630421875 1 0.47255563437500003 1
1 0.4171875 1 0.4171875 0.9758101859374999 0.4114583328125 0.9387731484374999 0.4166666671875 0.890625 0.4166666671875 0.8702546296874999 0.41328125 0.8605324078125 0.4096354171875 0.8577546296874999 0.40390625 0.8586805562500001 0.3994791671875 0.8637731484375 0.3963541671875 0.8859953703125001 0.3994791671875 0.91006944375 0.3973958328125 0.9304398140625001 0.39895833281250004 0.9526620375 0.3958333328125 0.987847221875 0.397843903125 1 0.4171875 1
1 0.371875 0.844328703125 0.36640625 0.837384259375 0.3580729171875 0.8401620375000001 0.3541666671875 0.8517361109374999 0.3583333328125 0.8822916671875 0.3541666671875 0.944328703125 0.3583333328125 0.968402778125 0.3619791671875 0.974884259375 0.3697916671875 0.97210648125 0.3708333328125 0.9461805562500001 0.37552083281250004 0.9304398140625001 0.37447916718749996 0.915625 0.37057291718749996 0.9170138890625001 0.3692708328125 0.9109953703125001 0.3734375 0.8517361109374999 0.371875 0.844328703125
1 0.31015625 0.8401620375000001 0.30234375 0.8355324078124999 0.29635416718749996 0.843402778125 0.2942708328125 0.8554398140625 0.29635416718749996 0.90914351875 0.2932291671875 0.9258101859375 0.30390625 0.9262731484375 0.3114583328125 0.9322916671874999 0.3109375 0.9008101859375 0.3140625 0.8545138890625001 0.31015625 0.8401620375000001
1 0.3270833328125 0.8230324078125 0.32369791718749996 0.818865740625 0.31692708281250004 0.8197916671875 0.31197916718749996 0.8285879625 0.3109375 0.8396990734375 0.3135416671875 0.8535879625 0.31302083281250004 0.8887731484374999 0.3145833328125 0.8915509265624999 0.3252604171875 0.88460648125 0.3270833328125 0.8776620375 0.3296875 0.8396990734375 0.3270833328125 0.8230324078125
1 0.34375 0.8258101859375 0.3427083328125 0.8109953703125001 0.33932291718749996 0.800347221875 0.33046875 0.8049768515625001 0.3270833328125 0.815625 0.3291666671875 0.8480324078124999 0.3265625 0.881365740625 0.3348958328125 0.890625 0.3411458328125 0.8600694437499999 0.34375 0.8258101859375
1 0.353125 0.8535879625 0.3567708328125 0.8045138890625001 0.3513020828125 0.7920138890625 0.34453125 0.793865740625 0.3411458328125 0.8045138890625001 0.34375 0.8174768515625 0.3411458328125 0.8489583328125001 0.3421875 0.8582175921875 0.35078125 0.8577546296874999 0.353125 0.8535879625
1 0.6390494796875 1 0.640625 0.9859953703125001 0.653125 0.97118055625 0.6536458328125 0.9508101859375 0.6471354171875 0.937384259375 0.63984375 0.9364583328125 0.6322916671875001 0.9480324078125001 0.6270561265625 1 0.6390494796875 1
1 0.5817958734374999 1 0.5838541671875 0.9841435187500001 0.5893229171875001 0.9762731484374999 0.6015625 0.97210648125 0.603125 0.9508101859375 0.5966145828125 0.9355324078125001 0.5893229171875001 0.93368055625 0.5846354171875 0.9364583328125 0.5796875 0.94710648125 0.576025640625 1 0.5817958734374999 1
1 0.5403227312500001 1 0.540625 0.9924768515625001 0.5341145828125 0.9771990734375 0.5231770828125 0.975347221875 0.5161458328124999 0.9841435187500001 0.5125 0.99618055625 0.512451171875 1 0.5403227312500001 1
1 0.5125350562500001 1 0.5130208328125 0.9887731484375 0.5221354171875 0.975347221875 0.5354166671875 0.9758101859374999 0.5385416671875001 0.9508101859375 0.5354166671875 0.936921296875 0.5309895828125 0.930902778125 0.5216145828125 0.9290509265625 0.5140625 0.9415509265625 0.5106275265625 1 0.5125350562500001 1
1 0.42625093124999996 1 0.4291666671875 0.9758101859374999 0.42864583281249996 0.9517361109374999 0.4234375 0.9165509265624999 0.4234375 0.899884259375 0.42864583281249996 0.8600694437499999 0.42552083281249997 0.84710648125 0.4184895828125 0.8410879625 0.41380208281249997 0.843865740625 0.40989583281249997 0.8526620375 0.4166666671875 0.87210648125 0.41197916718750005 0.940625 0.41770833281249997 0.9841435187500001 0.4175185609375 1 0.42625093124999996 1
1 0.3927083328125 0.8174768515625 0.390625 0.8082175921875001 0.38723958281250004 0.8049768515625001 0.38046875 0.806828703125 0.3765625 0.8174768515625 0.38229166718749996 0.831365740625 0.378125 0.87118055625 0.378125 0.8896990734375001 0.390625 0.881365740625 0.3885416671875 0.8674768515625001 0.3927083328125 0.8174768515625
1 0.39895833281250004 0.9035879625 0.3958333328125 0.887847221875 0.3888020828125 0.8827546296875 0.3815104171875 0.8892361109374999 0.378125 0.89710648125 0.3770833328125 0.9276620375 0.38828125 0.928125 0.39375 0.93414351875 0.39791666718749996 0.931365740625 0.39895833281250004 0.9035879625
1 0.4252604171875 0.8207175921875001 0.4171875 0.8285879625 0.41614583281249995 0.8396990734375 0.42265625 0.8429398140625001 0.42864583281249996 0.8609953703125001 0.42395833281249995 0.89618055625 0.4234375 0.9165509265624999 0.4291666671875 0.9582175921874999 0.43333333281249997 0.9572916671874999 0.4348958328125 0.9396990734375 0.4291666671875 0.893402778125 0.4296875 0.8702546296874999 0.43385416718750003 0.8387731484375 0.43177083281249995 0.8267361109374999 0.4252604171875 0.8207175921875001
1 0.37421875 0.818865740625 0.3690104171875 0.82164351875 0.3651041671875 0.8304398140625 0.3651041671875 0.836921296875 0.3708333328125 0.843402778125 0.3729166671875 0.8517361109374999 0.36875 0.9109953703125001 0.3739583328125 0.9332175921874999 0.3776041671875 0.9239583328125001 0.378125 0.8739583328125 0.3828125 0.8332175921875 0.38046875 0.824421296875 0.37421875 0.818865740625
1 0.1479296875 1 0.14791666718750002 0.999884259375 0.1549479171875 0.9799768515625 0.16328125 0.975347221875 0.16458333281249998 0.97118055625 0.15677083281249998 0.9415509265625 0.15677083281249998 0.8776620375 0.1533854171875 0.8679398140625001 0.1466145828125 0.8633101859375 0.14140625 0.8651620375 0.1369791671875 0.8730324078125001 0.1359375 0.91006944375 0.140625 0.9489583328125001 0.14099308906250002 1 0.1479296875 1
1 0.2342990453125 1 0.23333333281250002 0.9896990734375001 0.22552083281250002 0.965625 0.23125 0.944328703125 0.23177083281250002 0.9230324078125001 0.22552083281250002 0.9026620375000001 0.22239583281250003 0.87210648125 0.21744791718749998 0.862384259375 0.21119791718749997 0.8596064812499999 0.2052083328125 0.8637731484375 0.2010416671875 0.881365740625 0.2036458328125 0.9304398140625001 0.20546875 0.93460648125 0.20963541718749998 0.9290509265625 0.21848958281250003 0.930902778125 0.22395833281250002 0.9396990734375 0.224311659375 1 0.2342990453125 1
1 0.2383525546875 1 0.24322916718749998 0.9859953703125001 0.2442708328125 0.9739583328125001 0.2442708328125 0.936921296875 0.2416666671875 0.9304398140625001 0.24114583281250002 0.918402778125 0.2421875 0.9045138890625001 0.24765625 0.8892361109374999 0.2536458328125 0.88506944375 0.2557291671875 0.8665509265625 0.2552083328125 0.8526620375 0.24869791718749998 0.837384259375 0.24088541718749998 0.8392361109375 0.23541666718749998 0.8535879625 0.234375 0.881365740625 0.23697916718749998 0.8859953703125001 0.2375 0.90914351875 0.2296875 0.9489583328125001 0.2286458328125 0.9665509265625 0.23536551249999998 1 0.2383525546875 1
1 0.18203125 0.8355324078124999 0.175 0.8535879625 0.175 0.88414351875 0.17578125 0.8883101859375 0.18307291718750002 0.8920138890625001 0.1890625 0.9054398140625001 0.1885416671875 0.9665509265625 0.1932291671875 0.99618055625 0.19583333281249998 0.9924768515625001 0.1994791671875 0.965625 0.1989583328125 0.9396990734375 0.1942708328125 0.9193287031249999 0.1916666671875 0.9165509265624999 0.1953125 0.8600694437499999 0.1932291671875 0.8508101859374999 0.18203125 0.8355324078124999
1 0.1697916671875 0.8322916671874999 0.16640625 0.8262731484374999 0.15963541718750002 0.824421296875 0.1536458328125 0.8350694437499999 0.1526041671875 0.8600694437499999 0.1572916671875 0.8832175921874998 0.1578125 0.9489583328125001 0.165625 0.97210648125 0.16875 0.969328703125 0.1661458328125 0.9072916671875 0.1703125 0.8887731484374999 0.17135416718750002 0.8489583328125001 0.1697916671875 0.8322916671874999
1 0.12317708281249999 0.8447916671875 0.11822916718750001 0.8517361109374999 0.1166666671875 0.8609953703125001 0.1177083328125 0.9026620375000001 0.1208333328125 0.9221064812499999 0.1197916671875 0.9322916671874999 0.1309895828125 0.9327546296874999 0.1385416671875 0.9387731484374999 0.1354166671875 0.9165509265624999 0.1354166671875 0.856365740625 0.13046875 0.8447916671875 0.12317708281249999 0.8447916671875
1 0.1171875 0.84618055625 0.1127604171875 0.830902778125 0.10390625 0.828125 0.09895833281250001 0.8415509265625 0.1010416671875 0.8795138890625 0.103125 0.8915509265624999 0.1140625 0.9035879625 0.11510416718750001 0.912847221875 0.1171875 0.912847221875 0.1171875 0.84618055625
1 0.2786458328125 0.831365740625 0.27265625 0.8207175921875001 0.26484375 0.8234953703125001 0.2609375 0.8322916671874999 0.2604166671875 0.8396990734375 0.2625 0.8924768515625001 0.265625 0.906365740625 0.2645833328125 0.95914351875 0.2682291671875 0.95914351875 0.27291666718749996 0.9434027781250001 0.2723958328125 0.8702546296874999 0.278125 0.8582175921875 0.2791666671875 0.849884259375 0.2786458328125 0.831365740625
1 0.29739583281250004 0.8239583328125001 0.2953125 0.8082175921875001 0.2877604171875 0.8021990734375001 0.28072916718749996 0.811921296875 0.2796875 0.8174768515625 0.2802083328125 0.8452546296874999 0.2825520828125 0.8568287031249999 0.2916666671875 0.865625 0.29739583281250004 0.8396990734375 0.29739583281250004 0.8239583328125001
1 0.0875 0.868402778125 0.08645833281250001 0.8146990734375 0.0841145828125 0.806828703125 0.0763020828125 0.8049768515625001 0.071875 0.812847221875 0.0734375 0.849884259375 0.07890625 0.8670138890625001 0.0875 0.868402778125
1 0.0481770828125 0.8234953703125001 0.0408854171875 0.82164351875 0.0380208328125 0.824884259375 0.0359375 0.8359953703125 0.0395833328125 0.887847221875 0.0354166671875 0.8952546296874999 0.04375 0.90914351875 0.0479166671875 0.924884259375 0.05 0.9221064812499999 0.053125 0.9026620375000001 0.0479166671875 0.8600694437499999 0.0479166671875 0.8452546296874999 0.05208333281250001 0.8322916671874999 0.0481770828125 0.8234953703125001
1 0.054427082812500006 0.83368055625 0.0479166671875 0.8452546296874999 0.0473958328125 0.8609953703125001 0.05208333281250001 0.8896990734375001 0.05208333281250001 0.9109953703125001 0.0484375 0.931365740625 0.05078125 0.9364583328125 0.059375 0.9424768515625 0.06302083281250001 0.9359953703125001 0.0635416671875 0.9193287031249999 0.059375 0.865625 0.06510416718749999 0.84618055625 0.060677082812500005 0.8355324078124999 0.054427082812500006 0.83368055625
1 0.07552083281250001 0.8554398140625 0.0705729171875 0.850347221875 0.062239582812500006 0.8521990734375 0.058333332812500006 0.8665509265625 0.06302083281250001 0.915625 0.0609375 0.9452546296875 0.0635416671875 0.9785879625 0.06510416718749999 0.9804398140625 0.0739583328125 0.9785879625 0.0765625 0.95914351875 0.0765625 0.936921296875 0.071875 0.8887731484374999 0.07760416718749999 0.865625 0.07552083281250001 0.8554398140625
1 0.11927083281249999 0.8452546296874999 0.13125 0.844328703125 0.13229166718750002 0.8109953703125001 0.1268229171875 0.7984953703125 0.11953125 0.800347221875 0.1166666671875 0.8082175921875001 0.11510416718750001 0.8295138890625001 0.11927083281249999 0.8452546296874999
1 0.0994791671875 0.8396990734375 0.10364583281249999 0.8258101859375 0.10078125 0.8179398140625 0.0955729171875 0.8142361109374999 0.0880208328125 0.8184027781250001 0.0859375 0.836921296875 0.0869791671875 0.8600694437499999 0.0947916671875 0.89618055625 0.1020833328125 0.890625 0.0994791671875 0.8396990734375
1 0.1591145828125 0.7679398140625 0.1541666671875 0.7702546296875 0.1536458328125 0.78414351875 0.1481770828125 0.787384259375 0.1453125 0.793402778125 0.1453125 0.80914351875 0.15 0.8184027781250001 0.1505208328125 0.831365740625 0.1544270828125 0.831828703125 0.1588541671875 0.8239583328125001 0.1609375 0.8137731484374999 0.1609375 0.7980324078125001 0.16354166718750002 0.7924768515625 0.1640625 0.7767361109375 0.1591145828125 0.7679398140625
1 0.134375 0.8230324078125 0.14114583281249998 0.8072916671874999 0.1416666671875 0.7896990734375 0.13723958281249998 0.7771990734375 0.1309895828125 0.7762731484375001 0.1270833328125 0.7832175921875 0.1265625 0.7971064812499999 0.134375 0.8230324078125
1 0.1838541671875 0.8137731484374999 0.1822916671875 0.8285879625 0.1833333328125 0.836921296875 0.1888020828125 0.8410879625 0.1932291671875 0.8517361109374999 0.1921875 0.90914351875 0.1973958328125 0.93506944375 0.2 0.936921296875 0.20208333281250002 0.9359953703125001 0.2036458328125 0.9202546296874999 0.2015625 0.8674768515625001 0.20416666718749998 0.8535879625 0.20052083281250002 0.8396990734375 0.1984375 0.8137731484374999 0.19453125 0.8077546296874999 0.18984375 0.806828703125 0.1838541671875 0.8137731484374999