1 0.3535572828125 0.309375 0.35143226875 0.30639721249999996 0.34629223124999997 0.28022562500000003 0.3451895625 0.2468649953125 0.348822878125 0.21652780468750002 0.34851579843749997 0.19893521249999999 0.3455784859375 0.19461841875000002 0.33410399218750003 0.1930919890625 0.327870153125 0.193690365625 0.32507829843749997 0.19770690625 0.3282929796875 0.262630903125 0.32568516718749996 0.2920967578125 0.322056365625 0.309375 0.3535572828125 0.309375
1 0.30625 0.309375 0.30625 0.28483349687500004 0.299100321875 0.252804240625 0.30093225156250003 0.1970301609375 0.2977835078125 0.1925592765625 0.2854005578125 0.1925592765625 0.2810974828125 0.196562278125 0.28401770625 0.2547863515625 0.275048575 0.2952931515625 0.274751909375 0.309375 0.30625 0.309375
1 0.2671875 0.309375 0.2671875 0.2540946359375 0.26249350625 0.23471992187500001 0.26361426718750003 0.19678423125 0.261753640625 0.193511671875 0.25133697499999996 0.1933298484375 0.2479892671875 0.196511496875 0.24849565 0.24003001406250002 0.241038696875 0.2704492046875 0.239928709375 0.30931081875 0.239940865625 0.309375 0.2671875 0.309375
1 0.2375 0.309375 0.2375 0.224628721875 0.23733740625 0.22413053593750001 0.235980575 0.197263528125 0.233866296875 0.193149903125 0.2254682171875 0.1924664515625 0.22289499375 0.1967164703125 0.22412233124999997 0.22173162500000002 0.21864072499999998 0.255292278125 0.21928248125 0.2793966625 0.2258232609375 0.309375 0.2375 0.309375
1 0.4015625 0.309375 0.4015625 0.2656922328125 0.3987848421875 0.2585877109375 0.396213053125 0.1919480734375 0.38046699687499996 0.1919480734375 0.377129796875 0.1959006890625 0.3832893375 0.26153216874999996 0.375851034375 0.30485316562500003 0.376076075 0.309375 0.4015625 0.309375
1 0.4359375 0.309375 0.4359375 0.2664852984375 0.4307227078125 0.242088425 0.432554553125 0.1957648546875 0.42815709843749994 0.1907495375 0.41590404843749995 0.1932779953125 0.41559160781250004 0.2469816984375 0.4118972921875 0.25537866875000004 0.407063684375 0.2828815015625 0.407063684375 0.309375 0.4359375 0.309375
1 0.4640625 0.309375 0.4640625 0.25107308906250003 0.458474734375 0.22819424375000003 0.457477890625 0.193934984375 0.44728122968750006 0.191717046875 0.4445917640625 0.1975017328125 0.445480840625 0.2280572859375 0.4399852078125 0.25347302968749996 0.4397607328125 0.2636157 0.4454108671875 0.309375 0.4640625 0.309375
2 0.5296875 0.000299540625 0.0222574046875 0.000299540625 0 0.00175871875 0 0.17642441874999998 0.0063295718749999995 0.1768089 0.010023890625 0.17373351406249998 0.2146629046875 0.1598027984375 0.22358172031249998 0.1553763375 0.2600400515625 0.15240026874999998 0.266241565625 0.1546678609375 0.2876603796875 0.14922103281250002 0.311570225 0.150043109375 0.337139546875 0.145182084375 0.36362123749999997 0.1476434359375 0.3735978796875 0.142206015625 0.41052856093749995 0.1419652125 0.42154687187500006 0.13644276093750002 0.46783639062500004 0.136362609375 0.5296875 0.13066415781250001 0.5296875 0.000299540625
1 0.2623861609375 0.6675647578125 0.2711944890625 0.684375 0.296030940625 0.684375 0.30371968125 0.6655680984375 0.30625 0.650102121875 0.30625 0.5244327296875 0.3007862609375 0.4975125453125 0.300646271875 0.4447757109375 0.3062417046875 0.40760325937499997 0.30625 0.4062183703125 0.30625 0.3735869140625 0.30309793281249997 0.36164709687499996 0.293931734375 0.350759578125 0.2814559765625 0.35149336875000003 0.27428865468749997 0.3656877375 0.2738601140625 0.4752871296875 0.2695605046875 0.4972636921875 0.2591078671875 0.5244682562499999 0.25282815468750003 0.5671553218750001 0.2535554484375 0.6088219890625 0.2623861609375 0.6675647578125
1 0.6882839953125 1 0.6910222671875 0.9327646671875 0.70182705625 0.8320478375 0.7011482843750001 0.7737145046875 0.692470178125 0.743939415625 0.678957284375 0.7238001828125 0.6642877609375 0.7161382234375 0.6512777015625 0.71683686875 0.6383215109375 0.7221651453125 0.6283753562500001 0.740043421875 0.620451440625 0.77508315 0.62284355 0.84640671875 0.6315610734375 0.9243208640624999 0.631124965625 1 0.6882839953125 1
1 0.8171875 1 0.8171875 0.9870115953124999 0.8089579703125 0.9564002421875 0.804814159375 0.8971409828125001 0.8084942765625 0.8079641531250001 0.8055159125 0.7653715609375 0.79888314375 0.7451527390625 0.7897419015625 0.7301098578125 0.7807497 0.7245450828125 0.7659866937500001 0.7245450828125 0.7603809937499999 0.7281807437500001 0.751813903125 0.7437388828125 0.7485508375000001 0.7642456453124999 0.75100836875 0.8068533921875 0.7620439359375 0.890035178125 0.7641044140625001 0.9493550562500002 0.754474809375 1 0.8171875 1
1 0.8890625 1 0.8890625 0.9251386187499999 0.8832785859375001 0.9057448328125 0.88102386875 0.8435621187500001 0.8838422734375 0.794051 0.88216170625 0.7625330984375001 0.8760497718749999 0.7424905109375 0.8682091828124999 0.731408109375 0.8649445359375001 0.7294140234375 0.8502660484375 0.7294140234375 0.843924259375 0.7358976359375 0.8391353546874999 0.746002271875 0.836981559375 0.7601096828125 0.838856365625 0.7944053609374999 0.8459337937499999 0.84322449375 0.849233034375 0.8978905421875 0.8357304031249999 0.96675784375 0.83223183125 1 0.8890625 1
1 1 1 1 0.7355094890625 0.9921342625000001 0.73003070625 0.9814472406250001 0.729003859375 0.9648748578124999 0.729003859375 0.9493936093750002 0.7363317390625 0.9310351562499999 0.7588721515625 0.9196998750000001 0.782678725 0.9111402921874999 0.8217130703125001 0.909426959375 0.8476662703125001 0.9105154140625 0.929120478125 0.91571175 1 1 1