0 0.2792561796875 0.5064319937499999 0.2884689265625 0.5257212 0.2953333109375 0.5296875 0.32819218125 0.5296875 0.3375 0.520704459375 0.3375 0.4069641578125 0.3265955328125 0.3861131 0.3096744046875 0.370661615625 0.2927647125 0.3672047234375 0.275102603125 0.3729434203125 0.25848192187499996 0.39948362187500003 0.2544191390625 0.4242289546875 0.255691921875 0.4565726953125 0.2574395484375 0.46171834218749996 0.2731801046875 0.47850566250000004 0.2792561796875 0.5064319937499999
1 0.7265625 0.3354641375 0.7265625 0.32268979999999997 0.7230969093749999 0.3145084046875 0.721837959375 0.3140625 0.7174197906249999 0.3140625 0.7111329234375 0.3210727328125 0.704521265625 0.368513278125 0.6902931171875 0.3987493625 0.6875 0.4086505671875 0.6875 0.4265625 0.6880664015625 0.4265625 0.7152406546875 0.4243883046875 0.7162740609375 0.37351089531250004 0.7195950703125 0.3557970125 0.7265625 0.3354641375
1 0.8735799765625 0.42790613593750004 0.8740650859375 0.428125 0.8796019953125 0.428125 0.8870906984375001 0.423177075 0.8921875 0.422969396875 0.8921875 0.36503028125000003 0.892158590625 0.36493531562500003 0.8891859406249999 0.3074854625 0.8871054640625001 0.300141721875 0.8829726000000001 0.297060146875 0.87528959375 0.29923033593750004 0.8735609406249999 0.3081221328125 0.8787464187499999 0.367338946875 0.873138175 0.391710134375 0.872738265625 0.41586909843750003 0.8735799765625 0.42790613593750004
1 0.9558827749999999 0.4271150453125 0.9599122250000001 0.440625 0.9765625 0.440625 0.9765625 0.3784313265625 0.972770065625 0.36506464375 0.9699929171874999 0.3095939765625 0.9664397671875001 0.3016068828125 0.96098840625 0.29861688124999997 0.9550624375 0.30206591875 0.9534882640625 0.3107667140625 0.9602700656250001 0.3645553078125 0.9547372265625 0.40215749062499995 0.9558827749999999 0.4271150453125
2 1 0.443588571875 0.9127604171874999 0.44195601875 0.86796875 0.44473379687500003 0.8419270828125001 0.4401041671875 0.6940104171874999 0.44195601875 0.56953125 0.4373263890625 0.5666666671875 0.44241898125 0.5671875 0.45723379687500004 0.5645833328125 0.4813078703125 0.5645833328125 0.501678240625 0.56953125 0.5151041671875001 0.6169270828125001 0.5114004624999999 0.7716145828125 0.5114004624999999 0.8846354171874999 0.5160300921875 1 0.5172155984375 1 0.443588571875
0 0.8114583328125 0.4063078703125 0.8044270828125001 0.3882523140625 0.7934895828124999 0.377141203125 0.7799479171875 0.376215278125 0.7705729171875 0.3817708328125 0.7614583328125001 0.3961226859375 0.75625 0.41649305625000005 0.7557291671874999 0.4340856484375 0.75859375 0.4382523140625 0.8104166671874999 0.438715278125 0.8145833328125001 0.43501157343749997 0.8114583328125 0.4063078703125
1 0.342013190625 1 0.33912919218750004 0.9805195828125001 0.32777578281249997 0.92744659375 0.3235557609375 0.8906763968749999 0.32398550937500004 0.8546138031249999 0.33105727812499997 0.7831234406250001 0.3406200265625 0.7142895656249999 0.341985625 0.6680175265624999 0.3390566328125 0.6505947421875 0.331757153125 0.6319892625 0.32175549999999997 0.622289240625 0.3193667265625 0.6219257171875 0.304158390625 0.6219257171875 0.29932193906250004 0.6242582703124999 0.2889733625 0.6358302859375 0.280685571875 0.6542375875 0.2762851671875 0.6729259125 0.27394599375 0.73033331875 0.27813655000000004 0.8188583359375 0.2750050765625 0.8957101875 0.263668190625 0.9442949828125 0.2504956546875 0.988178078125 0.2504956546875 1 0.342013190625 1
1 0.2390625 1 0.2390625 0.9952258468749999 0.22919215468749998 0.960385146875 0.2256958140625 0.9103851468749999 0.22760490312499998 0.8555220718750001 0.2245617921875 0.812003553125 0.2141227515625 0.785964834375 0.205727528125 0.777949834375 0.19562353593749998 0.775833040625 0.1943236515625 0.775833040625 0.18469709843749998 0.7834495796875001 0.1799081921875 0.7933946359374999 0.1776896515625 0.806484934375 0.1805385203125 0.847225675 0.1912560671875 0.910859896875 0.19488190156250002 0.9627117484374998 0.18863596875 1 0.2390625 1
1 0.36875 1 0.36875 0.9140320421875 0.3643229171875 0.9127893515625001 0.35859375 0.91741898125 0.3546875 0.926215278125 0.353125 0.9530671296875 0.3552083328125 0.9901041671874999 0.3567826703125 1 0.36875 1
1 0.24527405781249997 1 0.246875 0.9252893515625 0.24088541718749998 0.9127893515625001 0.2325520828125 0.9090856484375 0.22630208281250003 0.9127893515625001 0.22135416718749998 0.920659721875 0.21979166718749998 0.9484375 0.224483475 1 0.24527405781249997 1
1 0.1506589171875 1 0.1494791671875 0.9938078703125001 0.153125 0.8845486109374999 0.1455729171875 0.8646412031249999 0.13359375 0.8563078703125001 0.12213541718750001 0.863715278125 0.1166666671875 0.8836226859374999 0.1177083328125 0.9160300921874999 0.1223958328125 0.957696759375 0.12291666718750001 0.9928819437499999 0.1215132359375 1 0.1506589171875 1
1 0.11041666718750001 1 0.11041666718750001 0.9882523140625 0.1140625 0.932696759375 0.1091145828125 0.913715278125 0.1028645828125 0.9063078703125 0.0955729171875 0.9053819437499999 0.08984375 0.9081597218749999 0.0838541671875 0.9243634265624999 0.084375 0.9502893515625 0.08854166718749999 0.9882523140625 0.08854166718749999 1 0.11041666718750001 1
1 0.8939477765625 0.6 0.8892646531249999 0.6185461125 0.8892646531249999 0.7719101859374999 0.8909405359375 0.781189121875 0.8945638234375 0.78795163125 0.9062492859375 0.7890625 0.9126267437500001 0.7890625 0.9221679890625001 0.7866659453125 0.9275497828125001 0.7757873453124999 0.9369468874999999 0.7365345828125001 0.9444870234374999 0.691823296875 0.9453125 0.671564725 0.9453125 0.6568999468750001 0.943701196875 0.634561440625 0.9371585687499999 0.6 0.8939477765625 0.6
1 0.8233934218750001 0.6 0.8239478437500001 0.6090322171875 0.8334351984375001 0.6550738453125 0.8442965234375001 0.6834167703125 0.8634883265625 0.7188487671875 0.87601355625 0.7373739671874999 0.8817660890625 0.740625 0.8828125 0.740625 0.8828125 0.6 0.8233934218750001 0.6