1 0.0838787734375 0.6296875 0.081462265625 0.6218842359375001 0.06613128124999999 0.5967385390625 0.0629607375 0.5789789812499999 0.068099640625 0.4719753375 0.0656537546875 0.45554546875 0.058158040625 0.438805953125 0.04979134375 0.43621237031250004 0.046808578125 0.43621237031250004 0.04163860625 0.44282692343749996 0.0340524765625 0.4378633625 0.0210659125 0.46030873437500003 0.01692864375 0.47769100781249996 0.01692864375 0.49314579218750004 0.017964353125 0.517312378125 0.027702353125000002 0.5650354953125001 0.03006954375 0.621624740625 0.0282217359375 0.6296875 0.0838787734375 0.6296875
1 0.2619452109375 0.4582450609375 0.268632340625 0.4318289015625 0.2703125 0.41506381562500005 0.2703125 0.388265209375 0.2629286375 0.33190616875 0.2703125 0.2776113265625 0.2703125 0.24462864999999998 0.2700022390625 0.243709453125 0.26016171875 0.2396018734375 0.2535959890625 0.24380490312499997 0.2484045421875 0.25563545468750004 0.24563589375 0.333395053125 0.2367110640625 0.3603611375 0.2367110640625 0.4890625 0.249231671875 0.4890625 0.2528090859375 0.4860637484375 0.2619452109375 0.4582450609375
1 0.21183798125000003 0.3984375 0.220524753125 0.3666603484375 0.2234375 0.33689523593750004 0.2234375 0.3355267890625 0.21567795156249997 0.269165346875 0.220216125 0.20532191718749998 0.2125628515625 0.19327768125 0.2070941015625 0.1931185546875 0.199903625 0.20473088750000001 0.199923575 0.271488484375 0.19222609375 0.301751565625 0.19222609375 0.39127969375 0.193301165625 0.3984375 0.21183798125000003 0.3984375
1 0.83543216875 0.24029371562500002 0.8532820609374999 0.2609375 0.8673370859375 0.2609375 0.8710232921875001 0.2602755125 0.8741821140624999 0.24965164374999999 0.875 0.2398848546875 0.875 0.175157315625 0.8653261578125001 0.1229394609375 0.87223183125 0.0490323515625 0.8676913390625 0.0362227046875 0.856873296875 0.0331515375 0.85591946875 0.0331515375 0.849665996875 0.0389731828125 0.8431558031249999 0.055389403125 0.846010228125 0.1382491390625 0.83543216875 0.17618367968749998 0.83543216875 0.24029371562500002
2 1 0.3877009125 0.459375 0.3877009125 0.459375 0.5753031 0.9500669671875 0.5638821187499999 0.97529586875 0.559818921875 0.972205709375 0.5522436765625 0.9642638296874999 0.5496477375000001 0.9607457109374999 0.5580719890625 0.956580709375 0.5526073515625 0.9528038375000001 0.5554760515625 0.9496489859375 0.5465119140625 0.955152571875 0.538736646875 0.9592528890625001 0.5428123968749999 0.9801525734375 0.5381547671875 0.983536328125 0.5436375875 0.9856213234375 0.5380274796875 0.9911547625000001 0.53928908125 0.9945435015624999 0.5280870515625 0.9958721125000001 0.5482168484375001 0.9918663343749999 0.5545668609375001 0.9837303921875 0.5478042515625 0.97816211875 0.55419063125 0.9789085265625002 0.561820428125 1 0.5630687109375 1 0.3877009125
1 0.133472271875 0.6296875 0.1370580546875 0.6601059203124999 0.1258526 0.720431775 0.1264827515625 0.7554550499999999 0.13910263750000001 0.811472296875 0.14076183281250002 0.8125 0.169413175 0.8125 0.17016085625 0.8120007640625 0.1703125 0.8113468812500001 0.1703125 0.7031637109375 0.157407371875 0.667140415625 0.1579235578125 0.6296875 0.133472271875 0.6296875
1 0.2070393265625 0.6296875 0.206184778125 0.6731946437499999 0.1955480546875 0.70098255 0.1955480546875 0.8169449578125001 0.206968415625 0.8203125 0.2098455046875 0.8203125 0.219649978125 0.818677109375 0.2236709328125 0.8117817468749999 0.2366072328125 0.77297356875 0.240625 0.743703375 0.240625 0.7359327203125 0.23824848125 0.711741021875 0.227184778125 0.6730724718750001 0.23299454531250002 0.6296875 0.2070393265625 0.6296875
1 0.2752445421875 0.6296875 0.2758278796875 0.6632283078125 0.2640625 0.7033058234375 0.2640625 0.80293644375 0.2650743953125 0.8081119187500001 0.26801171875 0.8109375 0.271432784375 0.8109375 0.267053865625 0.76561191875 0.2685093578125 0.73436191875 0.28612924375 0.678548375 0.2858422203125 0.6296875 0.2752445421875 0.6296875
1 0.2890511359375 0.6296875 0.2919375 0.6693749999999999 0.2769375 0.720625 0.2749375 0.7618750000000001 0.2789375 0.795625 0.28693749999999996 0.818125 0.2934375 0.8237500000000001 0.3149375 0.8231249999999999 0.3209375 0.819375 0.3309375 0.783125 0.3339375 0.739375 0.3139375 0.673125 0.315766446875 0.6296875 0.2890511359375 0.6296875
1 0.358090278125 0.6296875 0.3609375 0.6681250000000001 0.3459375 0.714375 0.3429375 0.7381249999999999 0.3449375 0.7693749999999999 0.3539375 0.805625 0.3584375 0.8150000000000001 0.3669375 0.8168749999999999 0.36893750000000003 0.809375 0.3599375 0.775625 0.3589375 0.744375 0.36193749999999997 0.718125 0.37493750000000003 0.673125 0.37370523125 0.6296875 0.358090278125 0.6296875
1 0.3735541671875 0.6296875 0.3759375 0.6743750000000001 0.3599375 0.729375 0.3589375 0.766875 0.3719375 0.820625 0.3764375 0.825 0.3989375 0.8256249999999999 0.40493750000000006 0.820625 0.4149375 0.785625 0.4179375 0.735625 0.3989375 0.6756249999999999 0.4007448765625 0.6296875 0.3735541671875 0.6296875
1 0.42666250000000006 0.6296875 0.42893749999999997 0.658125 0.4149375 0.708125 0.42093749999999996 0.7943749999999999 0.42843749999999997 0.8099999999999999 0.4369375 0.811875 0.43893750000000004 0.805625 0.42993750000000003 0.766875 0.42893749999999997 0.728125 0.4439375 0.6743750000000001 0.44159323749999996 0.6296875 0.42666250000000006 0.6296875
1 0.459375 0.6296875 0.44207733125 0.6296875 0.4449375 0.671875 0.43093750000000003 0.718125 0.42993750000000003 0.759375 0.44293750000000004 0.815625 0.45043749999999994 0.82125 0.459375 0.8206620062500001 0.459375 0.6296875
1 0.7925008046875 1 0.7842884203125 0.958340075 0.7909221796875 0.8719921656249999 0.7871422625 0.8650563124999999 0.7741252109375 0.8650563124999999 0.765061565625 0.8663364625 0.7621291171875 0.8714047718749999 0.7647571703125 0.959820065625 0.7537144859375 1 0.7925008046875 1