1 0.0841554046875 0.5 0.086157821875 0.4492436515625 0.075093203125 0.37189920781249997 0.087943115625 0.266662171875 0.085789321875 0.2525912734375 0.08063679375 0.24451905 0.0620403015625 0.24451905 0.053762357812499995 0.261882278125 0.049311953125 0.37039762187499997 0.04375 0.3886300421875 0.04375 0.5 0.0841554046875 0.5
2 0.3796875 0.2826268375 0.559834990625 0.2921480984375 0.7718493875 0.3114692578125 0.8010469984374999 0.308986190625 0.8038806375 0.313334865625 0.8143282484375 0.309759734375 0.82062038125 0.292694390625 0.8262833718749999 0.29023513125 0.8286099796874999 0.2457451828125 0.8334367328125001 0.22719994531249998 0.8373936859375 0.2323113203125 0.8413085062500001 0.25485206250000003 0.8384834390624999 0.2728166125 0.8408314749999999 0.2841097328125 0.8393746656250001 0.3049430671875 0.8244844984374999 0.31035126874999996 0.8238441359374999 0.315625 0.8424443859374999 0.315625 0.8482640640625 0.31243354375 0.8408400453125001 0.3064229625 0.8508863187500001 0.27493354375 0.8551089203124999 0.20893857031250002 0.7218712109375 0.202624515625 0.3796875 0.202624515625 0.3796875 0.2826268375
1 0.1279597078125 0.5 0.1242433046875 0.561571240625 0.1125 0.597590434375 0.1125 0.74371650625 0.1185981796875 0.7376524578125 0.13080681562500002 0.74254716875 0.1332941046875 0.735022034375 0.14420160625 0.6575627749999999 0.142820490625 0.62122415 0.14798073750000001 0.5810828812500001 0.1520946921875 0.5 0.1279597078125 0.5
1 0.9097079000000001 0.802151175 0.9060368390625001 0.7592184609375 0.8884541234375 0.702174871875 0.8861193093749999 0.6788141453125001 0.8876781312500001 0.6344547328125 0.8965178484375 0.5916164593750001 0.8954078640625 0.5526000234375 0.8924336984375 0.5393819703125 0.8850486156249999 0.52441364375 0.8783893484374999 0.5196569625 0.860521040625 0.5196569625 0.8521930203124999 0.5254388890625 0.8422936390625001 0.5473375421875 0.841841125 0.5862264296874999 0.8514497296875 0.6565211796874999 0.8517335359375 0.6769340671874999 0.8488276890625001 0.702647415625 0.8390625 0.7365030734375 0.8390625 0.85531135625 0.8556850984375 0.8973729125000001 0.8642795781250001 0.9046875 0.8807831499999998 0.9046875 0.8936556093749999 0.8823997140625 0.9055880046875 0.842594309375 0.9097079000000001 0.802151175
1 0.9351821078124999 0.5 0.9358033390625 0.5230907124999999 0.9330839640625002 0.5619796015625 0.9306797515625 0.573925634375 0.921875 0.5943064578125 0.921875 0.7515625 0.9234544781250001 0.7515625 0.9290225218749999 0.750936390625 0.9366041218750001 0.74347554375 0.9543600624999999 0.69895455625 0.9618345406250001 0.6668505 0.9629323843750001 0.6436720171875 0.9556150046875 0.57630764375 0.9587285781249999 0.5467386828125 0.9698950406249999 0.5 0.9351821078124999 0.5
1 1 0.5 0.9841145828125001 0.5 0.9833333328125 0.5083333328124999 0.98125 0.51944444375 0.96875 0.5518518515624999 0.965625 0.575 0.9765625 0.6481481484375 0.9817708328125001 0.6546296296875 0.9908854171874999 0.6523148140625 0.9942708328125001 0.647222221875 1 0.6313786 1 0.5
1 0.775084459375 0.5 0.7838541671875 0.5824074078125 0.7744791671875 0.6268518515625 0.771875 0.6601851859375 0.7760416671874999 0.6944444437499999 0.7838541671875 0.722222221875 0.79453125 0.7495370375 0.8020833328125001 0.7546296296875 0.8138020828125001 0.7513888890625 0.8223958328125001 0.73148148125 0.8286458328125 0.6953703703125 0.8296875 0.6555555562500001 0.8239583328125001 0.622222221875 0.8078125 0.5722222218749999 0.80625 0.5481481484375 0.8088541671874999 0.5120370375000001 0.8083463546874998 0.5 0.775084459375 0.5
1 0.744852940625 0.5 0.7458333328125001 0.50555555625 0.7453125 0.5259259265625 0.7390625 0.5666666671875 0.7385416671874999 0.5962962968750001 0.7463541671874999 0.6296296296875 0.7546875 0.652777778125 0.7604166671874999 0.6583333328125 0.7700520828125 0.6578703703125 0.7723958328125 0.652777778125 0.7734375 0.63055555625 0.7817708328124999 0.5824074078125 0.78125 0.565740740625 0.7760416671874999 0.54444444375 0.7651041671875 0.5175925921875 0.76462144375 0.5 0.744852940625 0.5
1 0.7188701921874999 0.5 0.715625 0.5166666671875 0.715625 0.5416666671875 0.7213541671874999 0.5675925921875 0.734375 0.5953703703125 0.7385416671874999 0.5916666671875 0.7385416671874999 0.5666666671875 0.7458333328125001 0.51944444375 0.7458333328125001 0.50555555625 0.7437083328125 0.5 0.7188701921874999 0.5
1 0.8643898812499999 0.5 0.8640625 0.5203703703125 0.8768229171874999 0.5226851859375 0.8846354171874999 0.5319444437499999 0.8880208328125001 0.540740740625 0.8916666671875 0.540740740625 0.8848958328125001 0.515740740625 0.8838541671875 0.5018518515625 0.8839421953125001 0.5 0.8643898812499999 0.5
1 0.812847221875 0.5 0.8104166671874999 0.5111111109375 0.8098958328125001 0.540740740625 0.8213541671875 0.5888888890625 0.8276041671875 0.5925925921874999 0.8356770828125001 0.5912037031249999 0.8395833328125001 0.5824074078125 0.8411458328125001 0.55648148125 0.8463541671874999 0.5351851859375001 0.8463541671874999 0.5231481484375 0.8409804890625001 0.5 0.812847221875 0.5
1 0.9079627406250002 0.5 0.903125 0.51944444375 0.9052083328125 0.5583333328125 0.9114583328125001 0.584259259375 0.9192708328125001 0.5898148140625 0.928125 0.5851851859374999 0.9348958328125001 0.5638888890625 0.9390625 0.5305555562500001 0.9380208328125 0.5074074078125 0.9363114312499998 0.5 0.9079627406250002 0.5