1 0 0 0 0.3515625 0.0096998765625 0.3515625 0.014308492187499999 0.34953583906249996 0.0234375 0.29780608124999997 0.0234375 0.1707933515625 0.01153590625 0.1310840734375 0.006412029687499999 0.10578368593750001 0.0054423015625 0.05022812812500001 0.008833190624999999 0.0060506953125 0.00849369375 0 0 0
1 0.047585409375 0 0.0503808390625 0.0365598046875 0.0506305625 0.08190593125 0.0383479625 0.1293948484375 0.036687825 0.1408547484375 0.036687825 0.24176230312500002 0.0440307109375 0.2810527390625 0.0472949125 0.2879183875 0.049283748437500004 0.2890625 0.0538344640625 0.2890625 0.056466062500000004 0.28446550312499996 0.0608193828125 0.214022396875 0.07092167656250001 0.17213752499999999 0.0746968078125 0.16464525937500002 0.08125 0.1325319171875 0.08125 0.10964189375 0.0779438109375 0.09793010156250001 0.07427816875 0.06932337968749999 0.078214215625 0 0.047585409375 0
1 0.0862646625 0 0.08891549531250001 0.027116634374999997 0.098741284375 0.0796821875 0.1026296703125 0.12412663125000001 0.090522328125 0.2008165640625 0.0888783484375 0.2417695265625 0.0918060734375 0.287182340625 0.10384243124999999 0.347091634375 0.12406154062500001 0.416889003125 0.13149554531250002 0.4265625 0.14375 0.4265625 0.14375 0.1475429140625 0.13664585468749998 0.1245990328125 0.132722684375 0.08573136406250001 0.131485159375 0.0058682890625 0.13087129687500001 0 0.0862646625 0
1 0.13922934843749998 0 0.1486918265625 0.07266262031250001 0.14920601093750002 0.0948999984375 0.1380760578125 0.1582721375 0.1542881921875 0.2264117890625 0.1586638359375 0.2531727125 0.1605613671875 0.293913453125 0.15920452031250001 0.33196734375000003 0.1622819703125 0.3359375 0.1875 0.3359375 0.1875 0.133152884375 0.1768533015625 0.095022725 0.17491508281249998 0 0.13922934843749998 0
1 0.1999803109375 0 0.207266415625 0.040052575 0.21107379218750003 0.0835710953125 0.20361963749999998 0.1225571140625 0.2016401890625 0.147241384375 0.202612284375 0.15835249375 0.21278545468750001 0.1977544453125 0.21857180937499998 0.2579790984375 0.2234375 0.27305875625 0.2234375 0 0.1999803109375 0
1 0.22198520624999998 0 0.2216790265625 0.026313025 0.22573085312500002 0.0810517578125 0.2286834671875 0.0959393078125 0.2275592828125 0.14777903750000002 0.22301552187499998 0.18008946406249998 0.199053765625 0.2693708875 0.1987428875 0.27256173906250003 0.1987428875 0.40656483125 0.20277894531250001 0.4417264578125 0.2045107765625 0.45 0.2876475015625 0.45 0.29590746874999996 0.40777315625000005 0.2984375 0.386709153125 0.2984375 0.315183784375 0.2928253140625 0.2697010921875 0.2759465875 0.19799262812500001 0.269107434375 0.15893402343750002 0.26929769375 0.097810790625 0.2769089078125 0.025746160937500002 0.27720849062499997 0 0.22198520624999998 0
1 0.285338675 0 0.2862506 0.011171546875 0.29359173906249997 0.0503518 0.2996053703125 0.098645628125 0.300226521875 0.1189431578125 0.2927740703125 0.1672159859375 0.3035425390625 0.2103184625 0.31982167499999997 0.25748884375 0.3315644734375 0.3061832953125 0.337426940625 0.3526252734375 0.33898215625 0.40625 0.340625 0.40625 0.340625 0.14932774843750002 0.337826840625 0.141826521875 0.3322914421875 0.1184234328125 0.326647478125 0.068314171875 0.3295292390625 0.05286479375000001 0.3289424421875 0.001267884375 0.3287534 0 0.285338675 0
1 0.32692593125 0 0.32705144375 0.0035941765625 0.32325882968749997 0.0741100171875 0.32494368749999997 0.1074312296875 0.3296888796875 0.13882785312499998 0.3373974015625 0.16552211249999998 0.34533575 0.183870915625 0.3480980953125 0.20326686875000002 0.3536944390625 0.21425675625 0.356313496875 0.28925675625 0.3524343453125 0.31251400625 0.3537316390625 0.3140625 0.35688743437500003 0.3140625 0.3609375 0.2952653796875 0.3609375 0.150804675 0.3602528875 0.14830993125 0.3580760421875 0.13075370625 0.3531298671875 0.12345540156249998 0.3453890140625 0.0958352171875 0.3437364890625 0.0634399328125 0.34696895625 0.0216641625 0.346461259375 0 0.32692593125 0
1 0.34374725625 0 0.3428590359375 0.019070448437500002 0.341117559375 0.0282586828125 0.341117559375 0.11724499375 0.3450187453125 0.12891601875 0.3499816234375 0.1785764046875 0.34804429375 0.231329925 0.341117559375 0.2653304671875 0.341117559375 0.2703125 0.34898378124999996 0.2703125 0.3632745109375 0.21676180625 0.3685591203125 0.1814068125 0.36875 0.1773085390625 0.36875 0.146412046875 0.3673283265625 0.12972477031250002 0.356503578125 0.0720221484375 0.3625230015625 0 0.34374725625 0
1 0.6865021718750001 0 0.6816744296875 0.0211025828125 0.679157571875 0.0546875 0.75625 0.0546875 0.75625 0.0041567453125 0.7552199546875 0 0.6865021718750001 0
1 0.7925692546875001 0 0.78066449375 0.054842709375 0.781462578125 0.0578125 0.8515625 0.0578125 0.8515625 0.018658675 0.8469589124999999 0 0.7925692546875001 0
2 1 0.0594607171875 0.6677423390625 0.0594607171875 0.662202575 0.065630928125 0.6594541656249999 0.0594607171875 0.6505405515625 0.0594607171875 0.6498183703125 0.061489414062500004 0.649178559375 0.0594607171875 0.630763125 0.0594607171875 0.6310914828125 0.06550476875 0.6331979234375 0.06867123281250001 0.6353622671875 0.0695122671875 0.63844104375 0.0628822296875 0.6410335359375 0.071604246875 0.6197834890625 0.07665164375 0.61188998125 0.0760440515625 0.6087418703124999 0.07292003281250001 0.6076539828125 0.06645977343750001 0.60406604375 0.0642829046875 0.59893871875 0.06542105312499999 0.5988460359375 0.07332325625 0.596183971875 0.0757547953125 0.5806399796875 0.0773173921875 0.5476654640625 0.0768025453125 0.544818275 0.0741308796875 0.5403737984375 0.0770996578125 0.5368437578125 0.0725973625 0.5340427906249999 0.0764284 0.529552090625 0.0728944765625 0.5251886234375001 0.0767891796875 0.5214965671874999 0.07043503281249999 0.5010220515625 0.0694108515625 0.4939386234375 0.078062521875 0.48832525000000004 0.07364511406249999 0.48604511562499997 0.077454928125 0.4817164328125 0.07577285624999999 0.4789154640625 0.07960389375 0.47014230625 0.0808905984375 0.467202434375 0.08612113593750001 0.467630584375 0.0940021203125 0.4660797578125 0.08523765625 0.4586029640625 0.080431565625 0.41875 0.08122696406249999 0.41875 0.29390231875 0.42514003906250003 0.28343728125 0.4322696890625 0.2812883140625 0.46019788906250003 0.28386723593749996 0.46993170468749995 0.28161215781250004 0.46824221093749996 0.2533395859375 0.4707539328125 0.240228065625 0.46841613750000005 0.22545569687499997 0.47091618437499994 0.2211723046875 0.475129075 0.22750523125000002 0.47832364375 0.216224340625 0.48125184218749995 0.2198219328125 0.4951523265625 0.217397078125 0.514226359375 0.220336778125 0.5461129859375 0.21439136250000002 0.6684740343750001 0.21498089375 0.7052911859375 0.2116222546875 0.7230343031249999 0.20532391875 0.7527218031249999 0.2041142453125 0.763543509375 0.2083194296875 0.8028028109375 0.2030028265625 1 0.1973969984375 1 0.0594607171875
1 0.259375 1 0.259375 0.9125131843750001 0.2438123546875 0.8454115999999999 0.247923565625 0.7287767484375001 0.2434569953125 0.7141684171875 0.23350300000000002 0.7046875 0.23250631406250002 0.7046875 0.2207522640625 0.7098699406250001 0.21354856562500002 0.7285767609375 0.2195451203125 0.8411040328125001 0.2045342453125 0.8937909062500001 0.1974166765625 0.9534676765625001 0.1986666015625 0.99375 0.1996905671875 1 0.259375 1