1 0.196021446875 0.3609375 0.20168513125 0.35301528437499996 0.20578714531250003 0.3554773328125 0.20823070000000002 0.3609375 0.210167375 0.3609375 0.21104755156250002 0.3416764734375 0.20017470624999997 0.3397274890625 0.211176859375 0.3361209203125 0.21314883125 0.3184099265625 0.21121635625000001 0.31208630937500004 0.2115270453125 0.28756900937499996 0.20686109687499998 0.2869982796875 0.2036498921875 0.29093878281249996 0.1965521875 0.2831579796875 0.19130075 0.2854044953125 0.1883912625 0.2763820328125 0.1722669796875 0.27667956562499996 0.170390184375 0.2791325140625 0.16883129218749998 0.30143366875 0.1701782796875 0.310574525 0.16762979375 0.31954841875 0.1660331640625 0.3099643296875 0.16670125 0.2812606265625 0.16463946875 0.280492565625 0.16331763593749998 0.2926085390625 0.1625 0.2940638515625 0.1625 0.340957359375 0.16269625625 0.34164314375 0.1626993953125 0.3609375 0.1634278921875 0.3609375 0.1675687453125 0.34450895312499996 0.169388953125 0.3609375 0.196021446875 0.3609375
1 0.353360959375 0.273829784375 0.3455978734375 0.2632286015625 0.32580620625 0.263343746875 0.320517046875 0.26615182656249997 0.31473846875 0.276831790625 0.3140625 0.27995605 0.3140625 0.35545498750000004 0.314171 0.35625 0.34916484375 0.35625 0.3525795328125 0.35437624843750004 0.3566744328125 0.321024734375 0.3574826828125 0.29324695625 0.353360959375 0.273829784375
1 0.290607553125 0.2761681484375 0.2698443828125 0.27609111406250003 0.2640625 0.288257971875 0.2640625 0.35881397187499997 0.2645651515625 0.359375 0.28878878750000003 0.359375 0.2911190796875 0.355069534375 0.2962490953125 0.321630090625 0.2978034375 0.2874132734375 0.290607553125 0.2761681484375
1 1 0.07425321406249999 0.9689938171874999 0.07500588124999999 0.9625 0.0809382578125 0.9625 0.09570589375 0.9670703953124999 0.1911503859375 0.9659245796875 0.2180417046875 0.9630223796875 0.2359375 0.9976051218750002 0.2359375 1 0.23326777187499997 1 0.20861175312500002 0.999125 0.1988886546875 1 0.1726080828125 1 0.07425321406249999
1 0.9582514984374999 0.2325041828125 0.9582514984374999 0.22979587031249998 0.9479557125 0.18548220625 0.9477348484375 0.1475192421875 0.95153520625 0.0844350421875 0.9481040015625 0.0766631765625 0.9199682296875 0.07562967968749999 0.915625 0.0807866984375 0.915625 0.10166872499999999 0.920103746875 0.1436928109375 0.9208885375 0.1890480265625 0.915625 0.2143168046875 0.915625 0.2359375 0.9569492171875 0.2359375 0.9582514984374999 0.2325041828125
1 0.8671875 0.0826170859375 0.8648474578125 0.0759653625 0.815889125 0.07710488125 0.8125 0.082584596875 0.8125 0.240625 0.8479559984374999 0.240625 0.8511672406249999 0.23669230625 0.8543120500000001 0.187618234375 0.8656056124999999 0.10876905781249999 0.8671875 0.084084053125 0.8671875 0.0826170859375
1 0.8717106937500001 0.0835801828125 0.8686709890625 0.08961536875000001 0.865625 0.129240678125 0.865625 0.2375 0.8926990734375 0.2375 0.8975005875000001 0.23525628593749998 0.8994447421875 0.231079015625 0.886118728125 0.170055778125 0.8907435218749999 0.100596184375 0.8899398609375 0.083474128125 0.8717106937500001 0.0835801828125
1 0.8055769734375 0.08395736875000001 0.7671756343749999 0.0836759703125 0.765625 0.0851188578125 0.765625 0.240625 0.7933950046875 0.240625 0.795647678125 0.23897568281249998 0.7936155828125 0.21782794375 0.79415795625 0.1901138328125 0.805470425 0.10934605312500001 0.807084159375 0.08804975781249999 0.8055769734375 0.08395736875000001
1 0.7450520828125 0.0820601859375 0.7432291671875 0.088078703125 0.7494791671875 0.162152778125 0.7484375 0.1964120375 0.7421875 0.2223379625 0.7369791671874999 0.23159722187499998 0.73984375 0.23946759218749997 0.7458333328125001 0.24178240781250002 0.76640625 0.24039351875 0.7703125 0.2232638890625 0.771875 0.180671296875 0.765625 0.1260416671875 0.7635416671874999 0.0834490734375 0.76015625 0.0802083328125 0.7450520828125 0.0820601859375
1 0.7489583328125 0.1584490734375 0.7432291671875 0.0973379625 0.7393229171875 0.08761574062500001 0.7229166671875 0.09085648125 0.7276041671875 0.1714120375 0.725 0.19085648125000002 0.7140625 0.23715277812500002 0.7182291671875001 0.24085648124999998 0.7341145828125001 0.23946759218749997 0.7359375 0.230671296875 0.7432291671875 0.21956018593749999 0.7473958328125001 0.1973379625 0.7489583328125 0.1584490734375
2 0.5296875 0.36875 1 0.36875 1 0.240652234375 0.9903645828125001 0.243171296875 0.9591145828125001 0.23946759218749997 0.9440104171874999 0.244097221875 0.9236979171874999 0.244097221875 0.9096354171875 0.24039351875 0.8768229171874999 0.2450231484375 0.8643229171875 0.243171296875 0.8393229171875 0.2487268515625 0.8205729171874999 0.2478009265625 0.8174479171875 0.244097221875 0.7903645828125001 0.2478009265625 0.7205729171875 0.2478009265625 0.7075520828124999 0.243171296875 0.5296875 0.24686526562500002 0.5296875 0.36875
0 0.18777638125 0.9083352234375 0.17941698125 0.8946592453125 0.1684148328125 0.8980447 0.1625 0.9104347640625001 0.1625 0.9309798203125 0.169782628125 0.94375 0.1801398625 0.94375 0.187372328125 0.931483371875 0.1890625 0.9241285000000001 0.1890625 0.9241015062500001 0.18777638125 0.9083352234375
1 0.128125 0.6765625 0.1345588453125 0.6765625 0.136569684375 0.664428140625 0.1361317765625 0.6515380171875 0.13241626875 0.6365698125 0.1288367859375 0.640973209375 0.128125 0.6449302640625 0.128125 0.6765625
1 0.2046875 0.6367490421875 0.2046875 0.6779515937499999 0.20565193437499998 0.6796875 0.2109132875 0.6796875 0.21153875156250002 0.6794375765625 0.21153875156250002 0.6595206250000001 0.2082823125 0.6423735140625 0.2046875 0.6367490421875
1 0.2401410078125 0.6745042578125 0.2375547859375 0.6515929078125 0.239311246875 0.643141175 0.2355666296875 0.6364927296875 0.23125 0.6399212921874999 0.23125 0.6429879312500001 0.23182561875 0.6520270390625 0.23125 0.65557646875 0.23125 0.6875 0.2347189 0.6875 0.2388622765625 0.684768375 0.2401410078125 0.6745042578125
1 0.22213205 0.6364141265625 0.2171922140625 0.637946984375 0.2140625 0.6603944593750001 0.2140625 0.6681918093749999 0.21482506875000001 0.6787634984375 0.21553902656249999 0.6796875 0.22458273750000002 0.6796875 0.225 0.6782460218749999 0.225 0.667561190625 0.22213205 0.6364141265625
1 0.225 0.6765625 0.2255322359375 0.6765625 0.2279234203125 0.6747112484375 0.2321296609375 0.649650634375 0.23000677656250001 0.6381432359375 0.225490690625 0.6396351656249999 0.225 0.6415940890625 0.225 0.6765625
1 0.09982418125 0.65783785 0.10184469062499998 0.6420880203125 0.1006907875 0.637003003125 0.0953125 0.6362959859374999 0.0953125 0.6878667953125 0.0958101046875 0.6884115875 0.095745703125 0.690625 0.099557803125 0.690625 0.098495096875 0.685618659375 0.10144950625 0.6735664703124999 0.09982418125 0.65783785
1 0.078125 0.6603581578125001 0.08103638125 0.65477499375 0.08563886875 0.6522797890625001 0.08660629843749999 0.636086696875 0.0784983 0.6368786046875 0.078125 0.6387215046875 0.078125 0.6603581578125001
1 0.07552083281250001 0.6614583328125001 0.07291666718749999 0.6383101859375 0.06901041718749999 0.63506944375 0.0666666671875 0.637384259375 0.0635416671875 0.656828703125 0.06302083281250001 0.675347221875 0.06380208281250001 0.6795138890625 0.06979166718749999 0.68368055625 0.07552083281250001 0.678125 0.07552083281250001 0.6614583328125001
1 0.059114582812500004 0.6795138890625 0.0609375 0.668865740625 0.05729166718749999 0.6364583328125001 0.054947917187499994 0.63414351875 0.052604167187499995 0.637384259375 0.0494791671875 0.6577546296875 0.051041667187499994 0.678125 0.053125 0.6799768515625 0.059114582812500004 0.6795138890625
1 0.1130208328125 0.6512731484375001 0.1145833328125 0.6420138890625 0.11015625 0.6359953703125 0.1067708328125 0.6410879625 0.1088541671875 0.6512731484375001 0.1052083328125 0.6651620375 0.1052083328125 0.6799768515625 0.1088541671875 0.6883101859374999 0.1138020828125 0.6887731484375 0.1166666671875 0.6799768515625 0.115625 0.6577546296875 0.1130208328125 0.6512731484375001
1 0.1247395828125 0.68506944375 0.1270833328125 0.6744212968750001 0.12395833281249999 0.6383101859375 0.1216145828125 0.6359953703125 0.11822916718750001 0.6392361109375 0.11614583281249999 0.6614583328125001 0.1166666671875 0.6799768515625 0.11927083281249999 0.6855324078125 0.1247395828125 0.68506944375
1 0.25338541718749996 0.6915509265625 0.2567708328125 0.6855324078125 0.2557291671875 0.643865740625 0.2528645828125 0.6359953703125 0.24973958281250003 0.6359953703125 0.2479166671875 0.643865740625 0.24739583281250002 0.687384259375 0.2494791671875 0.6910879624999999 0.25338541718749996 0.6915509265625
1 0.73978506875 1 0.7442780515624999 0.9800361359374999 0.7525879265625 0.9219149671875 0.755269259375 0.8877163265625001 0.755281775 0.8571456171874999 0.752250103125 0.8218543484375 0.7298720078125001 0.70077170625 0.7312817578125 0.6498609359375 0.7395071796874999 0.5667246140625 0.7388695640625 0.54354615625 0.7354984874999999 0.5276993328125 0.730720271875 0.517833140625 0.7190151124999999 0.5078125 0.7076861671875 0.5078125 0.7016505796875 0.511428921875 0.695523615625 0.5191250140625 0.688397215625 0.5392983734375 0.6877507328125001 0.5763354093749999 0.6896760921875 0.615300071875 0.6921024734375 0.62556103125 0.6929090046875 0.6987697984375 0.6859640328125 0.73840275625 0.675 0.7741665703125 0.675 0.9988825406250001 0.6752257 1 0.73978506875 1
1 0.5296875 1 0.56371708125 1 0.579699996875 0.9325380953125 0.5852400359375001 0.8804677218750001 0.5871375671875 0.8397269796875001 0.5853925890625 0.8103158703125001 0.5660453796875 0.7018424375000001 0.56928645625 0.654547375 0.5782500500000001 0.58470230625 0.5791523640625 0.5541831734375 0.572222278125 0.530210646875 0.56527561875 0.5233131234374999 0.5575924953125 0.52108165 0.547567284375 0.5245514109375 0.5398874874999999 0.5333946265625 0.531192571875 0.55845975625 0.5296875 0.5817440671874999 0.5296875 0.5956398890625 0.5325262421875 0.6635782703124999 0.5311064203125 0.7052085187499999 0.5296875 0.711022803125 0.5296875 1
1 0.6572139671875 0.565294140625 0.6539505328125 0.54318101875 0.6485839765625 0.53359820625 0.6421098234375 0.5291261703125001 0.63169315625 0.529368621875 0.624045475 0.53509389375 0.6191733703125 0.5421413796875 0.6121981484375001 0.5617191703125 0.6101213859375 0.5941265765624999 0.6108795171875 0.6634497984375 0.608684084375 0.6977090578125 0.605532703125 0.7144242140625 0.603125 0.72264349375 0.603125 0.9984375 0.6214325859375001 0.9984375 0.624645128125 0.996427821875 0.6318511 0.9773069328125 0.6439687484375 0.9261749234375 0.6538976296875 0.7955830015625 0.6413779125 0.6987971890625 0.6572139671875 0.565294140625
1 0.7924715625000001 1 0.8010012109375 0.9644212937500001 0.8099632609375 0.906971465625 0.8130703828125 0.8717741593749999 0.8135733343750001 0.8365920046875001 0.811337409375 0.80605463125 0.7920668109375001 0.69877751875 0.793386953125 0.6534071484374999 0.800427325 0.5904138828125 0.8015049921875 0.5533768453125 0.7946668625 0.528883746875 0.7881115578125 0.5215157296874999 0.7788443296875001 0.5178665687499999 0.7688407265625 0.5216278437499999 0.762402134375 0.5281456875 0.75826688125 0.5360387828125 0.7535613828125 0.55458154375 0.7526992484375 0.5842111734375 0.757314746875 0.6582458546875 0.7568926171875 0.6906502343750001 0.7535340875000001 0.7165913093749999 0.75 0.7302710953125 0.75 0.8258037515625001 0.7507410906249999 0.8304771703124999 0.751944290625 0.878610165625 0.75 0.908173140625 0.75 1 0.7924715625000001 1
1 0.8483373593750001 0.767041503125 0.840128040625 0.6972229140625 0.8409105968749999 0.6731912859375 0.8523229234375 0.5979578390625 0.8551294234375 0.5609208015625 0.8526061875 0.54625454375 0.8474234734374999 0.5358504546875 0.84003195 0.5306132328125 0.8307271109375 0.5300693062499999 0.8180611671874999 0.5430468109375 0.8140625 0.55397141875 0.8140625 0.99375 0.8200649406250001 0.99375 0.8280333234375 0.980174246875 0.8448240046875 0.9093369843750001 0.8508958281249999 0.8703207593750001 0.8540531390625 0.828654096875 0.852663275 0.7853265781250001 0.8483373593750001 0.767041503125
1 0.8640625 0.73975694375 0.865625 0.7592013890625 0.8744791671875 0.798090278125 0.8776041671874999 0.8369791671875 0.8765625 0.8851273140625 0.8682291671875 0.9592013890625001 0.8731770828125001 0.9698495375 0.8854166671874999 0.973090278125 0.9018229171875 0.9726273140625 0.9104166671874999 0.96383101875 0.9234375 0.8962384265625001 0.9286458328125 0.83883101875 0.9239583328125001 0.7823495375 0.9036458328125001 0.691608796875 0.9057291671875 0.6286458328125001 0.909375 0.591608796875 0.9088541671874999 0.56383101875 0.9013020828125 0.542071759375 0.8908854171874999 0.5346643515625 0.87734375 0.5392939812499999 0.8703125 0.5527199078125 0.8677083328125 0.5656828703125 0.8671875 0.5879050921875 0.8713541671874999 0.629571759375 0.8729166671874999 0.692534721875 0.8640625 0.73975694375
1 0.6729166671875 0.5953125 0.6791666671875001 0.6592013890625 0.6791666671875001 0.699016203125 0.6713541671875001 0.7379050921875 0.665625 0.7536458328125001 0.665625 0.7619791671874999 0.6703125 0.7971643515625 0.6739583328125 0.8027199078125001 0.6901041671875 0.73883101875 0.6958333328124999 0.70179398125 0.6953125 0.6434606484375001 0.690625 0.6017939812499999 0.6877604171875 0.5365162031249999 0.6830729171875001 0.5383680562500001 0.678125 0.5462384265625 0.6729166671875 0.567534721875 0.6729166671875 0.5953125