1 0.011567196875000001 0 0.0102335015625 0.012160571875 0.01121835625 0.0670085671875 0.008162853125 0.110499790625 0 0.13846655624999998 0 0.2204710078125 0.004870296875 0.2208487484375 0.030344634375000002 0.221875 0.0435092 0.221875 0.04748923125 0.21565229531250002 0.046467464062500005 0.17937741093749998 0.036179995312500005 0.11382561093750002 0.0468626125 0 0.011567196875000001 0
1 0.159840740625 0 0.1625372984375 0.079533815625 0.15 0.14617813125 0.15 0.2171875 0.2064025296875 0.2171875 0.2065472953125 0.216814740625 0.2065472953125 0.1557780421875 0.202160053125 0.13041348125000002 0.189609859375 0.0805017421875 0.190005078125 0.0250190265625 0.1916640859375 0 0.159840740625 0
1 0.23324442343750001 0 0.2361832765625 0.030007825 0.2370961296875 0.065214234375 0.2265625 0.12436113906249999 0.2265625 0.2100537046875 0.227062328125 0.21587212656250002 0.22799429999999998 0.2171875 0.27564459218750004 0.2171875 0.27564459218750004 0.113196278125 0.262873696875 0.057671634375 0.26187801875 0.0076291890625 0.26223901875 0 0.23324442343750001 0
2 0 0.3131236765625 0.0113449296875 0.31361021093749997 0.014171803124999998 0.3169843734375 0.01728230625 0.3171875 0.0432339828125 0.3171875 0.0488449296875 0.3153568015625 0.077364609375 0.3171875 0.12354414375 0.3171875 0.1332522515625 0.3165088546875 0.14946272968750002 0.311705303125 0.160497196875 0.3038813921875 0.17435131406249998 0.2776602515625 0.19595328437499998 0.25735854375 0.211175965625 0.24787684531249998 0.247731265625 0.24124158593749997 0.25168599999999997 0.23725685625 0.252282253125 0.23079963281250002 0.21989385625 0.2242556046875 0.18624480937500001 0.2242556046875 0.17392377187500002 0.22483395781249998 0.1615062671875 0.2242556046875 0 0.2242556046875 0 0.3131236765625
1 0.8639499468749999 0.56875 0.8865313328125 0.5274666046875 0.901296353125 0.48923281249999995 0.9139070953124999 0.43416858124999996 0.9191119687499999 0.3313498578125 0.9224264421874999 0.31480602343749997 0.9304561 0.2845780171875 0.9551091671874999 0.22457238125 0.9651057937499999 0.1874818171875 0.9632750906249999 0.1650958203125 0.9514765296875 0.1456702515625 0.9436520843749999 0.1445589296875 0.9348829546874999 0.1445589296875 0.921330271875 0.1587182015625 0.9120616874999999 0.183308765625 0.8971327171875 0.26472094375 0.8836875171875 0.3072032890625 0.84410980625 0.367819884375 0.8328125 0.40137081874999997 0.8328125 0.56875 0.8639499468749999 0.56875
1 0.8370176921875 0.3327352765625 0.8231840203124999 0.22586859218750002 0.8322753296875 0.148473228125 0.8327878500000001 0.12064081874999999 0.8248418546875002 0.10327601718749999 0.8171283234375 0.10327601718749999 0.8016323875000001 0.1080116234375 0.7924265921875 0.128965784375 0.7931083906249999 0.2321259734375 0.787326171875 0.2721305984375 0.7796875 0.2949733546875 0.7796875 0.48664771093750003 0.7856344453125 0.4935648671875 0.8020614640625 0.4953125 0.8050543296875 0.4953125 0.8125203859374999 0.488477853125 0.8361220281249999 0.3856223140625 0.8370176921875 0.3327352765625
1 0.8778988328124999 0.072099003125 0.877429940625 0.0595262296875 0.8703280546875 0.049008724999999996 0.8538396890625 0.049008724999999996 0.847742440625 0.05814351250000001 0.8376219203125 0.1469232375 0.83125 0.15852975625000001 0.83125 0.2875 0.8323215484375 0.2875 0.8383352531250001 0.28222765625 0.8537515421874999 0.249476521875 0.860504746875 0.226083734375 0.8637162374999999 0.19834234374999998 0.8601566593750001 0.1493673609375 0.8778988328124999 0.072099003125
1 0.5008054718749999 0.49320516249999996 0.501644334375 0.49375 0.5200196984375001 0.49375 0.526586721875 0.4924550046875 0.5338712265625001 0.48043349375 0.5390625 0.43892318125 0.5390625 0.3672996734375 0.5328909078125 0.329021871875 0.50791258125 0.2644487875 0.5026432796875 0.21458517968750002 0.50107013125 0.1465523578125 0.4926488296875 0.12804104375 0.4808654359375 0.12282646875 0.46922749062499997 0.13011189375 0.4640625 0.14534620468749998 0.4640625 0.17213459375 0.4762585515625 0.2306358484375 0.4798683875 0.2722115875 0.47136609218750003 0.347484371875 0.47188325 0.391928815625 0.48917836562500006 0.46784033125 0.5008054718749999 0.49320516249999996
1 0.3890625 0.41427355156249995 0.394032253125 0.4303192671875 0.40119279375000005 0.44192204999999996 0.40357957187500004 0.4421875 0.41926183593750005 0.4421875 0.4299212703125 0.4286655921875 0.435066796875 0.40127022968750004 0.4359375 0.3779924515625 0.4359375 0.3294821234375 0.42828899062500003 0.28838781562500004 0.4097384375 0.2371313203125 0.4053205421875 0.1258016875 0.3964387796875 0.1070989359375 0.3890625 0.1070989359375 0.3890625 0.41427355156249995
1 0.030475395312499997 1 0.031095757812500003 0.963403840625 0.027597212500000003 0.9537801234375 0.023929828125 0.9520343546875001 0.0182222125 0.9540529078125001 0.014439864062499998 0.964814715625 0.0158237609375 1 0.030475395312499997 1
1 0.3501770015625 1 0.35 0.9848958328125 0.35208333281250004 0.9635995375 0.35078125 0.95758101875 0.3450520828125 0.9538773140625001 0.33932291718749996 0.954803240625 0.3338541671875 0.9635995375 0.334585425 1 0.3501770015625 1
0 0.75312375 0.9007762125 0.7327304437500001 0.8944228015625001 0.72343625 0.90164003125 0.7177142453125 0.9136160765625 0.7171875 0.9221668609375 0.7171875 0.95004709375 0.7238456046875 0.970401396875 0.7270493734375 0.9734375 0.749758690625 0.9734375 0.7580428296875 0.954123409375 0.7599825499999999 0.919332990625 0.75312375 0.9007762125